Event,Site,Date,Round,White,Black,Result,UTCDate,UTCTime,WhiteElo,BlackElo,WhiteRatingDiff,BlackRatingDiff,ECO,Opening,TimeControl,Termination,Moves
Rated Rapid game,https://lichess.org/sNQGaurY,2024.08.01,-,SweetPotatoFarmer69,Ge-na,1-0,2024.08.01,08:41:42,1947,1831,,,C02,French Defense: Advance Variation,600+0,Normal,"1. e4 { [%clk 0:10:00] } 1... d5 { [%clk 0:10:00] } 2. e5 { [%clk 0:09:59] }
2... e6 { [%clk 0:09:55] } 3. d4 { [%clk 0:09:57] } 3... Nc6 { [%clk 0:09:54] }
4. Bb5 { [%clk 0:09:55] } 4... Bd7 { [%clk 0:09:47] } 5. c3 { [%clk 0:09:53] }
5... Nge7 { [%clk 0:09:41] } 6. Bg5 { [%clk 0:09:51] } 6... h6
{ [%clk 0:09:34] } 7. Bh4 { [%clk 0:09:49] } 7... g5 { [%clk 0:09:33] } 8. Bg3
{ [%clk 0:09:47] } 8... Ng6 { [%clk 0:09:31] } 9. Ba4 { [%clk 0:09:45] } 9...
Bg7 { [%clk 0:09:23] } 10. Bc2 { [%clk 0:09:44] } 10... Nge7 { [%clk 0:09:19] }
11. Nf3 { [%clk 0:09:21] } 11... f5 { [%clk 0:09:15] } 12. h3
{ [%clk 0:09:13] } 12... Na5 { [%clk 0:08:50] } 13. b3 { [%clk 0:09:08] } 13...
Bb5 { [%clk 0:08:47] } 14. Na3 { [%clk 0:08:57] } 14... Ba6 { [%clk 0:08:44] }
15. Nd2 { [%clk 0:08:33] } 15... h5 { [%clk 0:08:36] } 16. h4
{ [%clk 0:08:22] } 16... g4 { [%clk 0:08:34] } 17. b4 { [%clk 0:08:09] } 17...
Nc4 { [%clk 0:08:31] } 18. Ndxc4 { [%clk 0:08:06] } 18... Bxc4
{ [%clk 0:08:27] } 19. Nxc4 { [%clk 0:08:04] } 19... dxc4 { [%clk 0:08:26] }
20. O-O { [%clk 0:07:52] } 20... Nd5 { [%clk 0:08:24] } 21. Qe2
{ [%clk 0:07:34] } 21... b5 { [%clk 0:08:18] } 22. a4 { [%clk 0:07:33] } 22...
c6 { [%clk 0:08:17] } 23. axb5 { [%clk 0:07:32] } 23... cxb5 { [%clk 0:08:15] }
24. Ra6 { [%clk 0:07:27] } 24... Qd7 { [%clk 0:08:06] } 25. Qe1
{ [%clk 0:07:09] } 25... Bh6 { [%clk 0:07:40] } 26. Rd6 { [%clk 0:07:03] }
26... Qe7 { [%clk 0:07:28] } 27. Ra6 { [%clk 0:06:57] } 27... Nc7
{ [%clk 0:07:25] } 28. Ra5 { [%clk 0:06:27] } 28... a6 { [%clk 0:07:22] } 29.
Qa1 { [%clk 0:06:26] } 29... O-O { [%clk 0:07:05] } 30. Qb2 { [%clk 0:05:59] }
30... f4 { [%clk 0:07:01] } 31. Bh2 { [%clk 0:05:58] } 31... Qxh4
{ [%clk 0:06:59] } 32. g3 { [%clk 0:05:53] } 32... fxg3 { [%clk 0:06:57] } 33.
Bxg3 { [%clk 0:05:44] } 33... Qg5 { [%clk 0:06:51] } 34. Be4 { [%clk 0:05:30] }
34... Ra7 { [%clk 0:06:48] } 35. Qe2 { [%clk 0:04:55] } 35... h4
{ [%clk 0:06:44] } 36. Bh2 { [%clk 0:04:33] } 36... g3 { [%clk 0:06:39] } 37.
fxg3 { [%clk 0:04:32] } 37... hxg3 { [%clk 0:06:30] } 38. Rxf8+
{ [%clk 0:04:32] } 38... Kxf8 { [%clk 0:06:27] } 39. Qf3+ { [%clk 0:04:31] }
39... Qf4 { [%clk 0:05:39] } 40. Bxg3 { [%clk 0:04:21] } 40... Qxf3
{ [%clk 0:05:33] } 41. Bxf3 { [%clk 0:04:20] } 41... Bd2 { [%clk 0:05:31] } 42.
Ra3 { [%clk 0:04:09] } 42... Ne8 { [%clk 0:05:24] } 43. Bf2 { [%clk 0:03:19] }
43... Bc1 { [%clk 0:03:34] } 44. Ra2 { [%clk 0:03:04] } 44... Bf4
{ [%clk 0:03:20] } 45. d5 { [%clk 0:02:58] } 45... Rg7+ { [%clk 0:02:58] } 46.
Kf1 { [%clk 0:02:49] } 46... Bxe5 { [%clk 0:02:53] } 47. Bc5+
{ [%clk 0:02:35] } 47... Kg8 { [%clk 0:02:39] } 48. Rc2 { [%clk 0:02:26] }
48... Rf7 { [%clk 0:02:20] } 49. Ke2 { [%clk 0:02:23] } 49... Kg7
{ [%clk 0:02:04] } 50. dxe6 { [%clk 0:02:19] } 50... Re7 { [%clk 0:02:02] } 51.
Bxe7 { [%clk 0:02:17] } 1-0"
Rated Rapid game,https://lichess.org/8btY9zy5,2024.08.01,-,Hocinehou,mrta_7777,0-1,2024.08.01,08:41:42,1490,1540,,,B21,Sicilian Defense: Smith-Morra Gambit,600+0,Normal,"1. e4 { [%clk 0:10:00] } 1... c5 { [%clk 0:10:00] } 2. d4 { [%clk 0:09:58] }
2... cxd4 { [%clk 0:09:58] } 3. Qxd4 { [%clk 0:09:57] } 3... Nc6
{ [%clk 0:09:57] } 4. Qa4 { [%clk 0:09:54] } 4... a6 { [%clk 0:09:54] } 5. c3
{ [%clk 0:09:50] } 5... b6 { [%clk 0:09:35] } 6. f3 { [%clk 0:09:41] } 6... Bb7
{ [%clk 0:09:34] } 7. Nh3 { [%clk 0:09:38] } 7... h6 { [%clk 0:09:23] } 8. Nf4
{ [%clk 0:09:36] } 8... b5 { [%clk 0:09:13] } 9. Qc2 { [%clk 0:09:34] } 9...
Ne5 { [%clk 0:08:57] } 10. b4 { [%clk 0:09:26] } 10... e6 { [%clk 0:08:51] }
11. Be3 { [%clk 0:09:17] } 11... g5 { [%clk 0:08:32] } 12. Nh5
{ [%clk 0:09:14] } 12... Be7 { [%clk 0:08:19] } 13. Bd4 { [%clk 0:09:11] }
13... f6 { [%clk 0:08:03] } 14. Ng7+ { [%clk 0:09:09] } 14... Kf7
{ [%clk 0:08:01] } 15. Nh5 { [%clk 0:09:04] } 15... Kg6 { [%clk 0:07:25] } 16.
Ng3 { [%clk 0:08:58] } 16... h5 { [%clk 0:07:17] } 17. h4 { [%clk 0:08:38] }
17... Nf7 { [%clk 0:06:52] } 18. e5+ { [%clk 0:08:30] } 18... f5
{ [%clk 0:06:48] } 19. hxg5 { [%clk 0:08:16] } 19... Bxg5 { [%clk 0:06:15] }
20. Nxf5 { [%clk 0:08:07] } 20... exf5 { [%clk 0:06:02] } 21. e6
{ [%clk 0:08:06] } 21... dxe6 { [%clk 0:05:52] } 22. Bxh8 { [%clk 0:08:05] }
22... Nxh8 { [%clk 0:05:48] } 23. g4 { [%clk 0:07:57] } 23... Bxf3
{ [%clk 0:05:15] } 24. gxh5+ { [%clk 0:07:54] } 24... Bxh5 { [%clk 0:04:55] }
25. Be2 { [%clk 0:07:43] } 25... Bh4+ { [%clk 0:04:47] } 26. Rxh4
{ [%clk 0:07:40] } 26... Qxh4+ { [%clk 0:04:45] } 27. Kd1 { [%clk 0:07:35] }
27... Rd8+ { [%clk 0:04:42] } 28. Kc1 { [%clk 0:07:31] } 28... Qe1+
{ [%clk 0:04:35] } 29. Kb2 { [%clk 0:07:21] } 29... Qxe2 { [%clk 0:04:21] } 30.
Qxe2 { [%clk 0:07:20] } 30... Bxe2 { [%clk 0:04:19] } 31. Na3
{ [%clk 0:07:19] } 31... Rd2+ { [%clk 0:04:06] } 32. Nc2 { [%clk 0:07:17] }
32... Nf6 { [%clk 0:03:57] } 33. Rg1+ { [%clk 0:07:14] } 33... Ng4
{ [%clk 0:03:43] } 34. Rg2 { [%clk 0:07:13] } 34... Nf7 { [%clk 0:03:37] } 35.
Kb3 { [%clk 0:07:11] } 35... Ne5 { [%clk 0:03:25] } 36. Nd4 { [%clk 0:07:09] }
36... Bd1+ { [%clk 0:03:13] } 0-1"
Rated Rapid game,https://lichess.org/QTOXw8EC,2024.08.01,-,titaniel,Volk_Gera,0-1,2024.08.01,08:41:42,1587,1569,,,A25,"English Opening: King's English Variation, Reversed Closed Sicilian",600+0,Normal,"1. c4 { [%clk 0:10:00] } 1... e5 { [%clk 0:10:00] } 2. Nc3 { [%clk 0:09:59] }
2... Nc6 { [%clk 0:09:58] } 3. g3 { [%clk 0:09:57] } 3... Nf6
{ [%clk 0:09:57] } 4. Bg2 { [%clk 0:09:55] } 4... b6 { [%clk 0:09:55] } 5. e3
{ [%clk 0:09:53] } 5... Bb7 { [%clk 0:09:54] } 6. Nge2 { [%clk 0:09:52] } 6...
g6 { [%clk 0:09:51] } 7. O-O { [%clk 0:09:49] } 7... Bg7 { [%clk 0:09:49] } 8.
d4 { [%clk 0:09:48] } 8... exd4 { [%clk 0:09:43] } 9. exd4 { [%clk 0:09:44] }
9... O-O { [%clk 0:09:36] } 10. Qb3 { [%clk 0:09:35] } 10... Re8
{ [%clk 0:09:21] } 11. c5 { [%clk 0:09:28] } 11... Re7 { [%clk 0:08:43] } 12.
cxb6 { [%clk 0:09:18] } 12... axb6 { [%clk 0:08:38] } 13. Bg5
{ [%clk 0:09:15] } 13... Qe8 { [%clk 0:08:36] } 14. Rfe1 { [%clk 0:09:12] }
14... Ba6 { [%clk 0:08:29] } 15. Bf3 { [%clk 0:07:39] } 15... h6
{ [%clk 0:08:21] } 16. Bxf6 { [%clk 0:07:31] } 16... Bxf6 { [%clk 0:08:20] }
17. Bxc6 { [%clk 0:07:25] } 17... dxc6 { [%clk 0:08:14] } 18. Qd1
{ [%clk 0:07:04] } 18... Rd8 { [%clk 0:08:02] } 19. b4 { [%clk 0:06:45] } 19...
c5 { [%clk 0:07:52] } 20. b5 { [%clk 0:06:40] } 20... Bb7 { [%clk 0:07:49] }
21. d5 { [%clk 0:06:34] } 21... Bxc3 { [%clk 0:07:40] } 22. Nxc3
{ [%clk 0:06:27] } 22... Rxe1+ { [%clk 0:07:34] } 23. Qxe1 { [%clk 0:06:25] }
23... Qxe1+ { [%clk 0:07:21] } 24. Rxe1 { [%clk 0:06:23] } 24... Bxd5
{ [%clk 0:07:20] } 25. Nxd5 { [%clk 0:06:18] } 25... Rxd5 { [%clk 0:07:18] }
26. f4 { [%clk 0:06:15] } 26... Kg7 { [%clk 0:07:12] } 27. Rc1
{ [%clk 0:06:11] } 27... Rd2 { [%clk 0:07:03] } 28. a3 { [%clk 0:06:07] } 28...
Ra2 { [%clk 0:07:01] } 29. Rc3 { [%clk 0:06:05] } 29... f6 { [%clk 0:06:50] }
30. h4 { [%clk 0:06:02] } 30... g5 { [%clk 0:06:33] } 31. hxg5
{ [%clk 0:05:57] } 31... hxg5 { [%clk 0:06:29] } 32. f5 { [%clk 0:05:16] }
32... g4 { [%clk 0:06:27] } 33. Rc4 { [%clk 0:05:11] } 33... Rxa3
{ [%clk 0:06:15] } 34. Rxg4+ { [%clk 0:05:08] } 34... Kf7 { [%clk 0:06:15] }
35. Kf2 { [%clk 0:04:49] } 35... Rb3 { [%clk 0:06:13] } 36. Rc4
{ [%clk 0:04:39] } 36... Rxb5 { [%clk 0:06:10] } 37. g4 { [%clk 0:04:34] }
37... Rb4 { [%clk 0:06:01] } 38. Rxb4 { [%clk 0:04:27] } 38... cxb4
{ [%clk 0:06:00] } 39. Ke3 { [%clk 0:04:27] } 39... c6 { [%clk 0:05:51] } 40.
Kd3 { [%clk 0:04:24] } 40... Kg7 { [%clk 0:05:48] } 41. Kc4 { [%clk 0:04:21] }
41... Kh6 { [%clk 0:05:47] } 42. Kxb4 { [%clk 0:04:19] } 42... Kg5
{ [%clk 0:05:46] } 43. Kc4 { [%clk 0:04:18] } 43... Kxg4 { [%clk 0:05:46] } 44.
Kd4 { [%clk 0:04:16] } 44... Kxf5 { [%clk 0:05:46] } 45. Ke3 { [%clk 0:04:15] }
45... b5 { [%clk 0:05:45] } 46. Kd4 { [%clk 0:04:14] } 46... Kf4
{ [%clk 0:05:42] } 47. Kc5 { [%clk 0:04:13] } 47... Ke4 { [%clk 0:05:40] } 48.
Kb4 { [%clk 0:04:11] } 48... f5 { [%clk 0:05:40] } 49. Kc5 { [%clk 0:04:09] }
49... f4 { [%clk 0:05:40] } 50. Kxc6 { [%clk 0:04:09] } 50... f3
{ [%clk 0:05:40] } 51. Kxb5 { [%clk 0:04:08] } 51... f2 { [%clk 0:05:40] } 52.
Kc6 { [%clk 0:04:07] } 52... f1=Q { [%clk 0:05:40] } 53. Kb7 { [%clk 0:04:07] }
53... Qc1 { [%clk 0:05:37] } 54. Ka8 { [%clk 0:04:07] } 54... Qb1
{ [%clk 0:05:36] } 55. Ka7 { [%clk 0:04:06] } 55... Kd5 { [%clk 0:05:36] } 56.
Ka8 { [%clk 0:04:05] } 56... Kc5 { [%clk 0:05:36] } 57. Ka7 { [%clk 0:04:04] }
57... Kc6 { [%clk 0:05:36] } 58. Ka8 { [%clk 0:03:57] } 58... Kc7
{ [%clk 0:05:34] } 59. Ka7 { [%clk 0:03:56] } 59... Qa1# { [%clk 0:05:34] } 0-1"
Rated Rapid game,https://lichess.org/8hoFMyGs,2024.08.01,-,Beamen_george,butilicapetrica,0-1,2024.08.01,08:41:42,1998,2035,,,C44,Scotch Game,600+0,Normal,"1. e4 { [%clk 0:10:00] } 1... e5 { [%clk 0:10:00] } 2. Nf3 { [%clk 0:09:58] }
2... Nc6 { [%clk 0:09:59] } 3. d4 { [%clk 0:09:55] } 3... d6 { [%clk 0:09:56] }
4. dxe5 { [%clk 0:09:53] } 4... Nxe5 { [%clk 0:09:54] } 5. Nxe5
{ [%clk 0:09:51] } 5... dxe5 { [%clk 0:09:53] } 6. Qxd8+ { [%clk 0:09:51] }
6... Kxd8 { [%clk 0:09:51] } 7. Bc4 { [%clk 0:09:51] } 7... Ke7
{ [%clk 0:09:46] } 8. Nc3 { [%clk 0:09:48] } 8... c6 { [%clk 0:09:38] } 9. O-O
{ [%clk 0:09:45] } 9... Nf6 { [%clk 0:09:34] } 10. Bg5 { [%clk 0:09:42] } 10...
Be6 { [%clk 0:09:33] } 11. Bxe6 { [%clk 0:09:40] } 11... Kxe6
{ [%clk 0:09:30] } 12. f4 { [%clk 0:09:37] } 12... exf4 { [%clk 0:09:17] } 13.
e5 { [%clk 0:09:13] } 13... Nd5 { [%clk 0:09:04] } 14. Nxd5 { [%clk 0:09:10] }
14... cxd5 { [%clk 0:09:01] } 15. Bxf4 { [%clk 0:09:07] } 15... Bc5+
{ [%clk 0:08:57] } 16. Kh1 { [%clk 0:09:05] } 16... Rac8 { [%clk 0:08:50] } 17.
c3 { [%clk 0:09:03] } 17... Rhd8 { [%clk 0:08:41] } 18. Rad1 { [%clk 0:09:01] }
18... d4 { [%clk 0:08:40] } 19. cxd4 { [%clk 0:08:59] } 19... Bxd4
{ [%clk 0:08:38] } 20. b3 { [%clk 0:08:50] } 20... Bxe5 { [%clk 0:08:25] } 21.
Bxe5 { [%clk 0:08:04] } 21... Rxd1 { [%clk 0:08:21] } 22. Rxd1
{ [%clk 0:08:04] } 22... Kxe5 { [%clk 0:08:20] } 23. h3 { [%clk 0:08:03] }
23... Rc7 { [%clk 0:08:13] } 24. Rd2 { [%clk 0:07:55] } 24... f5
{ [%clk 0:08:11] } 25. Kh2 { [%clk 0:07:54] } 25... g5 { [%clk 0:08:09] } 26.
Kg3 { [%clk 0:07:54] } 26... h5 { [%clk 0:08:08] } 27. Kf3 { [%clk 0:07:52] }
27... g4+ { [%clk 0:08:05] } 28. hxg4 { [%clk 0:07:51] } 28... hxg4+
{ [%clk 0:08:02] } 29. Ke3 { [%clk 0:07:51] } 29... Rc3+ { [%clk 0:08:00] } 30.
Kf2 { [%clk 0:07:49] } 30... Ke4 { [%clk 0:07:55] } 31. Re2+ { [%clk 0:07:43] }
31... Kf4 { [%clk 0:07:54] } 32. g3+ { [%clk 0:07:42] } 32... Rxg3
{ [%clk 0:07:52] } 33. Re7 { [%clk 0:07:37] } 33... Rh3 { [%clk 0:07:48] } 34.
Rxb7 { [%clk 0:07:35] } 34... Rh2+ { [%clk 0:07:45] } 35. Kg1
{ [%clk 0:07:34] } 35... Rxa2 { [%clk 0:07:44] } 0-1"
Rated Rapid game,https://lichess.org/CmI19qVW,2024.08.01,-,chloranpotasu7,CHeSSLosE,0-1,2024.08.01,08:41:42,1500,1599,,,C62,Ruy Lopez: Steinitz Defense,600+0,Normal,"1. e4 { [%clk 0:10:00] } 1... Nc6 { [%clk 0:10:00] } 2. Nf3 { [%clk 0:09:58] }
2... e5 { [%clk 0:09:59] } 3. Bb5 { [%clk 0:09:55] } 3... d6 { [%clk 0:09:55] }
4. Bxc6+ { [%clk 0:09:54] } 4... bxc6 { [%clk 0:09:54] } 5. Qe2
{ [%clk 0:09:49] } 5... a5 { [%clk 0:09:46] } 6. b3 { [%clk 0:09:46] } 6... Qe7
{ [%clk 0:09:40] } 7. Bb2 { [%clk 0:09:44] } 7... h6 { [%clk 0:09:37] } 8. d4
{ [%clk 0:09:37] } 8... Ba6 { [%clk 0:09:26] } 9. c4 { [%clk 0:09:33] } 9...
exd4 { [%clk 0:09:18] } 10. Nxd4 { [%clk 0:09:30] } 10... Qd7
{ [%clk 0:09:04] } 11. O-O { [%clk 0:09:26] } 11... O-O-O { [%clk 0:08:54] }
12. e5 { [%clk 0:09:20] } 12... d5 { [%clk 0:08:49] } 13. cxd5
{ [%clk 0:09:11] } 13... Bxe2 { [%clk 0:08:46] } 14. Nxe2 { [%clk 0:09:00] }
14... Qxd5 { [%clk 0:08:37] } 15. Nf4 { [%clk 0:08:52] } 15... Qe4
{ [%clk 0:08:21] } 16. g3 { [%clk 0:08:24] } 16... Rd2 { [%clk 0:07:59] } 17.
Nxd2 { [%clk 0:08:20] } 17... Qc2 { [%clk 0:07:56] } 18. Nc4 { [%clk 0:08:08] }
18... Bb4 { [%clk 0:07:36] } 19. e6 { [%clk 0:08:03] } 19... fxe6
{ [%clk 0:07:23] } 20. Bxg7 { [%clk 0:08:01] } 20... Rh7 { [%clk 0:07:21] } 21.
Nxe6 { [%clk 0:07:49] } 21... Qe4 { [%clk 0:07:03] } 22. Ne5 { [%clk 0:07:25] }
22... Kb7 { [%clk 0:06:51] } 23. Nd8+ { [%clk 0:07:17] } 23... Kb6
{ [%clk 0:06:25] } 24. Nexc6 { [%clk 0:07:03] } 24... Rxg7 { [%clk 0:06:18] }
25. Nxb4 { [%clk 0:06:56] } 25... axb4 { [%clk 0:06:07] } 26. a4
{ [%clk 0:06:51] } 26... Rd7 { [%clk 0:05:50] } 27. a5+ { [%clk 0:06:43] }
27... Ka6 { [%clk 0:05:43] } 28. Nb7 { [%clk 0:06:36] } 28... Qxb7
{ [%clk 0:05:37] } 29. Rad1 { [%clk 0:06:32] } 29... Nf6 { [%clk 0:05:28] } 30.
g4 { [%clk 0:06:29] } 30... Rxd1 { [%clk 0:05:21] } 31. Rxd1 { [%clk 0:06:27] }
31... Nxg4 { [%clk 0:05:14] } 32. h3 { [%clk 0:06:26] } 32... Ne5
{ [%clk 0:05:05] } 33. f4 { [%clk 0:06:21] } 33... Nf3+ { [%clk 0:05:00] } 34.
Kf2 { [%clk 0:06:19] } 34... Nh4 { [%clk 0:04:56] } 35. Rd4 { [%clk 0:06:13] }
35... Qf3+ { [%clk 0:04:50] } 36. Ke1 { [%clk 0:06:11] } 36... Ng2+
{ [%clk 0:04:41] } 37. Kd2 { [%clk 0:06:03] } 37... Qc3+ { [%clk 0:04:33] } 0-1"
Rated Rapid game,https://lichess.org/HW9x0A2b,2024.08.01,-,vishal-95,Fallstudier,0-1,2024.08.01,08:41:42,2226,2119,,,C65,Ruy Lopez: Berlin Defense,600+0,Normal,"1. e4 { [%clk 0:10:00] } 1... e5 { [%clk 0:10:00] } 2. Nf3 { [%clk 0:09:59] }
2... Nc6 { [%clk 0:09:59] } 3. Bb5 { [%clk 0:09:59] } 3... Nf6
{ [%clk 0:09:57] } 4. O-O { [%clk 0:09:57] } 4... a6 { [%clk 0:09:53] } 5. Bxc6
{ [%clk 0:09:56] } 5... dxc6 { [%clk 0:09:51] } 6. Nxe5 { [%clk 0:09:56] } 6...
Qd4 { [%clk 0:09:38] } 7. Nf3 { [%clk 0:09:52] } 7... Qb6 { [%clk 0:09:25] } 8.
Nc3 { [%clk 0:09:43] } 8... Bg4 { [%clk 0:09:14] } 9. d4 { [%clk 0:09:37] }
9... O-O-O { [%clk 0:09:11] } 10. e5 { [%clk 0:09:26] } 10... Nd5
{ [%clk 0:08:50] } 11. Nxd5 { [%clk 0:09:19] } 11... Rxd5 { [%clk 0:08:48] }
12. Be3 { [%clk 0:09:18] } 12... c5 { [%clk 0:07:59] } 13. c4
{ [%clk 0:08:58] } 13... Rd8 { [%clk 0:07:43] } 14. d5 { [%clk 0:08:43] } 14...
Qxb2 { [%clk 0:07:34] } 15. Rb1 { [%clk 0:08:39] } 15... Bxf3
{ [%clk 0:07:31] } 16. Qxf3 { [%clk 0:08:30] } 16... Qxe5 { [%clk 0:07:23] }
17. Qxf7 { [%clk 0:08:15] } 17... Bd6 { [%clk 0:07:16] } 18. g3
{ [%clk 0:08:00] } 18... Rhf8 { [%clk 0:06:37] } 19. Qe6+ { [%clk 0:07:55] }
19... Qxe6 { [%clk 0:06:36] } 20. dxe6 { [%clk 0:07:55] } 20... Rde8
{ [%clk 0:06:36] } 21. Rb3 { [%clk 0:07:46] } 21... Rxe6 { [%clk 0:06:28] } 22.
Rfb1 { [%clk 0:07:44] } 22... b6 { [%clk 0:06:19] } 23. a4 { [%clk 0:07:40] }
23... a5 { [%clk 0:06:17] } 24. Rd1 { [%clk 0:07:34] } 24... Re4
{ [%clk 0:06:15] } 25. Rc1 { [%clk 0:07:25] } 25... h5 { [%clk 0:06:03] } 26.
h4 { [%clk 0:07:21] } 26... Rfe8 { [%clk 0:05:47] } 27. Kg2 { [%clk 0:07:13] }
27... Be7 { [%clk 0:05:21] } 28. Kf3 { [%clk 0:06:29] } 28... Bf6
{ [%clk 0:05:14] } 29. Bf4 { [%clk 0:06:14] } 29... Re2 { [%clk 0:04:52] } 30.
Rd3 { [%clk 0:05:47] } 30... Bd4 { [%clk 0:04:47] } 31. Be3 { [%clk 0:05:17] }
31... Bxe3 { [%clk 0:04:27] } 32. fxe3 { [%clk 0:04:36] } 32... Ra2
{ [%clk 0:04:13] } 33. e4 { [%clk 0:04:34] } 33... Rxa4 { [%clk 0:04:09] } 34.
Kf4 { [%clk 0:04:31] } 34... Ra2 { [%clk 0:03:56] } 35. Kg5 { [%clk 0:04:22] }
35... Re2 { [%clk 0:03:54] } 36. Kxh5 { [%clk 0:04:16] } 36... R2xe4
{ [%clk 0:03:52] } 37. Kg6 { [%clk 0:04:13] } 37... Rg4+ { [%clk 0:03:49] } 38.
Kf5 { [%clk 0:04:07] } 38... Ree4 { [%clk 0:03:28] } 39. Rcd1
{ [%clk 0:03:52] } 39... g6+ { [%clk 0:03:27] } 40. Kf6 { [%clk 0:03:49] }
40... Rxc4 { [%clk 0:03:19] } 41. Rf1 { [%clk 0:03:07] } 41... b5
{ [%clk 0:03:03] } 42. Rfd1 { [%clk 0:02:31] } 42... Rcd4 { [%clk 0:02:52] }
43. Rxd4 { [%clk 0:02:25] } 43... cxd4 { [%clk 0:02:42] } 44. Rd3
{ [%clk 0:02:15] } 44... c5 { [%clk 0:02:34] } 0-1"
Rated Rapid game,https://lichess.org/XvEZ98Go,2024.08.01,-,Abdissaid,liamboogar,0-1,2024.08.01,08:41:42,1539,1460,,,C50,Italian Game: Giuoco Piano,600+0,Normal,"1. e4 { [%clk 0:10:00] } 1... e5 { [%clk 0:10:00] } 2. Nf3 { [%clk 0:09:58] }
2... Nc6 { [%clk 0:09:59] } 3. Bc4 { [%clk 0:09:57] } 3... Bc5
{ [%clk 0:09:55] } 4. Nc3 { [%clk 0:09:54] } 4... d6 { [%clk 0:09:54] } 5. d3
{ [%clk 0:09:42] } 5... Bg4 { [%clk 0:09:51] } 6. h3 { [%clk 0:09:28] } 6...
Bh5 { [%clk 0:09:50] } 7. g4 { [%clk 0:09:24] } 7... Bg6 { [%clk 0:09:49] } 8.
a3 { [%clk 0:09:19] } 8... Nd4 { [%clk 0:09:44] } 9. Nxd4 { [%clk 0:09:15] }
9... Bxd4 { [%clk 0:09:43] } 10. Nd5 { [%clk 0:09:12] } 10... Nf6
{ [%clk 0:09:31] } 11. Qf3 { [%clk 0:09:09] } 11... c6 { [%clk 0:09:13] } 12.
Nxf6+ { [%clk 0:08:58] } 12... Qxf6 { [%clk 0:09:12] } 13. Qxf6
{ [%clk 0:08:43] } 13... gxf6 { [%clk 0:09:12] } 14. c3 { [%clk 0:08:39] }
14... Bc5 { [%clk 0:09:04] } 15. Bh6 { [%clk 0:08:37] } 15... O-O-O
{ [%clk 0:09:01] } 16. Bg7 { [%clk 0:08:32] } 16... Rhg8 { [%clk 0:08:55] } 17.
Bxf6 { [%clk 0:08:30] } 17... d5 { [%clk 0:08:54] } 18. Bxd8 { [%clk 0:08:21] }
18... dxc4 { [%clk 0:08:48] } 19. Bf6 { [%clk 0:08:09] } 19... cxd3
{ [%clk 0:08:43] } 20. O-O-O { [%clk 0:07:59] } 20... Bxe4 { [%clk 0:08:41] }
21. Rhe1 { [%clk 0:07:50] } 21... Bg6 { [%clk 0:08:30] } 22. Bxe5
{ [%clk 0:07:14] } 22... Bxf2 { [%clk 0:08:28] } 23. Rf1 { [%clk 0:07:13] }
23... Be3+ { [%clk 0:08:24] } 24. Kb1 { [%clk 0:07:05] } 24... d2+
{ [%clk 0:08:17] } 25. Ka1 { [%clk 0:07:04] } 25... Bc2 { [%clk 0:08:17] } 26.
Rxd2 { [%clk 0:06:44] } 26... Bxd2 { [%clk 0:08:16] } 27. Rf2
{ [%clk 0:06:43] } 27... Bxc3 { [%clk 0:08:09] } 28. Rxc2 { [%clk 0:06:42] }
28... Bxe5 { [%clk 0:08:08] } 29. Re2 { [%clk 0:06:37] } 29... Re8
{ [%clk 0:08:06] } 30. Kb1 { [%clk 0:06:34] } 30... Kd7 { [%clk 0:08:00] } 31.
Kc2 { [%clk 0:06:33] } 31... Bd6 { [%clk 0:07:45] } 32. Rf2 { [%clk 0:06:22] }
32... Ke7 { [%clk 0:07:40] } 33. Re2+ { [%clk 0:06:18] } 33... Kf8
{ [%clk 0:07:39] } 34. Rd2 { [%clk 0:06:15] } 34... Be5 { [%clk 0:07:29] } 35.
Rd7 { [%clk 0:06:12] } 35... Rb8 { [%clk 0:07:24] } 36. b4 { [%clk 0:06:09] }
36... a6 { [%clk 0:07:17] } 37. Kd3 { [%clk 0:06:07] } 37... b5
{ [%clk 0:07:16] } 38. Ke4 { [%clk 0:06:04] } 38... Bg7 { [%clk 0:07:15] } 39.
Kf5 { [%clk 0:06:01] } 39... Re8 { [%clk 0:07:14] } 40. Rd6 { [%clk 0:05:55] }
40... Re3 { [%clk 0:07:09] } 41. h4 { [%clk 0:05:32] } 41... Rf3+
{ [%clk 0:07:02] } 42. Kg5 { [%clk 0:05:28] } 42... h6+ { [%clk 0:06:54] } 43.
Kh5 { [%clk 0:05:23] } 43... Rxa3 { [%clk 0:06:53] } 44. Rxc6
{ [%clk 0:05:17] } 44... Ra4 { [%clk 0:06:48] } 45. g5 { [%clk 0:05:11] } 45...
hxg5 { [%clk 0:06:46] } 46. hxg5 { [%clk 0:05:07] } 46... Rxb4
{ [%clk 0:06:45] } 47. g6 { [%clk 0:05:01] } 47... fxg6+ { [%clk 0:06:35] } 48.
Rxg6 { [%clk 0:04:59] } 48... Bb2 { [%clk 0:06:30] } 49. Rxa6
{ [%clk 0:04:56] } 49... Re4 { [%clk 0:06:23] } 50. Rb6 { [%clk 0:04:49] }
50... b4 { [%clk 0:06:22] } 51. Kg6 { [%clk 0:04:43] } 51... Rf4
{ [%clk 0:06:18] } 52. Rb8+ { [%clk 0:04:36] } 52... Ke7 { [%clk 0:06:15] } 53.
Kg5 { [%clk 0:04:29] } 53... Rc4 { [%clk 0:06:07] } 54. Kf5 { [%clk 0:04:27] }
54... Bc3 { [%clk 0:06:01] } 55. Rb7+ { [%clk 0:04:13] } 55... Kd6
{ [%clk 0:06:00] } 56. Rb8 { [%clk 0:03:57] } 56... Rc7 { [%clk 0:05:54] } 57.
Ke4 { [%clk 0:03:51] } 57... Kc6 { [%clk 0:05:51] } 58. Kd3 { [%clk 0:03:42] }
58... Rb7 { [%clk 0:05:47] } 59. Rc8+ { [%clk 0:03:29] } 59... Kb5
{ [%clk 0:05:42] } 60. Re8 { [%clk 0:02:55] } 60... Ka4 { [%clk 0:05:29] } 61.
Kc2 { [%clk 0:02:54] } 61... Bg7 { [%clk 0:05:23] } 62. Rg8 { [%clk 0:02:41] }
62... b3+ { [%clk 0:05:20] } 63. Kb1 { [%clk 0:02:36] } 63... Ka3
{ [%clk 0:05:13] } 64. Ra8+ { [%clk 0:02:24] } 64... Kb4 { [%clk 0:05:10] } 65.
Rd8 { [%clk 0:02:19] } 65... b2 { [%clk 0:05:04] } 66. Rd7 { [%clk 0:02:13] }
66... Rxd7 { [%clk 0:05:01] } 0-1"
Rated Rapid game,https://lichess.org/G5MZ67xi,2024.08.01,-,Mastergamer7,cubase01,1-0,2024.08.01,08:41:42,663,731,,,A40,Mikenas Defense,600+0,Normal,"1. d4 { [%clk 0:10:00] } 1... Nc6 { [%clk 0:10:00] } 2. e3 { [%clk 0:10:00] }
2... e5 { [%clk 0:09:45] } 3. Bb5 { [%clk 0:10:00] } 3... Nb4
{ [%clk 0:09:39] } 4. dxe5 { [%clk 0:09:52] } 4... f6 { [%clk 0:09:28] } 5.
exf6 { [%clk 0:09:51] } 5... Qxf6 { [%clk 0:09:21] } 6. a3 { [%clk 0:09:45] }
6... Nd5 { [%clk 0:09:17] } 7. Bc4 { [%clk 0:09:41] } 7... Nb6
{ [%clk 0:09:02] } 8. Bxg8 { [%clk 0:09:39] } 8... Rxg8 { [%clk 0:08:53] } 9.
Bd2 { [%clk 0:09:23] } 9... Qxb2 { [%clk 0:08:45] } 10. Bc3 { [%clk 0:09:09] }
10... Qb5 { [%clk 0:08:09] } 11. a4 { [%clk 0:09:01] } 11... Qe5
{ [%clk 0:07:56] } 12. Bxe5 { [%clk 0:08:59] } 12... d6 { [%clk 0:07:55] } 13.
Bd4 { [%clk 0:08:55] } 13... Bd7 { [%clk 0:07:39] } 14. Bxb6 { [%clk 0:08:51] }
14... cxb6 { [%clk 0:07:38] } 15. c4 { [%clk 0:08:45] } 15... g5
{ [%clk 0:07:23] } 16. f4 { [%clk 0:08:43] } 16... g4 { [%clk 0:07:16] } 17. h3
{ [%clk 0:08:40] } 17... Bg7 { [%clk 0:07:10] } 18. hxg4 { [%clk 0:08:38] }
18... Bxa1 { [%clk 0:07:09] } 19. Qxd6 { [%clk 0:08:28] } 19... Bxa4
{ [%clk 0:06:46] } 20. Nc3 { [%clk 0:08:20] } 20... Bxc3+ { [%clk 0:06:40] }
21. Kf2 { [%clk 0:08:13] } 21... Rxg4 { [%clk 0:06:18] } 22. Qe6+
{ [%clk 0:08:02] } 22... Kf8 { [%clk 0:06:12] } 23. Qxg4 { [%clk 0:08:02] }
23... Re8 { [%clk 0:05:51] } 24. Ne2 { [%clk 0:07:57] } 24... Bc6
{ [%clk 0:03:20] } 25. Rxh7 { [%clk 0:07:41] } 25... Be4 { [%clk 0:03:06] } 26.
Nxc3 { [%clk 0:07:38] } 26... Bxh7 { [%clk 0:03:05] } 27. Nd5
{ [%clk 0:07:26] } 27... Be4 { [%clk 0:03:00] } 28. Qd7 { [%clk 0:07:11] }
28... b5 { [%clk 0:02:44] } 29. cxb5 { [%clk 0:06:59] } 29... Bxd5
{ [%clk 0:02:40] } 30. Qxd5 { [%clk 0:06:58] } 30... a6 { [%clk 0:02:35] } 31.
bxa6 { [%clk 0:06:53] } 31... b6 { [%clk 0:02:34] } 32. a7 { [%clk 0:06:46] }
32... Ra8 { [%clk 0:02:30] } 33. Qxa8+ { [%clk 0:06:44] } 1-0"
Rated Rapid game,https://lichess.org/ANumDD57,2024.08.01,-,Marauvilhoso,nicusorflorinel01,1-0,2024.08.01,08:41:42,1786,1800,,,B06,Modern Defense,600+0,Normal,"1. e4 { [%clk 0:10:00] } 1... g6 { [%clk 0:10:00] } 2. d4 { [%clk 0:09:58] }
2... Bg7 { [%clk 0:10:00] } 3. Be3 { [%clk 0:09:57] } 3... c6
{ [%clk 0:09:56] } 4. h3 { [%clk 0:09:55] } 4... d6 { [%clk 0:09:50] } 5. Nc3
{ [%clk 0:09:52] } 5... f5 { [%clk 0:09:48] } 6. e5 { [%clk 0:09:49] } 6... Nh6
{ [%clk 0:09:45] } 7. f4 { [%clk 0:09:41] } 7... O-O { [%clk 0:09:42] } 8. Nf3
{ [%clk 0:09:30] } 8... Qb6 { [%clk 0:09:38] } 9. Bc4+ { [%clk 0:09:25] } 9...
d5 { [%clk 0:09:31] } 10. Bb3 { [%clk 0:09:23] } 10... Nf7 { [%clk 0:09:16] }
11. O-O { [%clk 0:09:19] } 11... Nd7 { [%clk 0:09:13] } 12. e6
{ [%clk 0:09:17] } 12... Nf6 { [%clk 0:08:54] } 13. exf7+ { [%clk 0:09:06] }
13... Rxf7 { [%clk 0:08:52] } 14. Na4 { [%clk 0:08:58] } 14... Qc7
{ [%clk 0:08:49] } 15. Nc5 { [%clk 0:08:56] } 15... b6 { [%clk 0:08:45] } 16.
Nd3 { [%clk 0:08:49] } 16... Ne4 { [%clk 0:08:37] } 17. c4 { [%clk 0:08:41] }
17... Ba6 { [%clk 0:08:33] } 18. cxd5 { [%clk 0:08:36] } 1-0"
Rated Rapid game,https://lichess.org/3lEVdFhB,2024.08.01,-,SJF92,megalasquez,0-1,2024.08.01,08:41:42,1226,1227,,,B01,Scandinavian Defense: Mieses-Kotroc Variation,600+0,Normal,"1. e4 { [%clk 0:10:00] } 1... d5 { [%clk 0:10:00] } 2. exd5 { [%clk 0:09:57] }
2... Qxd5 { [%clk 0:10:00] } 3. Nc3 { [%clk 0:09:55] } 3... Qe6+
{ [%clk 0:10:00] } 4. Be2 { [%clk 0:09:51] } 4... b6 { [%clk 0:09:59] } 5. Nf3
{ [%clk 0:09:49] } 5... Ba6 { [%clk 0:09:58] } 6. O-O { [%clk 0:09:46] } 6...
Bxe2 { [%clk 0:09:56] } 7. Qe1 { [%clk 0:09:42] } 7... Bxf3 { [%clk 0:09:50] }
8. Qxe6 { [%clk 0:09:40] } 8... fxe6 { [%clk 0:09:48] } 9. gxf3
{ [%clk 0:09:39] } 9... Nc6 { [%clk 0:09:43] } 10. d4 { [%clk 0:09:38] } 10...
Nxd4 { [%clk 0:09:40] } 0-1"
Rated Rapid game,https://lichess.org/4NUlcn1k,2024.08.01,-,Lord-J_01,DJOUDA,0-1,2024.08.01,08:41:42,1669,1657,,,B10,Caro-Kann Defense,600+0,Normal,"1. e4 { [%eval 0.15] [%clk 0:10:00] } 1... c6 { [%eval 0.26] [%clk 0:10:00] }
2. Nf3 { [%eval 0.33] [%clk 0:09:58] } 2... d5 { [%eval 0.27] [%clk 0:09:58] }
3. exd5 { [%eval 0.14] [%clk 0:09:57] } 3... cxd5
{ [%eval 0.14] [%clk 0:09:56] } 4. d4 { [%eval 0.13] [%clk 0:09:54] } 4... Bg4
{ [%eval 0.53] [%clk 0:09:53] } 5. Be2 { [%eval 0.0] [%clk 0:09:53] } 5... Bxf3
{ [%eval 0.51] [%clk 0:09:51] } 6. Bxf3 { [%eval 0.48] [%clk 0:09:51] } 6... e6
{ [%eval 0.66] [%clk 0:09:51] } 7. c3 { [%eval 0.12] [%clk 0:09:48] } 7... Nf6
{ [%eval 0.17] [%clk 0:09:47] } 8. Bf4 { [%eval 0.12] [%clk 0:09:46] } 8... Bd6
{ [%eval 0.15] [%clk 0:09:44] } 9. Bxd6 { [%eval 0.14] [%clk 0:09:44] } 9...
Qxd6 { [%eval 0.12] [%clk 0:09:41] } 10. Nd2 { [%eval 0.1] [%clk 0:09:43] }
10... Nbd7 { [%eval 0.15] [%clk 0:09:35] } 11. O-O
{ [%eval 0.13] [%clk 0:09:40] } 11... O-O { [%eval 0.11] [%clk 0:09:32] } 12.
a3 { [%eval 0.0] [%clk 0:09:38] } 12... Rab8 { [%eval 0.11] [%clk 0:09:27] }
13. Rb1 { [%eval 0.07] [%clk 0:09:36] } 13... a5
{ [%eval 0.17] [%clk 0:09:24] } 14. g3 { [%eval 0.03] [%clk 0:09:26] } 14... b5
{ [%eval -0.01] [%clk 0:09:20] } 15. Bg2 { [%eval -0.16] [%clk 0:09:23] } 15...
b4 { [%eval 0.3] [%clk 0:09:17] } 16. axb4 { [%eval 0.3] [%clk 0:09:21] } 16...
axb4 { [%eval 0.37] [%clk 0:09:15] } 17. cxb4 $2
{ [%eval -1.31] [%clk 0:09:06] } 17... Rxb4 { [%eval -1.3] [%clk 0:09:11] } 18.
Nf3 { [%eval -1.41] [%clk 0:09:04] } 18... Rfb8 { [%eval -1.4] [%clk 0:09:06] }
19. Qd2 { [%eval -1.62] [%clk 0:09:02] } 19... Ne4
{ [%eval -1.55] [%clk 0:08:54] } 20. Qc2 { [%eval -1.75] [%clk 0:08:58] } 20...
Nb6 { [%eval -1.2] [%clk 0:08:46] } 21. Rfe1 { [%eval -1.46] [%clk 0:08:54] }
21... Nc4 { [%eval -1.46] [%clk 0:08:41] } 22. b3 $2
{ [%eval -4.0] [%clk 0:08:47] } 22... Na3 { [%eval -3.96] [%clk 0:08:34] } 23.
Qc1 { [%eval -4.42] [%clk 0:08:37] } 23... Nxb1
{ [%eval -4.23] [%clk 0:08:31] } 24. Qxb1 { [%eval -4.33] [%clk 0:08:35] }
24... Rxb3 { [%eval -4.1] [%clk 0:08:26] } 25. Qa1
{ [%eval -4.79] [%clk 0:08:31] } 25... h6 { [%eval -4.15] [%clk 0:08:09] } 26.
Ne5 { [%eval -4.11] [%clk 0:08:30] } 26... Nf6 { [%eval -3.81] [%clk 0:07:50] }
27. Qa7 { [%eval -4.08] [%clk 0:08:16] } 27... R3b7
{ [%eval -4.04] [%clk 0:07:41] } 28. Qa1 { [%eval -4.06] [%clk 0:08:09] } 28...
Nd7 { [%eval -4.17] [%clk 0:07:37] } 29. Nd3 { [%eval -3.98] [%clk 0:07:47] }
29... Rb3 { [%eval -3.81] [%clk 0:07:24] } 30. Rd1
{ [%eval -4.2] [%clk 0:07:38] } 30... Qb6 { [%eval -4.09] [%clk 0:07:06] } 31.
Nf4 { [%eval -4.81] [%clk 0:07:22] } 31... Rb1 { [%eval -4.78] [%clk 0:06:57] }
32. Rxb1 { [%eval -4.89] [%clk 0:07:20] } 32... Qxb1+
{ [%eval -4.83] [%clk 0:06:54] } 33. Qxb1 { [%eval -4.86] [%clk 0:07:19] }
33... Rxb1+ { [%eval -4.94] [%clk 0:06:53] } 34. Bf1
{ [%eval -4.8] [%clk 0:07:16] } 34... Nf6 { [%eval -4.72] [%clk 0:06:46] } 35.
Kg2 { [%eval -4.98] [%clk 0:07:13] } 35... Ne4 { [%eval -4.6] [%clk 0:06:44] }
36. Kf3 { [%eval -5.4] [%clk 0:07:05] } 36... Nd2+
{ [%eval -5.15] [%clk 0:06:41] } 0-1"
Rated Rapid game,https://lichess.org/k19G7gT3,2024.08.01,-,Surya130499,DragonTusker,0-1,2024.08.01,08:41:42,1200,1178,,,C47,Four Knights Game: Italian Variation,600+0,Normal,"1. e4 { [%clk 0:10:00] } 1... e5 { [%clk 0:10:00] } 2. Nc3 { [%clk 0:10:00] }
2... Nc6 { [%clk 0:09:58] } 3. Nf3 { [%clk 0:10:00] } 3... Nf6
{ [%clk 0:09:57] } 4. Bc4 { [%clk 0:10:00] } 4... d6 { [%clk 0:09:55] } 5. O-O
{ [%clk 0:10:00] } 5... Be6 { [%clk 0:09:53] } 6. Bb3 { [%clk 0:09:54] } 6...
d5 { [%clk 0:09:46] } 7. d3 { [%clk 0:09:53] } 7... Bb4 { [%clk 0:09:43] } 8.
d4 { [%clk 0:09:41] } 8... dxe4 { [%clk 0:09:32] } 9. Nxe5 { [%clk 0:09:30] }
9... Nxd4 { [%clk 0:09:11] } 10. Nxf7 { [%clk 0:09:22] } 10... Kxf7
{ [%clk 0:09:05] } 11. Bd2 { [%clk 0:09:07] } 11... Re8 { [%clk 0:08:50] } 12.
Re1 { [%clk 0:09:05] } 12... Bxb3 { [%clk 0:08:43] } 13. axb3
{ [%clk 0:09:03] } 13... Kg8 { [%clk 0:08:36] } 14. Nxe4 { [%clk 0:08:52] }
14... Nxe4 { [%clk 0:08:33] } 15. Bxb4 { [%clk 0:08:49] } 15... Nc6
{ [%clk 0:08:07] } 16. Qxd8 { [%clk 0:08:45] } 16... Raxd8 { [%clk 0:08:04] }
17. Rxe4 { [%clk 0:08:44] } 17... Rxe4 { [%clk 0:08:02] } 18. Bd2
{ [%clk 0:08:29] } 18... Rxd2 { [%clk 0:07:57] } 19. g3 { [%clk 0:08:18] }
19... Rxc2 { [%clk 0:07:54] } 20. Rb1 { [%clk 0:08:15] } 20... Ree2
{ [%clk 0:07:52] } 21. Kg2 { [%clk 0:08:14] } 21... Rxb2 { [%clk 0:07:50] } 22.
Rxb2 { [%clk 0:08:12] } 22... Rxb2 { [%clk 0:07:49] } 23. h4 { [%clk 0:08:11] }
23... Rxb3 { [%clk 0:07:46] } 24. f3 { [%clk 0:08:07] } 24... Rb4
{ [%clk 0:07:43] } 25. g4 { [%clk 0:08:06] } 25... a5 { [%clk 0:07:41] } 26.
Kf1 { [%clk 0:08:03] } 26... a4 { [%clk 0:07:40] } 27. Ke2 { [%clk 0:08:02] }
27... a3 { [%clk 0:07:35] } 28. Kd1 { [%clk 0:08:02] } 28... a2
{ [%clk 0:07:34] } 29. Kc2 { [%clk 0:08:01] } 29... a1=R { [%clk 0:07:30] } 30.
Kc3 { [%clk 0:07:59] } 30... Ra3+ { [%clk 0:07:26] } 31. Kc2 { [%clk 0:07:55] }
31... Nd4+ { [%clk 0:07:20] } 32. Kc1 { [%clk 0:07:55] } 0-1"
Rated Rapid game,https://lichess.org/poxRAL8K,2024.08.01,-,Aryaamaya,ItzShark,0-1,2024.08.01,08:41:42,1692,1758,,,A10,English Opening: Jaenisch Gambit,600+0,Time forfeit,"1. c4 { [%clk 0:10:00] } 1... b5 { [%clk 0:10:00] } 2. c5 { [%clk 0:09:58] }
2... c6 { [%clk 0:09:56] } 3. d4 { [%clk 0:09:56] } 3... Nf6 { [%clk 0:09:50] }
4. e3 { [%clk 0:09:54] } 4... e6 { [%clk 0:09:35] } 5. Bd2 { [%clk 0:09:52] }
5... d6 { [%clk 0:09:23] } 6. b4 { [%clk 0:09:49] } 6... Nd5 { [%clk 0:09:13] }
7. a3 { [%clk 0:09:45] } 7... Be7 { [%clk 0:09:03] } 8. Nc3 { [%clk 0:09:43] }
8... O-O { [%clk 0:08:52] } 9. Nxd5 { [%clk 0:09:42] } 9... exd5
{ [%clk 0:08:51] } 10. Nf3 { [%clk 0:09:40] } 10... Re8 { [%clk 0:08:50] } 11.
Be2 { [%clk 0:09:37] } 11... h6 { [%clk 0:08:41] } 12. O-O { [%clk 0:09:32] }
12... Nd7 { [%clk 0:08:35] } 13. Bd3 { [%clk 0:09:22] } 13... Nf6
{ [%clk 0:08:27] } 14. Re1 { [%clk 0:09:20] } 14... Ne4 { [%clk 0:08:26] } 15.
Bc1 { [%clk 0:09:13] } 15... Bg4 { [%clk 0:08:13] } 16. Bb2 { [%clk 0:09:10] }
16... Bh4 { [%clk 0:08:03] } 17. Qc2 { [%clk 0:09:01] } 17... Bxf2+
{ [%clk 0:07:55] } 18. Kf1 { [%clk 0:08:57] } 18... Bxf3 { [%clk 0:07:22] } 0-1"
Rated Rapid game,https://lichess.org/y1QVcAEt,2024.08.01,-,dmitryzayets,grcgsv,0-1,2024.08.01,08:41:44,1569,1616,,,B01,Scandinavian Defense: Mieses-Kotroc Variation,600+0,Time forfeit,"1. e4 { [%clk 0:10:00] } 1... d5 { [%clk 0:10:00] } 2. exd5 { [%clk 0:09:59] }
2... Qxd5 { [%clk 0:10:00] } 3. Nc3 { [%clk 0:09:58] } 3... Qe6+
{ [%clk 0:09:59] } 4. Qe2 { [%clk 0:09:57] } 4... Nc6 { [%clk 0:09:59] } 5. g3
{ [%clk 0:09:43] } 5... Bd7 { [%clk 0:08:53] } 6. Bh3 { [%clk 0:09:38] } 6...
Qxe2+ { [%clk 0:08:44] } 7. Ncxe2 { [%clk 0:09:31] } 7... O-O-O
{ [%clk 0:08:43] } 8. Bxd7+ { [%clk 0:09:15] } 8... Rxd7 { [%clk 0:08:41] } 9.
b3 { [%clk 0:09:00] } 9... e5 { [%clk 0:08:36] } 10. Bb2 { [%clk 0:08:39] }
10... Nb4 { [%clk 0:08:35] } 11. O-O-O { [%clk 0:08:21] } 11... Nxa2+
{ [%clk 0:07:58] } 12. Kb1 { [%clk 0:08:19] } 12... Nb4 { [%clk 0:07:51] } 13.
Bxe5 { [%clk 0:08:11] } 13... f6 { [%clk 0:07:49] } 14. Bc3 { [%clk 0:08:10] }
14... Ne7 { [%clk 0:07:47] } 15. Bxb4 { [%clk 0:08:05] } 15... Nd5
{ [%clk 0:07:41] } 16. Bxf8 { [%clk 0:08:02] } 16... Rxf8 { [%clk 0:07:40] }
17. Nf4 { [%clk 0:07:57] } 17... Nb4 { [%clk 0:07:31] } 18. Nf3
{ [%clk 0:07:49] } 18... g5 { [%clk 0:07:29] } 19. Ne6 { [%clk 0:07:47] } 19...
Re8 { [%clk 0:07:21] } 20. Nc5 { [%clk 0:07:44] } 20... Rd5 { [%clk 0:07:13] }
21. Na4 { [%clk 0:07:06] } 21... Nc6 { [%clk 0:06:54] } 22. Rhe1
{ [%clk 0:06:59] } 22... Red8 { [%clk 0:06:49] } 23. Nc3 { [%clk 0:06:55] }
23... Rf5 { [%clk 0:06:47] } 24. Re3 { [%clk 0:06:45] } 24... g4
{ [%clk 0:06:35] } 25. Nh4 { [%clk 0:06:42] } 25... Rxf2 { [%clk 0:06:32] } 26.
Re2 { [%clk 0:06:36] } 26... Rxe2 { [%clk 0:06:23] } 27. Nxe2
{ [%clk 0:06:35] } 27... h5 { [%clk 0:06:16] } 28. Rf1 { [%clk 0:06:31] } 28...
Rd6 { [%clk 0:06:09] } 29. Nc3 { [%clk 0:06:28] } 29... Nd4 { [%clk 0:06:06] }
30. Ne4 { [%clk 0:06:20] } 30... Re6 { [%clk 0:05:39] } 31. Nxf6
{ [%clk 0:06:09] } 31... Re2 { [%clk 0:05:32] } 32. Nxh5 { [%clk 0:05:25] }
32... Rxd2 { [%clk 0:05:24] } 33. Rc1 { [%clk 0:04:00] } 33... Rxh2
{ [%clk 0:05:20] } 34. Nf4 { [%clk 0:02:23] } 34... b5 { [%clk 0:04:57] } 35.
Nhg6 { [%clk 0:02:12] } 35... a5 { [%clk 0:04:46] } 36. Kb2 { [%clk 0:02:04] }
36... Nf5 { [%clk 0:04:16] } 37. Rg1 { [%clk 0:01:19] } 37... c5
{ [%clk 0:03:55] } 38. Nh4 { [%clk 0:01:17] } 38... Nxh4 { [%clk 0:03:47] } 39.
gxh4 { [%clk 0:01:16] } 39... Rxh4 { [%clk 0:03:47] } 40. Ng6
{ [%clk 0:01:06] } 40... Rh6 { [%clk 0:03:31] } 41. Rxg4 { [%clk 0:01:05] }
41... Kc7 { [%clk 0:03:30] } 42. Ne5 { [%clk 0:01:03] } 42... Kd6
{ [%clk 0:03:24] } 43. Rg6+ { [%clk 0:00:53] } 43... Rxg6 { [%clk 0:03:22] }
44. Nxg6 { [%clk 0:00:52] } 44... Kd5 { [%clk 0:03:21] } 45. Kc3
{ [%clk 0:00:50] } 45... b4+ { [%clk 0:03:20] } 46. Kd3 { [%clk 0:00:49] }
46... c4+ { [%clk 0:03:09] } 47. bxc4+ { [%clk 0:00:48] } 47... Kc5
{ [%clk 0:03:08] } 48. Nf4 { [%clk 0:00:37] } 48... a4 { [%clk 0:03:07] } 49.
Ne2 { [%clk 0:00:33] } 49... a3 { [%clk 0:03:07] } 50. Nc1 { [%clk 0:00:31] }
50... Kb6 { [%clk 0:03:00] } 51. Na2 { [%clk 0:00:27] } 51... Ka5
{ [%clk 0:02:55] } 52. Kd4 { [%clk 0:00:23] } 52... Ka4 { [%clk 0:02:55] } 53.
Nc1 { [%clk 0:00:14] } 53... b3 { [%clk 0:02:51] } 54. cxb3+ { [%clk 0:00:13] }
54... Kb4 { [%clk 0:02:49] } 55. Na2+ { [%clk 0:00:10] } 55... Kxb3
{ [%clk 0:02:47] } 56. c5 { [%clk 0:00:08] } 56... Kxa2 { [%clk 0:02:45] } 57.
c6 { [%clk 0:00:07] } 57... Kb2 { [%clk 0:02:44] } 58. c7 { [%clk 0:00:07] }
58... a2 { [%clk 0:02:44] } 59. c8=Q { [%clk 0:00:05] } 59... a1=Q
{ [%clk 0:02:42] } 60. Qb8+ { [%clk 0:00:04] } 60... Kc2+ { [%clk 0:02:39] }
61. Kc5 { [%clk 0:00:00] } 61... Qc3+ { [%clk 0:02:37] } 0-1"
Rated Rapid game,https://lichess.org/ET3Gopjf,2024.08.01,-,ParsaParvin,samirvieira,1-0,2024.08.01,08:41:45,1691,1720,,,B01,Scandinavian Defense: Valencian Variation,600+0,Normal,"1. e4 { [%clk 0:10:00] } 1... d5 { [%clk 0:10:00] } 2. exd5 { [%clk 0:09:58] }
2... Qxd5 { [%clk 0:09:59] } 3. Nc3 { [%clk 0:09:57] } 3... Qd8
{ [%clk 0:09:57] } 4. d4 { [%clk 0:09:55] } 4... e5 { [%clk 0:09:55] } 5. d5
{ [%clk 0:09:51] } 5... Nf6 { [%clk 0:09:52] } 6. Bg5 { [%clk 0:09:49] } 6...
Be7 { [%clk 0:09:50] } 7. Nf3 { [%clk 0:09:47] } 7... Bg4 { [%clk 0:09:09] } 8.
Bb5+ { [%clk 0:09:34] } 8... c6 { [%clk 0:09:03] } 9. dxc6 { [%clk 0:09:30] }
9... Qxd1+ { [%clk 0:09:01] } 10. Rxd1 { [%clk 0:09:27] } 10... Bxf3
{ [%clk 0:08:59] } 11. gxf3 { [%clk 0:09:23] } 11... bxc6 { [%clk 0:08:54] }
12. Bc4 { [%clk 0:09:11] } 12... O-O { [%clk 0:08:42] } 13. O-O
{ [%clk 0:09:07] } 13... Re8 { [%clk 0:08:40] } 14. f4 { [%clk 0:09:03] } 14...
Nbd7 { [%clk 0:08:29] } 15. fxe5 { [%clk 0:09:01] } 15... Nxe5
{ [%clk 0:08:16] } 16. Bb3 { [%clk 0:08:57] } 16... Nfg4 { [%clk 0:07:55] } 17.
Bxe7 { [%clk 0:08:53] } 17... Rxe7 { [%clk 0:07:53] } 18. f4 { [%clk 0:08:38] }
18... Ne3 { [%clk 0:07:45] } 19. fxe5 { [%clk 0:08:36] } 19... Nxd1
{ [%clk 0:07:34] } 20. Nxd1 { [%clk 0:08:33] } 20... Rxe5 { [%clk 0:07:23] }
21. Rxf7 { [%clk 0:08:21] } 21... Re1+ { [%clk 0:06:54] } 22. Rf1+
{ [%clk 0:08:18] } 1-0"
Rated Rapid game,https://lichess.org/p28Hp6z3,2024.08.01,-,Ghylik,THIRION,0-1,2024.08.01,08:41:46,1884,1906,,,D08,"Queen's Gambit Declined: Albin Countergambit, Modern Line",600+0,Normal,"1. d4 { [%clk 0:10:00] } 1... d5 { [%clk 0:10:00] } 2. c4 { [%clk 0:09:59] }
2... e5 { [%clk 0:09:58] } 3. dxe5 { [%clk 0:09:57] } 3... d4
{ [%clk 0:09:57] } 4. Nf3 { [%clk 0:09:57] } 4... Nc6 { [%clk 0:09:55] } 5.
Nbd2 { [%clk 0:09:55] } 5... Be6 { [%clk 0:09:51] } 6. Nb3 { [%clk 0:09:50] }
6... Bxc4 { [%clk 0:09:46] } 7. Nbxd4 { [%clk 0:09:46] } 7... Nxd4
{ [%clk 0:09:42] } 8. Qxd4 { [%clk 0:09:46] } 8... Qxd4 { [%clk 0:09:41] } 9.
Nxd4 { [%clk 0:09:42] } 9... O-O-O { [%clk 0:09:38] } 10. Be3
{ [%clk 0:09:40] } 10... c5 { [%clk 0:09:31] } 11. Nf3 { [%clk 0:09:26] } 11...
b6 { [%clk 0:09:24] } 12. g3 { [%clk 0:09:20] } 12... Bd5 { [%clk 0:09:20] }
13. Bg2 { [%clk 0:09:19] } 13... Ne7 { [%clk 0:09:17] } 14. O-O
{ [%clk 0:09:16] } 14... Ng6 { [%clk 0:09:15] } 15. Ng5 { [%clk 0:09:15] }
15... Bxg2 { [%clk 0:09:09] } 16. Kxg2 { [%clk 0:09:15] } 16... Rd7
{ [%clk 0:09:07] } 17. f4 { [%clk 0:09:11] } 17... h6 { [%clk 0:09:06] } 18.
Nf3 { [%clk 0:09:08] } 18... Ne7 { [%clk 0:08:57] } 19. Rad1 { [%clk 0:09:04] }
19... Nd5 { [%clk 0:08:55] } 20. Bf2 { [%clk 0:09:01] } 20... Be7
{ [%clk 0:08:53] } 21. Rd2 { [%clk 0:08:56] } 21... Rhd8 { [%clk 0:08:51] } 22.
Rfd1 { [%clk 0:08:55] } 22... Nb4 { [%clk 0:08:45] } 23. Rxd7
{ [%clk 0:08:50] } 23... Rxd7 { [%clk 0:08:44] } 24. Rxd7 { [%clk 0:08:49] }
24... Kxd7 { [%clk 0:08:42] } 25. a3 { [%clk 0:08:47] } 25... Nc2
{ [%clk 0:08:35] } 26. Nd2 { [%clk 0:08:36] } 26... f6 { [%clk 0:08:26] } 27.
exf6 { [%clk 0:08:33] } 27... Bxf6 { [%clk 0:08:24] } 28. Nc4
{ [%clk 0:08:10] } 28... Kc6 { [%clk 0:08:13] } 29. Ne5+ { [%clk 0:07:51] }
29... Bxe5 { [%clk 0:08:09] } 30. fxe5 { [%clk 0:07:51] } 30... Kd5
{ [%clk 0:08:07] } 31. Kf1 { [%clk 0:07:36] } 31... Kxe5 { [%clk 0:08:05] } 32.
Be1 { [%clk 0:07:35] } 32... Ke4 { [%clk 0:07:59] } 33. Bc3 { [%clk 0:07:34] }
33... Nd4 { [%clk 0:07:57] } 34. Kf2 { [%clk 0:07:28] } 34... g5
{ [%clk 0:07:55] } 35. e3 { [%clk 0:07:27] } 35... Nf5 { [%clk 0:07:51] } 36.
b4 { [%clk 0:07:13] } 36... Nxe3 { [%clk 0:07:39] } 37. bxc5 { [%clk 0:06:56] }
37... bxc5 { [%clk 0:07:36] } 38. Bg7 { [%clk 0:06:55] } 38... h5
{ [%clk 0:07:34] } 39. Bf6 { [%clk 0:06:54] } 39... g4 { [%clk 0:07:32] } 40.
Be7 { [%clk 0:06:53] } 40... c4 { [%clk 0:07:28] } 41. Bc5 { [%clk 0:06:52] }
41... Nc2 { [%clk 0:07:23] } 42. Bxa7 { [%clk 0:06:50] } 42... Nxa3
{ [%clk 0:07:20] } 43. Bc5 { [%clk 0:06:39] } 43... Nc2 { [%clk 0:07:16] } 44.
Ke2 { [%clk 0:06:22] } 44... Nd4+ { [%clk 0:07:10] } 45. Bxd4
{ [%clk 0:05:56] } 0-1"
Rated Rapid game,https://lichess.org/2NWcqp8K,2024.08.01,-,gleontas,Hafidi92,1-0,2024.08.01,08:41:46,1907,1960,,,B20,Sicilian Defense: Bowdler Attack,600+0,Normal,"1. e4 { [%clk 0:10:00] } 1... c5 { [%clk 0:10:00] } 2. Bc4 { [%clk 0:09:57] }
2... Nc6 { [%clk 0:09:59] } 3. c3 { [%clk 0:09:56] } 3... e6 { [%clk 0:09:59] }
4. d3 { [%clk 0:09:54] } 4... a6 { [%clk 0:09:58] } 5. a3 { [%clk 0:09:53] }
5... d5 { [%clk 0:09:57] } 6. exd5 { [%clk 0:09:52] } 6... exd5
{ [%clk 0:09:57] } 7. Bb3 { [%clk 0:09:50] } 7... Be7 { [%clk 0:09:57] } 8. Nf3
{ [%clk 0:09:49] } 8... Nf6 { [%clk 0:09:56] } 9. O-O { [%clk 0:09:47] } 9...
Bg4 { [%clk 0:09:55] } 10. h3 { [%clk 0:09:45] } 10... Bh5 { [%clk 0:09:54] }
11. Bf4 { [%clk 0:09:43] } 11... O-O { [%clk 0:09:50] } 12. Nbd2
{ [%clk 0:09:41] } 12... Bd6 { [%clk 0:09:48] } 13. Bxd6 { [%clk 0:09:39] }
13... Qxd6 { [%clk 0:09:48] } 14. Re1 { [%clk 0:09:38] } 14... Rfe8
{ [%clk 0:09:45] } 15. Qc2 { [%clk 0:09:36] } 15... b5 { [%clk 0:09:39] } 16.
Rxe8+ { [%clk 0:09:33] } 16... Rxe8 { [%clk 0:09:37] } 17. Rf1
{ [%clk 0:09:31] } 17... c4 { [%clk 0:09:32] } 18. dxc4 { [%clk 0:09:29] }
18... dxc4 { [%clk 0:09:32] } 19. Ba2 { [%clk 0:09:28] } 19... Bg6
{ [%clk 0:09:25] } 20. Qd1 { [%clk 0:09:24] } 20... Bd3 { [%clk 0:09:24] } 21.
Re1 { [%clk 0:09:22] } 21... Nd5 { [%clk 0:09:18] } 22. Rxe8+
{ [%clk 0:09:13] } 1-0"
Rated Rapid game,https://lichess.org/abtmAAdF,2024.08.01,-,rosariorusso,RobotTavukk,0-1,2024.08.01,08:41:46,1973,1984,,,B32,Sicilian Defense: Löwenthal Variation,600+0,Normal,"1. e4 { [%clk 0:10:00] } 1... c5 { [%clk 0:10:00] } 2. Nf3 { [%clk 0:09:59] }
2... Nc6 { [%clk 0:09:58] } 3. d4 { [%clk 0:09:58] } 3... cxd4
{ [%clk 0:09:58] } 4. Nxd4 { [%clk 0:09:57] } 4... e5 { [%clk 0:09:57] } 5.
Nxc6 { [%clk 0:09:56] } 5... bxc6 { [%clk 0:09:53] } 6. c3 { [%clk 0:09:55] }
6... d5 { [%clk 0:09:46] } 7. exd5 { [%clk 0:09:54] } 7... cxd5
{ [%clk 0:09:46] } 8. Bd3 { [%clk 0:09:52] } 8... Bb7 { [%clk 0:09:28] } 9.
Bb5+ { [%clk 0:09:49] } 9... Ke7 { [%clk 0:09:22] } 10. Bg5+ { [%clk 0:09:47] }
10... f6 { [%clk 0:09:21] } 11. Bh4 { [%clk 0:09:45] } 11... Kf7
{ [%clk 0:09:17] } 12. O-O { [%clk 0:09:40] } 12... Bc5 { [%clk 0:09:14] } 13.
Nd2 { [%clk 0:09:34] } 13... Qb6 { [%clk 0:09:11] } 14. Ba4 { [%clk 0:09:22] }
14... Ne7 { [%clk 0:09:03] } 15. b4 { [%clk 0:09:17] } 15... Bd6
{ [%clk 0:08:58] } 16. Nf3 { [%clk 0:09:13] } 16... h5 { [%clk 0:08:43] } 17.
Bb3 { [%clk 0:09:11] } 17... g5 { [%clk 0:08:36] } 18. Bxg5 { [%clk 0:09:00] }
18... fxg5 { [%clk 0:08:36] } 19. Nxg5+ { [%clk 0:08:59] } 19... Ke8
{ [%clk 0:08:27] } 20. Ne6 { [%clk 0:08:39] } 20... Bxb4 { [%clk 0:07:51] } 21.
cxb4 { [%clk 0:08:34] } 21... Qxe6 { [%clk 0:07:49] } 22. Rc1
{ [%clk 0:08:26] } 22... Rc8 { [%clk 0:07:43] } 23. Ba4+ { [%clk 0:08:23] }
23... Bc6 { [%clk 0:07:37] } 24. b5 { [%clk 0:08:21] } 24... Bd7
{ [%clk 0:07:30] } 25. Rxc8+ { [%clk 0:08:15] } 25... Nxc8 { [%clk 0:07:30] }
26. Re1 { [%clk 0:08:10] } 26... Nb6 { [%clk 0:07:23] } 27. Bb3
{ [%clk 0:08:03] } 27... Bxb5 { [%clk 0:07:19] } 28. Qc2 { [%clk 0:07:59] }
28... Qd6 { [%clk 0:07:08] } 29. Qf5 { [%clk 0:07:44] } 29... Rh6
{ [%clk 0:06:18] } 30. Rxe5+ { [%clk 0:07:34] } 30... Kd8 { [%clk 0:06:16] }
31. Bxd5 { [%clk 0:07:23] } 31... Nc4 { [%clk 0:04:55] } 32. Bxc4
{ [%clk 0:07:16] } 32... Qd1+ { [%clk 0:04:52] } 0-1"
Rated Rapid game,https://lichess.org/z9zDrEtg,2024.08.01,-,Alexsandr_1982,Garibraj,0-1,2024.08.01,08:41:46,1674,1660,,,C50,Italian Game,600+0,Normal,"1. e4 { [%clk 0:10:00] } 1... e5 { [%clk 0:10:00] } 2. Nf3 { [%clk 0:09:59] }
2... Nc6 { [%clk 0:09:58] } 3. Bc4 { [%clk 0:09:57] } 3... Qf6
{ [%clk 0:09:52] } 4. d3 { [%clk 0:09:55] } 4... Qg6 { [%clk 0:09:48] } 5. O-O
{ [%clk 0:09:52] } 5... d6 { [%clk 0:09:43] } 6. g3 { [%clk 0:09:47] } 6... Bh3
{ [%clk 0:09:40] } 7. Re1 { [%clk 0:09:45] } 7... Qf6 { [%clk 0:09:31] } 8. Nc3
{ [%clk 0:09:43] } 8... Nd4 { [%clk 0:09:26] } 9. Nd5 { [%clk 0:09:40] } 9...
Qxf3 { [%clk 0:09:20] } 10. Nxc7+ { [%clk 0:09:32] } 10... Kd8
{ [%clk 0:09:13] } 11. Nxa8 { [%clk 0:09:30] } 11... Qg2# { [%clk 0:09:11] }
0-1"
Rated Rapid game,https://lichess.org/VR90VBDm,2024.08.01,-,slayer88,SIR-MUTIE,1-0,2024.08.01,08:41:46,1626,1581,,,D00,Queen's Pawn Game: Chigorin Variation,600+0,Normal,"1. d4 { [%clk 0:10:00] } 1... d5 { [%clk 0:10:00] } 2. Nc3 { [%clk 0:09:59] }
2... Nc6 { [%clk 0:09:54] } 3. Nf3 { [%clk 0:09:55] } 3... Bg4
{ [%clk 0:09:52] } 4. h3 { [%clk 0:09:51] } 4... Bxf3 { [%clk 0:09:47] } 5.
exf3 { [%clk 0:09:50] } 5... e5 { [%clk 0:09:47] } 6. Bb5 { [%clk 0:09:45] }
6... exd4 { [%clk 0:09:43] } 7. Bxc6+ { [%clk 0:09:38] } 7... bxc6
{ [%clk 0:09:42] } 8. Qxd4 { [%clk 0:09:35] } 8... Nf6 { [%clk 0:09:41] } 9.
Bg5 { [%clk 0:09:31] } 9... Be7 { [%clk 0:09:38] } 10. O-O { [%clk 0:09:25] }
10... O-O { [%clk 0:09:36] } 11. Rfe1 { [%clk 0:09:24] } 11... Re8
{ [%clk 0:09:27] } 12. Qa4 { [%clk 0:09:10] } 12... Qd6 { [%clk 0:09:23] } 13.
a3 { [%clk 0:08:23] } 13... h6 { [%clk 0:09:20] } 14. Bh4 { [%clk 0:08:20] }
14... Nh5 { [%clk 0:09:00] } 15. Bxe7 { [%clk 0:08:17] } 15... Rxe7
{ [%clk 0:08:58] } 16. Rxe7 { [%clk 0:08:13] } 16... Qxe7 { [%clk 0:08:56] }
17. Qxc6 { [%clk 0:08:11] } 17... Rb8 { [%clk 0:08:45] } 18. Nxd5
{ [%clk 0:08:05] } 18... Qe2 { [%clk 0:08:35] } 19. b4 { [%clk 0:07:29] } 19...
Qd2 { [%clk 0:08:19] } 20. Qxc7 { [%clk 0:07:11] } 20... Rb5 { [%clk 0:07:58] }
21. Qd8+ { [%clk 0:07:03] } 21... Kh7 { [%clk 0:07:56] } 22. Nf6+
{ [%clk 0:07:02] } 22... Nxf6 { [%clk 0:07:54] } 23. Qxd2 { [%clk 0:07:00] }
1-0"
Rated Rapid game,https://lichess.org/RY4TNE3D,2024.08.01,-,roadchesser,AntonKaramyshev,1-0,2024.08.01,08:41:46,1641,1645,,,A00,Kádas Opening,600+0,Normal,"1. h4 { [%clk 0:10:00] } 1... e5 { [%clk 0:10:00] } 2. h5 { [%clk 0:09:59] }
2... h6 { [%clk 0:09:56] } 3. d4 { [%clk 0:09:58] } 3... exd4
{ [%clk 0:09:51] } 4. Qxd4 { [%clk 0:09:58] } 4... d5 { [%clk 0:09:50] } 5. Nc3
{ [%clk 0:09:57] } 5... Nf6 { [%clk 0:09:48] } 6. Bf4 { [%clk 0:09:54] } 6...
Nc6 { [%clk 0:09:47] } 7. Qd2 { [%clk 0:09:51] } 7... Bd6 { [%clk 0:09:42] } 8.
O-O-O { [%clk 0:09:36] } 8... Bxf4 { [%clk 0:09:33] } 9. Qxf4
{ [%clk 0:09:36] } 9... O-O { [%clk 0:09:32] } 10. e4 { [%clk 0:09:28] } 10...
Ne7 { [%clk 0:09:13] } 11. Be2 { [%clk 0:09:10] } 11... dxe4 { [%clk 0:09:08] }
12. Rxd8 { [%clk 0:09:08] } 1-0"
Rated Rapid game,https://lichess.org/ZhyHd4hN,2024.08.01,-,BassemAoun-2,Kirill_Iz,0-1,2024.08.01,08:41:46,2193,2349,,,C01,"French Defense: Exchange Variation, Monte Carlo Variation",600+0,Time forfeit,"1. e4 { [%clk 0:10:00] } 1... e6 { [%clk 0:10:00] } 2. d4 { [%clk 0:09:54] }
2... d5 { [%clk 0:10:00] } 3. exd5 { [%clk 0:09:37] } 3... exd5
{ [%clk 0:09:58] } 4. c4 { [%clk 0:09:31] } 4... c6 { [%clk 0:09:56] } 5. Nc3
{ [%clk 0:09:28] } 5... Nf6 { [%clk 0:09:54] } 6. Bd3 { [%clk 0:09:17] } 6...
Bg4 { [%clk 0:09:52] } 7. Qb3 { [%clk 0:08:50] } 7... b6 { [%clk 0:09:14] } 8.
h3 { [%clk 0:08:35] } 8... Bh5 { [%clk 0:09:04] } 9. Bg5 { [%clk 0:08:30] }
9... Be7 { [%clk 0:08:48] } 10. Nge2 { [%clk 0:08:18] } 10... O-O
{ [%clk 0:08:45] } 11. Nf4 { [%clk 0:08:11] } 11... Re8 { [%clk 0:08:15] } 12.
O-O { [%clk 0:08:06] } 12... Bg6 { [%clk 0:07:58] } 13. Nxg6 { [%clk 0:07:56] }
13... hxg6 { [%clk 0:07:58] } 14. Rad1 { [%clk 0:07:44] } 14... Nh7
{ [%clk 0:07:50] } 15. Bf4 { [%clk 0:07:39] } 15... Bd6 { [%clk 0:07:43] } 16.
Bxd6 { [%clk 0:07:32] } 16... Qxd6 { [%clk 0:07:43] } 17. cxd5
{ [%clk 0:07:31] } 17... Nf6 { [%clk 0:07:31] } 18. dxc6 { [%clk 0:07:19] }
18... Nxc6 { [%clk 0:07:29] } 19. Bxg6 { [%clk 0:07:16] } 19... Re7
{ [%clk 0:06:22] } 20. Nb5 { [%clk 0:06:36] } 20... Qb4 { [%clk 0:06:11] } 21.
Qxb4 { [%clk 0:06:21] } 21... Nxb4 { [%clk 0:06:11] } 22. Bb1
{ [%clk 0:06:19] } 22... Re2 { [%clk 0:06:06] } 23. a3 { [%clk 0:06:05] } 23...
Nbd5 { [%clk 0:06:02] } 24. b4 { [%clk 0:05:34] } 24... Rb2 { [%clk 0:05:59] }
25. Bf5 { [%clk 0:05:06] } 25... g6 { [%clk 0:05:44] } 26. Bd3
{ [%clk 0:04:54] } 26... a6 { [%clk 0:05:42] } 27. Nd6 { [%clk 0:04:47] } 27...
Rb3 { [%clk 0:05:40] } 28. Nc4 { [%clk 0:04:09] } 28... Rd8 { [%clk 0:05:29] }
29. Ne5 { [%clk 0:03:14] } 29... Rxa3 { [%clk 0:05:24] } 30. Nc6
{ [%clk 0:02:37] } 30... Rd6 { [%clk 0:05:10] } 31. Ne5 { [%clk 0:01:26] }
31... Nc3 { [%clk 0:04:59] } 32. Ra1 { [%clk 0:01:19] } 32... Rxa1
{ [%clk 0:04:53] } 33. Rxa1 { [%clk 0:01:16] } 33... b5 { [%clk 0:04:49] } 34.
Nf3 { [%clk 0:01:09] } 34... Ncd5 { [%clk 0:04:42] } 35. Rb1 { [%clk 0:00:53] }
35... Nd7 { [%clk 0:04:13] } 36. Nd2 { [%clk 0:00:50] } 36... Ne7
{ [%clk 0:04:08] } 37. Nb3 { [%clk 0:00:47] } 37... Nc6 { [%clk 0:04:04] } 38.
Nc5 { [%clk 0:00:40] } 38... Nxc5 { [%clk 0:03:58] } 39. dxc5
{ [%clk 0:00:34] } 39... Rxd3 { [%clk 0:03:55] } 40. Ra1 { [%clk 0:00:31] }
40... Nxb4 { [%clk 0:03:51] } 41. c6 { [%clk 0:00:30] } 41... Rc3
{ [%clk 0:03:49] } 42. Rb1 { [%clk 0:00:26] } 42... Nxc6 { [%clk 0:03:45] } 43.
Ra1 { [%clk 0:00:25] } 43... Nb8 { [%clk 0:03:34] } 44. Rd1 { [%clk 0:00:22] }
44... Rc8 { [%clk 0:03:25] } 45. g3 { [%clk 0:00:19] } 45... a5
{ [%clk 0:03:23] } 46. f4 { [%clk 0:00:18] } 46... a4 { [%clk 0:03:20] } 47.
Kf2 { [%clk 0:00:15] } 47... b4 { [%clk 0:03:19] } 48. Kf3 { [%clk 0:00:15] }
48... b3 { [%clk 0:03:18] } 49. Ke4 { [%clk 0:00:14] } 49... Na6
{ [%clk 0:03:04] } 50. Ra1 { [%clk 0:00:09] } 50... Rc4+ { [%clk 0:03:02] } 51.
Kd5 { [%clk 0:00:08] } 51... Rb4 { [%clk 0:03:01] } 52. Ra3 { [%clk 0:00:03] }
52... Kf8 { [%clk 0:02:54] } 53. f5 { [%clk 0:00:02] } 53... gxf5
{ [%clk 0:02:52] } 54. g4 { [%clk 0:00:00] } 54... fxg4 { [%clk 0:02:51] } 55.
h4 { [%clk 0:00:00] } 55... g3 { [%clk 0:02:49] } 56. Ke5 { [%clk 0:00:00] }
56... g2 { [%clk 0:02:48] } 57. Kf5 { [%clk 0:00:00] } 57... g1=Q
{ [%clk 0:02:47] } 58. Kf6 { [%clk 0:00:00] } 58... Qf1+ { [%clk 0:02:46] } 0-1"
Rated Rapid game,https://lichess.org/TlcRFGP6,2024.08.01,-,arielca90245,WB52,1/2-1/2,2024.08.01,08:41:46,1735,1684,,,B20,Sicilian Defense: Bowdler Attack,600+0,Normal,"1. e4 { [%clk 0:10:00] } 1... c5 { [%clk 0:10:00] } 2. Bc4 { [%clk 0:09:59] }
2... e6 { [%clk 0:09:59] } 3. Nf3 { [%clk 0:09:58] } 3... a6 { [%clk 0:09:58] }
4. O-O { [%clk 0:09:56] } 4... Nc6 { [%clk 0:09:56] } 5. c3 { [%clk 0:09:54] }
5... d6 { [%clk 0:09:55] } 6. d4 { [%clk 0:09:52] } 6... cxd4
{ [%clk 0:09:53] } 7. cxd4 { [%clk 0:09:51] } 7... Be7 { [%clk 0:09:52] } 8.
Nc3 { [%clk 0:09:49] } 8... Nf6 { [%clk 0:09:51] } 9. a3 { [%clk 0:09:45] }
9... O-O { [%clk 0:09:47] } 10. b3 { [%clk 0:09:43] } 10... h6
{ [%clk 0:09:45] } 11. b4 { [%clk 0:09:41] } 11... e5 { [%clk 0:09:24] } 12. d5
{ [%clk 0:09:34] } 12... Nb8 { [%clk 0:09:17] } 13. Be3 { [%clk 0:09:19] }
13... Nbd7 { [%clk 0:09:15] } 14. a4 { [%clk 0:09:12] } 14... Ng4
{ [%clk 0:09:11] } 15. Bd2 { [%clk 0:09:04] } 15... Nb6 { [%clk 0:08:57] } 16.
Bd3 { [%clk 0:08:55] } 16... Bd7 { [%clk 0:08:42] } 17. Qb3 { [%clk 0:08:39] }
17... Nf6 { [%clk 0:08:32] } 18. Be3 { [%clk 0:08:23] } 18... Ng4
{ [%clk 0:08:26] } 19. Bd2 { [%clk 0:08:18] } 19... Bg5 { [%clk 0:08:04] } 20.
Bxg5 { [%clk 0:08:10] } 20... hxg5 { [%clk 0:08:03] } 21. Qb2
{ [%clk 0:07:25] } 21... Nf6 { [%clk 0:07:45] } 22. Nxg5 { [%clk 0:07:18] }
22... Nh5 { [%clk 0:07:41] } 23. Nf3 { [%clk 0:07:15] } 23... Bg4
{ [%clk 0:07:36] } 24. Be2 { [%clk 0:07:01] } 24... Nf4 { [%clk 0:07:33] } 25.
Qd2 { [%clk 0:06:44] } 25... Nxe2+ { [%clk 0:07:26] } 26. Qxe2
{ [%clk 0:06:41] } 26... Rc8 { [%clk 0:07:22] } 27. Qe3 { [%clk 0:06:33] }
27... Nc4 { [%clk 0:07:16] } 28. Qd3 { [%clk 0:06:20] } 28... Qc7
{ [%clk 0:07:09] } 29. Ne2 { [%clk 0:06:07] } 29... Bxf3 { [%clk 0:07:04] } 30.
gxf3 { [%clk 0:06:01] } 30... Qe7 { [%clk 0:06:51] } 31. Kh1 { [%clk 0:05:57] }
31... Qh4 { [%clk 0:06:15] } 32. Rg1 { [%clk 0:05:52] } 32... Qxf2
{ [%clk 0:06:11] } 33. Rg2 { [%clk 0:05:47] } 33... Qe3 { [%clk 0:05:58] } 34.
Qxe3 { [%clk 0:05:37] } 34... Nxe3 { [%clk 0:05:56] } 35. Rg3
{ [%clk 0:05:33] } 35... g6 { [%clk 0:05:48] } 36. h4 { [%clk 0:05:29] } 36...
Rc2 { [%clk 0:05:45] } 37. Nc1 { [%clk 0:05:13] } 37... Rfc8 { [%clk 0:05:36] }
38. Nb3 { [%clk 0:05:08] } 38... Kg7 { [%clk 0:05:25] } 39. Na5
{ [%clk 0:05:04] } 39... b5 { [%clk 0:05:07] } 40. Nc6 { [%clk 0:05:01] } 40...
bxa4 { [%clk 0:05:02] } 41. Rxa4 { [%clk 0:05:00] } 41... Rc1+
{ [%clk 0:04:55] } 42. Kh2 { [%clk 0:04:57] } 42... Nf1+ { [%clk 0:04:54] } 43.
Kh3 { [%clk 0:04:55] } 43... Nxg3 { [%clk 0:04:53] } 44. Kxg3
{ [%clk 0:04:53] } 44... Ra8 { [%clk 0:04:30] } 45. b5 { [%clk 0:04:51] } 45...
Rb1 { [%clk 0:04:11] } 46. Rxa6 { [%clk 0:04:48] } 46... Rxa6
{ [%clk 0:04:09] } 47. bxa6 { [%clk 0:04:46] } 47... Ra1 { [%clk 0:04:08] } 48.
a7 { [%clk 0:04:43] } 48... f5 { [%clk 0:04:05] } 49. exf5 { [%clk 0:04:35] }
49... gxf5 { [%clk 0:04:04] } 50. h5 { [%clk 0:04:29] } 50... Kh6
{ [%clk 0:03:59] } 51. f4 { [%clk 0:04:25] } 51... e4 { [%clk 0:03:58] } 52.
Kh4 { [%clk 0:04:11] } 52... e3 { [%clk 0:03:57] } 53. Kg3 { [%clk 0:04:09] }
53... Kxh5 { [%clk 0:03:55] } 54. Kf3 { [%clk 0:04:08] } 54... Ra3
{ [%clk 0:03:47] } 55. Nd4 { [%clk 0:03:58] } 55... Rxa7 { [%clk 0:03:36] } 56.
Nxf5 { [%clk 0:03:52] } 56... e2 { [%clk 0:03:28] } 57. Kxe2 { [%clk 0:03:50] }
57... Kg4 { [%clk 0:03:27] } 58. Nxd6 { [%clk 0:03:46] } 58... Kxf4
{ [%clk 0:03:25] } 59. Kd3 { [%clk 0:03:44] } 59... Ke5 { [%clk 0:03:22] } 60.
Nb5 { [%clk 0:03:38] } 60... Kxd5 { [%clk 0:03:17] } 61. Nxa7
{ [%clk 0:03:37] } 1/2-1/2"
Rated Rapid game,https://lichess.org/iIk9zmTM,2024.08.01,-,Hossam-291,Alatriste1970,1-0,2024.08.01,08:41:46,1572,1529,,,B13,Caro-Kann Defense: Exchange Variation,600+0,Normal,"1. e4 { [%clk 0:10:00] } 1... c6 { [%clk 0:10:00] } 2. Nf3 { [%clk 0:09:58] }
2... d5 { [%clk 0:09:59] } 3. exd5 { [%clk 0:09:56] } 3... cxd5
{ [%clk 0:09:58] } 4. d4 { [%clk 0:09:55] } 4... Nc6 { [%clk 0:09:57] } 5. Nc3
{ [%clk 0:09:48] } 5... e6 { [%clk 0:09:55] } 6. Bb5 { [%clk 0:09:42] } 6...
Bd7 { [%clk 0:09:52] } 7. O-O { [%clk 0:09:23] } 7... Nge7 { [%clk 0:09:44] }
8. Re1 { [%clk 0:09:12] } 8... Ng6 { [%clk 0:09:40] } 9. Nxd5
{ [%clk 0:09:07] } 9... Bb4 { [%clk 0:09:24] } 10. Nxb4 { [%clk 0:09:01] }
10... Nxb4 { [%clk 0:09:22] } 11. Bxd7+ { [%clk 0:08:40] } 11... Qxd7
{ [%clk 0:09:19] } 12. a3 { [%clk 0:08:39] } 12... Nc6 { [%clk 0:09:01] } 13.
d5 { [%clk 0:08:35] } 13... Nce7 { [%clk 0:08:40] } 14. dxe6 { [%clk 0:08:01] }
14... Qxd1 { [%clk 0:08:38] } 15. exf7+ { [%clk 0:07:55] } 15... Kxf7
{ [%clk 0:08:35] } 16. Rxd1 { [%clk 0:07:50] } 16... Rad8 { [%clk 0:08:24] }
17. Bg5 { [%clk 0:07:41] } 17... Rxd1+ { [%clk 0:08:11] } 18. Rxd1
{ [%clk 0:07:37] } 18... Nc6 { [%clk 0:07:43] } 19. Rd7+ { [%clk 0:07:29] }
19... Nge7 { [%clk 0:07:25] } 20. Bxe7 { [%clk 0:07:26] } 20... Nxe7
{ [%clk 0:07:23] } 21. Ne5+ { [%clk 0:07:23] } 21... Ke6 { [%clk 0:07:18] } 22.
Rxb7 { [%clk 0:07:14] } 22... Rd8 { [%clk 0:07:11] } 23. Nd3 { [%clk 0:07:08] }
23... Nd5 { [%clk 0:07:05] } 24. g3 { [%clk 0:06:57] } 24... Nf6
{ [%clk 0:06:57] } 25. Rxg7 { [%clk 0:06:49] } 25... Ne4 { [%clk 0:06:55] } 26.
Rxh7 { [%clk 0:06:38] } 26... Nd2 { [%clk 0:06:49] } 27. Rh6+
{ [%clk 0:06:31] } 27... Kf5 { [%clk 0:06:44] } 28. Rh5+ { [%clk 0:06:18] }
28... Kg4 { [%clk 0:06:42] } 29. Rh4+ { [%clk 0:06:16] } 29... Kg5
{ [%clk 0:06:37] } 30. f4+ { [%clk 0:06:10] } 30... Kf5 { [%clk 0:06:27] } 31.
g4+ { [%clk 0:06:05] } 31... Ke4 { [%clk 0:06:22] } 32. g5 { [%clk 0:06:03] }
32... Nf3+ { [%clk 0:06:20] } 33. Kg2 { [%clk 0:05:54] } 33... Nxh4+
{ [%clk 0:06:19] } 34. Kh3 { [%clk 0:05:52] } 34... Ng6 { [%clk 0:06:16] } 35.
Kg4 { [%clk 0:05:48] } 35... Rf8 { [%clk 0:03:55] } 36. Nc5+ { [%clk 0:05:31] }
36... Ke3 { [%clk 0:03:50] } 37. Ne6 { [%clk 0:05:24] } 37... Rxf4+
{ [%clk 0:03:33] } 38. Nxf4 { [%clk 0:05:23] } 38... Nxf4 { [%clk 0:03:32] }
39. h4 { [%clk 0:05:19] } 39... Ke4 { [%clk 0:03:20] } 40. h5
{ [%clk 0:05:18] } 40... Ke5 { [%clk 0:03:18] } 41. g6 { [%clk 0:05:17] } 41...
Ne6 { [%clk 0:03:17] } 42. h6 { [%clk 0:05:14] } 42... Kf6 { [%clk 0:03:14] }
43. Kh5 { [%clk 0:05:11] } 43... Nf8 { [%clk 0:03:08] } 44. h7
{ [%clk 0:05:04] } 44... Nxg6 { [%clk 0:03:04] } 45. Kh6 { [%clk 0:04:59] }
45... Kf7 { [%clk 0:02:54] } 46. c4 { [%clk 0:04:56] } 46... Nh8
{ [%clk 0:02:50] } 47. b4 { [%clk 0:04:54] } 47... Ke6 { [%clk 0:02:48] } 48.
Kg7 { [%clk 0:04:51] } 48... Nf7 { [%clk 0:02:43] } 49. c5 { [%clk 0:04:48] }
49... Kd5 { [%clk 0:02:41] } 50. Kxf7 { [%clk 0:04:45] } 1-0"
Rated Rapid game,https://lichess.org/6c2GFhkk,2024.08.01,-,Foksalis,LordFarkuad,0-1,2024.08.01,08:41:46,1295,1383,,,A20,English Opening: King's English Variation,600+0,Normal,"1. c4 { [%clk 0:10:00] } 1... e5 { [%clk 0:10:00] } 2. g3 { [%clk 0:09:58] }
2... g6 { [%clk 0:09:56] } 3. Bg2 { [%clk 0:09:55] } 3... Bg7
{ [%clk 0:09:54] } 4. Nc3 { [%clk 0:09:55] } 4... Ne7 { [%clk 0:09:52] } 5. e3
{ [%clk 0:09:52] } 5... O-O { [%clk 0:09:51] } 6. Nge2 { [%clk 0:09:52] } 6...
c6 { [%clk 0:09:49] } 7. d3 { [%clk 0:09:50] } 7... f5 { [%clk 0:09:48] } 0-1"
Rated Rapid game,https://lichess.org/bGjDkXpP,2024.08.01,-,MasterMind2311,pradeep002,0-1,2024.08.01,08:41:49,1747,1761,,,C42,Russian Game: Italian Variation,600+0,Normal,"1. e4 { [%clk 0:10:00] } 1... e5 { [%clk 0:10:00] } 2. Bc4 { [%clk 0:09:58] }
2... Nf6 { [%clk 0:09:54] } 3. Nf3 { [%clk 0:09:55] } 3... d5
{ [%clk 0:09:51] } 4. exd5 { [%clk 0:09:52] } 4... Nxd5 { [%clk 0:09:49] } 5.
Nc3 { [%clk 0:09:49] } 5... Be6 { [%clk 0:09:44] } 6. Nxe5 { [%clk 0:09:43] }
6... Nxc3 { [%clk 0:09:42] } 7. bxc3 { [%clk 0:09:21] } 7... Bxc4
{ [%clk 0:09:41] } 8. Nxc4 { [%clk 0:09:19] } 8... Bc5 { [%clk 0:09:37] } 9. d4
{ [%clk 0:09:14] } 9... Bd6 { [%clk 0:09:33] } 10. O-O { [%clk 0:09:11] } 10...
O-O { [%clk 0:09:31] } 11. Qg4 { [%clk 0:09:06] } 11... a6 { [%clk 0:09:16] }
12. Bh6 { [%clk 0:09:03] } 12... Qf6 { [%clk 0:09:13] } 13. Bg5
{ [%clk 0:08:47] } 13... Qg6 { [%clk 0:09:08] } 14. Qh4 { [%clk 0:08:43] }
14... h6 { [%clk 0:08:58] } 15. Be3 { [%clk 0:08:37] } 15... Nd7
{ [%clk 0:08:51] } 16. Qh3 { [%clk 0:08:19] } 16... Nf6 { [%clk 0:08:42] } 17.
Nxd6 { [%clk 0:08:09] } 17... cxd6 { [%clk 0:08:40] } 18. Qf3
{ [%clk 0:08:06] } 18... Qxc2 { [%clk 0:08:35] } 19. Rfc1 { [%clk 0:07:56] }
19... Qg6 { [%clk 0:08:32] } 20. Qxb7 { [%clk 0:07:52] } 20... Ng4
{ [%clk 0:08:25] } 21. Qf3 { [%clk 0:07:40] } 21... Rfe8 { [%clk 0:08:02] } 22.
Re1 { [%clk 0:07:22] } 22... Rac8 { [%clk 0:07:54] } 23. Rac1
{ [%clk 0:07:16] } 23... Qe6 { [%clk 0:07:31] } 24. Bd2 { [%clk 0:07:03] }
24... Qxa2 { [%clk 0:07:02] } 25. Rxe8+ { [%clk 0:06:49] } 25... Rxe8
{ [%clk 0:07:01] } 26. Bf4 { [%clk 0:06:32] } 26... Qe6 { [%clk 0:06:43] } 27.
Qd3 { [%clk 0:06:21] } 27... d5 { [%clk 0:06:37] } 28. h3 { [%clk 0:06:15] }
28... Nf6 { [%clk 0:06:27] } 29. Qg3 { [%clk 0:06:04] } 29... Ne4
{ [%clk 0:06:19] } 30. Qf3 { [%clk 0:05:49] } 30... a5 { [%clk 0:06:04] } 31.
Ra1 { [%clk 0:05:40] } 31... Ra8 { [%clk 0:05:59] } 32. Qd3 { [%clk 0:05:21] }
32... a4 { [%clk 0:05:36] } 33. f3 { [%clk 0:05:16] } 33... Nf6
{ [%clk 0:05:24] } 34. Qb5 { [%clk 0:05:07] } 34... a3 { [%clk 0:05:08] } 35.
Qb7 { [%clk 0:05:02] } 35... Qa6 { [%clk 0:04:44] } 36. Qb3 { [%clk 0:04:47] }
36... Qa4 { [%clk 0:04:15] } 37. Qb1 { [%clk 0:04:37] } 37... a2
{ [%clk 0:04:08] } 38. Qb7 { [%clk 0:04:16] } 38... Qa5 { [%clk 0:03:35] } 39.
Be5 { [%clk 0:04:10] } 39... Nh5 { [%clk 0:02:31] } 40. g4 { [%clk 0:03:54] }
40... Nf6 { [%clk 0:02:27] } 41. Bxf6 { [%clk 0:03:50] } 41... gxf6
{ [%clk 0:02:26] } 42. Qe7 { [%clk 0:03:44] } 42... Qxc3 { [%clk 0:02:18] } 43.
Rxa2 { [%clk 0:03:26] } 43... Qc1+ { [%clk 0:02:11] } 44. Kg2
{ [%clk 0:03:22] } 44... Rxa2+ { [%clk 0:02:10] } 45. Kg3 { [%clk 0:03:20] }
45... Qg1+ { [%clk 0:01:54] } 46. Kh4 { [%clk 0:03:13] } 46... Qf2+
{ [%clk 0:01:48] } 47. Kh5 { [%clk 0:03:10] } 47... Qxd4 { [%clk 0:01:38] } 48.
Kxh6 { [%clk 0:03:00] } 48... Qf4+ { [%clk 0:01:33] } 0-1"
Rated Rapid game,https://lichess.org/bpjTMkGY,2024.08.01,-,Firtifley,brilliantmind1999,1-0,2024.08.01,08:41:49,1243,1294,,,C65,Ruy Lopez: Berlin Defense,600+0,Normal,"1. e4 { [%clk 0:10:00] } 1... e5 { [%clk 0:10:00] } 2. Nf3 { [%clk 0:09:54] }
2... Nc6 { [%clk 0:09:58] } 3. Bb5 { [%clk 0:09:49] } 3... Nf6
{ [%clk 0:09:49] } 4. Bxc6 { [%clk 0:09:43] } 4... bxc6 { [%clk 0:09:45] } 5.
O-O { [%clk 0:09:40] } 5... Qe7 { [%clk 0:09:11] } 6. Re1 { [%clk 0:09:33] }
6... d5 { [%clk 0:09:05] } 7. exd5 { [%clk 0:09:26] } 7... cxd5
{ [%clk 0:09:03] } 8. Nxe5 { [%clk 0:09:23] } 8... Be6 { [%clk 0:08:51] } 9.
Nc6 { [%clk 0:09:14] } 9... Qd6 { [%clk 0:08:35] } 10. Nd4 { [%clk 0:08:44] }
10... Be7 { [%clk 0:08:27] } 11. Nc3 { [%clk 0:08:35] } 11... O-O
{ [%clk 0:08:22] } 12. Nxe6 { [%clk 0:08:31] } 12... fxe6 { [%clk 0:08:19] }
13. d3 { [%clk 0:08:28] } 13... a6 { [%clk 0:07:53] } 14. Bg5
{ [%clk 0:08:27] } 14... d4 { [%clk 0:07:42] } 15. Ne4 { [%clk 0:08:08] } 15...
Qb6 { [%clk 0:07:30] } 16. Nxf6+ { [%clk 0:07:38] } 16... Bxf6
{ [%clk 0:07:27] } 17. Bxf6 { [%clk 0:07:29] } 17... Rxf6 { [%clk 0:07:27] }
18. Rb1 { [%clk 0:07:00] } 18... Raf8 { [%clk 0:07:13] } 19. f3
{ [%clk 0:06:55] } 19... c5 { [%clk 0:07:04] } 20. c4 { [%clk 0:05:47] } 20...
dxc3 { [%clk 0:06:58] } 21. bxc3 { [%clk 0:05:40] } 21... c4+
{ [%clk 0:06:53] } 22. Rxb6 { [%clk 0:05:38] } 1-0"
Rated Rapid game,https://lichess.org/0FMuXUGP,2024.08.01,-,Calatrava3,lauraflora,1-0,2024.08.01,08:41:49,1232,1216,,,C20,Center Game,600+0,Normal,"1. e4 { [%clk 0:10:00] } 1... e5 { [%clk 0:10:00] } 2. d4 { [%clk 0:09:57] }
2... f6 { [%clk 0:09:51] } 3. d5 { [%clk 0:09:55] } 3... Bb4+
{ [%clk 0:09:42] } 4. c3 { [%clk 0:09:53] } 4... Ba5 { [%clk 0:09:36] } 5. b4
{ [%clk 0:09:52] } 5... Bb6 { [%clk 0:09:29] } 6. Nf3 { [%clk 0:09:50] } 6...
d6 { [%clk 0:09:16] } 7. Bb5+ { [%clk 0:09:48] } 7... Bd7 { [%clk 0:09:13] } 8.
Be2 { [%clk 0:09:45] } 8... Ne7 { [%clk 0:09:00] } 9. O-O { [%clk 0:09:43] }
9... O-O { [%clk 0:08:59] } 10. a4 { [%clk 0:09:38] } 10... c5
{ [%clk 0:08:48] } 11. Bb5 { [%clk 0:09:29] } 11... cxb4 { [%clk 0:08:25] } 12.
cxb4 { [%clk 0:09:22] } 12... Bxb5 { [%clk 0:08:11] } 13. axb5
{ [%clk 0:09:20] } 13... a5 { [%clk 0:07:50] } 14. Qd2 { [%clk 0:09:12] } 14...
Nd7 { [%clk 0:07:21] } 15. bxa5 { [%clk 0:09:05] } 15... Bc7 { [%clk 0:06:29] }
16. a6 { [%clk 0:08:58] } 16... b6 { [%clk 0:06:19] } 17. Nc3
{ [%clk 0:08:42] } 17... Nc5 { [%clk 0:06:05] } 18. Rb1 { [%clk 0:08:27] }
18... Ng6 { [%clk 0:05:47] } 19. Qc2 { [%clk 0:08:24] } 19... Nf4
{ [%clk 0:05:35] } 20. Na4 { [%clk 0:08:21] } 20... Nxa4 { [%clk 0:05:25] } 21.
Qxa4 { [%clk 0:08:19] } 21... Qe8 { [%clk 0:05:09] } 22. Qc4 { [%clk 0:08:08] }
22... Qg6 { [%clk 0:05:06] } 23. g3 { [%clk 0:08:01] } 23... Bd8
{ [%clk 0:04:57] } 24. Bxf4 { [%clk 0:07:40] } 24... exf4 { [%clk 0:04:50] }
25. Nh4 { [%clk 0:07:37] } 25... Qg5 { [%clk 0:04:10] } 26. Qe2
{ [%clk 0:07:26] } 26... fxg3 { [%clk 0:03:53] } 27. fxg3 { [%clk 0:07:25] }
27... Re8 { [%clk 0:03:47] } 28. Ng2 { [%clk 0:07:15] } 28... f5
{ [%clk 0:03:38] } 29. Nf4 { [%clk 0:07:00] } 29... fxe4 { [%clk 0:03:07] } 30.
Ne6 { [%clk 0:06:59] } 30... Rxe6 { [%clk 0:03:00] } 31. dxe6
{ [%clk 0:06:54] } 31... d5 { [%clk 0:02:57] } 32. Qf2 { [%clk 0:06:46] } 32...
Bf6 { [%clk 0:02:43] } 33. h4 { [%clk 0:06:39] } 33... Qe5 { [%clk 0:02:16] }
34. Qf4 { [%clk 0:06:28] } 34... Qxe6 { [%clk 0:02:00] } 35. Qf5
{ [%clk 0:06:26] } 35... Bd4+ { [%clk 0:01:58] } 36. Kg2 { [%clk 0:06:22] }
36... Qxf5 { [%clk 0:01:42] } 37. Rxf5 { [%clk 0:06:19] } 37... Rc8
{ [%clk 0:01:36] } 38. Rxd5 { [%clk 0:06:17] } 38... Rc2+ { [%clk 0:01:31] }
39. Kh3 { [%clk 0:06:15] } 1-0"
Rated Rapid game,https://lichess.org/pPNWjuWj,2024.08.01,-,osahas,t3t3r1n,1-0,2024.08.01,08:41:49,1497,1500,,,B00,Nimzowitsch Defense,600+0,Time forfeit,"1. e4 { [%clk 0:10:00] } 1... Nc6 { [%clk 0:10:00] } 2. d4 { [%clk 0:09:58] }
2... Nf6 { [%clk 0:10:00] } 3. e5 { [%clk 0:09:53] } 3... Nxe5
{ [%clk 0:09:57] } 4. dxe5 { [%clk 0:09:51] } 4... d6 { [%clk 0:09:52] } 5.
exf6 { [%clk 0:09:50] } 5... gxf6 { [%clk 0:09:50] } 6. h3 { [%clk 0:09:43] }
6... Bg4 { [%clk 0:09:47] } 7. Qxg4 { [%clk 0:09:41] } 7... Qb8
{ [%clk 0:09:41] } 8. Bc4 { [%clk 0:09:26] } 8... Qd8 { [%clk 0:09:36] } 9. Qh5
{ [%clk 0:09:19] } 9... Qd7 { [%clk 0:09:33] } 10. Qxf7+ { [%clk 0:09:17] }
10... Kd8 { [%clk 0:09:25] } 11. Qe6 { [%clk 0:09:15] } 11... Qxe6+
{ [%clk 0:09:24] } 12. Bxe6 { [%clk 0:09:14] } 12... Ke8 { [%clk 0:09:22] } 13.
Nf3 { [%clk 0:09:09] } 13... Rg8 { [%clk 0:09:18] } 14. Bxg8 { [%clk 0:09:08] }
14... Bh6 { [%clk 0:09:15] } 15. Bxh6 { [%clk 0:09:05] } 15... e5
{ [%clk 0:09:09] } 16. Nh4 { [%clk 0:08:59] } 16... d5 { [%clk 0:09:06] } 17.
Nf5 { [%clk 0:08:57] } 17... d4 { [%clk 0:09:03] } 18. c3 { [%clk 0:08:55] }
18... d3 { [%clk 0:09:01] } 19. Kd2 { [%clk 0:08:53] } 19... e4
{ [%clk 0:08:58] } 20. f3 { [%clk 0:08:50] } 20... e3+ { [%clk 0:08:56] } 21.
Kxe3 { [%clk 0:08:47] } 21... d2 { [%clk 0:08:55] } 22. Nxd2 { [%clk 0:08:46] }
22... c5 { [%clk 0:08:50] } 23. Nd6+ { [%clk 0:08:44] } 23... Kd7
{ [%clk 0:08:46] } 24. Nxb7 { [%clk 0:08:42] } 24... Rxg8 { [%clk 0:08:44] }
25. Nxc5+ { [%clk 0:08:38] } 25... Kc6 { [%clk 0:08:41] } 26. b4
{ [%clk 0:08:35] } 26... Kb5 { [%clk 0:08:39] } 27. a4+ { [%clk 0:08:30] }
27... Kc6 { [%clk 0:08:36] } 28. g4 { [%clk 0:08:16] } 28... Kd5
{ [%clk 0:08:30] } 29. Rhd1 { [%clk 0:08:05] } 29... Rxg4 { [%clk 0:08:28] }
30. hxg4 { [%clk 0:08:03] } 30... f5 { [%clk 0:08:08] } 31. gxf5
{ [%clk 0:07:57] } 1-0"
Rated Rapid game,https://lichess.org/LhMoiFaV,2024.08.01,-,aunielstark,kafaithted_57,1-0,2024.08.01,08:41:49,1904,1893,,,A22,English Opening: Carls-Bremen System,600+0,Normal,"1. c4 { [%clk 0:10:00] } 1... e5 { [%clk 0:10:00] } 2. Nc3 { [%clk 0:09:59] }
2... Nf6 { [%clk 0:09:58] } 3. g3 { [%clk 0:09:59] } 3... d6 { [%clk 0:09:56] }
4. Bg2 { [%clk 0:09:59] } 4... Be7 { [%clk 0:09:55] } 5. Nf3 { [%clk 0:09:56] }
5... O-O { [%clk 0:09:54] } 6. O-O { [%clk 0:09:51] } 6... Bg4
{ [%clk 0:09:51] } 7. d3 { [%clk 0:09:50] } 7... Qd7 { [%clk 0:09:48] } 8. Nh4
{ [%clk 0:09:44] } 8... Bh3 { [%clk 0:09:42] } 9. Bxb7 { [%clk 0:09:16] } 9...
Nc6 { [%clk 0:09:00] } 10. Bxa8 { [%clk 0:09:08] } 10... Rxa8
{ [%clk 0:08:50] } 11. Re1 { [%clk 0:09:06] } 11... Ng4 { [%clk 0:08:28] } 12.
Ng2 { [%clk 0:08:57] } 12... Bxg2 { [%clk 0:07:47] } 13. Kxg2
{ [%clk 0:08:55] } 13... Nf6 { [%clk 0:07:46] } 14. a3 { [%clk 0:08:49] } 14...
Qg4 { [%clk 0:07:40] } 15. h3 { [%clk 0:08:47] } 15... Qh5 { [%clk 0:07:36] }
16. e3 { [%clk 0:08:45] } 16... Qg6 { [%clk 0:07:33] } 17. Qf3
{ [%clk 0:08:28] } 17... e4 { [%clk 0:07:04] } 18. Nxe4 { [%clk 0:08:20] }
18... Ne5 { [%clk 0:06:52] } 19. Nxf6+ { [%clk 0:08:17] } 19... gxf6
{ [%clk 0:06:44] } 20. Qxa8+ { [%clk 0:08:16] } 20... Kg7 { [%clk 0:06:43] }
21. Qd5 { [%clk 0:07:56] } 21... Nxd3 { [%clk 0:06:34] } 22. Rd1
{ [%clk 0:07:44] } 22... Ne5 { [%clk 0:06:30] } 23. b4 { [%clk 0:07:31] } 23...
Qh5 { [%clk 0:06:20] } 24. Bb2 { [%clk 0:07:15] } 24... Ng6 { [%clk 0:06:09] }
25. Qxh5 { [%clk 0:07:12] } 1-0"
Rated Rapid game,https://lichess.org/0Pdr4os5,2024.08.01,-,MrIshpufisia,m4rteden,1-0,2024.08.01,08:41:49,1092,1107,,,C20,King's Pawn Game: Leonardis Variation,600+0,Normal,"1. e4 { [%clk 0:10:00] } 1... e5 { [%clk 0:10:00] } 2. d3 { [%clk 0:09:59] }
2... Nc6 { [%clk 0:09:56] } 3. Nf3 { [%clk 0:09:58] } 3... h6
{ [%clk 0:09:52] } 4. Be2 { [%clk 0:09:55] } 4... b6 { [%clk 0:09:49] } 5. h3
{ [%clk 0:09:54] } 5... Bb7 { [%clk 0:09:48] } 6. O-O { [%clk 0:09:51] } 6...
Qe7 { [%clk 0:09:31] } 7. Nc3 { [%clk 0:09:45] } 7... Nd4 { [%clk 0:09:21] } 8.
Nd5 { [%clk 0:09:35] } 8... Bxd5 { [%clk 0:09:11] } 9. exd5 { [%clk 0:09:32] }
9... Nxf3+ { [%clk 0:09:07] } 10. Bxf3 { [%clk 0:09:31] } 10... Qc5
{ [%clk 0:09:00] } 11. Be3 { [%clk 0:09:08] } 11... Qb5 { [%clk 0:08:53] } 12.
c4 { [%clk 0:09:03] } 12... Qxb2 { [%clk 0:08:41] } 13. d6 { [%clk 0:08:59] }
13... c6 { [%clk 0:08:39] } 14. Bc1 { [%clk 0:08:39] } 14... Qb4
{ [%clk 0:08:27] } 15. a3 { [%clk 0:08:32] } 15... Qa5 { [%clk 0:08:22] } 16.
Bd2 { [%clk 0:08:19] } 16... Qa6 { [%clk 0:08:21] } 17. Re1 { [%clk 0:08:10] }
17... Bxd6 { [%clk 0:08:19] } 18. a4 { [%clk 0:07:39] } 18... Nf6
{ [%clk 0:08:12] } 19. Rb1 { [%clk 0:07:11] } 19... O-O { [%clk 0:08:02] } 20.
Bb4 { [%clk 0:06:44] } 20... Bxb4 { [%clk 0:07:57] } 21. Rxb4
{ [%clk 0:06:40] } 21... Rab8 { [%clk 0:07:48] } 22. Rxe5 { [%clk 0:06:31] }
22... Rfe8 { [%clk 0:07:35] } 23. Qe2 { [%clk 0:06:08] } 23... d6
{ [%clk 0:07:21] } 24. Rxe8+ { [%clk 0:04:51] } 24... Rxe8 { [%clk 0:07:17] }
25. Qb2 { [%clk 0:04:49] } 25... Re1+ { [%clk 0:07:08] } 26. Kh2
{ [%clk 0:04:45] } 26... c5 { [%clk 0:06:53] } 27. Rb5 { [%clk 0:04:29] } 27...
Qxa4 { [%clk 0:06:42] } 28. Qd2 { [%clk 0:03:55] } 28... Qa1 { [%clk 0:06:10] }
29. Qf4 { [%clk 0:03:31] } 29... Rh1+ { [%clk 0:05:39] } 30. Kg3
{ [%clk 0:03:28] } 30... Qe5 { [%clk 0:05:34] } 31. Qxe5 { [%clk 0:03:10] }
31... dxe5 { [%clk 0:05:30] } 32. Rb2 { [%clk 0:02:57] } 32... Rd1
{ [%clk 0:05:18] } 33. Bxd1 { [%clk 0:02:53] } 33... Nh5+ { [%clk 0:05:14] }
34. Kg4 { [%clk 0:02:51] } 34... Nf4 { [%clk 0:05:13] } 35. Ra2
{ [%clk 0:02:48] } 35... a5 { [%clk 0:05:10] } 36. Rb2 { [%clk 0:02:43] } 36...
Nxd3 { [%clk 0:05:09] } 37. Rxb6 { [%clk 0:02:39] } 37... Nxf2+
{ [%clk 0:05:09] } 38. Kg3 { [%clk 0:02:37] } 38... Nxd1 { [%clk 0:05:08] } 39.
Rc6 { [%clk 0:02:31] } 39... a4 { [%clk 0:04:40] } 40. Rxc5 { [%clk 0:02:27] }
40... a3 { [%clk 0:04:37] } 41. Ra5 { [%clk 0:02:13] } 41... e4
{ [%clk 0:04:35] } 42. Rxa3 { [%clk 0:02:12] } 42... e3 { [%clk 0:04:34] } 43.
Kf3 { [%clk 0:02:08] } 1-0"
Rated Rapid game,https://lichess.org/DXM1FWNl,2024.08.01,-,MarkSaberov52,Amdp1232024,0-1,2024.08.01,08:41:49,1145,1145,,,A00,Kádas Opening,600+0,Normal,"1. h4 { [%clk 0:10:00] } 1... e5 { [%clk 0:10:00] } 2. e4 { [%clk 0:09:59] }
2... Nf6 { [%clk 0:09:57] } 3. Nc3 { [%clk 0:09:57] } 3... d5
{ [%clk 0:09:53] } 4. h5 { [%clk 0:09:53] } 4... dxe4 { [%clk 0:09:51] } 5.
Nxe4 { [%clk 0:09:52] } 5... Nxe4 { [%clk 0:09:50] } 6. Bd3 { [%clk 0:09:51] }
6... Bf5 { [%clk 0:09:42] } 7. Qe2 { [%clk 0:09:48] } 7... Qd5
{ [%clk 0:09:18] } 8. Bb5+ { [%clk 0:09:40] } 8... c6 { [%clk 0:09:14] } 9. Bc4
{ [%clk 0:09:38] } 9... Qd4 { [%clk 0:08:39] } 10. c3 { [%clk 0:09:35] } 10...
Qb6 { [%clk 0:08:20] } 11. Nf3 { [%clk 0:09:34] } 11... Nd6 { [%clk 0:08:13] }
12. Nxe5 { [%clk 0:09:30] } 12... f6 { [%clk 0:08:04] } 13. Nf7+
{ [%clk 0:09:28] } 13... Kd7 { [%clk 0:07:56] } 14. Nxh8 { [%clk 0:09:21] }
14... Na6 { [%clk 0:07:46] } 15. Bxa6 { [%clk 0:09:19] } 15... Re8
{ [%clk 0:07:44] } 16. Qxe8+ { [%clk 0:09:05] } 16... Kxe8 { [%clk 0:07:43] }
17. O-O { [%clk 0:09:05] } 17... Ne4 { [%clk 0:07:36] } 18. Re1
{ [%clk 0:09:05] } 18... Qxf2+ { [%clk 0:07:33] } 19. Kh2 { [%clk 0:08:58] }
19... Bd6+ { [%clk 0:07:27] } 20. Kh1 { [%clk 0:08:49] } 20... Qxe1+
{ [%clk 0:07:24] } 21. Bf1 { [%clk 0:08:47] } 21... Qxf1# { [%clk 0:07:24] }
0-1"
Rated Rapid game,https://lichess.org/KFfouwaJ,2024.08.01,-,Berat_2525,MATadorrePLUS,1-0,2024.08.01,08:41:49,1373,1356,,,A00,Hungarian Opening,600+0,Normal,"1. g3 { [%clk 0:10:00] } 1... d5 { [%clk 0:10:00] } 2. b3 { [%clk 0:09:59] }
2... e5 { [%clk 0:09:56] } 3. Bb2 { [%clk 0:09:58] } 3... d4 { [%clk 0:09:52] }
4. Nf3 { [%clk 0:09:57] } 4... Nc6 { [%clk 0:09:48] } 5. Bg2 { [%clk 0:09:55] }
5... e4 { [%clk 0:09:43] } 6. Nh4 { [%clk 0:09:52] } 6... Be7
{ [%clk 0:09:38] } 7. Bxe4 { [%clk 0:09:48] } 7... Bxh4 { [%clk 0:09:34] } 8.
gxh4 { [%clk 0:09:46] } 8... Qxh4 { [%clk 0:09:29] } 9. Bxc6+
{ [%clk 0:09:41] } 9... bxc6 { [%clk 0:09:27] } 10. Na3 { [%clk 0:09:39] }
10... Qe4 { [%clk 0:09:21] } 11. Rf1 { [%clk 0:09:36] } 11... Nf6
{ [%clk 0:09:13] } 12. e3 { [%clk 0:09:30] } 12... O-O { [%clk 0:08:55] } 13.
Qe2 { [%clk 0:09:25] } 13... Qxc2 { [%clk 0:08:50] } 14. Nxc2
{ [%clk 0:09:23] } 14... Bf5 { [%clk 0:08:43] } 15. Nxd4 { [%clk 0:09:21] }
15... Ne4 { [%clk 0:08:38] } 16. Nxf5 { [%clk 0:09:15] } 1-0"
Rated Rapid game,https://lichess.org/cTPR8UGL,2024.08.01,-,araffla,Argos94,0-1,2024.08.01,08:41:49,1506,1719,,,C50,Italian Game: Anti-Fried Liver Defense,600+0,Time forfeit,"1. e4 { [%eval 0.15] [%clk 0:10:00] } 1... e5 { [%eval 0.21] [%clk 0:10:00] }
2. Bc4 { [%eval 0.05] [%clk 0:09:59] } 2... Nc6 { [%eval 0.18] [%clk 0:09:58] }
3. Nf3 { [%eval 0.14] [%clk 0:09:55] } 3... h6 { [%eval 0.52] [%clk 0:09:54] }
4. O-O { [%eval 0.4] [%clk 0:09:53] } 4... Nf6 { [%eval 0.43] [%clk 0:09:53] }
5. Nc3 { [%eval 0.07] [%clk 0:09:52] } 5... Bb4 $6
{ [%eval 0.62] [%clk 0:09:50] } 6. d3 { [%eval 0.14] [%clk 0:09:50] } 6... Bxc3
{ [%eval 0.07] [%clk 0:09:47] } 7. bxc3 { [%eval 0.04] [%clk 0:09:50] } 7... a6
{ [%eval 0.49] [%clk 0:09:44] } 8. Bb2 { [%eval 0.19] [%clk 0:09:48] } 8... O-O
{ [%eval 0.17] [%clk 0:09:41] } 9. Bd5 { [%eval -0.1] [%clk 0:09:44] } 9... d6
{ [%eval -0.02] [%clk 0:09:38] } 10. Bxc6 { [%eval -0.09] [%clk 0:09:41] }
10... bxc6 { [%eval -0.1] [%clk 0:09:36] } 11. c4
{ [%eval -0.11] [%clk 0:09:39] } 11... Bb7 $6 { [%eval 0.62] [%clk 0:09:28] }
12. Nd2 { [%eval 0.28] [%clk 0:09:37] } 12... Re8 $6
{ [%eval 1.01] [%clk 0:09:23] } 13. Nb3 { [%eval 0.69] [%clk 0:09:35] } 13...
Qd7 { [%eval 1.03] [%clk 0:08:55] } 14. Re1 { [%eval 0.53] [%clk 0:09:33] }
14... Qg4 $6 { [%eval 1.48] [%clk 0:08:50] } 15. h3 $2
{ [%eval 0.23] [%clk 0:09:28] } 15... Qxd1 { [%eval 0.11] [%clk 0:08:47] } 16.
Raxd1 { [%eval 0.02] [%clk 0:09:28] } 16... a5 { [%eval 0.39] [%clk 0:08:34] }
17. a4 { [%eval 0.0] [%clk 0:09:24] } 17... d5 $2
{ [%eval 1.26] [%clk 0:08:12] } 18. exd5 { [%eval 0.8] [%clk 0:09:18] } 18...
cxd5 { [%eval 0.76] [%clk 0:08:11] } 19. cxd5 { [%eval 0.53] [%clk 0:09:15] }
19... Bxd5 { [%eval 0.61] [%clk 0:08:07] } 20. Rxe5
{ [%eval 0.63] [%clk 0:09:13] } 20... Bxb3 { [%eval 0.58] [%clk 0:08:04] } 21.
Rxe8+ { [%eval 0.51] [%clk 0:09:11] } 21... Rxe8 { [%eval 0.5] [%clk 0:08:00] }
22. cxb3 { [%eval 0.48] [%clk 0:09:09] } 22... Nd5
{ [%eval 0.58] [%clk 0:07:51] } 23. h4 $6 { [%eval 0.01] [%clk 0:08:49] } 23...
h5 { [%eval 0.54] [%clk 0:07:46] } 24. Bd4 { [%eval 0.11] [%clk 0:08:47] }
24... Nb4 $2 { [%eval 1.37] [%clk 0:07:22] } 25. Bc5 $2
{ [%eval 0.15] [%clk 0:08:42] } 25... Na2 { [%eval 0.67] [%clk 0:07:05] } 26.
Rd2 { [%eval 0.66] [%clk 0:08:32] } 26... Nc1 { [%eval 0.68] [%clk 0:06:48] }
27. g3 { [%eval 0.18] [%clk 0:08:28] } 27... Nxb3
{ [%eval 0.18] [%clk 0:06:45] } 28. Rc2 { [%eval 0.03] [%clk 0:08:23] } 28...
Rd8 $6 { [%eval 0.79] [%clk 0:05:43] } 29. d4 $6 { [%eval 0.0] [%clk 0:08:09] }
29... Nxc5 { [%eval 0.05] [%clk 0:05:38] } 30. dxc5
{ [%eval -0.32] [%clk 0:08:00] } 30... Rd4 { [%eval 0.0] [%clk 0:05:37] } 31.
Rb2 { [%eval 0.0] [%clk 0:07:47] } 31... Rc4 { [%eval 0.06] [%clk 0:05:32] }
32. Rb8+ { [%eval 0.0] [%clk 0:07:38] } 32... Kh7
{ [%eval 0.02] [%clk 0:05:26] } 33. Ra8 { [%eval -0.17] [%clk 0:07:30] } 33...
Rxa4 { [%eval 0.01] [%clk 0:05:18] } 34. Ra7 { [%eval 0.02] [%clk 0:07:29] }
34... Rc4 { [%eval 0.0] [%clk 0:04:53] } 35. Rxc7
{ [%eval 0.0] [%clk 0:07:27] } 35... a4 { [%eval 0.0] [%clk 0:04:41] } 36. c6
{ [%eval 0.0] [%clk 0:07:24] } 36... a3 { [%eval -0.04] [%clk 0:04:39] } 37.
Rxf7 $4 { [%eval -6.18] [%clk 0:07:03] } 37... a2
{ [%eval -5.91] [%clk 0:04:34] } 38. Ra7 { [%eval -5.86] [%clk 0:07:02] } 38...
Rc1+ { [%eval -5.74] [%clk 0:04:30] } 39. Kg2 { [%eval -5.59] [%clk 0:07:01] }
39... a1=Q { [%eval -6.33] [%clk 0:04:26] } 40. Rxa1
{ [%eval -6.09] [%clk 0:06:49] } 40... Rxa1 { [%eval -6.02] [%clk 0:04:25] }
41. c7 { [%eval -5.82] [%clk 0:06:49] } 41... Rc1
{ [%eval -5.75] [%clk 0:04:25] } 0-1"
Rated Rapid game,https://lichess.org/RFOGmBxU,2024.08.01,-,LevonArmChess,echo3248,1-0,2024.08.01,08:41:49,1306,1318,,,B23,"Sicilian Defense: Closed, Traditional",600+0,Normal,"1. e4 { [%clk 0:10:00] } 1... c5 { [%clk 0:10:00] } 2. Nc3 { [%clk 0:09:58] }
2... Nc6 { [%clk 0:09:59] } 3. Nf3 { [%clk 0:09:57] } 3... g6
{ [%clk 0:09:55] } 4. Bb5 { [%clk 0:09:56] } 4... Bg7 { [%clk 0:09:48] } 5.
Bxc6 { [%clk 0:09:53] } 5... bxc6 { [%clk 0:09:46] } 6. d4 { [%clk 0:09:52] }
6... cxd4 { [%clk 0:09:45] } 7. Nxd4 { [%clk 0:09:50] } 7... Nf6
{ [%clk 0:09:29] } 8. f3 { [%clk 0:09:45] } 8... d5 { [%clk 0:09:21] } 9. e5
{ [%clk 0:09:33] } 9... Nh5 { [%clk 0:09:14] } 10. Qe2 { [%clk 0:09:17] } 10...
Nf4 { [%clk 0:09:07] } 11. Bxf4 { [%clk 0:09:10] } 11... O-O { [%clk 0:08:46] }
12. Nxc6 { [%clk 0:09:02] } 12... Qb6 { [%clk 0:08:34] } 13. Nxe7+
{ [%clk 0:08:49] } 13... Kh8 { [%clk 0:08:31] } 14. b3 { [%clk 0:08:26] } 14...
Ba6 { [%clk 0:08:19] } 15. Qd2 { [%clk 0:08:01] } 15... Rad8 { [%clk 0:07:53] }
16. Ncxd5 { [%clk 0:07:52] } 1-0"
Rated Rapid game,https://lichess.org/Un0Zr2kw,2024.08.01,-,kkk1990,Obiee,1-0,2024.08.01,08:41:49,1801,1809,,,A40,English Defense,600+0,Normal,"1. d4 { [%clk 0:10:00] } 1... b6 { [%clk 0:10:00] } 2. e4 { [%clk 0:09:59] }
2... Bb7 { [%clk 0:09:58] } 3. Nc3 { [%clk 0:09:58] } 3... e6
{ [%clk 0:09:55] } 4. Bf4 { [%clk 0:09:57] } 4... Nf6 { [%clk 0:09:54] } 5. Bc4
{ [%clk 0:09:56] } 5... Nxe4 { [%clk 0:09:49] } 6. Nxe4 { [%clk 0:09:47] } 6...
Bxe4 { [%clk 0:09:47] } 7. Ne2 { [%clk 0:09:42] } 7... Bxg2 { [%clk 0:09:43] }
8. Rg1 { [%clk 0:09:39] } 8... Bf3 { [%clk 0:09:37] } 9. Qd3 { [%clk 0:09:34] }
9... Bxe2 { [%clk 0:09:20] } 10. Qxe2 { [%clk 0:09:31] } 10... d5
{ [%clk 0:09:06] } 11. Bb3 { [%clk 0:09:16] } 11... Nd7 { [%clk 0:08:56] } 12.
Bxd5 { [%clk 0:09:13] } 12... Rb8 { [%clk 0:08:44] } 13. Bc6 { [%clk 0:09:11] }
13... g6 { [%clk 0:08:35] } 14. Be5 { [%clk 0:08:55] } 14... f6
{ [%clk 0:08:28] } 15. Bf4 { [%clk 0:08:33] } 15... Bd6 { [%clk 0:08:21] } 16.
Qxe6+ { [%clk 0:08:30] } 16... Qe7 { [%clk 0:08:17] } 17. Bxd7+
{ [%clk 0:08:07] } 17... Kf8 { [%clk 0:08:09] } 18. Bh6+ { [%clk 0:08:01] }
18... Qg7 { [%clk 0:08:02] } 19. Bxg7+ { [%clk 0:07:59] } 19... Kxg7
{ [%clk 0:08:01] } 20. O-O-O { [%clk 0:07:52] } 20... Rhf8 { [%clk 0:07:51] }
21. Bc6 { [%clk 0:07:41] } 21... Rf7 { [%clk 0:07:46] } 22. h4
{ [%clk 0:07:32] } 22... Re7 { [%clk 0:07:37] } 23. Qh3 { [%clk 0:07:24] }
23... Rf8 { [%clk 0:07:28] } 24. h5 { [%clk 0:07:22] } 24... g5
{ [%clk 0:07:26] } 25. Kb1 { [%clk 0:07:13] } 25... Kh6 { [%clk 0:07:13] } 26.
Rge1 { [%clk 0:06:55] } 26... Rg7 { [%clk 0:07:06] } 27. Re6 { [%clk 0:06:51] }
27... a5 { [%clk 0:06:56] } 28. Qf5 { [%clk 0:06:45] } 28... g4
{ [%clk 0:06:33] } 29. Rxf6+ { [%clk 0:06:33] } 29... Rxf6 { [%clk 0:06:25] }
30. Qxf6+ { [%clk 0:06:33] } 30... Kxh5 { [%clk 0:06:17] } 31. Rh1+
{ [%clk 0:06:31] } 1-0"
Rated Rapid tournament https://lichess.org/tournament/ALHgUrA9,https://lichess.org/K99O334R,2024.08.01,-,Mert_Yoldas,aslanfaik,1/2-1/2,2024.08.01,08:41:50,933,870,,,C47,Four Knights Game,600+0,Normal,"1. e4 { [%clk 0:10:00] } 1... e5 { [%clk 0:10:00] } 2. Nf3 { [%clk 0:09:55] }
2... Nc6 { [%clk 0:09:58] } 3. Nc3 { [%clk 0:09:52] } 3... Nf6
{ [%clk 0:09:56] } 1/2-1/2"
Rated Rapid tournament https://lichess.org/tournament/ALHgUrA9,https://lichess.org/3b19bheI,2024.08.01,-,Doruk35chess,Oguzhan-2016,0-1,2024.08.01,08:41:50,968,977,,,C20,"King's Pawn Game: Wayward Queen Attack, Kiddie Countergambit",600+0,Normal,"1. e4 { [%eval 0.15] [%clk 0:10:00] } 1... e5 { [%eval 0.21] [%clk 0:10:00] }
2. Qh5 { [%eval -0.26] [%clk 0:09:58] } 2... Nf6
{ [%eval -0.04] [%clk 0:09:58] } 3. Qxe5+ { [%eval -0.09] [%clk 0:09:52] } 3...
Be7 { [%eval -0.03] [%clk 0:09:54] } 4. d4 $6 { [%eval -0.67] [%clk 0:09:40] }
4... d6 $2 { [%eval 0.78] [%clk 0:09:51] } 5. Qb5+
{ [%eval 0.65] [%clk 0:09:35] } 5... Bd7 { [%eval 0.92] [%clk 0:09:48] } 6.
Qxb7 { [%eval 0.95] [%clk 0:09:30] } 6... Nc6 { [%eval 0.94] [%clk 0:09:45] }
7. d5 { [%eval 0.92] [%clk 0:09:26] } 7... Rb8 $6
{ [%eval 1.52] [%clk 0:09:37] } 8. Qa6 { [%eval 1.22] [%clk 0:09:10] } 8... Bc8
$2 { [%eval 3.52] [%clk 0:09:34] } 9. Qa4 $2 { [%eval 2.23] [%clk 0:09:05] }
9... Bd7 $2 { [%eval 3.9] [%clk 0:09:31] } 10. dxc6
{ [%eval 3.66] [%clk 0:09:03] } 10... d5 $4 { [%eval 6.74] [%clk 0:09:25] } 11.
cxd7+ { [%eval 6.5] [%clk 0:09:01] } 11... Qxd7 { [%eval 7.47] [%clk 0:09:22] }
12. Qxa7 $4 { [%eval 4.45] [%clk 0:08:57] } 12... O-O
{ [%eval 4.69] [%clk 0:09:19] } 13. exd5 { [%eval 3.97] [%clk 0:08:55] } 13...
Qxd5 { [%eval 4.78] [%clk 0:09:11] } 14. Bf4 $2 { [%eval 1.85] [%clk 0:08:49] }
14... Ra8 $2 { [%eval 3.25] [%clk 0:09:09] } 15. Qxc7
{ [%eval 3.5] [%clk 0:08:44] } 15... Rac8 $2 { [%eval 4.94] [%clk 0:09:05] }
16. Qxe7 { [%eval 5.12] [%clk 0:08:36] } 16... Rce8
{ [%eval 5.16] [%clk 0:09:02] } 17. Qxe8 { [%eval 5.08] [%clk 0:08:19] } 17...
Rxe8+ { [%eval 5.12] [%clk 0:09:00] } 18. Be2 $2
{ [%eval 3.19] [%clk 0:08:05] } 18... Qe6 $4 { [%eval 6.23] [%clk 0:08:55] }
19. Nf3 $4 { [%eval #-1] [%clk 0:08:03] } 19... Qxe2# { [%clk 0:08:51] } 0-1"
Rated Rapid game,https://lichess.org/kb6wwKT7,2024.08.01,-,RollanIbrayev,Abhishek_maitra7968,1-0,2024.08.01,08:41:51,1722,1662,,,C30,King's Gambit Declined: Keene's Defense,600+0,Normal,"1. e4 { [%clk 0:10:00] } 1... e5 { [%clk 0:10:00] } 2. f4 { [%clk 0:09:59] }
2... Qh4+ { [%clk 0:09:58] } 3. g3 { [%clk 0:09:58] } 3... Qf6
{ [%clk 0:09:55] } 4. fxe5 { [%clk 0:08:45] } 4... Qxe5 { [%clk 0:09:51] } 5.
Nc3 { [%clk 0:08:42] } 5... Bb4 { [%clk 0:09:47] } 6. Bg2 { [%clk 0:07:55] }
6... Bxc3 { [%clk 0:09:45] } 7. dxc3 { [%clk 0:07:54] } 7... d5
{ [%clk 0:09:43] } 8. Qxd5 { [%clk 0:07:51] } 8... Nc6 { [%clk 0:09:25] } 9.
Bf4 { [%clk 0:07:45] } 9... Qxd5 { [%clk 0:09:22] } 10. exd5 { [%clk 0:07:44] }
10... Nce7 { [%clk 0:09:18] } 11. Bxc7 { [%clk 0:07:39] } 11... Nf6
{ [%clk 0:09:01] } 12. O-O-O { [%clk 0:07:25] } 12... O-O { [%clk 0:08:58] }
13. d6 { [%clk 0:07:00] } 13... Nc6 { [%clk 0:08:55] } 14. Bxc6
{ [%clk 0:06:15] } 14... bxc6 { [%clk 0:08:53] } 15. Nf3 { [%clk 0:04:25] }
15... Bg4 { [%clk 0:08:39] } 16. Rd3 { [%clk 0:03:53] } 16... Ne4
{ [%clk 0:08:36] } 17. Re1 { [%clk 0:02:44] } 17... Nf2 { [%clk 0:08:13] } 18.
Rde3 { [%clk 0:01:54] } 18... Nh3 { [%clk 0:08:02] } 19. Nd4 { [%clk 0:01:27] }
19... c5 { [%clk 0:07:56] } 20. Nc6 { [%clk 0:01:20] } 20... Bd7
{ [%clk 0:07:52] } 21. Ne5 { [%clk 0:01:06] } 21... Be6 { [%clk 0:07:43] } 22.
d7 { [%clk 0:01:03] } 22... a5 { [%clk 0:07:24] } 23. d8=Q { [%clk 0:01:01] }
23... Raxd8 { [%clk 0:07:22] } 24. Bxd8 { [%clk 0:01:01] } 24... Rxd8
{ [%clk 0:07:21] } 25. Nd3 { [%clk 0:00:44] } 25... c4 { [%clk 0:07:16] } 26.
Nc5 { [%clk 0:00:43] } 26... Ng5 { [%clk 0:06:51] } 27. Nxe6 { [%clk 0:00:41] }
27... fxe6 { [%clk 0:06:48] } 28. h4 { [%clk 0:00:37] } 28... Nf7
{ [%clk 0:06:45] } 29. Rxe6 { [%clk 0:00:36] } 29... h5 { [%clk 0:06:40] } 30.
Re8+ { [%clk 0:00:35] } 30... Rxe8 { [%clk 0:06:38] } 31. Rxe8+
{ [%clk 0:00:35] } 31... Kh7 { [%clk 0:06:36] } 32. Ra8 { [%clk 0:00:33] }
32... Kg6 { [%clk 0:06:33] } 33. Rxa5 { [%clk 0:00:33] } 33... Nd6
{ [%clk 0:06:31] } 34. Ra6 { [%clk 0:00:32] } 1-0"
Rated Rapid game,https://lichess.org/rBLCq3ux,2024.08.01,-,Daennison,gokic,1-0,2024.08.01,08:41:51,1865,1874,,,B30,Sicilian Defense: Nyezhmetdinov-Rossolimo Attack,600+0,Time forfeit,"1. e4 { [%clk 0:10:00] } 1... c5 { [%clk 0:10:00] } 2. Nf3 { [%clk 0:09:59] }
2... Nc6 { [%clk 0:09:59] } 3. Bb5 { [%clk 0:09:56] } 3... d6
{ [%clk 0:09:57] } 4. Bxc6+ { [%clk 0:09:55] } 4... bxc6 { [%clk 0:09:56] } 5.
d4 { [%clk 0:09:54] } 5... cxd4 { [%clk 0:09:54] } 6. Nxd4 { [%clk 0:09:53] }
6... Bd7 { [%clk 0:09:52] } 7. O-O { [%clk 0:09:50] } 7... e5
{ [%clk 0:09:40] } 8. Nf3 { [%clk 0:09:47] } 8... Be7 { [%clk 0:09:31] } 9. c3
{ [%clk 0:09:45] } 9... Be6 { [%clk 0:09:29] } 10. b3 { [%clk 0:09:38] } 10...
h6 { [%clk 0:09:25] } 11. c4 { [%clk 0:09:37] } 11... Nf6 { [%clk 0:09:21] }
12. Re1 { [%clk 0:09:33] } 12... g5 { [%clk 0:09:08] } 13. Nfd2
{ [%clk 0:09:26] } 13... g4 { [%clk 0:08:59] } 14. g3 { [%clk 0:09:20] } 14...
h5 { [%clk 0:08:55] } 15. Kg2 { [%clk 0:08:59] } 15... h4 { [%clk 0:08:51] }
16. Rh1 { [%clk 0:08:55] } 16... Qd7 { [%clk 0:08:43] } 17. f3
{ [%clk 0:08:45] } 17... gxf3+ { [%clk 0:07:51] } 18. Nxf3 { [%clk 0:08:43] }
18... Bg4 { [%clk 0:07:42] } 19. Qd3 { [%clk 0:08:39] } 19... O-O-O
{ [%clk 0:06:59] } 20. h3 { [%clk 0:08:27] } 20... Bxf3+ { [%clk 0:06:49] } 21.
Qxf3 { [%clk 0:08:20] } 21... hxg3 { [%clk 0:06:41] } 22. Nc3
{ [%clk 0:08:12] } 22... Rh7 { [%clk 0:06:09] } 23. Ne2 { [%clk 0:07:59] }
23... Rdh8 { [%clk 0:05:36] } 24. Ng1 { [%clk 0:07:55] } 24... Nh5
{ [%clk 0:04:29] } 25. Be3 { [%clk 0:07:45] } 25... Rf8 { [%clk 0:03:59] } 26.
Rf1 { [%clk 0:07:39] } 26... Bh4 { [%clk 0:03:04] } 27. Qf5 { [%clk 0:07:34] }
27... Qxf5 { [%clk 0:02:55] } 28. Rxf5 { [%clk 0:07:32] } 28... f6
{ [%clk 0:02:43] } 29. Nf3 { [%clk 0:07:09] } 29... Ng7 { [%clk 0:02:08] } 30.
Nxh4 { [%clk 0:07:06] } 30... Rxh4 { [%clk 0:01:56] } 31. Rff1
{ [%clk 0:06:46] } 31... f5 { [%clk 0:01:44] } 32. exf5 { [%clk 0:06:42] }
32... Rxf5 { [%clk 0:01:42] } 33. Rxf5 { [%clk 0:06:39] } 33... Nxf5
{ [%clk 0:01:41] } 34. Bxa7 { [%clk 0:06:38] } 34... Re4 { [%clk 0:01:26] } 35.
Kf3 { [%clk 0:06:29] } 35... g2 { [%clk 0:01:06] } 36. Rg1 { [%clk 0:06:06] }
36... Rf4+ { [%clk 0:00:37] } 37. Kxg2 { [%clk 0:05:53] } 37... Nh4+
{ [%clk 0:00:30] } 38. Kg3 { [%clk 0:05:50] } 38... Nf5+ { [%clk 0:00:27] } 39.
Kh2 { [%clk 0:05:44] } 39... Rf2+ { [%clk 0:00:25] } 40. Rg2 { [%clk 0:05:43] }
40... Rf4 { [%clk 0:00:21] } 41. Rg4 { [%clk 0:05:34] } 41... Rf2+
{ [%clk 0:00:18] } 42. Bxf2 { [%clk 0:05:33] } 42... d5 { [%clk 0:00:13] } 43.
cxd5 { [%clk 0:05:29] } 43... cxd5 { [%clk 0:00:12] } 44. Rg5
{ [%clk 0:05:25] } 44... Nd4 { [%clk 0:00:09] } 45. Bxd4 { [%clk 0:05:24] }
45... exd4 { [%clk 0:00:07] } 46. Rxd5 { [%clk 0:05:23] } 46... d3
{ [%clk 0:00:06] } 47. Rxd3 { [%clk 0:05:22] } 47... Kc7 { [%clk 0:00:06] } 48.
h4 { [%clk 0:05:20] } 48... Kc6 { [%clk 0:00:06] } 49. h5 { [%clk 0:05:19] }
49... Kc5 { [%clk 0:00:06] } 50. h6 { [%clk 0:05:18] } 50... Kc6
{ [%clk 0:00:06] } 51. h7 { [%clk 0:05:17] } 51... Kc5 { [%clk 0:00:06] } 52.
h8=Q { [%clk 0:05:15] } 52... Kb4 { [%clk 0:00:06] } 53. Qc3+
{ [%clk 0:05:13] } 53... Ka3 { [%clk 0:00:04] } 54. Qa5+ { [%clk 0:05:12] }
54... Kb2 { [%clk 0:00:03] } 55. a4 { [%clk 0:05:08] } 55... Kc2
{ [%clk 0:00:01] } 56. Qc3+ { [%clk 0:05:06] } 1-0"
Rated Rapid game,https://lichess.org/6H9ySSmW,2024.08.01,-,vedjha,LucasCUADRADITO,0-1,2024.08.01,08:41:56,1186,1186,,,A41,Queen's Pawn Game,600+0,Normal,"1. d4 { [%eval 0.16] [%clk 0:10:00] } 1... d6 { [%eval 0.49] [%clk 0:10:00] }
2. e3 { [%eval 0.26] [%clk 0:09:58] } 2... Nc6 { [%eval 0.43] [%clk 0:09:58] }
3. Nc3 { [%eval 0.32] [%clk 0:09:56] } 3... Be6 $4
{ [%eval 3.99] [%clk 0:09:44] } 4. Nf3 $4 { [%eval 0.84] [%clk 0:09:46] } 4...
f6 $4 { [%eval 4.45] [%clk 0:09:44] } 5. Bd3 $2 { [%eval 1.73] [%clk 0:09:41] }
5... Bf7 { [%eval 2.12] [%clk 0:09:41] } 6. Be4 $2
{ [%eval 0.2] [%clk 0:09:33] } 6... Qd7 $6 { [%eval 1.03] [%clk 0:09:30] } 7.
Qd3 $2 { [%eval -1.14] [%clk 0:09:23] } 7... e6 $2
{ [%eval 0.23] [%clk 0:09:28] } 8. Bxh7 $4 { [%eval -2.78] [%clk 0:09:14] }
8... f5 $4 { [%eval 0.65] [%clk 0:09:11] } 9. Bxg8
{ [%eval 0.55] [%clk 0:09:10] } 9... Bxg8 { [%eval 0.58] [%clk 0:08:56] } 10.
O-O { [%eval 0.21] [%clk 0:09:06] } 10... O-O-O { [%eval 0.62] [%clk 0:08:55] }
11. e4 { [%eval 0.61] [%clk 0:08:34] } 11... Bh7
{ [%eval 0.59] [%clk 0:08:47] } 12. Bg5 $4 { [%eval -2.61] [%clk 0:08:15] }
12... Be7 $4 { [%eval 1.21] [%clk 0:08:45] } 13. Bxe7 $6
{ [%eval 0.39] [%clk 0:07:56] } 13... Qxe7 { [%eval 0.32] [%clk 0:08:42] } 14.
exf5 { [%eval 0.0] [%clk 0:07:36] } 14... Bxf5 { [%eval -0.01] [%clk 0:08:38] }
15. Qc4 $2 { [%eval -2.44] [%clk 0:07:16] } 15... g6 $2
{ [%eval 0.17] [%clk 0:08:21] } 16. h3 $2 { [%eval -1.79] [%clk 0:07:09] }
16... Qh7 $4 { [%eval 1.23] [%clk 0:08:14] } 17. h4 $4
{ [%eval -3.23] [%clk 0:06:09] } 17... g5 { [%eval -2.84] [%clk 0:07:59] } 18.
Qe2 $2 { [%eval -5.12] [%clk 0:04:42] } 18... gxh4 $2
{ [%eval -2.76] [%clk 0:07:45] } 19. Nxh4 $4 { [%eval -7.0] [%clk 0:04:32] }
19... Qxh4 { [%eval -6.98] [%clk 0:07:40] } 20. f3
{ [%eval -7.83] [%clk 0:04:24] } 20... Nxd4 { [%eval -7.78] [%clk 0:07:25] }
21. Qf2 $2 { [%eval #-1] [%clk 0:04:15] } 21... Nxf3+ $4
{ [%eval -6.07] [%clk 0:07:09] } 22. Qxf3 { [%eval -5.92] [%clk 0:04:12] }
22... Rdf8 { [%eval -5.35] [%clk 0:07:02] } 23. Ne2
{ [%eval -6.19] [%clk 0:03:27] } 23... Bxc2 $4 { [%eval -1.93] [%clk 0:06:51] }
24. Qg3 $4 { [%eval #-1] [%clk 0:03:14] } 24... Qh1# { [%clk 0:06:44] } 0-1"
Rated Rapid game,https://lichess.org/GzFrBgi0,2024.08.01,-,dariocavallo,Guius_Marius,1-0,2024.08.01,08:41:56,1175,1171,,,C02,"French Defense: Advance Variation, Nimzowitsch System",600+0,Time forfeit,"1. e4 { [%clk 0:10:00] } 1... e6 { [%clk 0:10:00] } 2. d4 { [%clk 0:09:54] }
2... d5 { [%clk 0:09:59] } 3. e5 { [%clk 0:09:53] } 3... c5 { [%clk 0:09:58] }
4. Nf3 { [%clk 0:09:47] } 4... cxd4 { [%clk 0:09:53] } 5. Nxd4
{ [%clk 0:09:45] } 5... Nc6 { [%clk 0:09:49] } 6. Nxc6 { [%clk 0:09:42] } 6...
bxc6 { [%clk 0:09:46] } 7. Bf4 { [%clk 0:09:34] } 7... Ne7 { [%clk 0:09:35] }
8. Nc3 { [%clk 0:09:27] } 8... Ng6 { [%clk 0:09:30] } 9. Bg3 { [%clk 0:09:03] }
9... c5 { [%clk 0:09:21] } 10. Nb5 { [%clk 0:08:51] } 10... Be7
{ [%clk 0:08:58] } 11. Bd3 { [%clk 0:08:36] } 11... c4 { [%clk 0:07:33] } 12.
Bxg6 { [%clk 0:08:29] } 12... hxg6 { [%clk 0:07:24] } 13. O-O
{ [%clk 0:08:26] } 13... Ba6 { [%clk 0:07:04] } 14. Nd6+ { [%clk 0:08:22] }
14... Bxd6 { [%clk 0:06:56] } 15. exd6 { [%clk 0:08:22] } 15... c3
{ [%clk 0:06:30] } 16. bxc3 { [%clk 0:07:43] } 16... Bxf1 { [%clk 0:06:28] }
17. Qxf1 { [%clk 0:07:40] } 17... Rb8 { [%clk 0:05:59] } 18. Qa6
{ [%clk 0:07:33] } 18... Rb2 { [%clk 0:05:21] } 19. Qa4+ { [%clk 0:07:18] }
19... Qd7 { [%clk 0:04:49] } 20. Qa3 { [%clk 0:06:07] } 20... Qb7
{ [%clk 0:04:29] } 21. h3 { [%clk 0:05:54] } 21... O-O { [%clk 0:04:19] } 22.
Qa4 { [%clk 0:05:38] } 22... Rc8 { [%clk 0:03:49] } 23. d7 { [%clk 0:05:33] }
23... Rd8 { [%clk 0:03:36] } 24. Kh2 { [%clk 0:05:16] } 24... Rb1
{ [%clk 0:03:12] } 25. Rxb1 { [%clk 0:05:13] } 25... Qxb1 { [%clk 0:03:11] }
26. Qxa7 { [%clk 0:05:04] } 26... Qxc2 { [%clk 0:03:01] } 27. Bh4
{ [%clk 0:04:59] } 27... f6 { [%clk 0:02:53] } 28. Qc7 { [%clk 0:04:45] } 28...
Rxd7 { [%clk 0:01:05] } 29. Qxd7 { [%clk 0:04:36] } 29... Qxc3
{ [%clk 0:01:05] } 30. Qxe6+ { [%clk 0:04:26] } 30... Kf8 { [%clk 0:00:59] }
31. Qd6+ { [%clk 0:04:16] } 31... Kf7 { [%clk 0:00:47] } 32. Qxd5+
{ [%clk 0:04:07] } 32... Ke7 { [%clk 0:00:39] } 33. Qe4+ { [%clk 0:03:48] }
33... Kf7 { [%clk 0:00:36] } 34. Qd5+ { [%clk 0:03:45] } 34... Ke7
{ [%clk 0:00:34] } 35. Qe4+ { [%clk 0:03:42] } 35... Kf7 { [%clk 0:00:32] } 36.
Qb7+ { [%clk 0:03:30] } 36... Kg8 { [%clk 0:00:27] } 37. Qd5+
{ [%clk 0:03:26] } 37... Kh7 { [%clk 0:00:23] } 38. Qd6 { [%clk 0:02:54] }
38... g5 { [%clk 0:00:16] } 39. Bg3 { [%clk 0:02:50] } 1-0"
Rated Rapid game,https://lichess.org/cBU8L1Fs,2024.08.01,-,edukai,olivier609,0-1,2024.08.01,08:41:56,1584,1606,,,C00,French Defense: Steiner Variation,600+0,Normal,"1. e4 { [%clk 0:10:00] } 1... e6 { [%clk 0:10:00] } 2. c4 { [%clk 0:09:57] }
2... c6 { [%clk 0:09:48] } 3. d4 { [%clk 0:09:53] } 3... d5 { [%clk 0:09:47] }
4. exd5 { [%clk 0:09:52] } 4... cxd5 { [%clk 0:09:44] } 5. cxd5
{ [%clk 0:09:52] } 5... exd5 { [%clk 0:09:43] } 6. Nc3 { [%clk 0:09:51] } 6...
Be6 { [%clk 0:09:42] } 7. Nf3 { [%clk 0:09:43] } 7... Nc6 { [%clk 0:09:40] } 8.
Ng5 { [%clk 0:09:41] } 8... Bd7 { [%clk 0:09:36] } 9. Nxf7 { [%clk 0:09:27] }
9... Kxf7 { [%clk 0:09:35] } 10. Qf3+ { [%clk 0:09:26] } 10... Nf6
{ [%clk 0:09:33] } 11. Nxd5 { [%clk 0:09:19] } 11... Be7 { [%clk 0:09:29] } 12.
Bc4 { [%clk 0:09:15] } 12... Be6 { [%clk 0:09:24] } 13. Bg5 { [%clk 0:09:06] }
13... Nxd4 { [%clk 0:09:20] } 14. Qc3 { [%clk 0:08:07] } 14... Nf5
{ [%clk 0:08:53] } 15. O-O-O { [%clk 0:07:58] } 15... Bxd5 { [%clk 0:08:41] }
16. Bxf6 { [%clk 0:07:56] } 16... Bxf6 { [%clk 0:08:33] } 17. Bxd5+
{ [%clk 0:07:54] } 17... Kf8 { [%clk 0:08:22] } 18. Qf3 { [%clk 0:07:28] }
18... Rc8+ { [%clk 0:08:20] } 19. Kb1 { [%clk 0:07:26] } 19... Nd6
{ [%clk 0:08:08] } 20. Bxb7 { [%clk 0:07:18] } 20... Rc7 { [%clk 0:08:06] } 21.
g4 { [%clk 0:07:03] } 21... g5 { [%clk 0:08:03] } 22. h4 { [%clk 0:07:00] }
22... Rf7 { [%clk 0:07:56] } 23. Bd5 { [%clk 0:06:51] } 23... Rg7
{ [%clk 0:07:50] } 24. hxg5 { [%clk 0:06:43] } 24... Rxg5 { [%clk 0:07:49] }
25. Rh6 { [%clk 0:06:36] } 25... Rg6 { [%clk 0:07:46] } 26. g5
{ [%clk 0:06:29] } 26... Rxh6 { [%clk 0:07:38] } 27. gxh6 { [%clk 0:06:19] }
27... Qe7 { [%clk 0:07:11] } 28. Qg4 { [%clk 0:06:01] } 28... Qe5
{ [%clk 0:07:02] } 29. Qd7 { [%clk 0:05:19] } 29... Qxb2# { [%clk 0:06:59] }
0-1"
Rated Rapid game,https://lichess.org/sCB3GRKx,2024.08.01,-,Anatoliy_Shchukin,alb52,1-0,2024.08.01,08:41:56,1513,1534,,,D00,Queen's Pawn Game: Accelerated London System,600+0,Normal,"1. d4 { [%eval 0.16] [%clk 0:10:00] } 1... d5 { [%eval 0.23] [%clk 0:10:00] }
2. Bf4 { [%eval 0.02] [%clk 0:09:59] } 2... Nc6 { [%eval 0.39] [%clk 0:09:57] }
3. e3 { [%eval 0.34] [%clk 0:09:58] } 3... Nf6 { [%eval 0.35] [%clk 0:09:55] }
4. c4 { [%eval 0.07] [%clk 0:09:57] } 4... e6 { [%eval 0.42] [%clk 0:09:52] }
5. Nf3 { [%eval 0.37] [%clk 0:09:55] } 5... Bb4+
{ [%eval 0.62] [%clk 0:09:49] } 6. Nc3 { [%eval 0.41] [%clk 0:09:51] } 6... Ne4
{ [%eval 0.6] [%clk 0:09:47] } 7. Rc1 { [%eval 0.47] [%clk 0:09:40] } 7... O-O
{ [%eval 0.66] [%clk 0:09:11] } 8. Bd3 { [%eval 0.78] [%clk 0:09:35] } 8... e5
$2 { [%eval 2.03] [%clk 0:08:25] } 9. Nxe5 { [%eval 1.88] [%clk 0:09:29] } 9...
Nxe5 { [%eval 1.9] [%clk 0:08:21] } 10. Bxe5 { [%eval 1.93] [%clk 0:09:26] }
10... Nxc3 { [%eval 1.98] [%clk 0:08:12] } 11. bxc3
{ [%eval 1.97] [%clk 0:09:23] } 11... Bd6 { [%eval 2.44] [%clk 0:08:08] } 12.
Bg3 { [%eval 2.0] [%clk 0:09:19] } 12... c6 { [%eval 2.26] [%clk 0:07:59] } 13.
cxd5 { [%eval 2.15] [%clk 0:09:17] } 13... Bxg3 $2
{ [%eval 3.32] [%clk 0:07:55] } 14. hxg3 { [%eval 3.31] [%clk 0:09:15] } 14...
Qxd5 $4 { [%eval #5] [%clk 0:07:54] } 15. Bxh7+ { [%eval #4] [%clk 0:09:13] }
15... Kh8 { [%eval #4] [%clk 0:07:46] } 16. Be4+ { [%eval #6] [%clk 0:09:11] }
16... Kg8 { [%eval #5] [%clk 0:07:40] } 17. Bxd5 $2
{ [%eval 9.03] [%clk 0:09:09] } 17... cxd5 { [%eval 9.25] [%clk 0:07:37] } 18.
Qh5 { [%eval 8.26] [%clk 0:09:09] } 18... f6 { [%eval 9.93] [%clk 0:07:28] }
19. Qh8+ { [%eval 8.44] [%clk 0:09:02] } 19... Kf7
{ [%eval 8.5] [%clk 0:07:26] } 20. Qh5+ { [%eval 8.48] [%clk 0:09:01] } 20...
Kg8 { [%eval 10.37] [%clk 0:07:24] } 21. Qxd5+ { [%eval 10.1] [%clk 0:08:59] }
21... Rf7 { [%eval 10.74] [%clk 0:07:19] } 22. Qd8+
{ [%eval 10.72] [%clk 0:08:56] } 22... Rf8 { [%eval 10.59] [%clk 0:07:18] } 23.
Rh8+ { [%eval 10.49] [%clk 0:08:46] } 23... Kxh8
{ [%eval 10.37] [%clk 0:07:15] } 24. Qxf8+ { [%eval 10.08] [%clk 0:08:45] }
24... Kh7 { [%eval 9.92] [%clk 0:07:13] } 25. Kd2
{ [%eval 9.77] [%clk 0:08:38] } 25... f5 $2 { [%eval #3] [%clk 0:07:10] } 26.
Rh1+ { [%eval #6] [%clk 0:08:38] } 26... Kg6 { [%eval #6] [%clk 0:07:07] } 27.
Qh8 { [%eval #8] [%clk 0:08:29] } 27... f4 { [%eval #5] [%clk 0:07:04] } 28.
gxf4 { [%eval #9] [%clk 0:08:27] } 28... Kf7 { [%eval #4] [%clk 0:06:51] } 29.
Qh5+ { [%eval #6] [%clk 0:08:21] } 29... Kg8 { [%eval #1] [%clk 0:06:46] } 30.
Qd5+ { [%eval #5] [%clk 0:08:17] } 30... Kf8 { [%eval #5] [%clk 0:06:42] } 31.
Rh8+ { [%eval #4] [%clk 0:08:15] } 31... Ke7 { [%eval #4] [%clk 0:06:39] } 32.
Qe5+ { [%eval #6] [%clk 0:08:08] } 32... Kf7 { [%eval #2] [%clk 0:06:33] } 33.
Qf5+ $2 { [%eval 8.12] [%clk 0:08:04] } 33... Bxf5
{ [%eval 7.81] [%clk 0:06:30] } 34. Rxa8 { [%eval 7.72] [%clk 0:07:58] } 34...
Be4 { [%eval 8.14] [%clk 0:06:23] } 35. g3 { [%eval 7.19] [%clk 0:07:56] }
35... b5 { [%eval 7.88] [%clk 0:06:20] } 36. Rxa7+
{ [%eval 7.71] [%clk 0:07:54] } 36... Kg8 { [%eval 8.08] [%clk 0:06:12] } 37.
Ra5 { [%eval 7.89] [%clk 0:07:53] } 37... Bc6 { [%eval 7.83] [%clk 0:06:06] }
38. a4 { [%eval 7.84] [%clk 0:07:51] } 38... bxa4
{ [%eval 7.8] [%clk 0:06:04] } 39. d5 { [%eval 7.96] [%clk 0:07:49] } 39... Bd7
{ [%eval 7.87] [%clk 0:06:01] } 40. c4 { [%eval 7.83] [%clk 0:07:45] } 40...
Kf7 { [%eval 8.08] [%clk 0:05:59] } 41. c5 { [%eval 7.82] [%clk 0:07:44] }
41... Ke7 { [%eval 8.19] [%clk 0:05:55] } 42. c6
{ [%eval 8.15] [%clk 0:07:43] } 42... Be8 { [%eval 8.35] [%clk 0:05:44] } 43.
Rxa4 { [%eval 8.09] [%clk 0:07:41] } 43... Kd6 { [%eval 8.36] [%clk 0:05:43] }
44. Ra7 { [%eval 8.45] [%clk 0:07:40] } 44... Kxd5
{ [%eval 8.44] [%clk 0:05:37] } 45. Rxg7 { [%eval 7.44] [%clk 0:07:38] } 45...
Kxc6 { [%eval 8.67] [%clk 0:05:35] } 46. g4 { [%eval 8.36] [%clk 0:07:35] }
46... Kd6 { [%eval 8.58] [%clk 0:05:31] } 47. g5
{ [%eval 8.25] [%clk 0:07:35] } 47... Ke6 { [%eval 8.58] [%clk 0:05:30] } 48.
e4 { [%eval 8.19] [%clk 0:07:33] } 48... Bc6 $2 { [%eval #16] [%clk 0:05:19] }
49. e5 $2 { [%eval 9.53] [%clk 0:07:31] } 49... Kf5
{ [%eval 12.28] [%clk 0:05:17] } 50. Ke3 { [%eval 11.17] [%clk 0:07:29] } 50...
Bd5 $6 { [%eval #13] [%clk 0:05:11] } 51. Rg8 $4
{ [%eval 0.45] [%clk 0:07:22] } 51... Kg4 $4 { [%eval 74.87] [%clk 0:05:04] }
52. Rd8 { [%eval 18.52] [%clk 0:07:19] } 52... Be6 $6
{ [%eval #27] [%clk 0:04:53] } 53. Rd6 $6 { [%eval 11.61] [%clk 0:07:16] }
53... Kf5 $6 { [%eval #13] [%clk 0:04:49] } 54. Rxe6
{ [%eval #10] [%clk 0:07:13] } 54... Kxe6 { [%eval #10] [%clk 0:04:47] } 55. g6
{ [%eval #9] [%clk 0:07:05] } 55... Ke7 { [%eval #9] [%clk 0:04:41] } 56. f5
{ [%eval #8] [%clk 0:07:02] } 56... Kf8 { [%eval #8] [%clk 0:04:39] } 57. e6
{ [%eval #7] [%clk 0:07:01] } 57... Ke7 { [%eval #7] [%clk 0:04:35] } 58. g7
{ [%eval #6] [%clk 0:06:59] } 58... Kf6 { [%eval #6] [%clk 0:04:29] } 59. g8=Q
{ [%eval #5] [%clk 0:06:56] } 59... Kxf5 { [%eval #2] [%clk 0:04:25] } 60. e7
{ [%eval #3] [%clk 0:06:55] } 60... Kf6 { [%eval #2] [%clk 0:04:21] } 61. e8=Q
{ [%eval #1] [%clk 0:06:55] } 1-0"
Rated Rapid game,https://lichess.org/oSpIGUZu,2024.08.01,-,SHIVANSHT13,ZManish,1-0,2024.08.01,08:41:56,1148,1135,,,A04,Zukertort Opening: Queenside Fianchetto Variation,600+0,Normal,"1. Nf3 { [%clk 0:10:00] } 1... b6 { [%clk 0:10:00] } 2. h3 { [%clk 0:09:53] }
2... Bb7 { [%clk 0:09:57] } 3. e4 { [%clk 0:09:44] } 3... Bxe4
{ [%clk 0:09:55] } 4. Ng5 { [%clk 0:09:42] } 4... Bg6 { [%clk 0:09:48] } 5. Qf3
{ [%clk 0:09:31] } 5... Nc6 { [%clk 0:09:11] } 6. Bd3 { [%clk 0:09:29] } 6...
f6 { [%clk 0:09:06] } 7. Bxg6+ { [%clk 0:09:21] } 7... hxg6 { [%clk 0:09:00] }
8. Ne4 { [%clk 0:09:00] } 8... Nd4 { [%clk 0:08:58] } 9. Qd3 { [%clk 0:08:37] }
9... c5 { [%clk 0:08:48] } 10. c3 { [%clk 0:08:35] } 10... Nf5
{ [%clk 0:08:40] } 11. Na3 { [%clk 0:08:23] } 11... d5 { [%clk 0:08:34] } 12.
c4 { [%clk 0:08:20] } 12... dxe4 { [%clk 0:08:30] } 13. Qxe4 { [%clk 0:08:10] }
13... Nd6 { [%clk 0:08:27] } 14. Qf4 { [%clk 0:07:54] } 14... e5
{ [%clk 0:07:43] } 15. Qg3 { [%clk 0:07:34] } 15... Nf5 { [%clk 0:07:24] } 16.
Qxg6+ { [%clk 0:07:30] } 16... Ke7 { [%clk 0:07:11] } 17. Qxf5
{ [%clk 0:07:26] } 17... Nh6 { [%clk 0:06:58] } 18. Qe4 { [%clk 0:07:09] }
18... f5 { [%clk 0:06:44] } 19. Qh4+ { [%clk 0:07:07] } 19... Ke8
{ [%clk 0:06:39] } 20. Qxd8+ { [%clk 0:07:02] } 20... Rxd8 { [%clk 0:06:38] }
21. O-O { [%clk 0:06:55] } 21... Be7 { [%clk 0:06:27] } 22. Nb5
{ [%clk 0:06:52] } 22... a6 { [%clk 0:06:23] } 23. Nc7+ { [%clk 0:06:49] }
23... Kd7 { [%clk 0:06:21] } 24. Nxa6 { [%clk 0:06:46] } 1-0"
Rated Rapid game,https://lichess.org/Pw7EMgQb,2024.08.01,-,Nurkkkurt,MuraD_Tal_Fan_1720,0-1,2024.08.01,08:41:56,1439,1420,,,C20,King's Pawn Game: Napoleon Attack,600+0,Normal,"1. e4 { [%clk 0:10:00] } 1... e5 { [%clk 0:10:00] } 2. Qf3 { [%clk 0:10:00] }
2... Nc6 { [%clk 0:09:58] } 3. Bc4 { [%clk 0:09:59] } 3... Nf6
{ [%clk 0:09:56] } 4. c3 { [%clk 0:09:57] } 4... Bc5 { [%clk 0:09:49] } 5. g4
{ [%clk 0:09:56] } 5... O-O { [%clk 0:09:44] } 6. g5 { [%clk 0:09:55] } 6...
Ne8 { [%clk 0:09:32] } 7. Ne2 { [%clk 0:09:52] } 7... Qxg5 { [%clk 0:09:29] }
8. d4 { [%clk 0:09:51] } 8... Qe7 { [%clk 0:09:16] } 9. dxc5 { [%clk 0:09:48] }
9... Qxc5 { [%clk 0:09:15] } 10. Bd3 { [%clk 0:09:44] } 10... Nf6
{ [%clk 0:09:07] } 11. Qg3 { [%clk 0:09:41] } 11... d5 { [%clk 0:09:03] } 12.
Bg5 { [%clk 0:09:38] } 12... dxe4 { [%clk 0:08:59] } 13. Bxf6
{ [%clk 0:09:34] } 13... g6 { [%clk 0:08:48] } 14. Bxe4 { [%clk 0:09:30] }
14... Qd6 { [%clk 0:08:41] } 15. Qh4 { [%clk 0:09:23] } 15... Be6
{ [%clk 0:08:38] } 16. Bxc6 { [%clk 0:09:21] } 16... bxc6 { [%clk 0:08:36] }
17. Be7 { [%clk 0:09:18] } 17... Qd5 { [%clk 0:08:27] } 18. Bxf8
{ [%clk 0:09:16] } 18... Rd8 { [%clk 0:08:26] } 19. O-O { [%clk 0:09:01] }
19... Rxf8 { [%clk 0:08:18] } 20. Na3 { [%clk 0:08:53] } 20... c5
{ [%clk 0:08:15] } 21. Rad1 { [%clk 0:08:51] } 21... Qf3 { [%clk 0:08:06] } 22.
Ng3 { [%clk 0:08:43] } 22... Bd5 { [%clk 0:08:01] } 23. Qh3 { [%clk 0:08:34] }
23... g5 { [%clk 0:07:57] } 24. Nb5 { [%clk 0:08:24] } 24... g4
{ [%clk 0:07:54] } 25. Nd4 { [%clk 0:07:26] } 25... exd4 { [%clk 0:07:50] } 0-1"
Rated Rapid game,https://lichess.org/gGxfd6tc,2024.08.01,-,Aatmik_134,Didris,1-0,2024.08.01,08:41:56,982,907,,,C40,King's Pawn Game: Damiano Defense,600+0,Normal,"1. e4 { [%clk 0:10:00] } 1... e5 { [%clk 0:10:00] } 2. Nf3 { [%clk 0:09:59] }
2... f6 { [%clk 0:09:58] } 3. Bc4 { [%clk 0:09:56] } 3... Ne7
{ [%clk 0:09:56] } 4. Nc3 { [%clk 0:09:55] } 4... Nbc6 { [%clk 0:09:49] } 5. d4
{ [%clk 0:09:54] } 5... Nxd4 { [%clk 0:09:46] } 6. Nxd4 { [%clk 0:09:50] } 6...
exd4 { [%clk 0:09:42] } 7. Qxd4 { [%clk 0:09:46] } 7... Nc6 { [%clk 0:09:40] }
8. Qe3 { [%clk 0:09:27] } 8... Bd6 { [%clk 0:09:19] } 9. Bd2 { [%clk 0:09:20] }
9... b6 { [%clk 0:09:09] } 10. O-O-O { [%clk 0:09:18] } 10... Bc5
{ [%clk 0:09:07] } 11. Qg3 { [%clk 0:09:02] } 11... d6 { [%clk 0:09:04] } 12.
f4 { [%clk 0:09:00] } 12... a5 { [%clk 0:08:40] } 13. Na4 { [%clk 0:08:55] }
13... Qe7 { [%clk 0:08:13] } 14. Nxc5 { [%clk 0:08:50] } 14... bxc5
{ [%clk 0:08:05] } 15. Bd5 { [%clk 0:08:42] } 15... Bd7 { [%clk 0:07:51] } 16.
Bc3 { [%clk 0:08:30] } 16... Rb8 { [%clk 0:07:46] } 17. Bxc6 { [%clk 0:08:25] }
17... Bxc6 { [%clk 0:07:44] } 18. e5 { [%clk 0:08:17] } 18... dxe5
{ [%clk 0:07:26] } 19. fxe5 { [%clk 0:08:16] } 19... Rd8 { [%clk 0:07:14] } 20.
Rxd8+ { [%clk 0:08:09] } 20... Kxd8 { [%clk 0:07:01] } 21. Qd3+
{ [%clk 0:07:55] } 21... Kc8 { [%clk 0:06:59] } 22. Qa6+ { [%clk 0:07:47] }
22... Bb7 { [%clk 0:06:56] } 23. exf6 { [%clk 0:07:32] } 23... gxf6
{ [%clk 0:06:52] } 24. Qf1 { [%clk 0:07:12] } 24... Rd8 { [%clk 0:06:48] } 25.
Bxf6 { [%clk 0:07:01] } 25... Qe6 { [%clk 0:06:43] } 26. Bxd8
{ [%clk 0:06:59] } 26... Kxd8 { [%clk 0:06:38] } 27. Qd1+ { [%clk 0:06:56] }
27... Ke8 { [%clk 0:06:35] } 28. Qh5+ { [%clk 0:06:54] } 28... Ke7
{ [%clk 0:06:32] } 29. Rf1 { [%clk 0:06:47] } 29... Kd7 { [%clk 0:06:27] } 30.
g4 { [%clk 0:06:41] } 30... Ba6 { [%clk 0:06:19] } 31. Rf7+ { [%clk 0:06:32] }
31... Kc6 { [%clk 0:06:15] } 32. Rxh7 { [%clk 0:06:17] } 32... Kb5
{ [%clk 0:06:09] } 33. b3 { [%clk 0:06:09] } 33... Kb4 { [%clk 0:06:03] } 34.
Qh4 { [%clk 0:05:53] } 34... Qe1+ { [%clk 0:06:00] } 35. Qxe1+
{ [%clk 0:05:45] } 1-0"
Rated Rapid game,https://lichess.org/KPRqYR13,2024.08.01,-,Alleeka,zoldyck924,0-1,2024.08.01,08:41:57,1853,1854,,,C70,"Ruy Lopez: Morphy Defense, Norwegian Variation",600+0,Normal,"1. e4 { [%clk 0:10:00] } 1... e5 { [%clk 0:10:00] } 2. Nf3 { [%clk 0:09:54] }
2... Nc6 { [%clk 0:09:40] } 3. Bb5 { [%clk 0:09:53] } 3... a6
{ [%clk 0:09:38] } 4. Ba4 { [%clk 0:09:51] } 4... b5 { [%clk 0:09:35] } 5. Bb3
{ [%clk 0:09:50] } 5... Na5 { [%clk 0:09:34] } 6. c3 { [%clk 0:09:48] } 6...
Nxb3 { [%clk 0:09:33] } 7. Qxb3 { [%clk 0:09:48] } 7... d6 { [%clk 0:09:29] }
8. d3 { [%clk 0:09:45] } 8... Be6 { [%clk 0:09:27] } 9. Qc2 { [%clk 0:09:43] }
9... Nf6 { [%clk 0:09:26] } 10. Ng5 { [%clk 0:09:42] } 10... Bc8
{ [%clk 0:09:18] } 11. Qb3 { [%clk 0:09:40] } 11... Qe7 { [%clk 0:08:59] } 12.
O-O { [%clk 0:09:31] } 12... h6 { [%clk 0:08:57] } 13. Nf3 { [%clk 0:09:30] }
13... Bb7 { [%clk 0:08:48] } 14. Nbd2 { [%clk 0:09:28] } 14... Qd7
{ [%clk 0:08:45] } 15. h3 { [%clk 0:09:25] } 15... Be7 { [%clk 0:08:44] } 16.
d4 { [%clk 0:09:24] } 16... Nxe4 { [%clk 0:08:29] } 17. dxe5 { [%clk 0:09:22] }
17... Nxd2 { [%clk 0:08:23] } 18. Nxd2 { [%clk 0:09:18] } 18... O-O
{ [%clk 0:08:00] } 19. exd6 { [%clk 0:09:15] } 19... Bxd6 { [%clk 0:07:58] }
20. Rd1 { [%clk 0:09:11] } 20... Qf5 { [%clk 0:07:37] } 21. c4
{ [%clk 0:08:52] } 21... Qg6 { [%clk 0:06:46] } 22. Nf3 { [%clk 0:08:21] }
22... Bxf3 { [%clk 0:06:41] } 23. Qxf3 { [%clk 0:08:19] } 23... bxc4
{ [%clk 0:06:04] } 24. Qc3 { [%clk 0:08:18] } 24... Qh5 { [%clk 0:05:42] } 25.
Be3 { [%clk 0:08:11] } 25... Qe5 { [%clk 0:04:53] } 26. Qxc4 { [%clk 0:08:08] }
26... Qh2+ { [%clk 0:04:15] } 27. Kf1 { [%clk 0:08:07] } 27... Qh1+
{ [%clk 0:04:13] } 28. Ke2 { [%clk 0:08:06] } 28... Qxg2 { [%clk 0:04:11] } 29.
Rg1 { [%clk 0:08:05] } 29... Qxh3 { [%clk 0:03:58] } 30. Qd4 { [%clk 0:08:04] }
30... Qh5+ { [%clk 0:03:53] } 31. Kd2 { [%clk 0:08:01] } 31... Be5
{ [%clk 0:03:42] } 32. Qc4 { [%clk 0:07:20] } 32... Rad8+ { [%clk 0:03:29] }
33. Kc2 { [%clk 0:07:17] } 33... Qf5+ { [%clk 0:03:15] } 34. Kc1
{ [%clk 0:07:07] } 34... Qe6 { [%clk 0:01:59] } 35. Qxa6 { [%clk 0:06:52] }
35... Qxa6 { [%clk 0:01:56] } 0-1"
Rated Rapid game,https://lichess.org/MAooF4Zn,2024.08.01,-,KSR80,sadiq2323,1-0,2024.08.01,08:41:58,1740,1682,,,C47,Four Knights Game: Scotch Variation Accepted,600+0,Normal,"1. e4 { [%eval 0.15] [%clk 0:10:00] } 1... e5 { [%eval 0.21] [%clk 0:10:00] }
2. Nf3 { [%eval 0.11] [%clk 0:09:58] } 2... Nf6 { [%eval 0.3] [%clk 0:09:27] }
3. Nc3 { [%eval 0.07] [%clk 0:09:54] } 3... Nc6 { [%eval 0.16] [%clk 0:09:23] }
4. d4 { [%eval 0.07] [%clk 0:09:51] } 4... exd4 { [%eval 0.17] [%clk 0:09:21] }
5. Nxd4 { [%eval 0.08] [%clk 0:09:49] } 5... Nxd4 $6
{ [%eval 0.9] [%clk 0:09:18] } 6. Qxd4 { [%eval 0.93] [%clk 0:09:49] } 6... Bc5
$4 { [%eval 5.12] [%clk 0:09:16] } 7. Qe5+ $4 { [%eval 0.64] [%clk 0:09:44] }
7... Be7 { [%eval 0.75] [%clk 0:09:09] } 8. Nd5 $6
{ [%eval 0.1] [%clk 0:09:33] } 8... d6 $2 { [%eval 1.17] [%clk 0:09:04] } 9.
Qc3 $2 { [%eval -0.27] [%clk 0:09:25] } 9... c6 $6
{ [%eval 0.49] [%clk 0:09:03] } 10. Nxf6+ $6 { [%eval -0.19] [%clk 0:09:13] }
10... Bxf6 { [%eval -0.22] [%clk 0:09:00] } 11. Qf3
{ [%eval -0.19] [%clk 0:09:08] } 11... O-O { [%eval -0.31] [%clk 0:08:52] } 12.
Bd3 { [%eval -0.26] [%clk 0:09:03] } 12... Re8 { [%eval -0.22] [%clk 0:08:48] }
13. O-O { [%eval -0.16] [%clk 0:09:01] } 13... Qe7
{ [%eval 0.06] [%clk 0:08:41] } 14. c3 { [%eval 0.08] [%clk 0:08:44] } 14... d5
$6 { [%eval 0.8] [%clk 0:08:39] } 15. exd5 { [%eval 0.75] [%clk 0:08:40] }
15... cxd5 { [%eval 1.11] [%clk 0:08:37] } 16. Qxd5
{ [%eval 1.05] [%clk 0:08:33] } 16... a6 { [%eval 1.12] [%clk 0:07:56] } 17.
Qb3 $6 { [%eval 0.56] [%clk 0:08:19] } 17... b5 { [%eval 1.03] [%clk 0:07:41] }
18. Qc2 { [%eval 0.53] [%clk 0:08:16] } 18... Bb7 $6
{ [%eval 1.13] [%clk 0:07:35] } 19. Bxh7+ { [%eval 1.05] [%clk 0:08:08] } 19...
Kf8 { [%eval 1.16] [%clk 0:07:30] } 20. Bd3 $6 { [%eval 0.49] [%clk 0:07:57] }
20... Rad8 $2 { [%eval 1.88] [%clk 0:07:21] } 21. Be3
{ [%eval 1.77] [%clk 0:07:53] } 21... Rd5 { [%eval 2.07] [%clk 0:07:03] } 22.
Rfe1 { [%eval 1.95] [%clk 0:07:36] } 22... Rxd3 $2
{ [%eval 4.82] [%clk 0:06:56] } 23. Qxd3 { [%eval 4.42] [%clk 0:07:28] } 23...
Bg5 $4 { [%eval 7.47] [%clk 0:06:39] } 24. Bc5 $4
{ [%eval 1.01] [%clk 0:07:22] } 24... Qxc5 { [%eval 1.09] [%clk 0:06:23] } 25.
Rxe8+ $2 { [%eval -0.21] [%clk 0:07:17] } 25... Kxe8
{ [%eval -0.01] [%clk 0:06:23] } 26. Qd7+ $4 { [%eval -8.47] [%clk 0:07:13] }
26... Kf8 $4 { [%eval 5.11] [%clk 0:06:13] } 27. Qxb7
{ [%eval 5.22] [%clk 0:07:10] } 27... Bh4 $2 { [%eval 7.74] [%clk 0:05:58] }
28. Qb8+ { [%eval 7.46] [%clk 0:06:42] } 28... Ke7
{ [%eval 7.45] [%clk 0:05:55] } 29. Re1+ { [%eval 7.66] [%clk 0:06:32] } 29...
Kf6 { [%eval 8.2] [%clk 0:05:53] } 30. Qf4+ { [%eval 8.08] [%clk 0:06:27] }
30... Kg6 { [%eval 8.04] [%clk 0:05:41] } 31. Qxh4
{ [%eval 7.92] [%clk 0:06:25] } 1-0"
Rated Rapid game,https://lichess.org/cFCdTOIo,2024.08.01,-,scapullla,Anyesko,0-1,2024.08.01,08:41:53,1578,1593,,,C40,King's Pawn Game: Damiano Defense,600+0,Normal,"1. e4 { [%clk 0:10:00] } 1... e5 { [%clk 0:10:00] } 2. Nf3 { [%clk 0:09:55] }
2... f6 { [%clk 0:09:46] } 3. c3 { [%clk 0:09:38] } 3... Bc5 { [%clk 0:09:44] }
4. d4 { [%clk 0:09:34] } 4... Bd6 { [%clk 0:09:32] } 5. d5 { [%clk 0:09:20] }
5... b6 { [%clk 0:09:27] } 6. c4 { [%clk 0:09:18] } 6... Ba6 { [%clk 0:09:24] }
7. Nc3 { [%clk 0:08:58] } 7... Ne7 { [%clk 0:08:26] } 8. a3 { [%clk 0:08:56] }
8... Ng6 { [%clk 0:08:25] } 9. b4 { [%clk 0:08:48] } 9... c6 { [%clk 0:08:08] }
10. Bd3 { [%clk 0:08:45] } 10... c5 { [%clk 0:07:55] } 11. b5
{ [%clk 0:08:43] } 11... Bb7 { [%clk 0:07:54] } 12. a4 { [%clk 0:08:42] } 12...
a6 { [%clk 0:07:53] } 13. Bd2 { [%clk 0:08:38] } 13... axb5 { [%clk 0:07:51] }
14. axb5 { [%clk 0:08:38] } 14... Rxa1 { [%clk 0:07:49] } 15. Qxa1
{ [%clk 0:08:37] } 15... O-O { [%clk 0:07:43] } 16. O-O { [%clk 0:08:36] }
16... Nf4 { [%clk 0:07:38] } 17. Bxf4 { [%clk 0:08:34] } 17... exf4
{ [%clk 0:07:34] } 18. h3 { [%clk 0:08:33] } 18... Be5 { [%clk 0:07:25] } 19.
Qc1 { [%clk 0:08:31] } 19... d6 { [%clk 0:07:21] } 20. Ne2 { [%clk 0:08:30] }
20... Nd7 { [%clk 0:06:55] } 21. Nxf4 { [%clk 0:08:22] } 21... Qa8
{ [%clk 0:06:44] } 22. Ne6 { [%clk 0:08:17] } 22... Rf7 { [%clk 0:03:55] } 23.
Nxe5 { [%clk 0:08:13] } 23... Nxe5 { [%clk 0:03:45] } 24. Rd1
{ [%clk 0:08:06] } 24... Bc8 { [%clk 0:03:43] } 25. f4 { [%clk 0:07:54] } 25...
Ng6 { [%clk 0:03:37] } 26. f5 { [%clk 0:07:46] } 26... Ne5 { [%clk 0:03:35] }
27. Nc7 { [%clk 0:07:31] } 27... Rxc7 { [%clk 0:03:27] } 28. Qe3
{ [%clk 0:07:13] } 28... Qa2 { [%clk 0:03:03] } 29. Rc1 { [%clk 0:07:01] }
29... Ra7 { [%clk 0:02:49] } 30. Rc2 { [%clk 0:07:00] } 30... Qa1+
{ [%clk 0:02:37] } 31. Rc1 { [%clk 0:06:59] } 31... Qb2 { [%clk 0:02:34] } 32.
Rc2 { [%clk 0:06:58] } 32... Qb4 { [%clk 0:02:30] } 33. Qe2 { [%clk 0:06:49] }
33... Ra3 { [%clk 0:02:22] } 34. Rb2 { [%clk 0:06:46] } 34... Qc3
{ [%clk 0:02:21] } 35. Rd2 { [%clk 0:06:35] } 35... Nxd3 { [%clk 0:02:13] } 36.
Rxd3 { [%clk 0:06:34] } 36... Qxd3 { [%clk 0:02:09] } 37. Qh5
{ [%clk 0:06:32] } 37... Qxe4 { [%clk 0:01:59] } 38. Qe8+ { [%clk 0:06:31] }
38... Qxe8 { [%clk 0:01:56] } 0-1"
Rated Rapid game,https://lichess.org/s1aEfuG6,2024.08.01,-,harshthakuriam,DmitriiMorozoff1977,1-0,2024.08.01,08:41:53,1897,1872,,,B90,"Sicilian Defense: Najdorf Variation, Lipnitsky Attack",600+0,Normal,"1. e4 { [%clk 0:10:00] } 1... c5 { [%clk 0:10:00] } 2. Nf3 { [%clk 0:09:59] }
2... d6 { [%clk 0:09:59] } 3. d4 { [%clk 0:09:58] } 3... cxd4
{ [%clk 0:09:57] } 4. Nxd4 { [%clk 0:09:57] } 4... Nf6 { [%clk 0:09:56] } 5.
Nc3 { [%clk 0:09:56] } 5... a6 { [%clk 0:09:55] } 6. Bc4 { [%clk 0:09:52] }
6... e6 { [%clk 0:09:53] } 7. O-O { [%clk 0:09:51] } 7... Be7
{ [%clk 0:09:52] } 8. f4 { [%clk 0:09:49] } 8... O-O { [%clk 0:09:50] } 9. e5
{ [%clk 0:09:47] } 9... dxe5 { [%clk 0:09:47] } 10. fxe5 { [%clk 0:09:47] }
10... Nd5 { [%clk 0:09:45] } 11. Bd3 { [%clk 0:09:37] } 11... Nxc3
{ [%clk 0:09:34] } 12. bxc3 { [%clk 0:09:36] } 12... Nc6 { [%clk 0:09:32] } 13.
Qh5 { [%clk 0:09:33] } 13... g6 { [%clk 0:09:25] } 14. Qg4 { [%clk 0:09:20] }
14... Nxe5 { [%clk 0:09:16] } 15. Qe4 { [%clk 0:09:13] } 15... Nxd3
{ [%clk 0:09:13] } 16. cxd3 { [%clk 0:09:13] } 16... Rb8 { [%clk 0:08:59] } 17.
Bh6 { [%clk 0:09:11] } 17... Bf6 { [%clk 0:08:52] } 18. Bxf8 { [%clk 0:09:08] }
18... Qxf8 { [%clk 0:08:48] } 19. Rxf6 { [%clk 0:09:07] } 19... Qg7
{ [%clk 0:08:38] } 20. Raf1 { [%clk 0:09:04] } 1-0"
Rated Rapid game,https://lichess.org/2VajZufU,2024.08.01,-,djole61,Lisalu,0-1,2024.08.01,08:41:53,1858,1834,,,A40,Queen's Pawn Game,600+0,Normal,"1. d4 { [%clk 0:10:00] } 1... c6 { [%clk 0:10:00] } 2. e3 { [%clk 0:09:58] }
2... d5 { [%clk 0:09:59] } 3. Bd3 { [%clk 0:09:56] } 3... Nf6
{ [%clk 0:09:57] } 4. Ne2 { [%clk 0:09:54] } 4... Ne4 { [%clk 0:09:49] } 5.
Bxe4 { [%clk 0:09:50] } 5... dxe4 { [%clk 0:09:47] } 6. Nd2 { [%clk 0:09:40] }
6... Bf5 { [%clk 0:09:40] } 7. O-O { [%clk 0:09:34] } 7... e6
{ [%clk 0:09:38] } 8. f3 { [%clk 0:09:31] } 8... exf3 { [%clk 0:09:35] } 9.
Nxf3 { [%clk 0:09:29] } 9... Bd6 { [%clk 0:09:24] } 10. Ng3 { [%clk 0:08:53] }
10... Bg6 { [%clk 0:09:15] } 11. Ne5 { [%clk 0:08:43] } 11... Bxe5
{ [%clk 0:08:49] } 12. dxe5 { [%clk 0:08:41] } 12... O-O { [%clk 0:08:47] } 13.
Qf3 { [%clk 0:08:20] } 13... Nd7 { [%clk 0:08:44] } 14. Rd1 { [%clk 0:07:58] }
14... Bxc2 { [%clk 0:08:41] } 15. Rd2 { [%clk 0:07:52] } 15... Bg6
{ [%clk 0:08:34] } 16. b3 { [%clk 0:07:40] } 16... Qe7 { [%clk 0:08:32] } 17.
Bb2 { [%clk 0:07:34] } 17... Rad8 { [%clk 0:08:24] } 18. Rad1
{ [%clk 0:07:24] } 18... Nc5 { [%clk 0:07:56] } 19. Bd4 { [%clk 0:06:31] }
19... Rc8 { [%clk 0:07:22] } 20. b4 { [%clk 0:06:22] } 20... Na6
{ [%clk 0:06:29] } 21. a3 { [%clk 0:06:17] } 21... c5 { [%clk 0:06:22] } 22. b5
{ [%clk 0:05:51] } 22... cxd4 { [%clk 0:06:18] } 23. bxa6 { [%clk 0:05:43] }
23... dxe3 { [%clk 0:06:01] } 24. Qxe3 { [%clk 0:05:24] } 24... b6
{ [%clk 0:05:57] } 25. Rd7 { [%clk 0:05:13] } 25... Qh4 { [%clk 0:05:24] } 26.
Rxa7 { [%clk 0:04:55] } 26... Qa4 { [%clk 0:05:11] } 27. Rd4 { [%clk 0:03:55] }
27... Qb5 { [%clk 0:04:47] } 28. Rb4 { [%clk 0:03:48] } 28... Qd5
{ [%clk 0:04:30] } 29. h3 { [%clk 0:03:00] } 29... Qd1+ { [%clk 0:04:19] } 30.
Kh2 { [%clk 0:02:56] } 30... f5 { [%clk 0:04:10] } 31. Qxb6 { [%clk 0:02:24] }
31... Qd5 { [%clk 0:03:50] } 32. Rb5 { [%clk 0:01:46] } 32... Qc4
{ [%clk 0:03:32] } 33. Qb7 { [%clk 0:01:04] } 33... Rf7 { [%clk 0:03:05] } 34.
Qb6 { [%clk 0:00:53] } 34... Rxa7 { [%clk 0:02:47] } 35. Qxa7
{ [%clk 0:00:52] } 35... Qxb5 { [%clk 0:02:46] } 0-1"
Rated Rapid game,https://lichess.org/xMNs2Irg,2024.08.01,-,tson,joze1949,1-0,2024.08.01,08:41:53,1756,1737,,,C00,French Defense: Queen's Knight,600+0,Normal,"1. e4 { [%eval 0.15] [%clk 0:10:00] } 1... e6 { [%eval 0.25] [%clk 0:10:00] }
2. Nc3 { [%eval 0.31] [%clk 0:09:52] } 2... c6 { [%eval 0.82] [%clk 0:09:58] }
3. d4 { [%eval 0.68] [%clk 0:09:50] } 3... d5 { [%eval 0.69] [%clk 0:09:57] }
4. g3 { [%eval 0.31] [%clk 0:09:36] } 4... Bd7 $6
{ [%eval 0.87] [%clk 0:09:46] } 5. Bg2 { [%eval 0.69] [%clk 0:09:35] } 5...
dxe4 $6 { [%eval 1.3] [%clk 0:09:33] } 6. Nxe4 { [%eval 1.27] [%clk 0:09:33] }
6... Nf6 { [%eval 1.65] [%clk 0:09:28] } 7. c3 { [%eval 1.09] [%clk 0:09:07] }
7... Be7 { [%eval 1.07] [%clk 0:09:26] } 8. Qd3 { [%eval 0.7] [%clk 0:08:40] }
8... Na6 { [%eval 1.09] [%clk 0:09:11] } 9. Bf4 { [%eval 0.67] [%clk 0:08:33] }
9... c5 $2 { [%eval 2.13] [%clk 0:08:57] } 10. Nd6+ $2
{ [%eval 0.0] [%clk 0:08:31] } 10... Bxd6 { [%eval 0.0] [%clk 0:08:39] } 11.
Bxd6 { [%eval -0.04] [%clk 0:08:31] } 11... Qb6
{ [%eval -0.12] [%clk 0:08:15] } 12. dxc5 { [%eval 0.0] [%clk 0:07:38] } 12...
Nxc5 { [%eval 0.0] [%clk 0:08:06] } 13. Bxc5 { [%eval -0.07] [%clk 0:07:38] }
13... Qxc5 { [%eval -0.05] [%clk 0:08:03] } 14. O-O-O $2
{ [%eval -1.56] [%clk 0:07:34] } 14... O-O { [%eval -1.2] [%clk 0:07:41] } 15.
f4 { [%eval -1.68] [%clk 0:06:55] } 15... Rab8 $2
{ [%eval -0.19] [%clk 0:07:23] } 16. h3 $2 { [%eval -1.82] [%clk 0:06:43] }
16... b5 $2 { [%eval -0.75] [%clk 0:06:56] } 17. g4 $2
{ [%eval -2.11] [%clk 0:06:34] } 17... Bc6 $2 { [%eval -0.72] [%clk 0:06:46] }
18. Bxc6 { [%eval -0.69] [%clk 0:06:28] } 18... Qxc6
{ [%eval -0.69] [%clk 0:06:44] } 19. Ne2 { [%eval -0.63] [%clk 0:06:21] } 19...
b4 { [%eval -0.66] [%clk 0:06:23] } 20. Kb1 $2 { [%eval -3.45] [%clk 0:06:02] }
20... Rfd8 $4 { [%eval 0.8] [%clk 0:05:44] } 21. Qxd8+
{ [%eval 0.96] [%clk 0:04:51] } 21... Rxd8 { [%eval 0.93] [%clk 0:05:40] } 22.
Rxd8+ { [%eval 0.93] [%clk 0:04:50] } 22... Ne8 { [%eval 0.88] [%clk 0:05:38] }
23. Nd4 $4 { [%eval -5.97] [%clk 0:04:49] } 23... Qc7 $4
{ [%eval #1] [%clk 0:05:32] } 24. Rxe8# { [%clk 0:04:44] } 1-0"
Rated Rapid game,https://lichess.org/Wr3zyLZy,2024.08.01,-,carpouf,oluwaguy,1/2-1/2,2024.08.01,08:41:53,1716,1649,,,A43,Benoni Defense: Benoni-Indian Defense,600+0,Normal,"1. d4 { [%clk 0:10:00] } 1... c5 { [%clk 0:10:00] } 2. d5 { [%clk 0:09:59] }
2... Nf6 { [%clk 0:09:55] } 3. Nc3 { [%clk 0:09:57] } 3... e6
{ [%clk 0:09:52] } 4. dxe6 { [%clk 0:09:55] } 4... fxe6 { [%clk 0:09:51] } 5.
e4 { [%clk 0:09:54] } 5... d5 { [%clk 0:09:46] } 6. exd5 { [%clk 0:09:50] }
6... exd5 { [%clk 0:09:45] } 7. Nf3 { [%clk 0:09:45] } 7... Be7
{ [%clk 0:09:43] } 8. Bb5+ { [%clk 0:09:43] } 8... Bd7 { [%clk 0:09:35] } 9.
Bxd7+ { [%clk 0:09:40] } 9... Qxd7 { [%clk 0:09:33] } 10. O-O
{ [%clk 0:09:39] } 10... O-O { [%clk 0:09:32] } 11. Bf4 { [%clk 0:09:34] }
11... d4 { [%clk 0:09:24] } 12. Ne5 { [%clk 0:09:31] } 12... Qf5
{ [%clk 0:09:12] } 13. Qe2 { [%clk 0:08:50] } 13... dxc3 { [%clk 0:08:53] } 14.
Qc4+ { [%clk 0:08:48] } 14... Kh8 { [%clk 0:08:32] } 15. Nf7+
{ [%clk 0:08:47] } 15... Rxf7 { [%clk 0:08:25] } 16. Qxf7 { [%clk 0:08:45] }
16... Qxf4 { [%clk 0:08:05] } 17. Qxe7 { [%clk 0:08:43] } 17... b6
{ [%clk 0:07:53] } 18. Qb7 { [%clk 0:08:25] } 18... Qe4 { [%clk 0:07:50] } 19.
Qc8+ { [%clk 0:08:19] } 19... Qe8 { [%clk 0:07:44] } 20. Rab1
{ [%clk 0:08:17] } 20... Qxc8 { [%clk 0:07:42] } 21. bxc3 { [%clk 0:08:12] }
21... Qe6 { [%clk 0:07:35] } 22. Rfe1 { [%clk 0:08:11] } 22... Qxa2
{ [%clk 0:07:33] } 23. g4 { [%clk 0:07:51] } 23... Nc6 { [%clk 0:07:21] } 24.
g5 { [%clk 0:07:50] } 24... Ne4 { [%clk 0:07:17] } 25. Rbd1 { [%clk 0:07:34] }
25... Nxg5 { [%clk 0:07:05] } 26. Rd6 { [%clk 0:07:27] } 26... Nf3+
{ [%clk 0:07:03] } 27. Kf1 { [%clk 0:07:22] } 27... Nxe1 { [%clk 0:07:02] } 28.
Kxe1 { [%clk 0:07:21] } 28... Rc8 { [%clk 0:06:44] } 29. Kf1 { [%clk 0:07:05] }
29... Qxc2 { [%clk 0:06:42] } 30. Kg1 { [%clk 0:07:01] } 30... Qxc3
{ [%clk 0:06:39] } 31. Rd7 { [%clk 0:07:00] } 31... Qe1+ { [%clk 0:06:23] } 32.
Kg2 { [%clk 0:06:56] } 32... Qe4+ { [%clk 0:06:21] } 33. Kg1 { [%clk 0:06:51] }
33... Qg4+ { [%clk 0:06:11] } 34. Kf1 { [%clk 0:06:49] } 34... Qd1+
{ [%clk 0:06:10] } 35. Kg2 { [%clk 0:06:43] } 35... Qg4+ { [%clk 0:06:08] } 36.
Kf1 { [%clk 0:06:41] } 36... Qxd7 { [%clk 0:06:08] } 37. h4 { [%clk 0:06:39] }
37... Qh3+ { [%clk 0:06:06] } 38. Kg1 { [%clk 0:06:36] } 38... Qxh4
{ [%clk 0:06:06] } 39. Kg2 { [%clk 0:06:35] } 39... Rf8 { [%clk 0:06:04] } 40.
f3 { [%clk 0:06:34] } 40... Ne5 { [%clk 0:05:58] } 41. f4 { [%clk 0:06:24] }
41... Qxf4 { [%clk 0:05:57] } 42. Kh3 { [%clk 0:06:23] } 42... Kg8
{ [%clk 0:05:54] } 43. Kg2 { [%clk 0:06:20] } 43... Kf7 { [%clk 0:05:53] } 44.
Kh3 { [%clk 0:06:19] } 44... Rh8 { [%clk 0:05:53] } 45. Kg2 { [%clk 0:06:17] }
45... Ke8 { [%clk 0:05:53] } 46. Kh3 { [%clk 0:06:16] } 46... Nf7
{ [%clk 0:05:53] } 47. Kg2 { [%clk 0:06:15] } 47... Nh6 { [%clk 0:05:53] } 48.
Kh3 { [%clk 0:06:11] } 48... Ng8 { [%clk 0:05:53] } 49. Kg2 { [%clk 0:06:10] }
49... a5 { [%clk 0:05:53] } 50. Kh3 { [%clk 0:06:08] } 50... a4
{ [%clk 0:05:53] } 51. Kg2 { [%clk 0:06:07] } 51... a3 { [%clk 0:05:53] } 52.
Kh3 { [%clk 0:06:07] } 52... a2 { [%clk 0:05:53] } 53. Kg2 { [%clk 0:06:07] }
53... a1=Q { [%clk 0:05:53] } 54. Kh3 { [%clk 0:06:06] } 54... b5
{ [%clk 0:05:27] } 55. Kg2 { [%clk 0:06:04] } 55... Nf6 { [%clk 0:05:25] } 56.
Kh3 { [%clk 0:06:03] } 56... Ke7 { [%clk 0:05:24] } 57. Kg2 { [%clk 0:06:02] }
57... Ra8 { [%clk 0:05:23] } 58. Kh3 { [%clk 0:06:01] } 58... Qae5
{ [%clk 0:05:22] } 59. Kg2 { [%clk 0:06:01] } 59... Qe6 { [%clk 0:05:21] } 60.
Kg1 { [%clk 0:05:56] } 60... Qg8 { [%clk 0:05:19] } 61. Kg2 { [%clk 0:05:55] }
61... Qh8 { [%clk 0:05:17] } 62. Kh3 { [%clk 0:05:52] } 62... Ng8
{ [%clk 0:05:17] } 63. Kg2 { [%clk 0:05:51] } 63... Ke8 { [%clk 0:05:17] } 64.
Kh3 { [%clk 0:05:50] } 64... c4 { [%clk 0:05:16] } 65. Kg2 { [%clk 0:05:48] }
65... c3 { [%clk 0:05:16] } 66. Kh3 { [%clk 0:05:47] } 66... c2
{ [%clk 0:05:16] } 67. Kg2 { [%clk 0:05:46] } 67... c1=B { [%clk 0:05:15] } 68.
Kh3 { [%clk 0:05:45] } 68... Bb2 { [%clk 0:05:15] } 69. Kg2 { [%clk 0:05:44] }
69... Ba3 { [%clk 0:05:14] } 70. Kh3 { [%clk 0:05:43] } 70... Bf8
{ [%clk 0:05:14] } 71. Kg2 { [%clk 0:05:42] } 71... b4 { [%clk 0:05:14] } 72.
Kh3 { [%clk 0:05:41] } 72... b3 { [%clk 0:05:14] } 73. Kg2 { [%clk 0:05:40] }
73... b2 { [%clk 0:05:13] } 74. Kh3 { [%clk 0:05:40] } 74... b1=N
{ [%clk 0:05:12] } 75. Kg2 { [%clk 0:05:39] } 75... Nc3 { [%clk 0:05:10] } 76.
Kh3 { [%clk 0:05:38] } 76... Nb5 { [%clk 0:05:09] } 77. Kg2 { [%clk 0:05:37] }
77... Nc7 { [%clk 0:05:09] } 78. Kh3 { [%clk 0:05:36] } 78... Na6
{ [%clk 0:05:09] } 79. Kg2 { [%clk 0:05:35] } 79... Nb8 { [%clk 0:05:09] } 80.
Kh3 { [%clk 0:05:34] } 80... Qg3+ { [%clk 0:05:00] } 81. Kxg3
{ [%clk 0:05:32] } 81... h5 { [%clk 0:04:57] } 82. Kh4 { [%clk 0:05:30] } 82...
Be7+ { [%clk 0:04:55] } 83. Kg3 { [%clk 0:05:29] } 83... g5 { [%clk 0:04:53] }
84. Kh3 { [%clk 0:05:28] } 84... Qd4 { [%clk 0:04:51] } 85. Kg3
{ [%clk 0:05:26] } 85... Bf8 { [%clk 0:04:50] } 86. Kh3 { [%clk 0:05:24] }
86... Qd8 { [%clk 0:04:48] } 87. Kg3 { [%clk 0:05:23] } 87... h4+
{ [%clk 0:04:48] } 88. Kg4 { [%clk 0:05:22] } 88... Nh6+ { [%clk 0:04:43] } 89.
Kh5 { [%clk 0:05:20] } 89... h3 { [%clk 0:04:40] } 90. Kg6 { [%clk 0:05:16] }
90... h2 { [%clk 0:04:37] } 91. Kh7 { [%clk 0:05:12] } 91... h1=R
{ [%clk 0:04:34] } 92. Kg6 { [%clk 0:05:10] } 92... Qe7 { [%clk 0:04:27] }
1/2-1/2"
Rated Rapid game,https://lichess.org/ERyY8tgz,2024.08.01,-,sokittoyou777,Fiery-Pawn,0-1,2024.08.01,08:41:53,1277,1380,,,A40,Queen's Pawn Game,600+0,Time forfeit,"1. d4 { [%clk 0:10:00] } 1... c6 { [%clk 0:10:00] } 2. Bf4 { [%clk 0:09:57] }
2... d6 { [%clk 0:09:50] } 3. Nf3 { [%clk 0:09:55] } 3... Nd7
{ [%clk 0:09:46] } 4. e3 { [%clk 0:09:49] } 4... g6 { [%clk 0:09:43] } 5. Nbd2
{ [%clk 0:09:42] } 5... Bg7 { [%clk 0:09:41] } 6. c3 { [%clk 0:09:32] } 6...
Ndf6 { [%clk 0:09:38] } 7. Qc1 { [%clk 0:09:22] } 7... Nh5 { [%clk 0:09:28] }
8. Bg5 { [%clk 0:09:13] } 8... f6 { [%clk 0:09:23] } 9. Bh4 { [%clk 0:09:09] }
9... g5 { [%clk 0:09:04] } 10. Bg3 { [%clk 0:09:05] } 10... Nxg3
{ [%clk 0:08:58] } 11. hxg3 { [%clk 0:09:04] } 11... h5 { [%clk 0:08:51] } 12.
Bd3 { [%clk 0:08:56] } 12... Rh6 { [%clk 0:08:34] } 13. Qc2 { [%clk 0:08:05] }
13... g4 { [%clk 0:08:31] } 14. Nh4 { [%clk 0:07:56] } 14... Be6
{ [%clk 0:08:21] } 15. f3 { [%clk 0:07:32] } 15... Kd7 { [%clk 0:08:04] } 16.
fxg4 { [%clk 0:07:26] } 16... Bxg4 { [%clk 0:07:47] } 17. Nhf3
{ [%clk 0:06:45] } 17... Be6 { [%clk 0:07:40] } 18. O-O-O { [%clk 0:06:13] }
18... Bxa2 { [%clk 0:07:30] } 19. b3 { [%clk 0:06:07] } 19... Bxb3
{ [%clk 0:07:16] } 20. Qxb3 { [%clk 0:06:06] } 20... b6 { [%clk 0:07:02] } 21.
Ne4 { [%clk 0:05:41] } 21... d5 { [%clk 0:06:30] } 22. Ned2 { [%clk 0:05:12] }
22... Kc7 { [%clk 0:06:25] } 23. e4 { [%clk 0:05:06] } 23... e6
{ [%clk 0:06:14] } 24. exd5 { [%clk 0:05:04] } 24... exd5 { [%clk 0:06:11] }
25. Bf5 { [%clk 0:04:56] } 25... Ne7 { [%clk 0:06:08] } 26. Be6
{ [%clk 0:04:44] } 26... Qd6 { [%clk 0:05:58] } 27. Bh3 { [%clk 0:04:29] }
27... Qxg3 { [%clk 0:05:48] } 28. c4 { [%clk 0:04:02] } 28... Qd6
{ [%clk 0:05:44] } 29. c5 { [%clk 0:03:53] } 29... bxc5 { [%clk 0:05:39] } 30.
Qa3 { [%clk 0:03:18] } 30... Nc8 { [%clk 0:05:14] } 31. dxc5 { [%clk 0:03:10] }
31... Qe7 { [%clk 0:04:46] } 32. Qa5+ { [%clk 0:02:56] } 32... Nb6
{ [%clk 0:04:41] } 33. cxb6+ { [%clk 0:02:53] } 33... Kb7 { [%clk 0:04:29] }
34. Nb3 { [%clk 0:02:32] } 34... axb6 { [%clk 0:04:20] } 35. Qc3
{ [%clk 0:01:54] } 35... f5 { [%clk 0:03:57] } 36. Qd3 { [%clk 0:01:39] } 36...
Qa3+ { [%clk 0:03:45] } 37. Kd2 { [%clk 0:01:25] } 37... Qb2+
{ [%clk 0:03:43] } 38. Ke1 { [%clk 0:01:14] } 38... Re8+ { [%clk 0:03:40] } 39.
Kf1 { [%clk 0:01:00] } 39... Rd6 { [%clk 0:03:11] } 40. Ra1 { [%clk 0:00:41] }
40... Ra8 { [%clk 0:02:31] } 41. Rb1 { [%clk 0:00:28] } 41... Qf6
{ [%clk 0:02:06] } 42. Bxf5 { [%clk 0:00:25] } 42... Re8 { [%clk 0:01:45] } 43.
Rxh5 { [%clk 0:00:22] } 43... Re7 { [%clk 0:01:25] } 44. Ra1 { [%clk 0:00:05] }
44... b5 { [%clk 0:01:16] } 0-1"
Rated Rapid game,https://lichess.org/3qyTUNUT,2024.08.01,-,sopilus1970,gattaca53,0-1,2024.08.01,08:41:53,1765,1769,,,B21,Sicilian Defense: Smith-Morra Gambit Accepted,600+0,Normal,"1. e4 { [%clk 0:10:00] } 1... c5 { [%clk 0:10:00] } 2. d4 { [%clk 0:09:59] }
2... cxd4 { [%clk 0:09:59] } 3. c3 { [%clk 0:09:53] } 3... dxc3
{ [%clk 0:09:56] } 4. Nxc3 { [%clk 0:09:52] } 4... e6 { [%clk 0:09:55] } 5. Bc4
{ [%clk 0:09:51] } 5... Nc6 { [%clk 0:09:49] } 6. Nf3 { [%clk 0:09:50] } 6...
Nf6 { [%clk 0:09:46] } 7. O-O { [%clk 0:09:47] } 7... d6 { [%clk 0:09:32] } 8.
Qe2 { [%clk 0:09:43] } 8... Be7 { [%clk 0:09:27] } 9. Rd1 { [%clk 0:09:32] }
9... O-O { [%clk 0:09:22] } 10. e5 { [%clk 0:09:31] } 10... Nd5
{ [%clk 0:08:58] } 11. Bxd5 { [%clk 0:08:27] } 11... exd5 { [%clk 0:08:55] }
12. Nxd5 { [%clk 0:07:57] } 12... Bg4 { [%clk 0:08:31] } 13. Bf4
{ [%clk 0:07:50] } 13... dxe5 { [%clk 0:08:12] } 14. Nf6+ { [%clk 0:07:28] }
14... Bxf6 { [%clk 0:08:06] } 15. Rxd8 { [%clk 0:07:25] } 15... Raxd8
{ [%clk 0:07:31] } 16. h3 { [%clk 0:07:10] } 16... Nd4 { [%clk 0:07:20] } 17.
Qe4 { [%clk 0:06:36] } 17... Bxf3 { [%clk 0:07:05] } 18. gxf3
{ [%clk 0:05:49] } 18... exf4 { [%clk 0:07:02] } 19. Qxf4 { [%clk 0:05:46] }
0-1"
Rated Rapid game,https://lichess.org/ScuKs1cW,2024.08.01,-,sarunaa,mo-ismai,1/2-1/2,2024.08.01,08:41:59,1251,1225,,,B27,Sicilian Defense: Jalalabad Variation,600+0,Normal,"1. e4 { [%clk 0:10:00] } 1... e5 { [%clk 0:10:00] } 2. Nf3 { [%clk 0:09:57] }
2... c5 { [%clk 0:09:56] } 3. Bb5 { [%clk 0:09:54] } 3... Nc6
{ [%clk 0:09:49] } 4. Nc3 { [%clk 0:09:53] } 4... a6 { [%clk 0:09:47] } 5. Bxc6
{ [%clk 0:09:49] } 5... bxc6 { [%clk 0:09:45] } 6. d3 { [%clk 0:09:48] } 6...
d6 { [%clk 0:09:43] } 7. Bg5 { [%clk 0:09:45] } 7... Be7 { [%clk 0:09:39] } 8.
Be3 { [%clk 0:09:43] } 8... h6 { [%clk 0:09:37] } 9. Qd2 { [%clk 0:09:36] }
9... Nf6 { [%clk 0:09:35] } 10. O-O-O { [%clk 0:09:26] } 10... d5
{ [%clk 0:09:33] } 11. exd5 { [%clk 0:09:24] } 11... cxd5 { [%clk 0:09:33] }
12. d4 { [%clk 0:09:12] } 12... Bg4 { [%clk 0:09:20] } 13. dxe5
{ [%clk 0:09:05] } 13... d4 { [%clk 0:09:09] } 14. h3 { [%clk 0:08:32] } 14...
Bxf3 { [%clk 0:09:06] } 15. gxf3 { [%clk 0:08:27] } 15... dxc3
{ [%clk 0:09:04] } 16. Qxc3 { [%clk 0:08:15] } 16... Nd5 { [%clk 0:09:03] } 17.
f4 { [%clk 0:07:59] } 17... Nxc3 { [%clk 0:09:01] } 18. Rxd8+
{ [%clk 0:07:58] } 18... Rxd8 { [%clk 0:09:01] } 19. bxc3 { [%clk 0:07:57] }
19... O-O { [%clk 0:08:56] } 20. Rd1 { [%clk 0:07:56] } 20... f6
{ [%clk 0:08:43] } 21. exf6 { [%clk 0:07:54] } 21... Bxf6 { [%clk 0:08:43] }
22. Bxc5 { [%clk 0:07:50] } 22... Rfe8 { [%clk 0:08:39] } 23. Rg1
{ [%clk 0:07:22] } 23... Bxc3 { [%clk 0:08:32] } 24. Bb6 { [%clk 0:07:20] }
24... Rd7 { [%clk 0:08:23] } 25. f5 { [%clk 0:07:17] } 25... Re1+
{ [%clk 0:08:19] } 26. Rxe1 { [%clk 0:07:13] } 26... Bxe1 { [%clk 0:08:19] }
27. h4 { [%clk 0:06:59] } 27... Rd6 { [%clk 0:08:17] } 28. Be3
{ [%clk 0:06:56] } 28... Rf6 { [%clk 0:07:59] } 29. Bd4 { [%clk 0:06:51] }
29... Rxf5 { [%clk 0:07:58] } 30. Kb2 { [%clk 0:06:51] } 30... Rb5+
{ [%clk 0:07:56] } 31. Ka3 { [%clk 0:06:47] } 31... Rh5 { [%clk 0:07:49] } 32.
c4 { [%clk 0:06:36] } 32... Rxh4 { [%clk 0:07:47] } 33. Kb3 { [%clk 0:06:16] }
33... Rxd4 { [%clk 0:07:45] } 34. c5 { [%clk 0:06:13] } 34... Bxf2
{ [%clk 0:07:33] } 35. c6 { [%clk 0:06:10] } 35... Bg3 { [%clk 0:07:30] } 36.
Kc3 { [%clk 0:06:08] } 36... Ra4 { [%clk 0:07:25] } 37. Kb3 { [%clk 0:06:05] }
37... Re4 { [%clk 0:07:23] } 38. Kc3 { [%clk 0:06:02] } 38... a5
{ [%clk 0:07:20] } 39. Kd3 { [%clk 0:05:58] } 39... Ra4 { [%clk 0:07:19] } 40.
Kc3 { [%clk 0:05:54] } 40... Rxa2 { [%clk 0:07:17] } 41. Kb3 { [%clk 0:05:52] }
41... Re2 { [%clk 0:07:15] } 42. Ka4 { [%clk 0:05:50] } 42... Re8
{ [%clk 0:07:13] } 43. Kxa5 { [%clk 0:05:48] } 43... Ra8+ { [%clk 0:07:12] }
44. Kb6 { [%clk 0:05:47] } 44... Rb8+ { [%clk 0:07:11] } 45. Ka7
{ [%clk 0:05:41] } 45... Rc8 { [%clk 0:07:09] } 46. Kb6 { [%clk 0:05:39] }
46... Rxc6+ { [%clk 0:07:08] } 47. Kxc6 { [%clk 0:05:38] } 47... h5
{ [%clk 0:07:08] } 48. Kd5 { [%clk 0:05:36] } 48... h4 { [%clk 0:07:08] } 49.
Ke4 { [%clk 0:05:35] } 49... h3 { [%clk 0:07:08] } 50. Kf3 { [%clk 0:05:35] }
50... h2 { [%clk 0:07:08] } 51. Kg2 { [%clk 0:05:34] } 51... Bd6
{ [%clk 0:07:04] } 52. Kh1 { [%clk 0:05:31] } 52... g6 { [%clk 0:07:03] } 53.
Kg2 { [%clk 0:05:31] } 53... g5 { [%clk 0:07:02] } 54. Kh1 { [%clk 0:05:30] }
54... g4 { [%clk 0:07:01] } 55. Kg2 { [%clk 0:05:29] } 55... Kg7
{ [%clk 0:06:57] } 56. Kh1 { [%clk 0:05:26] } 56... Kg6 { [%clk 0:06:48] } 57.
Kg2 { [%clk 0:05:25] } 57... Kg5 { [%clk 0:06:39] } 58. Kh1 { [%clk 0:05:23] }
58... Kh4 { [%clk 0:06:37] } 59. Kg2 { [%clk 0:05:22] } 59... g3
{ [%clk 0:06:35] } 60. Kh1 { [%clk 0:05:21] } 60... Be5 { [%clk 0:06:32] } 61.
Kg2 { [%clk 0:05:20] } 61... h1=Q+ { [%clk 0:06:27] } 62. Kxh1
{ [%clk 0:05:18] } 62... Kh3 { [%clk 0:06:25] } 63. Kg1 { [%clk 0:05:17] }
63... g2 { [%clk 0:06:22] } 64. Kf2 { [%clk 0:05:10] } 64... Kh2
{ [%clk 0:06:16] } 65. Kf3 { [%clk 0:05:04] } 65... g1=Q { [%clk 0:06:13] } 66.
Ke4 { [%clk 0:04:58] } 66... Qg3 { [%clk 0:06:06] } 67. Kf5 { [%clk 0:04:55] }
67... Qh3+ { [%clk 0:06:04] } 68. Ke4 { [%clk 0:04:54] } 68... Qh4+
{ [%clk 0:06:00] } 69. Kxe5 { [%clk 0:04:53] } 69... Kg3 { [%clk 0:05:59] } 70.
Kf5 { [%clk 0:04:50] } 70... Qf4+ { [%clk 0:05:58] } 71. Ke6 { [%clk 0:04:47] }
71... Kf3 { [%clk 0:05:54] } 72. Kd5 { [%clk 0:04:36] } 72... Qe4+
{ [%clk 0:05:52] } 73. Kd6 { [%clk 0:04:32] } 73... Ke3 { [%clk 0:05:50] } 74.
Kc5 { [%clk 0:04:30] } 74... Qd4+ { [%clk 0:05:47] } 75. Kc6 { [%clk 0:04:27] }
75... Kd3 { [%clk 0:05:43] } 76. Kb5 { [%clk 0:04:23] } 76... Qc4+
{ [%clk 0:05:42] } 77. Kb6 { [%clk 0:04:22] } 77... Kd4 { [%clk 0:05:41] } 78.
Kb7 { [%clk 0:04:18] } 78... Kc5 { [%clk 0:05:39] } 79. Kc7 { [%clk 0:04:17] }
79... Qd5 { [%clk 0:05:37] } 80. Kc8 { [%clk 0:04:14] } 80... Qd6
{ [%clk 0:05:34] } 81. Kb7 { [%clk 0:04:13] } 81... Qc6+ { [%clk 0:05:32] } 82.
Kb8 { [%clk 0:04:09] } 82... Kd6 { [%clk 0:05:28] } 83. Ka7 { [%clk 0:04:08] }
83... Qc5+ { [%clk 0:05:14] } 84. Kb7 { [%clk 0:04:04] } 84... Qc7+
{ [%clk 0:05:09] } 85. Ka8 { [%clk 0:03:57] } 85... Qc8+ { [%clk 0:05:05] } 86.
Ka7 { [%clk 0:03:55] } 86... Qc7+ { [%clk 0:05:00] } 87. Ka6 { [%clk 0:03:52] }
87... Kc6 { [%clk 0:04:56] } 1/2-1/2"
Rated Rapid game,https://lichess.org/KwT4JKKd,2024.08.01,-,riratheripper,ank75,0-1,2024.08.01,08:41:59,1283,1291,,,C44,King's Knight Opening: Normal Variation,600+0,Normal,"1. e4 { [%clk 0:10:00] } 1... e5 { [%clk 0:10:00] } 2. Nf3 { [%clk 0:09:58] }
2... Nc6 { [%clk 0:10:00] } 3. d3 { [%clk 0:09:50] } 3... Nf6
{ [%clk 0:10:00] } 4. Nc3 { [%clk 0:09:46] } 4... Bc5 { [%clk 0:09:47] } 5. h3
{ [%clk 0:09:42] } 5... O-O { [%clk 0:09:24] } 6. Qe2 { [%clk 0:09:32] } 6...
d5 { [%clk 0:09:23] } 7. exd5 { [%clk 0:09:30] } 7... Nxd5 { [%clk 0:09:21] }
8. Nxd5 { [%clk 0:09:19] } 8... Qxd5 { [%clk 0:09:19] } 9. a3
{ [%clk 0:09:13] } 9... Nd4 { [%clk 0:09:04] } 10. Nxd4 { [%clk 0:09:09] }
10... Qxd4 { [%clk 0:09:00] } 11. c3 { [%clk 0:08:55] } 11... Qd6
{ [%clk 0:08:41] } 12. Bd2 { [%clk 0:08:48] } 12... e4 { [%clk 0:08:37] } 13.
O-O-O { [%clk 0:08:44] } 13... exd3 { [%clk 0:08:34] } 14. Qf3
{ [%clk 0:08:36] } 14... Qe6 { [%clk 0:08:21] } 15. Qxd3 { [%clk 0:08:28] }
15... Rd8 { [%clk 0:08:16] } 16. Qf3 { [%clk 0:08:14] } 16... Qa2
{ [%clk 0:07:54] } 17. g4 { [%clk 0:08:00] } 17... Be6 { [%clk 0:07:35] } 18.
Bg2 { [%clk 0:07:09] } 18... Bb3 { [%clk 0:07:29] } 0-1"
Rated Rapid game,https://lichess.org/HU2bxd7b,2024.08.01,-,danosokha,alexra1981,1-0,2024.08.01,08:41:59,1557,1597,,,C60,"Ruy Lopez: Cozio Defense, Paulsen Variation",600+0,Normal,"1. e4 { [%clk 0:10:00] } 1... e5 { [%clk 0:10:00] } 2. Nf3 { [%clk 0:09:24] }
2... Nc6 { [%clk 0:09:41] } 3. Bb5 { [%clk 0:09:22] } 3... Nge7
{ [%clk 0:09:40] } 4. Nc3 { [%clk 0:09:16] } 4... g6 { [%clk 0:09:38] } 5. d4
{ [%clk 0:09:13] } 5... exd4 { [%clk 0:09:36] } 6. Nxd4 { [%clk 0:09:12] } 6...
Bg7 { [%clk 0:09:35] } 7. Nxc6 { [%clk 0:09:10] } 7... Nxc6 { [%clk 0:09:35] }
8. Bf4 { [%clk 0:09:05] } 8... O-O { [%clk 0:09:32] } 9. O-O { [%clk 0:09:02] }
9... Qh4 { [%clk 0:09:27] } 10. Bxc7 { [%clk 0:08:51] } 10... Ne5
{ [%clk 0:09:17] } 11. Bxe5 { [%clk 0:08:45] } 11... Bxe5 { [%clk 0:09:15] }
12. g3 { [%clk 0:08:42] } 12... Qf6 { [%clk 0:09:04] } 13. Bxd7
{ [%clk 0:08:31] } 13... Rd8 { [%clk 0:08:59] } 14. Nd5 { [%clk 0:08:22] }
14... Qg5 { [%clk 0:08:40] } 15. Bxc8 { [%clk 0:08:15] } 15... Raxc8
{ [%clk 0:08:34] } 16. f4 { [%clk 0:08:10] } 16... Bxf4 { [%clk 0:08:29] } 17.
Rxf4 { [%clk 0:08:09] } 17... Rxc2 { [%clk 0:08:16] } 18. Qxc2
{ [%clk 0:08:00] } 1-0"
Rated Rapid game,https://lichess.org/Xu4aWSbb,2024.08.01,-,Ahmed_nour71,cambaluc,0-1,2024.08.01,08:41:59,1925,1936,,,B01,Scandinavian Defense: Marshall Variation,600+0,Time forfeit,"1. e4 { [%clk 0:10:00] } 1... d5 { [%clk 0:10:00] } 2. exd5 { [%clk 0:09:52] }
2... Nf6 { [%clk 0:09:59] } 3. d4 { [%clk 0:09:50] } 3... Nxd5
{ [%clk 0:09:57] } 4. c4 { [%clk 0:09:49] } 4... Nf6 { [%clk 0:09:56] } 5. Nc3
{ [%clk 0:09:47] } 5... Bg4 { [%clk 0:09:51] } 6. Be2 { [%clk 0:09:43] } 6...
Bf5 { [%clk 0:09:49] } 7. g4 { [%clk 0:09:35] } 7... Be4 { [%clk 0:09:43] } 8.
f3 { [%clk 0:09:33] } 8... Bg6 { [%clk 0:09:39] } 9. h4 { [%clk 0:09:29] } 9...
h5 { [%clk 0:09:37] } 10. g5 { [%clk 0:09:21] } 10... Nfd7 { [%clk 0:09:35] }
11. Bf4 { [%clk 0:09:15] } 11... e6 { [%clk 0:09:23] } 12. Nb5
{ [%clk 0:09:02] } 12... Na6 { [%clk 0:09:06] } 13. Bd3 { [%clk 0:08:38] }
13... c6 { [%clk 0:08:54] } 14. Nd6+ { [%clk 0:08:34] } 14... Bxd6
{ [%clk 0:08:49] } 15. Bxd6 { [%clk 0:08:26] } 15... Nb6 { [%clk 0:08:40] } 16.
c5 { [%clk 0:08:24] } 16... Nc8 { [%clk 0:08:32] } 17. Bxg6 { [%clk 0:08:17] }
17... fxg6 { [%clk 0:08:30] } 18. Be5 { [%clk 0:08:10] } 18... O-O
{ [%clk 0:08:13] } 19. a3 { [%clk 0:07:47] } 19... Nc7 { [%clk 0:08:06] } 20.
Qd3 { [%clk 0:07:39] } 20... Nd5 { [%clk 0:07:45] } 21. Ne2 { [%clk 0:07:22] }
21... Nce7 { [%clk 0:07:11] } 22. O-O-O { [%clk 0:07:04] } 22... b6
{ [%clk 0:07:00] } 23. Nc3 { [%clk 0:06:36] } 23... Nxc3 { [%clk 0:06:29] } 0-1"
Rated Rapid game,https://lichess.org/r050qv1L,2024.08.01,-,Inenvy,jojo_thestep,1-0,2024.08.01,08:41:59,1464,1450,,,C30,King's Gambit,600+0,Normal,"1. e4 { [%clk 0:10:00] } 1... e5 { [%clk 0:10:00] } 2. f4 { [%clk 0:10:00] }
2... d6 { [%clk 0:09:56] } 3. Nf3 { [%clk 0:09:59] } 3... Bg4
{ [%clk 0:09:44] } 4. Bc4 { [%clk 0:09:47] } 4... Nc6 { [%clk 0:09:34] } 5. h3
{ [%clk 0:09:39] } 5... Bxf3 { [%clk 0:09:22] } 6. Qxf3 { [%clk 0:09:37] } 6...
Nd4 { [%clk 0:09:18] } 7. Qh5 { [%clk 0:09:31] } 7... g6 { [%clk 0:09:10] } 8.
Qg4 { [%clk 0:09:29] } 8... Nxc2+ { [%clk 0:09:04] } 9. Kf2 { [%clk 0:09:28] }
9... Nf6 { [%clk 0:08:57] } 10. Qf3 { [%clk 0:09:15] } 10... Qe7
{ [%clk 0:08:35] } 11. Qb3 { [%clk 0:09:06] } 11... Nxa1 { [%clk 0:08:17] } 12.
Qxb7 { [%clk 0:09:04] } 12... Rd8 { [%clk 0:08:10] } 13. fxe5
{ [%clk 0:08:56] } 13... Nxe4+ { [%clk 0:08:07] } 14. Kg1 { [%clk 0:08:52] }
14... dxe5 { [%clk 0:07:34] } 15. Bb5+ { [%clk 0:08:50] } 15... Rd7
{ [%clk 0:06:58] } 16. Qxe4 { [%clk 0:08:36] } 16... Qc5+ { [%clk 0:06:46] }
17. Kh2 { [%clk 0:08:19] } 17... Qxb5 { [%clk 0:06:43] } 18. Nc3
{ [%clk 0:08:17] } 18... Qb4 { [%clk 0:06:25] } 19. Qxe5+ { [%clk 0:08:01] }
19... Re7 { [%clk 0:06:24] } 20. Qxh8 { [%clk 0:07:59] } 20... Qd6+
{ [%clk 0:06:15] } 21. g3 { [%clk 0:07:48] } 21... f6 { [%clk 0:05:59] } 22.
Rf1 { [%clk 0:07:11] } 22... Kf7 { [%clk 0:05:49] } 23. Qxh7+
{ [%clk 0:07:07] } 23... Bg7 { [%clk 0:05:47] } 24. d3 { [%clk 0:06:47] } 24...
g5 { [%clk 0:04:58] } 25. Bxg5 { [%clk 0:06:21] } 1-0"
Rated Rapid game,https://lichess.org/VBLXihw9,2024.08.01,-,sw2ms,MagnusCalrsensMom,0-1,2024.08.01,08:41:59,1625,1710,,,B01,Scandinavian Defense: Main Line,600+0,Normal,"1. e4 { [%clk 0:10:00] } 1... d5 { [%clk 0:10:00] } 2. exd5 { [%clk 0:09:58] }
2... Qxd5 { [%clk 0:10:00] } 3. Nc3 { [%clk 0:09:53] } 3... Qa5
{ [%clk 0:09:59] } 4. Nf3 { [%clk 0:09:51] } 4... Nf6 { [%clk 0:09:59] } 5. d4
{ [%clk 0:09:49] } 5... Bg4 { [%clk 0:09:58] } 6. Bd2 { [%clk 0:09:48] } 6...
Nc6 { [%clk 0:09:58] } 7. Be2 { [%clk 0:09:41] } 7... O-O-O { [%clk 0:09:56] }
8. O-O { [%clk 0:09:39] } 8... Qf5 { [%clk 0:09:52] } 9. Bd3 { [%clk 0:09:32] }
9... Qd7 { [%clk 0:09:39] } 10. h3 { [%clk 0:09:29] } 10... Bxh3
{ [%clk 0:09:34] } 11. gxh3 { [%clk 0:09:25] } 11... Qxh3 { [%clk 0:09:34] }
12. Ng5 { [%clk 0:09:21] } 12... Qh4 { [%clk 0:09:08] } 13. Qf3
{ [%clk 0:09:09] } 13... e6 { [%clk 0:08:51] } 14. Nxf7 { [%clk 0:09:06] }
14... Nxd4 { [%clk 0:08:35] } 15. Qh3 { [%clk 0:09:00] } 15... Qxh3
{ [%clk 0:08:30] } 16. Nxh8 { [%clk 0:04:07] } 16... Nf3# { [%clk 0:08:23] }
0-1"
Rated Rapid game,https://lichess.org/bPY5vgSE,2024.08.01,-,PPGuribarri,dentex20600,1-0,2024.08.01,08:41:59,1433,1423,,,D20,Queen's Gambit Accepted,600+0,Normal,"1. d4 { [%clk 0:10:00] } 1... d5 { [%clk 0:10:00] } 2. c4 { [%clk 0:10:00] }
2... dxc4 { [%clk 0:09:58] } 3. Nc3 { [%clk 0:09:58] } 3... e6
{ [%clk 0:09:56] } 4. e4 { [%clk 0:09:57] } 4... Nc6 { [%clk 0:09:52] } 5. Nf3
{ [%clk 0:09:54] } 5... Be7 { [%clk 0:09:50] } 6. Bxc4 { [%clk 0:09:53] } 6...
h6 { [%clk 0:09:42] } 7. d5 { [%clk 0:09:52] } 7... exd5 { [%clk 0:09:40] } 8.
Nxd5 { [%clk 0:09:49] } 8... Nf6 { [%clk 0:09:32] } 9. Nxe7 { [%clk 0:09:45] }
9... Qxd1+ { [%clk 0:09:31] } 10. Kxd1 { [%clk 0:09:41] } 10... Nxe7
{ [%clk 0:09:29] } 11. Ne5 { [%clk 0:09:38] } 11... O-O { [%clk 0:09:26] } 12.
b3 { [%clk 0:09:32] } 12... Nxe4 { [%clk 0:09:24] } 13. Ba3 { [%clk 0:09:26] }
13... Rd8+ { [%clk 0:09:21] } 14. Kc2 { [%clk 0:09:17] } 14... Nc6
{ [%clk 0:09:07] } 15. Nxc6 { [%clk 0:09:13] } 15... bxc6 { [%clk 0:09:05] }
16. f3 { [%clk 0:09:09] } 16... Nd6 { [%clk 0:08:55] } 17. Be2
{ [%clk 0:08:52] } 17... Bf5+ { [%clk 0:08:50] } 18. Kb2 { [%clk 0:08:47] }
18... Nb5 { [%clk 0:08:46] } 19. Bc4 { [%clk 0:08:27] } 19... Nxa3
{ [%clk 0:08:36] } 20. Kxa3 { [%clk 0:08:27] } 20... Bd3 { [%clk 0:08:20] } 21.
Bxd3 { [%clk 0:08:22] } 21... Rxd3 { [%clk 0:08:15] } 22. Rad1
{ [%clk 0:08:21] } 22... Rxd1 { [%clk 0:08:13] } 23. Rxd1 { [%clk 0:08:21] }
23... Kf8 { [%clk 0:08:07] } 24. Rd7 { [%clk 0:08:18] } 24... Rc8
{ [%clk 0:08:04] } 25. Ka4 { [%clk 0:08:14] } 25... Ke8 { [%clk 0:08:02] } 26.
Rd3 { [%clk 0:08:10] } 26... Rd8 { [%clk 0:07:58] } 27. Rc3 { [%clk 0:08:07] }
27... Rd4+ { [%clk 0:07:51] } 28. Ka5 { [%clk 0:08:03] } 28... Kd7
{ [%clk 0:07:44] } 29. Ka6 { [%clk 0:08:00] } 29... Rd2 { [%clk 0:07:42] } 30.
g4 { [%clk 0:07:42] } 30... Rxa2+ { [%clk 0:07:40] } 31. Kb7 { [%clk 0:07:39] }
31... Rxh2 { [%clk 0:07:28] } 32. Rxc6 { [%clk 0:07:35] } 32... Rb2
{ [%clk 0:07:24] } 33. Rxc7+ { [%clk 0:07:33] } 33... Kd6 { [%clk 0:07:23] }
34. Rxf7 { [%clk 0:07:29] } 34... Rxb3+ { [%clk 0:07:21] } 35. Kxa7
{ [%clk 0:07:28] } 35... g5 { [%clk 0:07:16] } 36. Rh7 { [%clk 0:07:23] } 36...
Rxf3 { [%clk 0:07:14] } 37. Rxh6+ { [%clk 0:07:21] } 37... Rf6
{ [%clk 0:07:09] } 38. Rxf6+ { [%clk 0:07:19] } 1-0"
Rated Rapid game,https://lichess.org/P45pzy11,2024.08.01,-,Meghluck,luisfe123455,1-0,2024.08.01,08:41:59,1983,1905,,,B12,Caro-Kann Defense: Advance Variation,600+0,Normal,"1. e4 { [%clk 0:10:00] } 1... c6 { [%clk 0:10:00] } 2. d4 { [%clk 0:09:59] }
2... d5 { [%clk 0:09:59] } 3. e5 { [%clk 0:09:59] } 3... Bf5 { [%clk 0:09:58] }
4. Bd3 { [%clk 0:09:58] } 4... Bg6 { [%clk 0:09:57] } 5. h4 { [%clk 0:09:56] }
5... Bxd3 { [%clk 0:09:55] } 6. Qxd3 { [%clk 0:09:56] } 6... e6
{ [%clk 0:09:52] } 7. Nf3 { [%clk 0:09:54] } 7... Qb6 { [%clk 0:09:51] } 8. O-O
{ [%clk 0:09:43] } 8... c5 { [%clk 0:09:49] } 9. Nbd2 { [%clk 0:09:41] } 9...
Nc6 { [%clk 0:09:42] } 10. Rd1 { [%clk 0:09:35] } 10... Nh6 { [%clk 0:09:37] }
11. c4 { [%clk 0:09:30] } 11... O-O-O { [%clk 0:09:29] } 12. cxd5
{ [%clk 0:09:10] } 12... Rxd5 { [%clk 0:09:27] } 13. Nc4 { [%clk 0:09:06] }
13... Qd8 { [%clk 0:09:16] } 14. Qb3 { [%clk 0:08:36] } 14... Nf5
{ [%clk 0:09:10] } 15. Bg5 { [%clk 0:08:22] } 15... f6 { [%clk 0:09:09] } 16.
Ne3 { [%clk 0:08:00] } 16... Nxe3 { [%clk 0:08:59] } 17. Bxe3
{ [%clk 0:08:00] } 17... fxe5 { [%clk 0:08:54] } 18. dxe5 { [%clk 0:07:50] }
18... Rxd1+ { [%clk 0:08:51] } 19. Rxd1 { [%clk 0:07:49] } 19... Qc7
{ [%clk 0:08:49] } 20. Qxe6+ { [%clk 0:07:44] } 1-0"
Rated Rapid game,https://lichess.org/mkGTZTdk,2024.08.01,-,badr745,Citizen_LORD,0-1,2024.08.01,08:41:59,745,833,,,B00,Nimzowitsch Defense: Declined Variation,600+0,Normal,"1. e4 { [%clk 0:10:00] } 1... Nc6 { [%clk 0:10:00] } 2. Nf3 { [%clk 0:09:53] }
2... Nf6 { [%clk 0:09:59] } 3. e5 { [%clk 0:09:47] } 3... d5 { [%clk 0:09:53] }
4. Bb5 { [%clk 0:09:43] } 4... Ne4 { [%clk 0:09:45] } 5. Nc3 { [%clk 0:09:35] }
5... Nxc3 { [%clk 0:09:37] } 6. dxc3 { [%clk 0:09:31] } 6... Bd7
{ [%clk 0:09:36] } 7. O-O { [%clk 0:09:24] } 7... e6 { [%clk 0:09:35] } 8. Re1
{ [%clk 0:09:17] } 8... Qe7 { [%clk 0:09:30] } 9. Bg5 { [%clk 0:09:15] } 9...
f6 { [%clk 0:09:25] } 10. Bh4 { [%clk 0:09:10] } 10... O-O-O { [%clk 0:09:24] }
11. c4 { [%clk 0:09:00] } 11... Qc5 { [%clk 0:09:22] } 12. Qd3
{ [%clk 0:08:44] } 12... fxe5 { [%clk 0:09:14] } 13. Nxe5 { [%clk 0:08:39] }
13... Nxe5 { [%clk 0:09:07] } 14. Rxe5 { [%clk 0:08:38] } 14... Bd6
{ [%clk 0:08:55] } 15. Rh5 { [%clk 0:08:18] } 15... Rhf8 { [%clk 0:08:51] } 16.
Bxd8 { [%clk 0:08:14] } 16... Qxf2+ { [%clk 0:08:49] } 17. Kh1
{ [%clk 0:08:09] } 17... Rf3 { [%clk 0:08:29] } 18. Rxh7 { [%clk 0:07:48] }
18... c6 { [%clk 0:08:04] } 0-1"
Rated Rapid game,https://lichess.org/uqhKujTm,2024.08.01,-,Caro-KG,chesshw,1-0,2024.08.01,08:41:59,1904,1785,,,C36,King's Gambit Accepted: Modern Defense,600+0,Time forfeit,"1. e4 { [%clk 0:10:00] } 1... e5 { [%clk 0:10:00] } 2. f4 { [%clk 0:09:59] }
2... exf4 { [%clk 0:09:58] } 3. Nf3 { [%clk 0:09:59] } 3... d5
{ [%clk 0:09:57] } 4. exd5 { [%clk 0:09:58] } 4... Bg4 { [%clk 0:09:56] } 5. c4
{ [%clk 0:09:56] } 5... Bxf3 { [%clk 0:09:45] } 6. Qxf3 { [%clk 0:09:55] } 6...
Qh4+ { [%clk 0:09:43] } 7. Kd1 { [%clk 0:09:52] } 7... Nd7 { [%clk 0:09:27] }
8. d4 { [%clk 0:09:50] } 8... g5 { [%clk 0:09:19] } 9. Bd3 { [%clk 0:09:40] }
9... O-O-O { [%clk 0:09:15] } 10. Bd2 { [%clk 0:09:36] } 10... Bg7
{ [%clk 0:09:05] } 11. Be1 { [%clk 0:09:20] } 11... Qh6 { [%clk 0:08:58] } 12.
Bf2 { [%clk 0:09:18] } 12... Ne7 { [%clk 0:08:50] } 13. h3 { [%clk 0:09:10] }
13... Qb6 { [%clk 0:08:24] } 14. Qe2 { [%clk 0:08:31] } 14... Rhe8
{ [%clk 0:08:19] } 15. c5 { [%clk 0:08:04] } 15... Qf6 { [%clk 0:07:31] } 16.
Qf3 { [%clk 0:07:55] } 16... Nf5 { [%clk 0:07:28] } 17. Bxf5 { [%clk 0:07:43] }
17... Qxf5 { [%clk 0:07:26] } 18. Nc3 { [%clk 0:07:42] } 18... h5
{ [%clk 0:06:54] } 19. Qxh5 { [%clk 0:07:31] } 19... Qd3+ { [%clk 0:06:51] }
20. Kc1 { [%clk 0:07:22] } 20... Bxd4 { [%clk 0:06:35] } 21. Bxd4
{ [%clk 0:07:16] } 21... Qxd4 { [%clk 0:06:33] } 22. Qxf7 { [%clk 0:07:13] }
22... Nxc5 { [%clk 0:06:13] } 23. Rd1 { [%clk 0:07:07] } 23... Qc4
{ [%clk 0:04:34] } 24. Qf5+ { [%clk 0:06:49] } 24... Kb8 { [%clk 0:04:30] } 25.
Kb1 { [%clk 0:05:39] } 25... Na4 { [%clk 0:03:03] } 26. Nxa4 { [%clk 0:05:34] }
26... Qxa4 { [%clk 0:03:00] } 27. Qc2 { [%clk 0:05:11] } 27... Qxc2+
{ [%clk 0:02:47] } 28. Kxc2 { [%clk 0:05:09] } 28... Re2+ { [%clk 0:02:46] }
29. Rd2 { [%clk 0:05:08] } 29... Rxd2+ { [%clk 0:02:38] } 30. Kxd2
{ [%clk 0:05:07] } 30... Rxd5+ { [%clk 0:02:38] } 31. Kc2 { [%clk 0:05:02] }
31... Re5 { [%clk 0:02:20] } 32. Rd1 { [%clk 0:04:55] } 32... Kc8
{ [%clk 0:02:19] } 33. Rd2 { [%clk 0:04:53] } 33... b5 { [%clk 0:02:05] } 34.
Kb3 { [%clk 0:04:49] } 34... a5 { [%clk 0:02:03] } 35. a4 { [%clk 0:04:47] }
35... b4 { [%clk 0:02:00] } 36. Kc4 { [%clk 0:04:45] } 36... Kb7
{ [%clk 0:01:52] } 37. b3 { [%clk 0:04:44] } 37... Kb6 { [%clk 0:01:48] } 38.
Kd4 { [%clk 0:04:39] } 38... Re6 { [%clk 0:01:35] } 39. Rc2 { [%clk 0:04:33] }
39... Re3 { [%clk 0:00:59] } 40. Rc5 { [%clk 0:04:22] } 40... Rg3
{ [%clk 0:00:56] } 41. Rc2 { [%clk 0:04:15] } 41... c5+ { [%clk 0:00:42] } 42.
Kc4 { [%clk 0:04:11] } 42... f3 { [%clk 0:00:05] } 43. gxf3 { [%clk 0:04:03] }
43... Rxf3 { [%clk 0:00:02] } 44. Rh2 { [%clk 0:03:56] } 1-0"
Rated Rapid game,https://lichess.org/pCQnog7c,2024.08.01,-,Salman_Alakbarzade,nobel-s-john,0-1,2024.08.01,08:42:05,1035,1029,,,C21,Center Game,600+0,Normal,"1. e4 { [%clk 0:10:00] } 1... e5 { [%clk 0:10:00] } 2. d4 { [%clk 0:09:58] }
2... exd4 { [%clk 0:09:57] } 3. Qxd4 { [%clk 0:09:58] } 3... d6
{ [%clk 0:09:47] } 4. e5 { [%clk 0:09:54] } 4... Qe7 { [%clk 0:09:41] } 5. Nf3
{ [%clk 0:09:46] } 5... dxe5 { [%clk 0:09:39] } 6. Nxe5 { [%clk 0:09:43] } 6...
Nd7 { [%clk 0:09:12] } 7. Bf4 { [%clk 0:09:40] } 7... Nxe5 { [%clk 0:09:00] }
8. Bxe5 { [%clk 0:09:39] } 8... Bd7 { [%clk 0:08:54] } 9. Bb5
{ [%clk 0:09:18] } 9... Bxb5 { [%clk 0:08:51] } 10. Nc3 { [%clk 0:09:11] }
10... Bd7 { [%clk 0:08:31] } 11. O-O-O { [%clk 0:09:08] } 11... O-O-O
{ [%clk 0:08:28] } 12. Bxg7 { [%clk 0:09:02] } 12... Bxg7 { [%clk 0:08:21] }
13. Qxg7 { [%clk 0:09:01] } 13... Nf6 { [%clk 0:08:09] } 14. Rhe1
{ [%clk 0:08:55] } 14... Qf8 { [%clk 0:08:01] } 15. Qxf6 { [%clk 0:08:51] }
15... Re8 { [%clk 0:07:47] } 16. Rxe8+ { [%clk 0:08:40] } 16... Qxe8
{ [%clk 0:07:42] } 17. Ne4 { [%clk 0:07:29] } 17... Rg8 { [%clk 0:07:22] } 18.
Nc5 { [%clk 0:07:23] } 18... Bc6 { [%clk 0:06:25] } 19. Qf5+ { [%clk 0:06:53] }
19... Kb8 { [%clk 0:06:17] } 20. b3 { [%clk 0:06:31] } 20... b6
{ [%clk 0:06:14] } 21. Na6+ { [%clk 0:06:27] } 21... Kb7 { [%clk 0:06:11] } 22.
Nb4 { [%clk 0:06:13] } 22... Rxg2 { [%clk 0:05:55] } 23. Qf6 { [%clk 0:06:04] }
23... Rxh2 { [%clk 0:05:31] } 24. Qxc6+ { [%clk 0:05:59] } 24... Qxc6
{ [%clk 0:05:28] } 25. Nxc6 { [%clk 0:05:58] } 25... Kxc6 { [%clk 0:05:27] }
26. f3 { [%clk 0:05:57] } 26... h5 { [%clk 0:05:23] } 27. c4 { [%clk 0:05:53] }
27... h4 { [%clk 0:05:21] } 28. a4 { [%clk 0:05:51] } 28... h3
{ [%clk 0:05:20] } 29. f4 { [%clk 0:05:49] } 29... Rg2 { [%clk 0:05:15] } 30.
b4 { [%clk 0:05:41] } 30... h2 { [%clk 0:05:13] } 31. b5+ { [%clk 0:05:33] }
31... Kb7 { [%clk 0:05:11] } 32. f5 { [%clk 0:05:14] } 32... Rg1
{ [%clk 0:05:06] } 33. Rxg1 { [%clk 0:05:12] } 33... hxg1=Q+ { [%clk 0:05:03] }
34. Kd2 { [%clk 0:05:11] } 34... Qg5+ { [%clk 0:05:01] } 35. Kd3
{ [%clk 0:05:08] } 35... Qxf5+ { [%clk 0:05:00] } 36. Kc3 { [%clk 0:05:07] }
36... Qh3+ { [%clk 0:04:54] } 37. Kb4 { [%clk 0:05:06] } 37... f5
{ [%clk 0:04:53] } 38. c5 { [%clk 0:05:04] } 38... bxc5+ { [%clk 0:04:50] } 39.
Kxc5 { [%clk 0:05:04] } 39... f4 { [%clk 0:04:47] } 40. a5 { [%clk 0:05:03] }
40... f3 { [%clk 0:04:46] } 41. a6+ { [%clk 0:05:02] } 41... Kb8
{ [%clk 0:04:43] } 42. b6 { [%clk 0:05:01] } 42... Qf5+ { [%clk 0:04:40] } 43.
Kc6 { [%clk 0:04:59] } 43... Qe6+ { [%clk 0:04:35] } 44. Kb5 { [%clk 0:04:58] }
44... Qxb6+ { [%clk 0:04:32] } 45. Kc4 { [%clk 0:04:55] } 45... Qxa6+
{ [%clk 0:04:28] } 46. Kd4 { [%clk 0:04:50] } 46... f2 { [%clk 0:04:27] } 47.
Ke3 { [%clk 0:04:50] } 47... f1=Q { [%clk 0:04:22] } 48. Kd2 { [%clk 0:04:48] }
48... Qf3 { [%clk 0:04:14] } 49. Kc1 { [%clk 0:04:47] } 49... Qa1+
{ [%clk 0:04:06] } 50. Kc2 { [%clk 0:04:46] } 50... Qa2+ { [%clk 0:04:03] } 51.
Kc1 { [%clk 0:04:44] } 51... Qf1# { [%clk 0:04:02] } 0-1"
Rated Rapid game,https://lichess.org/7eGJ8ADZ,2024.08.01,-,ali2761,velesvolk,1/2-1/2,2024.08.01,08:42:05,1926,1953,,,D00,Queen's Pawn Game: Accelerated London System,600+0,Normal,"1. d4 { [%clk 0:10:00] } 1... d5 { [%clk 0:10:00] } 2. Bf4 { [%clk 0:09:58] }
2... Nf6 { [%clk 0:09:56] } 3. e3 { [%clk 0:09:55] } 3... Bg4
{ [%clk 0:09:51] } 4. Be2 { [%clk 0:09:47] } 4... Bxe2 { [%clk 0:09:48] } 5.
Nxe2 { [%clk 0:09:45] } 5... e6 { [%clk 0:09:47] } 6. h3 { [%clk 0:09:43] }
6... h6 { [%clk 0:09:45] } 7. a3 { [%clk 0:09:39] } 7... Bd6 { [%clk 0:09:43] }
8. Nbc3 { [%clk 0:09:36] } 8... a6 { [%clk 0:09:38] } 9. O-O { [%clk 0:09:30] }
9... O-O { [%clk 0:09:37] } 10. Rc1 { [%clk 0:09:26] } 10... Nbd7
{ [%clk 0:09:36] } 11. Na2 { [%clk 0:09:25] } 11... e5 { [%clk 0:09:27] } 12.
dxe5 { [%clk 0:09:23] } 12... Bxe5 { [%clk 0:09:22] } 13. c3 { [%clk 0:09:17] }
13... c6 { [%clk 0:09:20] } 14. Nb4 { [%clk 0:09:15] } 14... Bxf4
{ [%clk 0:09:01] } 15. Nxf4 { [%clk 0:09:13] } 15... Ne4 { [%clk 0:08:51] } 16.
Qc2 { [%clk 0:09:04] } 16... Qb6 { [%clk 0:08:45] } 17. Rfd1 { [%clk 0:08:44] }
17... Ndf6 { [%clk 0:08:42] } 18. Nbd3 { [%clk 0:08:26] } 18... Qc7
{ [%clk 0:08:14] } 19. b4 { [%clk 0:08:08] } 19... Qe7 { [%clk 0:08:09] } 20.
c4 { [%clk 0:08:02] } 20... g5 { [%clk 0:07:58] } 21. Ne2 { [%clk 0:07:57] }
21... dxc4 { [%clk 0:07:31] } 22. Qxc4 { [%clk 0:07:49] } 22... Rfd8
{ [%clk 0:07:21] } 23. Nc3 { [%clk 0:07:32] } 23... Nxc3 { [%clk 0:07:18] } 24.
Qxc3 { [%clk 0:07:28] } 24... Ne4 { [%clk 0:07:12] } 25. Qc2 { [%clk 0:07:21] }
25... Qf6 { [%clk 0:07:03] } 26. Nc5 { [%clk 0:07:14] } 26... Nxc5
{ [%clk 0:06:44] } 27. Qxc5 { [%clk 0:07:13] } 27... Rxd1+ { [%clk 0:06:30] }
28. Rxd1 { [%clk 0:07:11] } 28... Rd8 { [%clk 0:06:26] } 29. Rxd8+
{ [%clk 0:06:55] } 29... Qxd8 { [%clk 0:06:25] } 30. Qc3 { [%clk 0:06:45] }
30... Qd1+ { [%clk 0:06:20] } 31. Kh2 { [%clk 0:06:43] } 31... Qe2
{ [%clk 0:06:18] } 32. f3 { [%clk 0:06:36] } 32... h5 { [%clk 0:06:07] } 33. e4
{ [%clk 0:06:33] } 33... h4 { [%clk 0:06:04] } 34. Qb3 { [%clk 0:06:07] } 34...
Qf2 { [%clk 0:06:01] } 35. a4 { [%clk 0:05:53] } 35... Qg3+ { [%clk 0:05:57] }
36. Kh1 { [%clk 0:05:51] } 36... Qe1+ { [%clk 0:05:51] } 37. Kh2
{ [%clk 0:05:50] } 37... Qg3+ { [%clk 0:05:44] } 38. Kh1 { [%clk 0:05:49] }
38... Qd6 { [%clk 0:05:43] } 39. Kg1 { [%clk 0:05:39] } 39... Qd4+
{ [%clk 0:05:40] } 40. Kh1 { [%clk 0:05:35] } 40... Qa1+ { [%clk 0:05:27] } 41.
Kh2 { [%clk 0:05:30] } 41... Qe5+ { [%clk 0:05:24] } 42. Kh1 { [%clk 0:05:29] }
42... Qg3 { [%clk 0:05:19] } 43. Kg1 { [%clk 0:05:26] } 43... Qe1+
{ [%clk 0:05:17] } 44. Kh2 { [%clk 0:05:25] } 44... Qg3+ { [%clk 0:05:16] }
1/2-1/2"
Rated Rapid game,https://lichess.org/yDyX43GB,2024.08.01,-,Xnovers,Nacherpat,0-1,2024.08.01,08:42:05,1500,1729,,,B50,Sicilian Defense: Modern Variations,600+0,Normal,"1. e4 { [%clk 0:10:00] } 1... c5 { [%clk 0:10:00] } 2. Nf3 { [%clk 0:09:55] }
2... d6 { [%clk 0:09:46] } 3. g3 { [%clk 0:09:39] } 3... e5 { [%clk 0:09:38] }
4. Nc3 { [%clk 0:09:33] } 4... Nf6 { [%clk 0:09:36] } 5. Bg2 { [%clk 0:09:23] }
5... Nc6 { [%clk 0:09:31] } 6. d4 { [%clk 0:09:17] } 6... cxd4
{ [%clk 0:09:28] } 7. Nb5 { [%clk 0:08:55] } 7... a6 { [%clk 0:09:22] } 8.
Nbxd4 { [%clk 0:08:32] } 8... exd4 { [%clk 0:09:14] } 9. Nxd4
{ [%clk 0:08:30] } 9... Nxd4 { [%clk 0:09:13] } 10. Qxd4 { [%clk 0:08:29] }
10... Be7 { [%clk 0:09:10] } 11. O-O { [%clk 0:08:24] } 11... O-O
{ [%clk 0:09:09] } 12. Re1 { [%clk 0:08:20] } 12... Ng4 { [%clk 0:08:55] } 13.
e5 { [%clk 0:08:06] } 13... Nxe5 { [%clk 0:08:53] } 14. Rxe5 { [%clk 0:07:56] }
14... dxe5 { [%clk 0:08:51] } 15. Qxd8 { [%clk 0:07:52] } 15... Rxd8
{ [%clk 0:08:50] } 16. Bd2 { [%clk 0:07:13] } 16... Rb8 { [%clk 0:08:45] } 17.
Rd1 { [%clk 0:07:07] } 17... Bf5 { [%clk 0:08:41] } 18. Kf1 { [%clk 0:06:40] }
18... Bxc2 { [%clk 0:08:37] } 19. Rc1 { [%clk 0:06:30] } 19... Rxd2
{ [%clk 0:08:35] } 20. Ra1 { [%clk 0:06:04] } 20... Rd1+ { [%clk 0:08:29] } 21.
Ke2 { [%clk 0:05:53] } 21... Rxa1 { [%clk 0:08:26] } 0-1"
Rated Rapid game,https://lichess.org/pxJecOaZ,2024.08.01,-,vis919,RidiculousOpening,0-1,2024.08.01,08:42:05,1595,1638,,,B00,Fried Fox Defense,600+0,Normal,"1. e4 { [%clk 0:10:00] } 1... f6 { [%clk 0:10:00] } 2. d4 { [%clk 0:09:58] }
2... Kf7 { [%clk 0:09:59] } 3. d5 { [%clk 0:09:56] } 3... c6 { [%clk 0:09:57] }
4. Nf3 { [%clk 0:09:53] } 4... cxd5 { [%clk 0:09:39] } 5. exd5
{ [%clk 0:09:41] } 5... b6 { [%clk 0:09:34] } 6. Bb5 { [%clk 0:09:38] } 6... a6
{ [%clk 0:09:30] } 7. Bd3 { [%clk 0:09:35] } 7... Bb7 { [%clk 0:09:28] } 8. Be4
{ [%clk 0:09:34] } 8... d6 { [%clk 0:09:25] } 9. Be3 { [%clk 0:09:32] } 9...
Nd7 { [%clk 0:09:24] } 10. Nc3 { [%clk 0:09:31] } 10... Nc5 { [%clk 0:09:22] }
11. Qe2 { [%clk 0:09:24] } 11... Nxe4 { [%clk 0:09:16] } 12. Nxe4
{ [%clk 0:09:23] } 12... Bxd5 { [%clk 0:09:15] } 13. O-O { [%clk 0:09:19] }
13... Bxe4 { [%clk 0:09:14] } 14. Nd4 { [%clk 0:09:13] } 14... e5
{ [%clk 0:08:56] } 15. Qc4+ { [%clk 0:09:00] } 15... d5 { [%clk 0:08:55] } 16.
Qc6 { [%clk 0:08:53] } 16... Rc8 { [%clk 0:08:43] } 17. Qe6+ { [%clk 0:08:52] }
17... Kg6 { [%clk 0:08:39] } 18. Qf5+ { [%clk 0:08:48] } 18... Bxf5
{ [%clk 0:08:36] } 19. Nxf5 { [%clk 0:08:46] } 19... Kxf5 { [%clk 0:08:34] }
20. c3 { [%clk 0:08:44] } 20... Bc5 { [%clk 0:08:23] } 21. Bxc5
{ [%clk 0:08:38] } 21... bxc5 { [%clk 0:08:17] } 22. Rae1 { [%clk 0:08:33] }
22... e4 { [%clk 0:08:13] } 23. Rd1 { [%clk 0:08:06] } 23... Ke6
{ [%clk 0:07:58] } 24. c4 { [%clk 0:08:03] } 24... d4 { [%clk 0:07:57] } 25.
Rfe1 { [%clk 0:07:58] } 25... f5 { [%clk 0:07:52] } 26. f3 { [%clk 0:07:56] }
26... Nf6 { [%clk 0:07:51] } 27. fxe4 { [%clk 0:07:54] } 27... fxe4
{ [%clk 0:07:48] } 28. a4 { [%clk 0:07:48] } 28... Rb8 { [%clk 0:07:41] } 29.
Rd2 { [%clk 0:07:43] } 29... Rb4 { [%clk 0:07:38] } 30. b3 { [%clk 0:07:34] }
30... Rxb3 { [%clk 0:07:35] } 31. Rf1 { [%clk 0:07:27] } 31... e3
{ [%clk 0:07:29] } 32. Re2 { [%clk 0:07:24] } 32... Rb4 { [%clk 0:07:19] } 33.
Rf4 { [%clk 0:07:17] } 33... Rxc4 { [%clk 0:07:13] } 34. g4 { [%clk 0:07:17] }
34... Rxa4 { [%clk 0:07:11] } 35. g5 { [%clk 0:07:15] } 35... Nd5
{ [%clk 0:07:09] } 36. Re4+ { [%clk 0:07:12] } 36... Kf5 { [%clk 0:07:06] } 37.
Re7 { [%clk 0:07:05] } 37... Qxe7 { [%clk 0:07:02] } 0-1"
Rated Rapid game,https://lichess.org/GFFTo5yY,2024.08.01,-,karpoxxez,PMJJF,0-1,2024.08.01,08:42:05,1809,1851,,,B21,Sicilian Defense: McDonnell Attack,600+0,Normal,"1. e4 { [%clk 0:10:00] } 1... c5 { [%clk 0:10:00] } 2. f4 { [%clk 0:09:58] }
2... Nc6 { [%clk 0:09:59] } 3. Nf3 { [%clk 0:09:55] } 3... e6
{ [%clk 0:09:57] } 4. e5 { [%clk 0:09:53] } 4... d5 { [%clk 0:09:55] } 5. Bb5
{ [%clk 0:09:49] } 5... a6 { [%clk 0:09:47] } 6. Bxc6+ { [%clk 0:09:46] } 6...
bxc6 { [%clk 0:09:47] } 7. O-O { [%clk 0:09:44] } 7... d4 { [%clk 0:09:46] } 8.
d3 { [%clk 0:09:37] } 8... Ne7 { [%clk 0:09:44] } 9. g4 { [%clk 0:09:34] } 9...
Nd5 { [%clk 0:09:42] } 10. c4 { [%clk 0:09:24] } 10... dxc3 { [%clk 0:09:29] }
11. Nxc3 { [%clk 0:09:20] } 11... Nb4 { [%clk 0:09:24] } 12. Ne1
{ [%clk 0:08:42] } 12... Qd4+ { [%clk 0:08:36] } 13. Kh1 { [%clk 0:08:33] }
13... Nd5 { [%clk 0:08:26] } 14. Ne2 { [%clk 0:08:13] } 14... Qb4
{ [%clk 0:08:12] } 15. a3 { [%clk 0:08:02] } 15... Qb6 { [%clk 0:08:07] } 16.
Ng3 { [%clk 0:07:38] } 16... Bb7 { [%clk 0:08:04] } 17. h3 { [%clk 0:07:28] }
17... O-O-O { [%clk 0:07:54] } 18. Kh2 { [%clk 0:07:21] } 18... Be7
{ [%clk 0:07:47] } 19. f5 { [%clk 0:07:02] } 19... Bh4 { [%clk 0:07:33] } 20.
Qf3 { [%clk 0:06:47] } 20... Bxg3+ { [%clk 0:07:10] } 21. Kxg3
{ [%clk 0:06:33] } 21... Qc7 { [%clk 0:06:51] } 22. Bf4 { [%clk 0:06:14] }
22... exf5 { [%clk 0:06:43] } 23. gxf5 { [%clk 0:06:08] } 23... Nxf4
{ [%clk 0:06:36] } 24. Qxf4 { [%clk 0:06:05] } 24... Rhe8 { [%clk 0:06:27] }
25. Nf3 { [%clk 0:05:50] } 25... Rxd3 { [%clk 0:06:23] } 26. Kg2
{ [%clk 0:05:38] } 26... Red8 { [%clk 0:05:57] } 27. Rf2 { [%clk 0:05:32] }
27... c4 { [%clk 0:05:37] } 28. Qxc4 { [%clk 0:04:51] } 28... c5
{ [%clk 0:05:30] } 29. Re1 { [%clk 0:04:32] } 29... R8d4 { [%clk 0:05:26] } 30.
Qc2 { [%clk 0:04:07] } 30... Qc6 { [%clk 0:05:05] } 31. Ref1 { [%clk 0:03:39] }
31... Qd5 { [%clk 0:04:23] } 32. Qe2 { [%clk 0:03:01] } 32... Re4
{ [%clk 0:04:05] } 33. Kg1 { [%clk 0:02:16] } 33... Rxe2 { [%clk 0:04:02] } 34.
Rxe2 { [%clk 0:02:03] } 34... Rxf3 { [%clk 0:03:59] } 0-1"
Rated Rapid game,https://lichess.org/NzN1No7w,2024.08.01,-,Gorelal,katmano,1-0,2024.08.01,08:42:05,1584,1527,,,A00,Mieses Opening: Reversed Rat,600+0,Normal,"1. d3 { [%clk 0:10:00] } 1... e5 { [%clk 0:10:00] } 2. Nf3 { [%clk 0:10:00] }
2... Nc6 { [%clk 0:09:54] } 3. e4 { [%clk 0:10:00] } 3... Bc5
{ [%clk 0:09:42] } 4. Be2 { [%clk 0:10:00] } 4... d6 { [%clk 0:09:39] } 5. O-O
{ [%clk 0:09:59] } 5... h6 { [%clk 0:09:36] } 6. Be3 { [%clk 0:09:45] } 6...
Bxe3 { [%clk 0:09:29] } 7. fxe3 { [%clk 0:09:43] } 7... a6 { [%clk 0:09:22] }
8. Nc3 { [%clk 0:09:33] } 8... Bg4 { [%clk 0:09:08] } 9. d4 { [%clk 0:09:23] }
9... Bh5 { [%clk 0:09:01] } 10. dxe5 { [%clk 0:09:16] } 10... dxe5
{ [%clk 0:08:50] } 11. Nd2 { [%clk 0:08:31] } 11... Bg6 { [%clk 0:08:44] } 12.
Bh5 { [%clk 0:08:12] } 12... Bxh5 { [%clk 0:08:36] } 13. Qxh5
{ [%clk 0:08:12] } 13... Nf6 { [%clk 0:08:30] } 14. Qe2 { [%clk 0:08:00] }
14... O-O { [%clk 0:08:17] } 15. Rad1 { [%clk 0:07:54] } 15... Qe7
{ [%clk 0:08:11] } 16. Nd5 { [%clk 0:07:43] } 16... Nxd5 { [%clk 0:08:01] } 17.
exd5 { [%clk 0:07:41] } 17... Nb4 { [%clk 0:07:35] } 18. Qc4 { [%clk 0:07:20] }
18... a5 { [%clk 0:07:26] } 19. a3 { [%clk 0:07:06] } 19... Na6
{ [%clk 0:07:22] } 20. Nf3 { [%clk 0:06:41] } 20... b6 { [%clk 0:07:14] } 21.
Qe4 { [%clk 0:06:21] } 21... f6 { [%clk 0:06:35] } 22. Qc4 { [%clk 0:06:02] }
22... Nc5 { [%clk 0:06:15] } 23. d6+ { [%clk 0:06:00] } 23... Qf7
{ [%clk 0:06:03] } 24. Qxf7+ { [%clk 0:05:47] } 24... Rxf7 { [%clk 0:06:01] }
25. dxc7 { [%clk 0:05:46] } 25... Rxc7 { [%clk 0:05:59] } 26. Rd6
{ [%clk 0:05:34] } 26... Rb8 { [%clk 0:05:50] } 27. Nh4 { [%clk 0:05:25] }
27... Ne4 { [%clk 0:04:38] } 28. Rdd1 { [%clk 0:03:54] } 28... Rxc2
{ [%clk 0:04:23] } 29. Rb1 { [%clk 0:03:51] } 29... Nd2 { [%clk 0:04:21] } 30.
Nf5 { [%clk 0:03:38] } 30... Nxf1 { [%clk 0:03:49] } 31. Kxf1
{ [%clk 0:03:38] } 31... Rbc8 { [%clk 0:03:45] } 32. Ne7+ { [%clk 0:03:33] }
32... Kf8 { [%clk 0:03:43] } 33. Nxc8 { [%clk 0:03:30] } 33... Rxc8
{ [%clk 0:03:42] } 34. b4 { [%clk 0:03:15] } 34... axb4 { [%clk 0:03:36] } 35.
Rxb4 { [%clk 0:03:11] } 35... Ra8 { [%clk 0:03:05] } 36. a4 { [%clk 0:03:03] }
36... Rb8 { [%clk 0:03:00] } 37. a5 { [%clk 0:02:57] } 37... Rb7
{ [%clk 0:02:53] } 38. Rxb6 { [%clk 0:02:55] } 38... Ra7 { [%clk 0:02:49] } 39.
a6 { [%clk 0:02:53] } 39... Ke7 { [%clk 0:02:46] } 40. Ke2 { [%clk 0:02:52] }
40... Kd8 { [%clk 0:02:38] } 41. Kd3 { [%clk 0:02:27] } 41... Kc7
{ [%clk 0:02:37] } 42. Re6 { [%clk 0:02:18] } 42... h5 { [%clk 0:02:24] } 43.
Ke4 { [%clk 0:02:10] } 43... Kd7 { [%clk 0:02:23] } 44. Kf5 { [%clk 0:02:04] }
44... h4 { [%clk 0:02:05] } 45. g3 { [%clk 0:01:45] } 45... hxg3
{ [%clk 0:02:00] } 46. hxg3 { [%clk 0:01:44] } 46... Kc7 { [%clk 0:01:51] } 47.
Re7+ { [%clk 0:01:36] } 47... Kb6 { [%clk 0:01:50] } 48. Rxa7
{ [%clk 0:01:23] } 48... Kxa7 { [%clk 0:01:47] } 49. Kg6 { [%clk 0:01:21] }
49... Kxa6 { [%clk 0:01:47] } 50. Kxg7 { [%clk 0:01:20] } 50... Kb6
{ [%clk 0:01:46] } 51. Kxf6 { [%clk 0:01:20] } 51... Kc6 { [%clk 0:01:45] } 52.
Kxe5 { [%clk 0:01:19] } 52... Kd7 { [%clk 0:01:42] } 53. Kf5 { [%clk 0:01:15] }
53... Kd6 { [%clk 0:01:41] } 54. e4 { [%clk 0:01:15] } 54... Ke7
{ [%clk 0:01:39] } 55. e5 { [%clk 0:01:15] } 55... Kf7 { [%clk 0:01:38] } 56.
g4 { [%clk 0:01:12] } 56... Ke7 { [%clk 0:01:36] } 57. g5 { [%clk 0:01:11] }
57... Kf7 { [%clk 0:01:35] } 58. g6+ { [%clk 0:01:10] } 58... Kg7
{ [%clk 0:01:34] } 59. e6 { [%clk 0:01:06] } 59... Kf8 { [%clk 0:01:33] } 60.
Kf6 { [%clk 0:00:59] } 60... Kg8 { [%clk 0:01:32] } 61. e7 { [%clk 0:00:55] }
61... Kh8 { [%clk 0:01:30] } 62. Ke6 { [%clk 0:00:50] } 62... Kg7
{ [%clk 0:01:28] } 63. e8=Q { [%clk 0:00:47] } 63... Kh6 { [%clk 0:01:25] } 64.
Qd7 { [%clk 0:00:37] } 64... Kg5 { [%clk 0:01:23] } 65. g7 { [%clk 0:00:37] }
65... Kg6 { [%clk 0:01:21] } 66. g8=Q+ { [%clk 0:00:36] } 66... Kh5
{ [%clk 0:01:20] } 67. Qdh7# { [%clk 0:00:34] } 1-0"
Rated Rapid game,https://lichess.org/FOJ7f8il,2024.08.01,-,let_my_queen,john_pineda2005,0-1,2024.08.01,08:42:05,1361,1362,,,A25,"English Opening: King's English Variation, Reversed Closed Sicilian",600+0,Normal,"1. c4 { [%eval 0.12] [%clk 0:10:00] } 1... e5 { [%eval 0.12] [%clk 0:10:00] }
2. Nc3 { [%eval 0.07] [%clk 0:09:59] } 2... Nc6 { [%eval 0.28] [%clk 0:09:59] }
3. d3 { [%eval 0.05] [%clk 0:09:53] } 3... Bb4 { [%eval 0.17] [%clk 0:09:58] }
4. Nf3 { [%eval -0.05] [%clk 0:09:50] } 4... Bxc3+
{ [%eval 0.0] [%clk 0:09:56] } 5. bxc3 { [%eval 0.0] [%clk 0:09:47] } 5... Nf6
{ [%eval 0.42] [%clk 0:09:55] } 6. d4 $6 { [%eval -0.47] [%clk 0:09:44] } 6...
e4 { [%eval -0.4] [%clk 0:09:53] } 7. Nd2 { [%eval -0.43] [%clk 0:09:37] } 7...
d5 $6 { [%eval 0.19] [%clk 0:09:47] } 8. g3 { [%eval -0.22] [%clk 0:09:28] }
8... dxc4 { [%eval -0.09] [%clk 0:09:42] } 9. Nxc4
{ [%eval -0.22] [%clk 0:09:23] } 9... Bg4 $6 { [%eval 0.43] [%clk 0:09:38] }
10. h3 { [%eval 0.05] [%clk 0:09:19] } 10... Bf5 $6
{ [%eval 0.69] [%clk 0:09:33] } 11. Bf4 { [%eval 0.27] [%clk 0:09:13] } 11...
Nd5 { [%eval 0.27] [%clk 0:09:26] } 12. Bd2 $6 { [%eval -0.3] [%clk 0:08:54] }
12... O-O { [%eval -0.25] [%clk 0:09:18] } 13. e3
{ [%eval -0.55] [%clk 0:08:43] } 13... Nb6 $6 { [%eval 0.01] [%clk 0:09:15] }
14. Nxb6 { [%eval -0.12] [%clk 0:08:34] } 14... axb6
{ [%eval 0.01] [%clk 0:09:13] } 15. g4 $2 { [%eval -1.13] [%clk 0:08:25] }
15... Bg6 { [%eval -0.62] [%clk 0:09:10] } 16. Be2 $6
{ [%eval -1.49] [%clk 0:08:03] } 16... f5 { [%eval -1.25] [%clk 0:09:08] } 17.
f3 $4 { [%eval -5.97] [%clk 0:07:50] } 17... fxg4 $4
{ [%eval -2.29] [%clk 0:09:04] } 18. fxg4 $4 { [%eval #-1] [%clk 0:07:36] }
18... Qh4# { [%clk 0:08:53] } 0-1"
Rated Rapid game,https://lichess.org/q13SyGKL,2024.08.01,-,tiajammal,wounir,1-0,2024.08.01,08:42:05,1346,1285,,,A01,Nimzo-Larsen Attack: Modern Variation,600+0,Normal,"1. b3 { [%clk 0:10:00] } 1... e5 { [%clk 0:10:00] } 2. Bb2 { [%clk 0:09:59] }
2... Nc6 { [%clk 0:09:49] } 3. Nc3 { [%clk 0:09:58] } 3... f5
{ [%clk 0:09:34] } 4. g3 { [%clk 0:09:56] } 4... Nf6 { [%clk 0:09:30] } 5. Bg2
{ [%clk 0:09:56] } 5... Bd6 { [%clk 0:09:21] } 6. Nf3 { [%clk 0:09:54] } 6...
Qe7 { [%clk 0:09:11] } 7. Nh4 { [%clk 0:09:52] } 7... Ba3 { [%clk 0:09:09] } 8.
Nxf5 { [%clk 0:09:50] } 8... Bxb2 { [%clk 0:09:07] } 9. Nxe7 { [%clk 0:09:49] }
1-0"
Rated Rapid game,https://lichess.org/8Xlqlf4d,2024.08.01,-,manif339,Antoine-pert,0-1,2024.08.01,08:42:05,1481,1419,,,B01,Scandinavian Defense: Valencian Variation,600+0,Normal,"1. e4 { [%clk 0:10:00] } 1... d5 { [%clk 0:10:00] } 2. exd5 { [%clk 0:09:58] }
2... Qxd5 { [%clk 0:10:00] } 3. Nc3 { [%clk 0:09:57] } 3... Qd8
{ [%clk 0:09:59] } 4. Nf3 { [%clk 0:09:55] } 4... Nc6 { [%clk 0:09:58] } 5. Bc4
{ [%clk 0:09:54] } 5... Nf6 { [%clk 0:09:54] } 6. d3 { [%clk 0:09:52] } 6... e6
{ [%clk 0:09:53] } 7. O-O { [%clk 0:09:50] } 7... Bb4 { [%clk 0:09:52] } 8. Re1
{ [%clk 0:09:49] } 8... b6 { [%clk 0:09:48] } 9. a3 { [%clk 0:09:48] } 9...
Bxc3 { [%clk 0:09:46] } 10. bxc3 { [%clk 0:09:47] } 10... Bd7
{ [%clk 0:09:46] } 11. Ng5 { [%clk 0:09:43] } 11... Na5 { [%clk 0:09:33] } 12.
Nxf7 { [%clk 0:09:31] } 12... Kxf7 { [%clk 0:09:29] } 13. Qf3
{ [%clk 0:09:23] } 13... Nxc4 { [%clk 0:09:26] } 14. dxc4 { [%clk 0:09:22] }
14... Re8 { [%clk 0:09:20] } 0-1"
Rated Rapid game,https://lichess.org/7jUHX0Ar,2024.08.01,-,pen-772,adnhdi,1-0,2024.08.01,08:42:05,1031,954,,,B10,Caro-Kann Defense,600+0,Normal,"1. e4 { [%eval 0.15] [%clk 0:10:00] } 1... c6 { [%eval 0.26] [%clk 0:10:00] }
2. Nf3 { [%eval 0.33] [%clk 0:09:58] } 2... d5 { [%eval 0.27] [%clk 0:09:58] }
3. exd5 { [%eval 0.14] [%clk 0:09:52] } 3... cxd5
{ [%eval 0.14] [%clk 0:09:56] } 4. Bb5+ { [%eval 0.0] [%clk 0:09:49] } 4... Nd7
{ [%eval 0.31] [%clk 0:09:49] } 5. Ne5 { [%eval 0.0] [%clk 0:09:47] } 5... a6
{ [%eval -0.11] [%clk 0:09:44] } 6. Qf3 { [%eval -0.05] [%clk 0:09:44] } 6...
axb5 $4 { [%eval #1] [%clk 0:09:40] } 7. Qxf7# { [%clk 0:09:42] } 1-0"
Rated Rapid game,https://lichess.org/E3HCG1QT,2024.08.01,-,Frjapmontreuil,trumcuoi2009,1-0,2024.08.01,08:42:05,1388,1401,,,C50,"Italian Game: Giuoco Pianissimo, Canal Variation",600+0,Time forfeit,"1. e4 { [%clk 0:10:00] } 1... e5 { [%clk 0:10:00] } 2. Nf3 { [%clk 0:09:58] }
2... Nc6 { [%clk 0:09:59] } 3. Bc4 { [%clk 0:09:56] } 3... Bc5
{ [%clk 0:09:57] } 4. d3 { [%clk 0:09:54] } 4... Nf6 { [%clk 0:09:49] } 5. Nc3
{ [%clk 0:09:46] } 5... d6 { [%clk 0:09:39] } 6. Bg5 { [%clk 0:09:40] } 6... h6
{ [%clk 0:09:37] } 7. Be3 { [%clk 0:09:29] } 7... Bxe3 { [%clk 0:09:34] } 8.
fxe3 { [%clk 0:09:26] } 8... O-O { [%clk 0:09:21] } 9. h3 { [%clk 0:08:49] }
9... Qe7 { [%clk 0:09:17] } 10. Qe2 { [%clk 0:08:22] } 10... Be6
{ [%clk 0:09:12] } 11. Nd5 { [%clk 0:08:01] } 11... Bxd5 { [%clk 0:08:49] } 12.
Bxd5 { [%clk 0:07:49] } 12... Nxd5 { [%clk 0:08:45] } 13. exd5
{ [%clk 0:07:45] } 13... Nb4 { [%clk 0:08:38] } 14. a3 { [%clk 0:07:31] } 14...
Nxd5 { [%clk 0:08:36] } 15. O-O-O { [%clk 0:07:23] } 15... b5
{ [%clk 0:08:15] } 16. e4 { [%clk 0:07:05] } 16... Nf4 { [%clk 0:08:05] } 17.
Qd2 { [%clk 0:06:39] } 17... d5 { [%clk 0:07:37] } 18. g3 { [%clk 0:06:14] }
18... Ng6 { [%clk 0:07:08] } 19. exd5 { [%clk 0:05:44] } 19... Qd6
{ [%clk 0:06:48] } 20. c4 { [%clk 0:04:53] } 20... bxc4 { [%clk 0:06:39] } 21.
dxc4 { [%clk 0:04:50] } 21... Qc5 { [%clk 0:06:21] } 22. Qc3 { [%clk 0:04:45] }
22... e4 { [%clk 0:05:49] } 23. Nd4 { [%clk 0:04:00] } 23... Ne5
{ [%clk 0:05:29] } 24. Rhe1 { [%clk 0:02:51] } 24... Qxc4 { [%clk 0:04:47] }
25. Qxc4 { [%clk 0:02:42] } 25... Nxc4 { [%clk 0:04:44] } 26. Rxe4
{ [%clk 0:02:40] } 26... Rab8 { [%clk 0:04:26] } 27. Nb3 { [%clk 0:02:12] }
27... Nxa3 { [%clk 0:03:54] } 28. Rd3 { [%clk 0:01:47] } 28... Nb5
{ [%clk 0:03:42] } 29. Nc5 { [%clk 0:01:34] } 29... Nd6 { [%clk 0:03:37] } 30.
Re7 { [%clk 0:01:26] } 30... Rbc8 { [%clk 0:03:05] } 31. Na6 { [%clk 0:01:15] }
31... Rfe8 { [%clk 0:02:57] } 32. Rxe8+ { [%clk 0:01:02] } 32... Rxe8
{ [%clk 0:02:52] } 33. Nxc7 { [%clk 0:01:00] } 33... Re1+ { [%clk 0:02:47] }
34. Kd2 { [%clk 0:00:57] } 34... Rb1 { [%clk 0:02:41] } 35. Kc2
{ [%clk 0:00:52] } 35... Rh1 { [%clk 0:02:34] } 36. h4 { [%clk 0:00:51] } 36...
Rh2+ { [%clk 0:02:21] } 37. Kc3 { [%clk 0:00:48] } 37... Rh3 { [%clk 0:02:07] }
38. b4 { [%clk 0:00:44] } 38... Ne4+ { [%clk 0:02:01] } 39. Kd4
{ [%clk 0:00:40] } 39... Nd6 { [%clk 0:01:41] } 40. Ke5 { [%clk 0:00:29] }
40... Nc4+ { [%clk 0:01:31] } 41. Kd4 { [%clk 0:00:25] } 41... Nd6
{ [%clk 0:01:25] } 42. Rb3 { [%clk 0:00:23] } 42... f5 { [%clk 0:01:12] } 43.
Ne6 { [%clk 0:00:18] } 43... Kf7 { [%clk 0:01:07] } 44. Ra3 { [%clk 0:00:17] }
44... Kf6 { [%clk 0:00:46] } 45. Ra6 { [%clk 0:00:09] } 45... Ne4
{ [%clk 0:00:19] } 46. Nf4+ { [%clk 0:00:07] } 46... Kf7 { [%clk 0:00:14] } 47.
Nxh3 { [%clk 0:00:06] } 47... Nxg3 { [%clk 0:00:10] } 48. Nf4
{ [%clk 0:00:05] } 48... g5 { [%clk 0:00:04] } 49. Rxa7+ { [%clk 0:00:05] }
49... Kf6 { [%clk 0:00:02] } 50. b5 { [%clk 0:00:04] } 50... gxf4
{ [%clk 0:00:00] } 51. Ra2 { [%clk 0:00:03] } 1-0"
Rated Rapid game,https://lichess.org/TNZsxlnY,2024.08.01,-,d52276ev,gloverblue,0-1,2024.08.01,08:42:03,1857,1837,,,C41,Philidor Defense,600+0,Normal,"1. e4 { [%clk 0:10:00] } 1... e5 { [%clk 0:10:00] } 2. Nf3 { [%clk 0:09:58] }
2... d6 { [%clk 0:09:59] } 3. Bc4 { [%clk 0:09:57] } 3... Bg4
{ [%clk 0:09:55] } 4. c3 { [%clk 0:09:53] } 4... a6 { [%clk 0:09:53] } 5. Qb3
{ [%clk 0:09:51] } 5... Be6 { [%clk 0:09:27] } 6. Bxe6 { [%clk 0:09:48] } 6...
fxe6 { [%clk 0:09:25] } 7. Qxe6+ { [%clk 0:09:46] } 7... Qe7 { [%clk 0:09:24] }
8. Qc8+ { [%clk 0:09:43] } 8... Qd8 { [%clk 0:09:20] } 9. Qxb7
{ [%clk 0:09:42] } 9... Nd7 { [%clk 0:09:17] } 10. O-O { [%clk 0:09:07] } 10...
Be7 { [%clk 0:09:15] } 11. d4 { [%clk 0:09:03] } 11... Ngf6 { [%clk 0:09:12] }
12. Qc6 { [%clk 0:08:44] } 12... O-O { [%clk 0:09:09] } 13. Re1
{ [%clk 0:08:30] } 13... Qc8 { [%clk 0:08:54] } 14. Nbd2 { [%clk 0:08:26] }
14... Rb8 { [%clk 0:08:51] } 15. Nc4 { [%clk 0:08:15] } 15... Nb6
{ [%clk 0:08:40] } 16. dxe5 { [%clk 0:08:06] } 16... dxe5 { [%clk 0:08:33] }
17. Ncxe5 { [%clk 0:07:57] } 17... Bd6 { [%clk 0:08:27] } 18. Be3
{ [%clk 0:07:41] } 18... Re8 { [%clk 0:07:56] } 19. Bd4 { [%clk 0:07:38] }
19... Qe6 { [%clk 0:07:37] } 20. a4 { [%clk 0:07:10] } 20... Nbd7
{ [%clk 0:07:24] } 21. Nxd7 { [%clk 0:06:53] } 21... Nxd7 { [%clk 0:07:22] }
22. b4 { [%clk 0:06:16] } 22... Bxh2+ { [%clk 0:07:19] } 23. Nxh2
{ [%clk 0:06:10] } 23... Qxc6 { [%clk 0:07:17] } 24. Rac1 { [%clk 0:06:04] }
0-1"
Rated Rapid game,https://lichess.org/Vc8xJHvE,2024.08.01,-,subhashc37,theLions09,1-0,2024.08.01,08:42:03,1640,1699,,,B00,Pirc Defense,600+0,Normal,"1. e4 { [%clk 0:10:00] } 1... d6 { [%clk 0:10:00] } 2. Bc4 { [%clk 0:09:58] }
2... Nf6 { [%clk 0:09:59] } 3. Qf3 { [%clk 0:09:54] } 3... c6
{ [%clk 0:09:57] } 4. Ne2 { [%clk 0:09:52] } 4... b5 { [%clk 0:09:56] } 5. Bb3
{ [%clk 0:09:50] } 5... a5 { [%clk 0:09:55] } 6. a3 { [%clk 0:09:48] } 6... Ba6
{ [%clk 0:09:54] } 7. d3 { [%clk 0:09:45] } 7... Nbd7 { [%clk 0:09:49] } 8. h4
{ [%clk 0:09:37] } 8... g6 { [%clk 0:09:47] } 9. g4 { [%clk 0:09:35] } 9... Ne5
{ [%clk 0:09:45] } 10. Qh3 { [%clk 0:09:03] } 10... Nfxg4 { [%clk 0:09:38] }
11. h5 { [%clk 0:08:42] } 11... Bg7 { [%clk 0:09:20] } 12. hxg6
{ [%clk 0:08:39] } 12... hxg6 { [%clk 0:09:16] } 13. Qg2 { [%clk 0:08:31] }
13... Qd7 { [%clk 0:08:54] } 14. Rxh8+ { [%clk 0:08:26] } 14... Bxh8
{ [%clk 0:08:54] } 15. Bf4 { [%clk 0:08:23] } 15... O-O-O { [%clk 0:08:49] }
16. f3 { [%clk 0:08:21] } 16... Nf6 { [%clk 0:08:23] } 17. Nbc3
{ [%clk 0:08:10] } 17... Bg7 { [%clk 0:08:15] } 18. Kd2 { [%clk 0:08:06] }
18... Rh8 { [%clk 0:08:13] } 19. Rh1 { [%clk 0:07:59] } 19... Kb7
{ [%clk 0:08:06] } 20. Rxh8 { [%clk 0:07:57] } 20... Bxh8 { [%clk 0:08:04] }
21. Bxe5 { [%clk 0:07:44] } 21... dxe5 { [%clk 0:08:02] } 22. Bxf7
{ [%clk 0:07:34] } 22... b4 { [%clk 0:07:55] } 23. axb4 { [%clk 0:07:33] }
23... axb4 { [%clk 0:07:54] } 24. Na4 { [%clk 0:07:29] } 24... c5
{ [%clk 0:07:33] } 25. Nxc5+ { [%clk 0:07:26] } 1-0"
Rated Rapid game,https://lichess.org/gt0vAPoV,2024.08.01,-,Gokul_7,King-kingA,1/2-1/2,2024.08.01,08:42:03,1567,1534,,,B01,Scandinavian Defense,600+0,Normal,"1. e4 { [%clk 0:10:00] } 1... d5 { [%clk 0:10:00] } 2. d3 { [%clk 0:09:59] }
2... dxe4 { [%clk 0:09:59] } 3. dxe4 { [%clk 0:09:57] } 3... Qxd1+
{ [%clk 0:09:57] } 4. Kxd1 { [%clk 0:09:57] } 4... Nf6 { [%clk 0:09:54] } 5.
Nc3 { [%clk 0:09:56] } 5... e5 { [%clk 0:09:48] } 6. h3 { [%clk 0:09:53] } 6...
Bb4 { [%clk 0:09:46] } 7. Bd2 { [%clk 0:09:51] } 7... Nc6 { [%clk 0:09:44] } 8.
Nd5 { [%clk 0:09:49] } 8... Nxd5 { [%clk 0:09:40] } 9. exd5 { [%clk 0:09:48] }
9... Bxd2 { [%clk 0:09:38] } 10. dxc6 { [%clk 0:09:45] } 10... Bg5
{ [%clk 0:09:29] } 11. cxb7 { [%clk 0:09:43] } 11... Bxb7 { [%clk 0:09:28] }
12. Ke1 { [%clk 0:09:39] } 12... O-O { [%clk 0:09:23] } 13. Ne2
{ [%clk 0:09:33] } 13... Rad8 { [%clk 0:09:19] } 14. Rd1 { [%clk 0:09:25] }
14... Rxd1+ { [%clk 0:09:13] } 15. Kxd1 { [%clk 0:09:24] } 15... Rd8+
{ [%clk 0:09:10] } 16. Ke1 { [%clk 0:09:23] } 16... Bd2+ { [%clk 0:08:47] } 17.
Kd1 { [%clk 0:09:19] } 17... Be3+ { [%clk 0:08:28] } 18. Ke1 { [%clk 0:09:17] }
18... Bd2+ { [%clk 0:08:21] } 19. Kd1 { [%clk 0:09:16] } 19... Bc3+
{ [%clk 0:08:20] } 20. Kc1 { [%clk 0:09:13] } 20... Bb4 { [%clk 0:08:15] } 21.
c3 { [%clk 0:09:10] } 21... Be7 { [%clk 0:08:10] } 22. Ng1 { [%clk 0:09:05] }
22... Bg5+ { [%clk 0:08:07] } 23. Kc2 { [%clk 0:09:00] } 23... Be4+
{ [%clk 0:08:04] } 24. Kb3 { [%clk 0:08:58] } 24... Rb8+ { [%clk 0:08:00] } 25.
Ka3 { [%clk 0:08:55] } 25... Bc2 { [%clk 0:07:52] } 26. Nf3 { [%clk 0:08:41] }
26... Be7+ { [%clk 0:07:47] } 27. b4 { [%clk 0:08:37] } 27... Be4
{ [%clk 0:07:35] } 28. Nxe5 { [%clk 0:08:34] } 28... Bf6 { [%clk 0:07:28] } 29.
f4 { [%clk 0:08:31] } 29... Bxe5 { [%clk 0:07:17] } 30. fxe5 { [%clk 0:08:27] }
30... Re8 { [%clk 0:07:16] } 31. Rg1 { [%clk 0:08:00] } 31... Rxe5
{ [%clk 0:07:14] } 32. Be2 { [%clk 0:07:59] } 32... Bd5 { [%clk 0:06:59] } 33.
Bf3 { [%clk 0:07:39] } 33... Bxf3 { [%clk 0:06:54] } 34. gxf3
{ [%clk 0:07:37] } 34... Re3 { [%clk 0:06:51] } 35. Rg3 { [%clk 0:07:36] }
35... Rxc3+ { [%clk 0:06:49] } 36. Ka4 { [%clk 0:07:35] } 36... Re3
{ [%clk 0:06:44] } 37. a3 { [%clk 0:07:32] } 37... Kf8 { [%clk 0:06:42] } 38.
b5 { [%clk 0:07:31] } 38... g6 { [%clk 0:06:39] } 39. Kb4 { [%clk 0:07:28] }
39... Ke7 { [%clk 0:06:01] } 40. a4 { [%clk 0:07:22] } 40... Kd7
{ [%clk 0:05:51] } 41. Ka5 { [%clk 0:07:21] } 41... Kd6 { [%clk 0:05:38] } 42.
Ka6 { [%clk 0:07:20] } 42... Ra3 { [%clk 0:05:29] } 43. a5 { [%clk 0:07:16] }
43... Kc5 { [%clk 0:05:26] } 44. Rg5+ { [%clk 0:07:09] } 44... Kb4
{ [%clk 0:05:20] } 45. Rg4+ { [%clk 0:07:07] } 45... Kc5 { [%clk 0:05:18] } 46.
Rg5+ { [%clk 0:06:56] } 46... Kb4 { [%clk 0:05:13] } 47. Rg4+
{ [%clk 0:06:55] } 47... Kc5 { [%clk 0:05:11] } 48. Rg5+ { [%clk 0:06:50] }
1/2-1/2"
Rated Rapid game,https://lichess.org/fFfoPqmu,2024.08.01,-,sedhomm2020,matanon,0-1,2024.08.01,08:42:03,1602,1576,,,C50,Four Knights Game: Italian Variation,600+0,Normal,"1. e4 { [%clk 0:10:00] } 1... e5 { [%clk 0:10:00] } 2. Nf3 { [%clk 0:09:59] }
2... Nc6 { [%clk 0:09:57] } 3. Bc4 { [%clk 0:09:59] } 3... Nf6
{ [%clk 0:09:54] } 4. Nc3 { [%clk 0:09:50] } 4... Bc5 { [%clk 0:09:52] } 5. O-O
{ [%clk 0:09:48] } 5... O-O { [%clk 0:09:48] } 6. d3 { [%clk 0:09:37] } 6... d6
{ [%clk 0:09:45] } 7. Nd5 { [%clk 0:07:55] } 7... Bg4 { [%clk 0:09:41] } 8. h3
{ [%clk 0:07:43] } 8... Bh5 { [%clk 0:09:37] } 9. g4 { [%clk 0:07:37] } 9...
Nxg4 { [%clk 0:09:34] } 10. hxg4 { [%clk 0:07:25] } 10... Bxg4
{ [%clk 0:09:32] } 11. Kh2 { [%clk 0:05:44] } 11... Nd4 { [%clk 0:09:22] } 12.
Kg3 { [%clk 0:05:27] } 12... Bxf3 { [%clk 0:09:15] } 13. Qd2 { [%clk 0:05:15] }
13... Qd7 { [%clk 0:08:45] } 14. c3 { [%clk 0:05:13] } 14... Qg4+
{ [%clk 0:08:43] } 15. Kh2 { [%clk 0:05:10] } 15... Qg2# { [%clk 0:08:39] } 0-1"
Rated Rapid game,https://lichess.org/i06OT9gi,2024.08.01,-,Dou44,Thegoat_10,1-0,2024.08.01,08:42:03,1005,998,,,C00,French Defense: Perseus Gambit,600+0,Normal,"1. e4 { [%clk 0:10:00] } 1... e6 { [%clk 0:10:00] } 2. d4 { [%clk 0:09:54] }
2... d5 { [%clk 0:09:57] } 3. Nf3 { [%clk 0:09:43] } 3... dxe4
{ [%clk 0:09:50] } 4. Bb5+ { [%clk 0:09:15] } 4... Nc6 { [%clk 0:09:46] } 5.
Bxc6+ { [%clk 0:09:14] } 5... bxc6 { [%clk 0:09:44] } 6. Ne5 { [%clk 0:09:11] }
6... Bb7 { [%clk 0:09:30] } 7. c3 { [%clk 0:09:04] } 7... c5 { [%clk 0:09:22] }
8. Qb3 { [%clk 0:09:01] } 8... e3 { [%clk 0:08:59] } 9. Qxb7 { [%clk 0:08:52] }
9... exf2+ { [%clk 0:08:50] } 10. Kxf2 { [%clk 0:08:49] } 10... Qf6+
{ [%clk 0:08:29] } 11. Nf3 { [%clk 0:08:47] } 11... Rd8 { [%clk 0:08:23] } 12.
Bg5 { [%clk 0:08:39] } 12... Qf5 { [%clk 0:08:11] } 13. Bxd8 { [%clk 0:08:26] }
13... Qc2+ { [%clk 0:08:07] } 14. Nbd2 { [%clk 0:08:22] } 14... Kxd8
{ [%clk 0:08:02] } 15. Qb8+ { [%clk 0:08:16] } 15... Kd7 { [%clk 0:07:57] } 16.
Qxf8 { [%clk 0:08:15] } 16... Qxb2 { [%clk 0:07:47] } 17. Ne5#
{ [%clk 0:08:10] } 1-0"
Rated Rapid game,https://lichess.org/Y03ugaYb,2024.08.01,-,okorimi,rafaelglarar,0-1,2024.08.01,08:42:03,1377,1478,,,C44,Scotch Game: Scotch Gambit,600+0,Normal,"1. e4 { [%clk 0:10:00] } 1... e5 { [%clk 0:10:00] } 2. Nf3 { [%clk 0:09:59] }
2... Nc6 { [%clk 0:09:59] } 3. d4 { [%clk 0:09:59] } 3... exd4
{ [%clk 0:09:57] } 4. Bc4 { [%clk 0:09:58] } 4... d6 { [%clk 0:09:55] } 5. c3
{ [%clk 0:09:57] } 5... Bg4 { [%clk 0:09:48] } 6. cxd4 { [%clk 0:09:55] } 6...
Nf6 { [%clk 0:09:38] } 7. h3 { [%clk 0:09:54] } 7... Bxf3 { [%clk 0:09:36] } 8.
Qxf3 { [%clk 0:09:53] } 8... Nxd4 { [%clk 0:09:34] } 9. Qd3 { [%clk 0:09:41] }
9... c5 { [%clk 0:09:26] } 10. Bg5 { [%clk 0:09:40] } 10... Be7
{ [%clk 0:09:23] } 11. Nc3 { [%clk 0:09:38] } 11... a6 { [%clk 0:09:13] } 12.
O-O { [%clk 0:09:37] } 12... b5 { [%clk 0:09:10] } 13. Bd5 { [%clk 0:09:33] }
13... Nxd5 { [%clk 0:09:07] } 14. Bxe7 { [%clk 0:09:31] } 14... Nxe7
{ [%clk 0:09:01] } 15. Nd5 { [%clk 0:09:23] } 15... O-O { [%clk 0:08:50] } 16.
Nxe7+ { [%clk 0:09:18] } 16... Qxe7 { [%clk 0:08:48] } 17. e5
{ [%clk 0:09:17] } 17... dxe5 { [%clk 0:08:43] } 18. Rac1 { [%clk 0:09:15] }
18... Rfe8 { [%clk 0:08:30] } 19. Rfe1 { [%clk 0:09:11] } 19... Qc7
{ [%clk 0:08:09] } 20. b4 { [%clk 0:09:01] } 20... c4 { [%clk 0:08:02] } 21.
Qe4 { [%clk 0:08:59] } 21... g6 { [%clk 0:07:44] } 22. f4 { [%clk 0:08:55] }
22... Nc6 { [%clk 0:07:31] } 23. fxe5 { [%clk 0:08:38] } 23... Rxe5
{ [%clk 0:07:18] } 24. Qf4 { [%clk 0:08:22] } 24... Rxe1+ { [%clk 0:07:12] }
25. Rxe1 { [%clk 0:08:20] } 25... Qxf4 { [%clk 0:07:06] } 0-1"
Rated Rapid game,https://lichess.org/JjOoju2y,2024.08.01,-,abtl21,Fhdj,1-0,2024.08.01,08:42:03,1183,1200,,,C46,Three Knights Opening,600+0,Normal,"1. e4 { [%clk 0:10:00] } 1... e5 { [%clk 0:10:00] } 2. Nc3 { [%clk 0:09:59] }
2... Nc6 { [%clk 0:09:59] } 3. Nf3 { [%clk 0:09:57] } 3... f6
{ [%clk 0:09:52] } 4. d4 { [%clk 0:09:55] } 4... Nge7 { [%clk 0:09:50] } 5. d5
{ [%clk 0:09:49] } 5... Nb4 { [%clk 0:09:46] } 6. a3 { [%clk 0:09:42] } 6...
Na6 { [%clk 0:09:43] } 7. Bxa6 { [%clk 0:09:41] } 7... bxa6 { [%clk 0:09:41] }
8. O-O { [%clk 0:09:25] } 8... c6 { [%clk 0:09:34] } 9. d6 { [%clk 0:09:22] }
9... Ng6 { [%clk 0:09:30] } 10. Be3 { [%clk 0:08:56] } 10... Bxd6
{ [%clk 0:09:27] } 11. Qxd6 { [%clk 0:08:53] } 11... a5 { [%clk 0:09:10] } 12.
b4 { [%clk 0:08:42] } 12... axb4 { [%clk 0:09:01] } 13. axb4 { [%clk 0:08:40] }
13... Qe7 { [%clk 0:08:52] } 14. Qxe7+ { [%clk 0:08:38] } 14... Nxe7
{ [%clk 0:08:50] } 15. Rxa7 { [%clk 0:08:28] } 15... Rxa7 { [%clk 0:08:41] }
16. Bxa7 { [%clk 0:08:25] } 16... O-O { [%clk 0:08:41] } 17. Bc5
{ [%clk 0:08:23] } 17... d6 { [%clk 0:08:37] } 18. Bxd6 { [%clk 0:08:20] }
18... Rd8 { [%clk 0:08:33] } 19. Bxe7 { [%clk 0:08:18] } 1-0"
Rated Rapid game,https://lichess.org/Rk56mWIn,2024.08.01,-,Sudha1974,Justine_Laurel,1-0,2024.08.01,08:42:03,1806,1779,,,C50,Italian Game: Paris Defense,600+0,Normal,"1. e4 { [%clk 0:10:00] } 1... e5 { [%clk 0:10:00] } 2. Nf3 { [%clk 0:09:57] }
2... Nc6 { [%clk 0:09:59] } 3. Bc4 { [%clk 0:09:56] } 3... d6
{ [%clk 0:09:58] } 4. O-O { [%clk 0:09:54] } 4... Be7 { [%clk 0:09:57] } 5. c3
{ [%clk 0:09:53] } 5... Nf6 { [%clk 0:09:56] } 6. d3 { [%clk 0:09:50] } 6...
O-O { [%clk 0:09:54] } 7. b4 { [%clk 0:09:47] } 7... h6 { [%clk 0:09:49] } 8.
a4 { [%clk 0:09:44] } 8... a6 { [%clk 0:09:47] } 9. Qc2 { [%clk 0:09:35] } 9...
Re8 { [%clk 0:09:17] } 10. Qb3 { [%clk 0:09:17] } 10... Rf8 { [%clk 0:08:57] }
11. Be3 { [%clk 0:09:07] } 11... Bg4 { [%clk 0:08:51] } 12. Nbd2
{ [%clk 0:09:03] } 12... Qd7 { [%clk 0:08:48] } 13. h3 { [%clk 0:08:58] } 13...
Be6 { [%clk 0:08:45] } 14. Bxe6 { [%clk 0:08:52] } 14... Qxe6
{ [%clk 0:08:45] } 15. Qxe6 { [%clk 0:08:49] } 15... fxe6 { [%clk 0:08:45] }
16. Nh2 { [%clk 0:08:23] } 16... d5 { [%clk 0:08:37] } 17. f4
{ [%clk 0:07:59] } 17... dxe4 { [%clk 0:08:15] } 18. Nxe4 { [%clk 0:07:55] }
18... Nxe4 { [%clk 0:08:11] } 19. dxe4 { [%clk 0:07:53] } 19... exf4
{ [%clk 0:08:09] } 20. Bxf4 { [%clk 0:07:48] } 20... Bf6 { [%clk 0:07:58] } 21.
Bxc7 { [%clk 0:07:39] } 21... Bxc3 { [%clk 0:07:56] } 22. Rab1
{ [%clk 0:07:27] } 22... Bxb4 { [%clk 0:07:55] } 23. e5 { [%clk 0:07:16] }
23... a5 { [%clk 0:07:49] } 24. Bd6 { [%clk 0:07:12] } 24... Bxd6
{ [%clk 0:07:48] } 25. exd6 { [%clk 0:07:10] } 25... Rxf1+ { [%clk 0:07:31] }
26. Nxf1 { [%clk 0:07:07] } 26... Rd8 { [%clk 0:06:49] } 27. Rxb7
{ [%clk 0:07:05] } 27... Rxd6 { [%clk 0:06:48] } 28. Rb6 { [%clk 0:06:51] }
28... Kf7 { [%clk 0:06:23] } 29. Kh2 { [%clk 0:06:50] } 29... e5
{ [%clk 0:06:19] } 30. Ne3 { [%clk 0:06:47] } 30... Re6 { [%clk 0:06:17] } 31.
Ra6 { [%clk 0:06:35] } 31... g5 { [%clk 0:05:38] } 32. Nc4 { [%clk 0:06:15] }
32... e4 { [%clk 0:05:31] } 33. Nxa5 { [%clk 0:06:11] } 33... e3
{ [%clk 0:05:10] } 34. Nxc6 { [%clk 0:05:53] } 1-0"
Rated Rapid game,https://lichess.org/BPKRqK3V,2024.08.01,-,PaulBigBallacks,krizzplus,1-0,2024.08.01,08:42:03,868,886,,,C20,King's Pawn Game: MacLeod Attack,600+0,Normal,"1. c3 { [%clk 0:10:00] } 1... e5 { [%clk 0:10:00] } 2. e4 { [%clk 0:09:58] }
2... Nc6 { [%clk 0:09:53] } 3. b4 { [%clk 0:09:57] } 3... a6 { [%clk 0:09:45] }
4. a4 { [%clk 0:09:53] } 4... Nf6 { [%clk 0:09:38] } 5. a5 { [%clk 0:09:51] }
5... b5 { [%clk 0:09:23] } 6. f3 { [%clk 0:09:50] } 6... Bd6 { [%clk 0:08:53] }
7. g4 { [%clk 0:09:44] } 7... g5 { [%clk 0:08:48] } 8. d3 { [%clk 0:09:31] }
8... h6 { [%clk 0:08:45] } 9. Nh3 { [%clk 0:09:27] } 9... Rg8
{ [%clk 0:08:32] } 10. Be3 { [%clk 0:09:09] } 10... Qe7 { [%clk 0:08:05] } 11.
Qb3 { [%clk 0:09:01] } 11... Bb7 { [%clk 0:07:57] } 12. Bg2 { [%clk 0:08:57] }
12... O-O-O { [%clk 0:07:49] } 13. O-O { [%clk 0:08:55] } 13... Ba8
{ [%clk 0:07:48] } 14. Ba7 { [%clk 0:08:46] } 14... Nxa7 { [%clk 0:07:44] } 15.
Na3 { [%clk 0:08:22] } 15... c5 { [%clk 0:07:09] } 16. bxc5 { [%clk 0:08:16] }
16... Bxc5+ { [%clk 0:07:06] } 17. Kh1 { [%clk 0:08:12] } 17... d5
{ [%clk 0:06:52] } 18. Rfd1 { [%clk 0:08:03] } 18... b4 { [%clk 0:06:23] } 19.
Nc2 { [%clk 0:07:57] } 19... dxe4 { [%clk 0:06:08] } 20. Ra4 { [%clk 0:07:55] }
20... exf3 { [%clk 0:05:51] } 21. Bf1 { [%clk 0:07:45] } 21... Nxg4
{ [%clk 0:05:40] } 22. Nxb4 { [%clk 0:07:38] } 22... Bf2 { [%clk 0:05:21] } 23.
Qc4+ { [%clk 0:07:28] } 23... Nc6 { [%clk 0:04:48] } 24. Nxc6
{ [%clk 0:07:21] } 24... Bxc6 { [%clk 0:04:46] } 25. Qxc6+ { [%clk 0:07:18] }
25... Qc7 { [%clk 0:04:42] } 26. Qxa6+ { [%clk 0:07:13] } 26... Qb7
{ [%clk 0:04:35] } 27. Qc4+ { [%clk 0:07:07] } 27... Qc7 { [%clk 0:04:34] } 28.
Qxg4+ { [%clk 0:07:06] } 28... Rd7 { [%clk 0:03:55] } 29. Rc4
{ [%clk 0:07:03] } 29... Bc5 { [%clk 0:03:49] } 30. d4 { [%clk 0:06:52] } 30...
exd4 { [%clk 0:03:46] } 31. cxd4 { [%clk 0:06:51] } 31... f2 { [%clk 0:03:20] }
32. Rxc5 { [%clk 0:06:47] } 32... Qxc5 { [%clk 0:02:59] } 33. dxc5
{ [%clk 0:06:45] } 33... Rd8 { [%clk 0:02:47] } 34. Nxf2 { [%clk 0:06:35] }
34... Kb8 { [%clk 0:02:41] } 35. Qg3+ { [%clk 0:06:26] } 35... Ka8
{ [%clk 0:02:36] } 36. Rxd7 { [%clk 0:06:21] } 36... Rxd7 { [%clk 0:02:35] }
37. Qf3+ { [%clk 0:06:15] } 37... Ka7 { [%clk 0:02:33] } 38. Qc6
{ [%clk 0:06:08] } 38... Rd1 { [%clk 0:02:28] } 1-0"
Rated Rapid game,https://lichess.org/BgoIZ9tu,2024.08.01,-,Chingiskhan1,Emil9502,0-1,2024.08.01,08:42:03,1269,1233,,,B01,Scandinavian Defense: Valencian Variation,600+0,Normal,"1. e4 { [%clk 0:10:00] } 1... d5 { [%clk 0:10:00] } 2. exd5 { [%clk 0:09:45] }
2... Qxd5 { [%clk 0:09:59] } 3. Nc3 { [%clk 0:09:44] } 3... Qd8
{ [%clk 0:09:55] } 4. Nf3 { [%clk 0:09:30] } 4... g6 { [%clk 0:09:53] } 5. Bc4
{ [%clk 0:09:28] } 5... Bg7 { [%clk 0:09:52] } 6. d4 { [%clk 0:09:24] } 6... e6
{ [%clk 0:09:37] } 7. O-O { [%clk 0:09:22] } 7... a6 { [%clk 0:09:34] } 8. Ne5
{ [%clk 0:09:13] } 8... Ne7 { [%clk 0:09:26] } 9. d5 { [%clk 0:09:09] } 9...
O-O { [%clk 0:09:20] } 10. Bf4 { [%clk 0:09:01] } 10... b5 { [%clk 0:09:07] }
11. Bb3 { [%clk 0:08:59] } 11... Nd7 { [%clk 0:09:01] } 12. dxe6
{ [%clk 0:08:53] } 12... Nxe5 { [%clk 0:08:59] } 13. exf7+ { [%clk 0:08:50] }
13... Nxf7 { [%clk 0:08:53] } 14. Qxd8 { [%clk 0:08:46] } 14... Rxd8
{ [%clk 0:08:53] } 15. Bxf7+ { [%clk 0:08:40] } 15... Kxf7 { [%clk 0:08:52] }
16. Bxc7 { [%clk 0:08:39] } 16... Rd7 { [%clk 0:08:48] } 17. Bg3
{ [%clk 0:08:35] } 17... Bxc3 { [%clk 0:08:46] } 18. bxc3 { [%clk 0:08:33] }
18... Nf5 { [%clk 0:08:44] } 19. Bf4 { [%clk 0:08:23] } 19... Bb7
{ [%clk 0:08:35] } 20. g4 { [%clk 0:08:20] } 20... Nh4 { [%clk 0:08:33] } 21.
Bg5 { [%clk 0:08:10] } 21... Nf3+ { [%clk 0:08:10] } 22. Kh1 { [%clk 0:08:08] }
22... Nxg5+ { [%clk 0:08:08] } 23. Kg1 { [%clk 0:08:06] } 23... Nf3+
{ [%clk 0:08:02] } 24. Kh1 { [%clk 0:08:04] } 24... Nd2+ { [%clk 0:08:01] } 0-1"
Rated Rapid tournament https://lichess.org/tournament/hfavrWA4,https://lichess.org/88bcf7oI,2024.08.01,-,ocampos529,PhilMac,1-0,2024.08.01,08:42:08,1428,1435,,,B40,Sicilian Defense: Kramnik Variation,600+0,Normal,"1. e4 { [%eval 0.15] [%clk 0:10:00] } 1... c5 { [%eval 0.25] [%clk 0:10:00] }
2. c4 { [%eval 0.0] [%clk 0:09:57] } 2... e6 { [%eval 0.1] [%clk 0:09:56] } 3.
Nf3 { [%eval 0.03] [%clk 0:09:54] } 3... Nc6 { [%eval 0.14] [%clk 0:09:55] } 4.
d4 { [%eval 0.1] [%clk 0:09:49] } 4... cxd4 { [%eval 0.15] [%clk 0:09:52] } 5.
Nxd4 { [%eval 0.05] [%clk 0:09:46] } 5... Nxd4 { [%eval 0.55] [%clk 0:09:51] }
6. Qxd4 { [%eval 0.59] [%clk 0:09:44] } 6... a6 { [%eval 0.92] [%clk 0:09:49] }
7. Nc3 { [%eval 0.92] [%clk 0:09:41] } 7... b6 { [%eval 1.35] [%clk 0:09:48] }
8. Be3 { [%eval 1.34] [%clk 0:09:37] } 8... Rb8 { [%eval 1.21] [%clk 0:09:05] }
9. b3 $6 { [%eval 0.58] [%clk 0:09:09] } 9... Nf6 $6
{ [%eval 1.37] [%clk 0:09:03] } 10. Bg5 $2 { [%eval 0.12] [%clk 0:08:57] }
10... Bc5 { [%eval 0.21] [%clk 0:08:57] } 11. Qe5 $2
{ [%eval -2.26] [%clk 0:08:43] } 11... d6 $2 { [%eval 0.0] [%clk 0:08:41] } 12.
Bxf6 $2 { [%eval -1.15] [%clk 0:08:33] } 12... gxf6
{ [%eval -0.68] [%clk 0:08:35] } 13. Qg3 { [%eval -0.75] [%clk 0:08:17] } 13...
Bd4 $2 { [%eval 0.25] [%clk 0:08:06] } 14. Rc1 { [%eval -0.06] [%clk 0:07:55] }
14... Be5 { [%eval 0.3] [%clk 0:08:00] } 15. Qg7 $2
{ [%eval -0.89] [%clk 0:07:48] } 15... f5 { [%eval -0.97] [%clk 0:07:44] } 16.
Qh6 { [%eval -0.88] [%clk 0:07:34] } 16... Bb7 $6
{ [%eval 0.0] [%clk 0:07:16] } 17. exf5 { [%eval -0.08] [%clk 0:07:17] } 17...
exf5 { [%eval 0.07] [%clk 0:06:49] } 18. Nd5 { [%eval 0.05] [%clk 0:07:12] }
18... Bxd5 { [%eval 0.59] [%clk 0:06:38] } 19. cxd5
{ [%eval 0.73] [%clk 0:07:10] } 19... Qe7 $6 { [%eval 1.37] [%clk 0:06:36] }
20. Be2 { [%eval 1.33] [%clk 0:06:54] } 20... Kd7
{ [%eval 1.79] [%clk 0:04:38] } 21. O-O { [%eval 1.66] [%clk 0:06:39] } 21...
Rbg8 $2 { [%eval 3.14] [%clk 0:03:39] } 22. g3 { [%eval 2.51] [%clk 0:06:31] }
22... Rg6 { [%eval 3.17] [%clk 0:03:31] } 23. Qe3
{ [%eval 3.28] [%clk 0:06:14] } 23... Rhg8 $2 { [%eval 5.57] [%clk 0:03:11] }
24. Kg2 $2 { [%eval 3.54] [%clk 0:06:10] } 24... h5 $2
{ [%eval 5.89] [%clk 0:03:03] } 25. Qxb6 { [%eval 5.69] [%clk 0:05:54] } 25...
Rxg3+ $4 { [%eval 9.17] [%clk 0:01:45] } 26. hxg3
{ [%eval 8.25] [%clk 0:05:41] } 26... Rxg3+ $2 { [%eval #14] [%clk 0:01:41] }
27. fxg3 { [%eval #14] [%clk 0:05:36] } 27... Qg5 { [%eval #3] [%clk 0:01:22] }
28. Rc7+ { [%eval #2] [%clk 0:05:31] } 28... Ke8 { [%eval #2] [%clk 0:01:20] }
29. Qb8+ { [%eval #7] [%clk 0:05:27] } 29... Qd8 { [%eval #7] [%clk 0:01:18] }
30. Rc8 { [%eval #6] [%clk 0:05:23] } 30... Qxc8 { [%eval #6] [%clk 0:01:17] }
31. Qxc8+ { [%eval #5] [%clk 0:05:17] } 1-0"
Rated Rapid tournament https://lichess.org/tournament/hfavrWA4,https://lichess.org/Q98C1KWT,2024.08.01,-,Gauravbro,tainos70,1-0,2024.08.01,08:42:08,1366,1097,,,B00,Borg Defense,600+0,Normal,"1. e4 { [%eval 0.15] [%clk 0:10:00] } 1... g5 $2
{ [%eval 1.45] [%clk 0:10:00] } 2. d4 { [%eval 1.87] [%clk 0:09:57] } 2... Nf6
{ [%eval 2.44] [%clk 0:09:56] } 3. e5 { [%eval 2.0] [%clk 0:09:55] } 3... Ne4
$2 { [%eval 4.87] [%clk 0:09:53] } 4. f3 { [%eval 4.94] [%clk 0:09:51] } 4...
Nf6 { [%eval 5.2] [%clk 0:09:24] } 5. exf6 { [%eval 5.11] [%clk 0:09:49] } 5...
exf6 { [%eval 5.17] [%clk 0:09:23] } 6. Qe2+ { [%eval 4.66] [%clk 0:09:47] }
6... Be7 { [%eval 4.86] [%clk 0:09:22] } 7. Bd2 { [%eval 4.34] [%clk 0:09:42] }
7... d5 { [%eval 4.6] [%clk 0:09:21] } 8. Bb4 { [%eval 4.49] [%clk 0:09:39] }
8... Qd7 { [%eval 5.17] [%clk 0:09:15] } 9. Bxe7
{ [%eval 5.07] [%clk 0:09:35] } 9... Nc6 $4 { [%eval 8.4] [%clk 0:09:00] } 10.
Bxf6+ { [%eval 8.53] [%clk 0:09:34] } 10... Kf8 { [%eval 8.5] [%clk 0:08:55] }
11. Bxh8 { [%eval 8.4] [%clk 0:09:33] } 11... Kg8
{ [%eval 8.86] [%clk 0:08:53] } 12. Be5 { [%eval 8.93] [%clk 0:09:30] } 12...
Na5 { [%eval 10.09] [%clk 0:08:36] } 13. Qd2 { [%eval 10.07] [%clk 0:09:24] }
13... b6 { [%eval 11.41] [%clk 0:08:34] } 14. Qxg5+
{ [%eval 11.5] [%clk 0:09:22] } 14... Kf8 { [%eval 11.36] [%clk 0:08:32] } 15.
Bg7+ { [%eval 10.69] [%clk 0:09:19] } 15... Ke8
{ [%eval 10.78] [%clk 0:08:29] } 16. Qe5+ { [%eval 10.63] [%clk 0:09:16] }
16... Qe7 { [%eval 10.7] [%clk 0:08:27] } 17. Bf6
{ [%eval 10.62] [%clk 0:09:14] } 17... Kf8 $6 { [%eval #2] [%clk 0:08:22] } 18.
Qxe7+ { [%eval #1] [%clk 0:09:12] } 18... Kg8 { [%eval #1] [%clk 0:08:20] } 19.
Qe8# { [%clk 0:09:12] } 1-0"
Rated Rapid tournament https://lichess.org/tournament/hfavrWA4,https://lichess.org/UNZ76T2x,2024.08.01,-,KamiL702,PetyaBro,0-1,2024.08.01,08:42:08,1005,1071,,,D06,Queen's Gambit Declined: Marshall Defense,600+0,Normal,"1. d4 { [%clk 0:10:00] } 1... d5 { [%clk 0:10:00] } 2. c4 { [%clk 0:09:58] }
2... Nf6 { [%clk 0:09:57] } 3. g3 { [%clk 0:09:49] } 3... Nc6
{ [%clk 0:09:51] } 4. Bg2 { [%clk 0:09:17] } 4... dxc4 { [%clk 0:09:44] } 5.
Qc2 { [%clk 0:09:02] } 5... Nxd4 { [%clk 0:09:34] } 6. Qxc4 { [%clk 0:07:47] }
6... Bf5 { [%clk 0:09:28] } 7. Bxb7 { [%clk 0:07:14] } 7... Rb8
{ [%clk 0:09:25] } 8. Bc6+ { [%clk 0:06:47] } 8... Bd7 { [%clk 0:09:22] } 9.
Bxd7+ { [%clk 0:06:41] } 9... Qxd7 { [%clk 0:09:18] } 10. Nf3
{ [%clk 0:06:12] } 10... Nxf3+ { [%clk 0:09:10] } 11. exf3 { [%clk 0:06:07] }
11... Rd8 { [%clk 0:09:06] } 12. Kf1 { [%clk 0:06:00] } 12... Qd1+
{ [%clk 0:09:01] } 13. Kg2 { [%clk 0:06:00] } 13... Qd6 { [%clk 0:08:37] } 14.
Nc3 { [%clk 0:05:52] } 14... Qb6 { [%clk 0:08:25] } 15. Rd1 { [%clk 0:05:47] }
15... Rxd1 { [%clk 0:08:11] } 16. Nxd1 { [%clk 0:05:40] } 16... e6
{ [%clk 0:08:00] } 17. Bf4 { [%clk 0:05:33] } 17... Bd6 { [%clk 0:07:56] } 18.
Bxd6 { [%clk 0:05:25] } 18... Qxd6 { [%clk 0:07:49] } 19. Ne3
{ [%clk 0:05:15] } 19... O-O { [%clk 0:07:43] } 20. Rd1 { [%clk 0:05:09] }
20... Qb6 { [%clk 0:07:34] } 21. Qd3 { [%clk 0:02:16] } 21... h6
{ [%clk 0:07:21] } 22. h4 { [%clk 0:02:04] } 22... Qxb2 { [%clk 0:07:16] } 23.
Rb1 { [%clk 0:01:37] } 23... Qxa2 { [%clk 0:07:08] } 24. Rb7 { [%clk 0:01:30] }
24... Rc8 { [%clk 0:06:51] } 25. Rb4 { [%clk 0:01:19] } 25... c5
{ [%clk 0:06:42] } 26. Rb7 { [%clk 0:01:00] } 26... c4 { [%clk 0:06:38] } 27.
Rd7 { [%clk 0:00:57] } 27... cxd3 { [%clk 0:06:25] } 28. Rxf7
{ [%clk 0:00:49] } 0-1"
Rated Rapid tournament https://lichess.org/tournament/DsgKQQdY,https://lichess.org/SXCydYtb,2024.08.01,-,Lann_Y_L,yevgeniy11,0-1,2024.08.01,08:42:08,1728,2049,,,B01,Scandinavian Defense: Marshall Variation,600+0,Time forfeit,"1. e4 { [%clk 0:10:00] } 1... d5 { [%clk 0:05:00] } 2. exd5 { [%clk 0:09:56] }
2... Nf6 { [%clk 0:05:00] } 3. d4 { [%clk 0:09:52] } 3... Nxd5
{ [%clk 0:04:58] } 4. c4 { [%clk 0:09:48] } 4... Nb6 { [%clk 0:04:57] } 5. Nf3
{ [%clk 0:09:44] } 5... Bg4 { [%clk 0:04:54] } 6. Be3 { [%clk 0:09:38] } 6...
c6 { [%clk 0:04:52] } 7. Nc3 { [%clk 0:09:16] } 7... e6 { [%clk 0:04:48] } 8.
Bd3 { [%clk 0:08:52] } 8... Bb4 { [%clk 0:04:46] } 9. O-O { [%clk 0:08:47] }
9... O-O { [%clk 0:04:44] } 10. Bxh7+ { [%clk 0:08:29] } 10... Kh8
{ [%clk 0:04:37] } 11. Bd3 { [%clk 0:08:14] } 11... N8d7 { [%clk 0:04:34] } 12.
h3 { [%clk 0:08:11] } 12... Bh5 { [%clk 0:04:29] } 13. Ne4 { [%clk 0:07:44] }
13... Nf6 { [%clk 0:04:21] } 14. Ng3 { [%clk 0:07:33] } 14... Bg6
{ [%clk 0:04:14] } 15. Bxg6 { [%clk 0:07:07] } 15... fxg6 { [%clk 0:04:11] }
16. c5 { [%clk 0:06:59] } 16... Nbd5 { [%clk 0:04:08] } 17. a3
{ [%clk 0:06:55] } 17... Ba5 { [%clk 0:04:05] } 18. b4 { [%clk 0:06:54] } 18...
Bc7 { [%clk 0:04:03] } 19. Nh4 { [%clk 0:06:31] } 19... Kh7 { [%clk 0:03:49] }
20. Qd3 { [%clk 0:06:12] } 20... Ne7 { [%clk 0:03:36] } 21. Nf3
{ [%clk 0:05:13] } 21... Qd5 { [%clk 0:02:32] } 22. Ng5+ { [%clk 0:04:30] }
22... Kg8 { [%clk 0:02:29] } 23. Rfe1 { [%clk 0:03:25] } 23... Nf5
{ [%clk 0:02:11] } 24. Nxf5 { [%clk 0:02:27] } 24... exf5 { [%clk 0:02:11] }
25. Bd2 { [%clk 0:02:12] } 25... Rae8 { [%clk 0:01:40] } 26. Nf3
{ [%clk 0:01:30] } 26... Ne4 { [%clk 0:01:38] } 27. Be3 { [%clk 0:01:08] }
27... Re7 { [%clk 0:01:34] } 28. Ng5 { [%clk 0:00:58] } 28... Rfe8
{ [%clk 0:01:31] } 29. Nxe4 { [%clk 0:00:42] } 29... Rxe4 { [%clk 0:01:29] }
30. f3 { [%clk 0:00:39] } 30... R4e7 { [%clk 0:01:23] } 31. Re2
{ [%clk 0:00:27] } 31... Bf4 { [%clk 0:01:21] } 32. Rae1 { [%clk 0:00:24] }
32... Bxe3+ { [%clk 0:01:19] } 33. Rxe3 { [%clk 0:00:23] } 33... Rxe3
{ [%clk 0:01:17] } 34. Rxe3 { [%clk 0:00:22] } 34... Rd8 { [%clk 0:01:16] } 35.
Qb3 { [%clk 0:00:17] } 35... Qxb3 { [%clk 0:01:13] } 36. Rxb3
{ [%clk 0:00:16] } 36... Rxd4 { [%clk 0:01:12] } 37. Re3 { [%clk 0:00:16] }
37... Kf7 { [%clk 0:01:10] } 38. Kf2 { [%clk 0:00:10] } 38... Rd2+
{ [%clk 0:01:08] } 39. Kg3 { [%clk 0:00:07] } 39... g5 { [%clk 0:01:04] } 40.
h4 { [%clk 0:00:05] } 40... gxh4+ { [%clk 0:01:02] } 41. Kxh4
{ [%clk 0:00:05] } 41... Kf6 { [%clk 0:01:00] } 42. Kg3 { [%clk 0:00:03] }
42... g5 { [%clk 0:00:57] } 43. Re8 { [%clk 0:00:00] } 43... f4+
{ [%clk 0:00:56] } 0-1"
Rated Rapid tournament https://lichess.org/tournament/DsgKQQdY,https://lichess.org/5Vf05N6K,2024.08.01,-,vb8860539952,HIRADyazdanjou,1-0,2024.08.01,08:42:08,1380,1636,,,C23,Bishop's Opening,600+0,Normal,"1. e4 { [%clk 0:10:00] } 1... e5 { [%clk 0:05:00] } 2. Bc4 { [%clk 0:09:57] }
2... Nc6 { [%clk 0:04:58] } 3. Nc3 { [%clk 0:09:54] } 3... Bc5
{ [%clk 0:04:52] } 4. Nd5 { [%clk 0:09:53] } 4... Qh4 { [%clk 0:04:24] } 5. Qf3
{ [%clk 0:09:51] } 5... Bd6 { [%clk 0:04:03] } 6. Nxc7+ { [%clk 0:09:38] } 6...
Kd8 { [%clk 0:03:44] } 7. Nxa8 { [%clk 0:09:37] } 7... Nd4 { [%clk 0:03:41] }
8. Qd3 { [%clk 0:09:30] } 8... Nf6 { [%clk 0:03:37] } 9. Nf3 { [%clk 0:09:24] }
9... Nxf3+ { [%clk 0:03:35] } 10. Qxf3 { [%clk 0:09:22] } 10... b6
{ [%clk 0:03:32] } 11. g3 { [%clk 0:09:02] } 11... Qg5 { [%clk 0:03:28] } 12.
d4 { [%clk 0:08:55] } 12... Qg6 { [%clk 0:03:24] } 13. dxe5 { [%clk 0:08:51] }
13... Bxe5 { [%clk 0:03:07] } 14. h4 { [%clk 0:08:48] } 14... h5
{ [%clk 0:03:02] } 15. Qf5 { [%clk 0:08:42] } 15... Qxf5 { [%clk 0:02:58] } 16.
exf5 { [%clk 0:08:40] } 16... Re8 { [%clk 0:02:53] } 17. O-O { [%clk 0:08:36] }
17... Bb7 { [%clk 0:02:46] } 18. Nxb6 { [%clk 0:08:30] } 18... axb6
{ [%clk 0:02:42] } 19. Bf4 { [%clk 0:08:22] } 19... Bxf4 { [%clk 0:02:38] } 20.
gxf4 { [%clk 0:08:20] } 20... Re4 { [%clk 0:02:36] } 21. Bxf7
{ [%clk 0:08:13] } 21... Rxf4 { [%clk 0:02:34] } 22. Bg6 { [%clk 0:08:03] }
22... Rxh4 { [%clk 0:02:32] } 23. f3 { [%clk 0:07:54] } 23... Ba6
{ [%clk 0:02:21] } 24. Rf2 { [%clk 0:07:41] } 24... Nd5 { [%clk 0:02:17] } 25.
Rh2 { [%clk 0:07:33] } 25... Rc4 { [%clk 0:02:14] } 26. b3 { [%clk 0:07:28] }
26... Rf4 { [%clk 0:02:11] } 27. Rf2 { [%clk 0:06:52] } 27... Nf6
{ [%clk 0:01:59] } 28. Re1 { [%clk 0:06:47] } 28... Bb7 { [%clk 0:01:54] } 29.
Re3 { [%clk 0:06:32] } 29... Nd5 { [%clk 0:01:39] } 30. Re4 { [%clk 0:06:21] }
30... Rxe4 { [%clk 0:01:28] } 31. fxe4 { [%clk 0:06:19] } 31... Nc3
{ [%clk 0:01:23] } 32. e5 { [%clk 0:06:15] } 32... Nxa2 { [%clk 0:01:21] } 33.
f6 { [%clk 0:06:13] } 33... gxf6 { [%clk 0:01:19] } 34. exf6 { [%clk 0:06:11] }
34... Bd5 { [%clk 0:01:17] } 35. Be4 { [%clk 0:05:51] } 35... Bf7
{ [%clk 0:01:03] } 36. c4 { [%clk 0:05:47] } 36... Nc3 { [%clk 0:01:00] } 37.
Bf3 { [%clk 0:05:42] } 37... b5 { [%clk 0:00:52] } 38. cxb5 { [%clk 0:05:38] }
38... Nxb5 { [%clk 0:00:51] } 39. Rd2 { [%clk 0:05:30] } 39... Nc3
{ [%clk 0:00:49] } 40. Rd3 { [%clk 0:05:27] } 40... Nb5 { [%clk 0:00:45] } 41.
Bd5 { [%clk 0:05:23] } 41... Bxd5 { [%clk 0:00:38] } 42. Rxd5
{ [%clk 0:05:21] } 42... Nc7 { [%clk 0:00:35] } 43. Rf5 { [%clk 0:05:19] }
43... Ke8 { [%clk 0:00:32] } 44. f7+ { [%clk 0:05:18] } 44... Kf8
{ [%clk 0:00:31] } 45. Kh2 { [%clk 0:05:15] } 45... h4 { [%clk 0:00:28] } 46.
Kh3 { [%clk 0:05:13] } 46... Ne6 { [%clk 0:00:26] } 47. Kxh4 { [%clk 0:05:10] }
47... Nd4 { [%clk 0:00:24] } 48. Rf4 { [%clk 0:05:06] } 48... Nxb3
{ [%clk 0:00:22] } 49. Kg5 { [%clk 0:05:05] } 49... Nc5 { [%clk 0:00:18] } 50.
Kg6 { [%clk 0:05:03] } 50... Ne6 { [%clk 0:00:11] } 51. Re4 { [%clk 0:05:01] }
51... Nc5 { [%clk 0:00:06] } 52. Re8# { [%clk 0:04:59] } 1-0"
Rated Rapid tournament https://lichess.org/tournament/DsgKQQdY,https://lichess.org/d5yfNaPz,2024.08.01,-,Majid1999,anetochka74,1-0,2024.08.01,08:42:08,1950,1218,,,B01,Scandinavian Defense: Blackburne Gambit,600+0,Normal,"1. e4 { [%clk 0:05:00] } 1... d5 { [%clk 0:10:00] } 2. exd5 { [%clk 0:04:59] }
2... c6 { [%clk 0:09:59] } 3. dxc6 { [%clk 0:04:57] } 3... Nxc6
{ [%clk 0:09:57] } 4. Nf3 { [%clk 0:04:56] } 4... Nf6 { [%clk 0:09:56] } 5. Nc3
{ [%clk 0:04:53] } 5... e5 { [%clk 0:09:54] } 6. Bb5 { [%clk 0:04:50] } 6...
Bd7 { [%clk 0:09:42] } 7. d3 { [%clk 0:04:46] } 7... Bd6 { [%clk 0:09:29] } 8.
O-O { [%clk 0:04:42] } 8... a6 { [%clk 0:09:27] } 9. Ba4 { [%clk 0:04:39] }
9... b5 { [%clk 0:09:21] } 10. Bb3 { [%clk 0:04:36] } 10... b4
{ [%clk 0:09:16] } 11. Ne4 { [%clk 0:04:27] } 11... Bg4 { [%clk 0:09:06] } 12.
h3 { [%clk 0:04:11] } 12... Bf5 { [%clk 0:08:50] } 13. Nfg5 { [%clk 0:04:03] }
13... O-O { [%clk 0:08:38] } 14. g4 { [%clk 0:03:58] } 14... Be6
{ [%clk 0:08:14] } 15. Bxe6 { [%clk 0:03:53] } 15... fxe6 { [%clk 0:08:11] }
16. Nxe6 { [%clk 0:03:52] } 16... Qe7 { [%clk 0:07:36] } 17. Nxf8
{ [%clk 0:03:48] } 17... Rxf8 { [%clk 0:07:30] } 18. Nxd6 { [%clk 0:03:44] }
18... Qxd6 { [%clk 0:07:26] } 19. c3 { [%clk 0:03:36] } 19... e4
{ [%clk 0:07:24] } 20. dxe4 { [%clk 0:03:30] } 20... Qe5 { [%clk 0:07:03] } 21.
Qb3+ { [%clk 0:03:15] } 21... Kh8 { [%clk 0:07:00] } 22. Re1 { [%clk 0:03:11] }
22... Nxe4 { [%clk 0:06:53] } 23. f4 { [%clk 0:02:40] } 23... Qc5+
{ [%clk 0:06:28] } 24. Be3 { [%clk 0:02:36] } 24... Qe7 { [%clk 0:06:02] } 25.
Qd5 { [%clk 0:02:24] } 25... Nd8 { [%clk 0:05:34] } 26. Bc5 { [%clk 0:02:18] }
26... Qh4 { [%clk 0:05:24] } 27. Qxe4 { [%clk 0:02:13] } 27... Qg3+
{ [%clk 0:05:20] } 28. Qg2 { [%clk 0:02:11] } 28... Qxf4 { [%clk 0:05:02] } 29.
Bxf8 { [%clk 0:02:07] } 29... Qxf8 { [%clk 0:05:00] } 30. Rf1
{ [%clk 0:02:00] } 30... Nf7 { [%clk 0:04:58] } 31. Qd5 { [%clk 0:01:53] }
31... Kg8 { [%clk 0:04:54] } 32. Rxf7 { [%clk 0:01:46] } 32... Qxf7
{ [%clk 0:04:52] } 33. Qd8+ { [%clk 0:01:45] } 33... Qf8 { [%clk 0:04:51] } 34.
Qxf8+ { [%clk 0:01:43] } 34... Kxf8 { [%clk 0:04:49] } 35. cxb4
{ [%clk 0:01:42] } 35... Ke7 { [%clk 0:04:46] } 36. Kf2 { [%clk 0:01:42] }
36... Kd6 { [%clk 0:04:44] } 37. Rc1 { [%clk 0:01:41] } 37... g5
{ [%clk 0:04:40] } 38. Kf3 { [%clk 0:01:41] } 38... h6 { [%clk 0:04:38] } 39.
Ke4 { [%clk 0:01:40] } 39... a5 { [%clk 0:04:23] } 40. bxa5 { [%clk 0:01:36] }
1-0"
Rated Rapid tournament https://lichess.org/tournament/DsgKQQdY,https://lichess.org/yfchs4Ue,2024.08.01,-,sagarniraula,andgus68,1-0,2024.08.01,08:42:08,1897,1704,,,B22,Sicilian Defense: Alapin Variation,600+0,Normal,"1. e4 { [%clk 0:05:00] } 1... c5 { [%clk 0:10:00] } 2. c3 { [%clk 0:04:55] }
2... d5 { [%clk 0:09:56] } 3. e5 { [%clk 0:04:52] } 3... Nc6 { [%clk 0:09:51] }
4. d4 { [%clk 0:04:51] } 4... c4 { [%clk 0:09:45] } 5. Be2 { [%clk 0:04:42] }
5... Bf5 { [%clk 0:09:43] } 6. Nf3 { [%clk 0:04:36] } 6... e6
{ [%clk 0:09:42] } 7. O-O { [%clk 0:04:35] } 7... Nge7 { [%clk 0:09:39] } 8. h3
{ [%clk 0:04:33] } 8... h6 { [%clk 0:09:27] } 9. Nh2 { [%clk 0:04:31] } 9... g5
{ [%clk 0:09:22] } 10. f4 { [%clk 0:04:28] } 10... gxf4 { [%clk 0:09:05] } 11.
Bxf4 { [%clk 0:04:28] } 11... Ng6 { [%clk 0:09:03] } 12. Nd2 { [%clk 0:04:25] }
12... Nxf4 { [%clk 0:08:55] } 13. Rxf4 { [%clk 0:04:25] } 13... Rg8
{ [%clk 0:08:49] } 14. Kh1 { [%clk 0:04:21] } 14... Qg5 { [%clk 0:08:40] } 15.
Rf2 { [%clk 0:04:18] } 15... O-O-O { [%clk 0:08:07] } 16. Bg4
{ [%clk 0:04:16] } 16... h5 { [%clk 0:07:55] } 17. Bxf5 { [%clk 0:04:14] }
17... exf5 { [%clk 0:07:52] } 18. Ndf3 { [%clk 0:04:12] } 18... Qg3
{ [%clk 0:07:45] } 19. Qe2 { [%clk 0:04:06] } 19... Be7 { [%clk 0:07:27] } 20.
Raf1 { [%clk 0:03:59] } 20... Rg7 { [%clk 0:07:23] } 21. a4 { [%clk 0:03:53] }
21... Rdg8 { [%clk 0:07:20] } 22. Rg1 { [%clk 0:03:48] } 22... Qxh3
{ [%clk 0:07:05] } 23. gxh3 { [%clk 0:03:45] } 23... Rxg1+ { [%clk 0:07:02] }
24. Nxg1 { [%clk 0:03:45] } 24... Bh4 { [%clk 0:06:43] } 25. Rxf5
{ [%clk 0:03:37] } 25... Ne7 { [%clk 0:06:28] } 26. Rxf7 { [%clk 0:03:34] }
26... Ng6 { [%clk 0:06:26] } 27. Ngf3 { [%clk 0:03:29] } 27... Bg3
{ [%clk 0:06:24] } 28. Qe3 { [%clk 0:03:23] } 28... h4 { [%clk 0:06:04] } 29.
Qh6 { [%clk 0:03:18] } 29... Nf4 { [%clk 0:05:54] } 30. Rxf4 { [%clk 0:03:10] }
30... Bxf4 { [%clk 0:05:52] } 31. Qxf4 { [%clk 0:03:10] } 31... a6
{ [%clk 0:05:47] } 32. Qxh4 { [%clk 0:03:09] } 32... Kb8 { [%clk 0:05:44] } 33.
Qe7 { [%clk 0:03:06] } 33... Ka7 { [%clk 0:05:42] } 34. Qc5+ { [%clk 0:03:04] }
34... Ka8 { [%clk 0:05:40] } 35. Qxd5 { [%clk 0:03:03] } 1-0"
Rated Rapid tournament https://lichess.org/tournament/DsgKQQdY,https://lichess.org/2ScgSvhp,2024.08.01,-,BlackArt,aboelmagd27,1-0,2024.08.01,08:42:08,1868,1583,,,A04,Zukertort Opening: Queenside Fianchetto Variation,600+0,Normal,"1. Nf3 { [%clk 0:10:00] } 1... b6 { [%clk 0:10:00] } 2. d3 { [%clk 0:09:59] }
2... Bb7 { [%clk 0:09:59] } 3. e4 { [%clk 0:09:58] } 3... e6 { [%clk 0:09:57] }
4. g3 { [%clk 0:09:57] } 4... g6 { [%clk 0:09:52] } 5. Bg2 { [%clk 0:09:56] }
5... Bg7 { [%clk 0:09:51] } 6. Nc3 { [%clk 0:09:56] } 6... Ne7
{ [%clk 0:09:48] } 7. Bd2 { [%clk 0:09:54] } 7... O-O { [%clk 0:09:47] } 8. O-O
{ [%clk 0:09:52] } 8... d5 { [%clk 0:09:44] } 9. Qe2 { [%clk 0:09:46] } 9...
dxe4 { [%clk 0:09:41] } 10. dxe4 { [%clk 0:09:43] } 10... Re8
{ [%clk 0:09:33] } 11. Rad1 { [%clk 0:09:41] } 11... Nec6 { [%clk 0:09:30] }
12. Nb5 { [%clk 0:09:33] } 12... f5 { [%clk 0:09:26] } 13. Bf4
{ [%clk 0:09:28] } 13... Na6 { [%clk 0:09:09] } 14. Rxd8 { [%clk 0:09:24] }
14... Rexd8 { [%clk 0:09:05] } 15. Nxc7 { [%clk 0:09:23] } 1-0"
Rated Rapid tournament https://lichess.org/tournament/DsgKQQdY,https://lichess.org/NkH1zHL6,2024.08.01,-,josecaz,Alexsascha,0-1,2024.08.01,08:42:08,1631,1613,,,B50,Sicilian Defense: Modern Variations,600+0,Normal,"1. e4 { [%clk 0:10:00] } 1... c5 { [%clk 0:10:00] } 2. Nf3 { [%clk 0:09:57] }
2... d6 { [%clk 0:09:55] } 3. Bc4 { [%clk 0:09:50] } 3... Nf6
{ [%clk 0:09:51] } 4. Nc3 { [%clk 0:09:40] } 4... e6 { [%clk 0:09:47] } 5. O-O
{ [%clk 0:09:34] } 5... a6 { [%clk 0:09:44] } 6. d4 { [%clk 0:09:22] } 6... b5
{ [%clk 0:09:41] } 7. Be2 { [%clk 0:09:18] } 7... cxd4 { [%clk 0:09:18] } 8.
Nxd4 { [%clk 0:09:13] } 8... Bb7 { [%clk 0:09:15] } 9. Bg5 { [%clk 0:08:59] }
9... Be7 { [%clk 0:09:00] } 10. Bxf6 { [%clk 0:08:46] } 10... Bxf6
{ [%clk 0:08:54] } 11. Nf3 { [%clk 0:08:46] } 11... O-O { [%clk 0:08:40] } 12.
e5 { [%clk 0:08:35] } 12... dxe5 { [%clk 0:08:30] } 13. Qxd8 { [%clk 0:08:30] }
13... Rxd8 { [%clk 0:08:25] } 14. Bd3 { [%clk 0:08:25] } 14... Nc6
{ [%clk 0:08:18] } 15. Be4 { [%clk 0:08:19] } 15... Rab8 { [%clk 0:07:29] } 16.
a4 { [%clk 0:08:00] } 16... b4 { [%clk 0:07:17] } 17. Ne2 { [%clk 0:07:44] }
17... Nd4 { [%clk 0:07:12] } 18. Bxb7 { [%clk 0:07:38] } 18... Rxb7
{ [%clk 0:07:08] } 19. Ng3 { [%clk 0:07:32] } 19... Nxc2 { [%clk 0:06:56] } 20.
Rac1 { [%clk 0:07:28] } 20... Nd4 { [%clk 0:06:49] } 21. Nxd4
{ [%clk 0:07:18] } 21... exd4 { [%clk 0:06:45] } 22. Ne4 { [%clk 0:07:14] }
22... Be5 { [%clk 0:06:36] } 23. f4 { [%clk 0:06:58] } 23... Bb8
{ [%clk 0:06:03] } 24. a5 { [%clk 0:06:41] } 24... Ba7 { [%clk 0:05:59] } 25.
Rc6 { [%clk 0:06:19] } 25... d3+ { [%clk 0:05:51] } 26. Kh1 { [%clk 0:06:14] }
26... d2 { [%clk 0:05:45] } 27. Nxd2 { [%clk 0:06:11] } 27... h6
{ [%clk 0:05:08] } 28. Nc4 { [%clk 0:06:06] } 28... Bd4 { [%clk 0:04:59] } 29.
b3 { [%clk 0:05:56] } 29... Ra7 { [%clk 0:04:53] } 30. Nb6 { [%clk 0:05:49] }
30... Bxb6 { [%clk 0:04:32] } 31. Rxb6 { [%clk 0:05:33] } 31... Rd3
{ [%clk 0:04:16] } 32. Rb1 { [%clk 0:05:24] } 32... Rd5 { [%clk 0:04:13] } 33.
Rxb4 { [%clk 0:05:19] } 33... Rxa5 { [%clk 0:04:08] } 34. Rb8+
{ [%clk 0:05:12] } 34... Kh7 { [%clk 0:04:05] } 35. b4 { [%clk 0:05:06] } 35...
Rb5 { [%clk 0:04:03] } 36. Rc8 { [%clk 0:04:37] } 36... a5 { [%clk 0:03:49] }
37. Rc4 { [%clk 0:04:31] } 37... Rab7 { [%clk 0:03:42] } 38. g4
{ [%clk 0:04:02] } 38... Rxb4 { [%clk 0:03:29] } 39. Rcxb4 { [%clk 0:03:58] }
39... Rxb4 { [%clk 0:03:25] } 40. Ra1 { [%clk 0:03:55] } 40... Rxf4
{ [%clk 0:03:22] } 41. Rxa5 { [%clk 0:03:49] } 41... Rxg4 { [%clk 0:03:20] }
42. h3 { [%clk 0:03:47] } 42... Rh4 { [%clk 0:03:16] } 43. Kh2
{ [%clk 0:03:47] } 43... Kg6 { [%clk 0:03:09] } 44. Ra7 { [%clk 0:03:45] }
44... Rd4 { [%clk 0:03:02] } 45. Kg3 { [%clk 0:03:42] } 45... e5
{ [%clk 0:02:54] } 46. Ra6+ { [%clk 0:03:39] } 46... f6 { [%clk 0:02:47] } 47.
h4 { [%clk 0:03:37] } 47... Kh5 { [%clk 0:02:35] } 48. Ra7 { [%clk 0:03:32] }
48... Rg4+ { [%clk 0:02:07] } 49. Kf3 { [%clk 0:03:28] } 49... g6
{ [%clk 0:02:03] } 50. Ra6 { [%clk 0:03:22] } 50... Rf4+ { [%clk 0:02:02] } 51.
Kg3 { [%clk 0:03:18] } 51... f5 { [%clk 0:01:58] } 52. Ra5 { [%clk 0:03:14] }
52... Rg4+ { [%clk 0:01:56] } 53. Kf3 { [%clk 0:03:12] } 53... e4+
{ [%clk 0:01:54] } 54. Ke3 { [%clk 0:03:09] } 54... Rxh4 { [%clk 0:01:49] } 55.
Re5 { [%clk 0:03:03] } 55... Kg5 { [%clk 0:01:43] } 56. Kd4 { [%clk 0:02:59] }
56... Kf4 { [%clk 0:01:37] } 57. Re6 { [%clk 0:02:54] } 57... g5
{ [%clk 0:01:30] } 58. Re5 { [%clk 0:02:46] } 58... g4 { [%clk 0:01:28] } 59.
Ra5 { [%clk 0:02:42] } 59... g3 { [%clk 0:01:26] } 60. Ra2 { [%clk 0:02:38] }
60... Rh2 { [%clk 0:01:24] } 61. Ra3 { [%clk 0:02:35] } 61... g2
{ [%clk 0:01:21] } 0-1"
Rated Rapid tournament https://lichess.org/tournament/DsgKQQdY,https://lichess.org/pzaDo2t4,2024.08.01,-,y_li,Muhammed_aman1,1-0,2024.08.01,08:42:08,1822,1376,,,D30,Queen's Gambit Declined,600+0,Normal,"1. c4 { [%clk 0:05:00] } 1... e6 { [%clk 0:10:00] } 2. d4 { [%clk 0:04:58] }
2... d5 { [%clk 0:09:57] } 3. cxd5 { [%clk 0:04:58] } 3... exd5
{ [%clk 0:09:55] } 4. Nc3 { [%clk 0:04:57] } 4... Be6 { [%clk 0:09:47] } 5. g3
{ [%clk 0:04:56] } 5... c6 { [%clk 0:09:42] } 6. Bg2 { [%clk 0:04:54] } 6...
Nf6 { [%clk 0:09:33] } 7. Nf3 { [%clk 0:04:53] } 7... Nbd7 { [%clk 0:09:30] }
8. Ng5 { [%clk 0:04:48] } 8... Be7 { [%clk 0:09:19] } 9. Nxe6
{ [%clk 0:04:45] } 9... fxe6 { [%clk 0:09:18] } 10. O-O { [%clk 0:04:32] }
10... O-O { [%clk 0:09:14] } 11. Bh3 { [%clk 0:04:22] } 11... e5
{ [%clk 0:08:59] } 12. dxe5 { [%clk 0:04:16] } 12... Nxe5 { [%clk 0:08:54] }
13. Bf4 { [%clk 0:04:15] } 13... Nc4 { [%clk 0:08:48] } 14. b3
{ [%clk 0:04:10] } 14... Nd6 { [%clk 0:08:23] } 15. Be6+ { [%clk 0:04:07] }
15... Kh8 { [%clk 0:08:21] } 16. Bc1 { [%clk 0:03:56] } 16... Nfe4
{ [%clk 0:08:11] } 17. Bb2 { [%clk 0:03:53] } 17... Nxc3 { [%clk 0:07:59] } 18.
Bxc3 { [%clk 0:03:45] } 18... Ne4 { [%clk 0:07:53] } 19. Bb2 { [%clk 0:03:41] }
19... Bf6 { [%clk 0:07:47] } 20. Bxf6 { [%clk 0:03:32] } 20... Nxf6
{ [%clk 0:07:46] } 21. Bh3 { [%clk 0:03:28] } 21... Qe7 { [%clk 0:07:28] } 22.
Qc2 { [%clk 0:03:15] } 22... Ne4 { [%clk 0:07:19] } 23. Bg2 { [%clk 0:03:12] }
23... Nf6 { [%clk 0:07:14] } 24. Rfe1 { [%clk 0:03:04] } 24... Rae8
{ [%clk 0:06:59] } 25. f3 { [%clk 0:02:53] } 25... Qc5+ { [%clk 0:06:51] } 26.
Qxc5 { [%clk 0:02:50] } 1-0"
Rated Rapid tournament https://lichess.org/tournament/DsgKQQdY,https://lichess.org/owv9z46k,2024.08.01,-,GimmeThatKnight,as1967,1-0,2024.08.01,08:42:08,1546,1612,,,A46,Indian Defense: London System,600+0,Normal,"1. d4 { [%clk 0:05:00] } 1... Nf6 { [%clk 0:10:00] } 2. Bf4 { [%clk 0:04:58] }
2... e6 { [%clk 0:09:56] } 3. Nf3 { [%clk 0:04:56] } 3... d5 { [%clk 0:09:51] }
4. e3 { [%clk 0:04:53] } 4... Bd6 { [%clk 0:09:42] } 5. Bg3 { [%clk 0:04:50] }
5... Bxg3 { [%clk 0:09:24] } 6. hxg3 { [%clk 0:04:49] } 6... Bd7
{ [%clk 0:09:20] } 7. c3 { [%clk 0:04:44] } 7... Bc6 { [%clk 0:08:43] } 8. Ne5
{ [%clk 0:04:28] } 8... Nbd7 { [%clk 0:08:14] } 9. Nd2 { [%clk 0:04:13] } 9...
Nxe5 { [%clk 0:08:07] } 10. dxe5 { [%clk 0:04:12] } 10... Nd7
{ [%clk 0:08:06] } 11. Nf3 { [%clk 0:04:09] } 11... h6 { [%clk 0:07:50] } 12.
Nd4 { [%clk 0:03:26] } 12... Nxe5 { [%clk 0:07:21] } 13. f4 { [%clk 0:03:24] }
13... Ng4 { [%clk 0:07:08] } 14. Qxg4 { [%clk 0:03:19] } 14... Qf6
{ [%clk 0:06:49] } 15. Bd3 { [%clk 0:02:49] } 15... h5 { [%clk 0:06:33] } 16.
Rxh5 { [%clk 0:02:47] } 16... Rxh5 { [%clk 0:06:26] } 17. Qxh5
{ [%clk 0:02:47] } 17... O-O-O { [%clk 0:06:21] } 18. O-O-O { [%clk 0:02:44] }
18... g6 { [%clk 0:06:13] } 19. Qe2 { [%clk 0:02:43] } 19... e5
{ [%clk 0:06:00] } 20. Nxc6 { [%clk 0:02:25] } 20... Qxc6 { [%clk 0:05:50] }
21. fxe5 { [%clk 0:02:21] } 21... Re8 { [%clk 0:05:47] } 22. Bb5
{ [%clk 0:02:20] } 22... Qe6 { [%clk 0:05:37] } 23. Bxe8 { [%clk 0:02:18] }
23... Qxe8 { [%clk 0:05:36] } 24. Rxd5 { [%clk 0:02:18] } 24... Qe6
{ [%clk 0:05:25] } 25. Rd4 { [%clk 0:02:12] } 25... Qxe5 { [%clk 0:05:15] } 26.
Qg4+ { [%clk 0:02:10] } 26... Kb8 { [%clk 0:05:08] } 27. Rd8#
{ [%clk 0:02:09] } 1-0"
Rated Rapid tournament https://lichess.org/tournament/DsgKQQdY,https://lichess.org/9gUZOjRU,2024.08.01,-,Black_knight2101,pepevive,0-1,2024.08.01,08:42:08,1405,1512,,,A10,English Opening,600+0,Normal,"1. c4 { [%eval 0.12] [%clk 0:05:00] } 1... b6 { [%eval 0.4] [%clk 0:10:00] } 2.
Nf3 { [%eval 0.29] [%clk 0:04:54] } 2... Bb7 { [%eval 0.28] [%clk 0:09:18] } 3.
Nc3 { [%eval 0.3] [%clk 0:04:51] } 3... g6 { [%eval 0.77] [%clk 0:08:52] } 4.
d3 { [%eval 0.24] [%clk 0:04:48] } 4... Bg7 { [%eval 0.31] [%clk 0:08:49] } 5.
g3 { [%eval -0.02] [%clk 0:04:46] } 5... Nf6 { [%eval 0.05] [%clk 0:08:44] } 6.
Bg2 { [%eval 0.03] [%clk 0:04:43] } 6... O-O { [%eval 0.16] [%clk 0:08:41] } 7.
O-O { [%eval 0.08] [%clk 0:04:40] } 7... d5 { [%eval 0.15] [%clk 0:08:39] } 8.
cxd5 { [%eval -0.03] [%clk 0:04:37] } 8... Nxd5 { [%eval 0.02] [%clk 0:08:36] }
9. Ng5 $2 { [%eval -1.15] [%clk 0:04:34] } 9... h6 $6
{ [%eval -0.36] [%clk 0:08:27] } 10. Nxd5 { [%eval -0.5] [%clk 0:04:30] } 10...
Bxd5 { [%eval -0.54] [%clk 0:08:21] } 11. Nf3 { [%eval -0.64] [%clk 0:04:19] }
11... Nd7 { [%eval -0.14] [%clk 0:07:58] } 12. b3 $2
{ [%eval -2.72] [%clk 0:04:10] } 12... Bxa1 { [%eval -2.83] [%clk 0:07:54] }
0-1"
Rated Rapid game,https://lichess.org/066V7sXP,2024.08.01,-,Anas_gmal,clzr28,1-0,2024.08.01,08:42:09,1205,1171,,,D00,Blackmar-Diemer Gambit Accepted: Ryder Gambit,600+0,Normal,"1. d4 { [%clk 0:10:00] } 1... d5 { [%clk 0:10:00] } 2. e4 { [%clk 0:09:59] }
2... dxe4 { [%clk 0:09:56] } 3. Nc3 { [%clk 0:09:58] } 3... Nf6
{ [%clk 0:09:53] } 4. f3 { [%clk 0:09:57] } 4... exf3 { [%clk 0:09:46] } 5.
Qxf3 { [%clk 0:09:55] } 5... Nc6 { [%clk 0:09:43] } 6. d5 { [%clk 0:09:43] }
6... Ne5 { [%clk 0:09:30] } 7. Qg3 { [%clk 0:08:25] } 7... Nfd7
{ [%clk 0:08:59] } 8. Bb5 { [%clk 0:08:07] } 8... f6 { [%clk 0:08:37] } 9. Nf3
{ [%clk 0:07:53] } 9... Nxf3+ { [%clk 0:08:29] } 10. Qxf3 { [%clk 0:07:52] }
10... a6 { [%clk 0:08:10] } 11. Ba4 { [%clk 0:07:33] } 11... b5
{ [%clk 0:07:50] } 12. d6 { [%clk 0:07:15] } 12... Rb8 { [%clk 0:07:33] } 13.
Bb3 { [%clk 0:06:55] } 13... Nc5 { [%clk 0:07:22] } 14. Qc6+ { [%clk 0:06:40] }
14... Bd7 { [%clk 0:06:53] } 15. Qxc5 { [%clk 0:06:37] } 15... exd6
{ [%clk 0:06:44] } 16. Qe3+ { [%clk 0:06:32] } 16... Be7 { [%clk 0:06:40] } 17.
O-O { [%clk 0:06:29] } 17... c6 { [%clk 0:06:05] } 18. Ne4 { [%clk 0:06:16] }
18... Qc7 { [%clk 0:05:14] } 19. Qe2 { [%clk 0:05:22] } 19... d5
{ [%clk 0:05:05] } 20. Bf4 { [%clk 0:05:09] } 20... Qb6+ { [%clk 0:04:56] } 21.
Kh1 { [%clk 0:05:00] } 21... dxe4 { [%clk 0:04:44] } 22. Qxe4
{ [%clk 0:04:38] } 22... Rc8 { [%clk 0:04:21] } 23. Bd6 { [%clk 0:04:18] } 1-0"
Rated Rapid game,https://lichess.org/zfHGRzgm,2024.08.01,-,srupen_m,Serotonin24_7,0-1,2024.08.01,08:42:09,1810,1879,,,C41,Philidor Defense,600+0,Normal,"1. e4 { [%clk 0:10:00] } 1... e5 { [%clk 0:10:00] } 2. Nf3 { [%clk 0:09:59] }
2... d6 { [%clk 0:09:59] } 3. h3 { [%clk 0:09:57] } 3... Nf6 { [%clk 0:09:56] }
4. Nc3 { [%clk 0:09:55] } 4... Be7 { [%clk 0:09:53] } 5. Bc4 { [%clk 0:09:53] }
5... O-O { [%clk 0:09:49] } 6. d3 { [%clk 0:09:52] } 6... h6 { [%clk 0:09:47] }
7. g4 { [%clk 0:09:50] } 7... Nc6 { [%clk 0:09:47] } 8. g5 { [%clk 0:09:47] }
8... Nh5 { [%clk 0:09:35] } 9. gxh6 { [%clk 0:09:43] } 9... g6
{ [%clk 0:09:27] } 10. Nd2 { [%clk 0:09:39] } 10... Nf4 { [%clk 0:09:22] } 11.
Nf3 { [%clk 0:09:33] } 11... Ng2+ { [%clk 0:09:13] } 12. Kf1 { [%clk 0:09:32] }
12... Nf4 { [%clk 0:09:09] } 13. Bxf4 { [%clk 0:09:30] } 13... exf4
{ [%clk 0:09:09] } 14. Rg1 { [%clk 0:09:25] } 14... Kh7 { [%clk 0:09:07] } 15.
Ne2 { [%clk 0:09:12] } 15... Ne5 { [%clk 0:09:05] } 16. Nxf4 { [%clk 0:09:07] }
16... Nxc4 { [%clk 0:09:01] } 17. dxc4 { [%clk 0:09:05] } 17... Kxh6
{ [%clk 0:08:46] } 18. Qd5 { [%clk 0:08:49] } 18... c6 { [%clk 0:08:11] } 19.
Qd2 { [%clk 0:08:44] } 19... Kh7 { [%clk 0:08:05] } 20. Rh1 { [%clk 0:08:09] }
20... Be6 { [%clk 0:08:02] } 21. Nxe6 { [%clk 0:08:04] } 21... fxe6
{ [%clk 0:08:02] } 22. Nd4 { [%clk 0:07:59] } 22... Bg5 { [%clk 0:07:26] } 23.
Qe2 { [%clk 0:07:26] } 23... Qf6 { [%clk 0:07:25] } 24. c3 { [%clk 0:07:12] }
24... e5 { [%clk 0:07:20] } 25. Nc2 { [%clk 0:06:58] } 25... Rf7
{ [%clk 0:07:09] } 26. h4 { [%clk 0:06:55] } 26... Bh6 { [%clk 0:07:07] } 27.
Ne3 { [%clk 0:06:50] } 27... Bxe3 { [%clk 0:06:52] } 28. Qxe3
{ [%clk 0:06:49] } 28... Raf8 { [%clk 0:06:52] } 29. Rh2 { [%clk 0:06:47] }
29... Qf4 { [%clk 0:06:33] } 30. Qxf4 { [%clk 0:06:42] } 30... Rxf4
{ [%clk 0:06:33] } 31. Re1 { [%clk 0:06:36] } 31... Kh6 { [%clk 0:06:31] } 32.
Kg2 { [%clk 0:06:31] } 32... Rxf2+ { [%clk 0:06:26] } 33. Kg3
{ [%clk 0:06:29] } 33... R8f3+ { [%clk 0:06:14] } 34. Kg4 { [%clk 0:06:26] }
34... Rf4+ { [%clk 0:06:13] } 35. Kg3 { [%clk 0:06:22] } 35... R2f3+
{ [%clk 0:06:12] } 36. Kg2 { [%clk 0:06:21] } 36... Kh5 { [%clk 0:06:11] } 37.
Re2 { [%clk 0:05:47] } 37... Kg4 { [%clk 0:05:53] } 38. Kh1 { [%clk 0:05:23] }
38... Rf1+ { [%clk 0:05:00] } 39. Kg2 { [%clk 0:05:21] } 39... R1f3
{ [%clk 0:04:27] } 40. Kg1 { [%clk 0:05:06] } 40... Rg3+ { [%clk 0:04:23] } 41.
Kh1 { [%clk 0:05:04] } 41... Rf1# { [%clk 0:04:22] } 0-1"
Rated Rapid game,https://lichess.org/pK2tciGW,2024.08.01,-,tonymfarraiey,Alligator_ok,1-0,2024.08.01,08:42:09,1689,1708,,,C00,French Defense: Knight Variation,600+0,Normal,"1. e4 { [%clk 0:10:00] } 1... e6 { [%clk 0:10:00] } 2. Nf3 { [%clk 0:09:57] }
2... a6 { [%clk 0:10:00] } 3. d4 { [%clk 0:09:57] } 3... b5 { [%clk 0:09:47] }
4. c4 { [%clk 0:09:54] } 4... bxc4 { [%clk 0:09:46] } 5. Bxc4
{ [%clk 0:09:52] } 5... Bb7 { [%clk 0:09:46] } 6. Nc3 { [%clk 0:09:51] } 6...
Bb4 { [%clk 0:09:44] } 7. Qe2 { [%clk 0:09:42] } 7... Nf6 { [%clk 0:09:38] } 8.
e5 { [%clk 0:09:35] } 8... Ne4 { [%clk 0:09:36] } 9. Bd2 { [%clk 0:09:30] }
9... Nxd2 { [%clk 0:09:33] } 10. Qxd2 { [%clk 0:09:29] } 10... Bxf3
{ [%clk 0:09:32] } 11. gxf3 { [%clk 0:09:28] } 11... Qh4 { [%clk 0:09:23] } 12.
O-O-O { [%clk 0:09:22] } 12... O-O { [%clk 0:09:11] } 13. Qe3
{ [%clk 0:09:15] } 13... Be7 { [%clk 0:08:52] } 14. Kb1 { [%clk 0:09:11] }
14... Nc6 { [%clk 0:08:49] } 15. Rhg1 { [%clk 0:09:08] } 15... h6
{ [%clk 0:08:01] } 16. Ne4 { [%clk 0:08:57] } 16... a5 { [%clk 0:07:34] } 17.
Rg4 { [%clk 0:08:51] } 17... Qh5 { [%clk 0:07:25] } 18. Nf6+ { [%clk 0:08:46] }
18... Bxf6 { [%clk 0:07:23] } 19. exf6 { [%clk 0:08:45] } 19... g5
{ [%clk 0:07:01] } 20. Rdg1 { [%clk 0:08:36] } 20... Kh8 { [%clk 0:06:43] } 21.
f4 { [%clk 0:08:34] } 21... Nb4 { [%clk 0:06:30] } 22. fxg5 { [%clk 0:08:29] }
22... Qg6+ { [%clk 0:06:27] } 23. Re4 { [%clk 0:08:21] } 23... d5
{ [%clk 0:06:21] } 24. a3 { [%clk 0:07:58] } 24... Nc2 { [%clk 0:05:51] } 25.
Kxc2 { [%clk 0:07:53] } 25... dxe4 { [%clk 0:05:31] } 26. Kd2
{ [%clk 0:07:45] } 26... Rab8 { [%clk 0:05:24] } 27. Kc1 { [%clk 0:07:41] }
27... Rg8 { [%clk 0:04:39] } 28. Rg3 { [%clk 0:07:24] } 28... h5
{ [%clk 0:04:28] } 29. h4 { [%clk 0:07:19] } 29... c5 { [%clk 0:04:11] } 30. d5
{ [%clk 0:07:10] } 30... exd5 { [%clk 0:04:01] } 31. Bxd5 { [%clk 0:07:09] }
31... Rge8 { [%clk 0:03:59] } 32. Bc6 { [%clk 0:06:52] } 32... Re5
{ [%clk 0:03:55] } 33. f3 { [%clk 0:06:33] } 33... Rd8 { [%clk 0:03:43] } 34.
Bxe4 { [%clk 0:06:28] } 34... Qg8 { [%clk 0:03:31] } 35. g6 { [%clk 0:06:09] }
35... Qf8 { [%clk 0:03:21] } 36. g7+ { [%clk 0:06:08] } 36... Qxg7
{ [%clk 0:03:10] } 37. fxg7+ { [%clk 0:06:06] } 37... Kg8 { [%clk 0:03:09] }
38. Qh6 { [%clk 0:05:56] } 38... f5 { [%clk 0:03:03] } 39. Qh8+
{ [%clk 0:05:52] } 39... Kf7 { [%clk 0:03:01] } 40. Qxd8 { [%clk 0:05:51] }
40... fxe4 { [%clk 0:03:00] } 41. g8=Q# { [%clk 0:05:46] } 1-0"
Rated Rapid game,https://lichess.org/EAsVZWqU,2024.08.01,-,vishu2205,didelis,1-0,2024.08.01,08:42:09,2128,2120,,,B10,"Caro-Kann Defense: Accelerated Panov Attack, Modern Variation",600+0,Normal,"1. e4 { [%clk 0:10:00] } 1... c6 { [%clk 0:10:00] } 2. c4 { [%clk 0:09:58] }
2... d5 { [%clk 0:09:58] } 3. cxd5 { [%clk 0:09:57] } 3... cxd5
{ [%clk 0:09:57] } 4. exd5 { [%clk 0:09:56] } 4... Nf6 { [%clk 0:09:56] } 5.
Nc3 { [%clk 0:09:54] } 5... Nxd5 { [%clk 0:09:55] } 6. Nf3 { [%clk 0:09:52] }
6... Nc6 { [%clk 0:09:49] } 7. Bc4 { [%clk 0:09:51] } 7... e6
{ [%clk 0:09:44] } 8. O-O { [%clk 0:09:49] } 8... a6 { [%clk 0:09:40] } 9. a4
{ [%clk 0:09:48] } 9... Be7 { [%clk 0:09:36] } 10. Re1 { [%clk 0:09:35] } 10...
O-O { [%clk 0:09:35] } 11. Ne5 { [%clk 0:09:34] } 11... Nxe5 { [%clk 0:09:26] }
12. Rxe5 { [%clk 0:09:34] } 12... Bf6 { [%clk 0:09:24] } 13. Re2
{ [%clk 0:09:06] } 13... Nf4 { [%clk 0:09:17] } 14. Re4 { [%clk 0:08:49] }
14... Qc7 { [%clk 0:08:59] } 15. Bb3 { [%clk 0:08:38] } 15... b6
{ [%clk 0:08:53] } 16. d4 { [%clk 0:08:14] } 16... Bb7 { [%clk 0:08:44] } 17.
Rxf4 { [%clk 0:08:09] } 17... Rad8 { [%clk 0:08:33] } 18. Be3
{ [%clk 0:07:50] } 18... e5 { [%clk 0:08:19] } 19. Rg4 { [%clk 0:07:38] } 19...
exd4 { [%clk 0:07:30] } 20. Rxd4 { [%clk 0:07:10] } 20... Bxd4
{ [%clk 0:07:25] } 21. Bxd4 { [%clk 0:06:59] } 21... Qf4 { [%clk 0:07:22] } 22.
Ne2 { [%clk 0:06:56] } 22... Qg4 { [%clk 0:07:18] } 23. Qf1 { [%clk 0:05:54] }
23... Rxd4 { [%clk 0:07:11] } 24. Nxd4 { [%clk 0:05:51] } 24... Qxd4
{ [%clk 0:07:08] } 25. Rb1 { [%clk 0:05:41] } 25... Be4 { [%clk 0:06:58] } 26.
Qd1 { [%clk 0:05:26] } 26... Qxd1+ { [%clk 0:06:46] } 27. Rxd1
{ [%clk 0:05:26] } 27... Rb8 { [%clk 0:06:17] } 28. f3 { [%clk 0:05:22] } 28...
Bg6 { [%clk 0:06:15] } 29. Rd6 { [%clk 0:05:13] } 29... Kf8 { [%clk 0:06:02] }
30. Kf2 { [%clk 0:05:12] } 30... Ke7 { [%clk 0:06:00] } 31. Rc6
{ [%clk 0:05:09] } 31... Kd7 { [%clk 0:05:56] } 32. Rc4 { [%clk 0:05:03] }
32... b5 { [%clk 0:05:52] } 33. Rd4+ { [%clk 0:05:00] } 33... Kc6
{ [%clk 0:05:48] } 34. axb5+ { [%clk 0:04:49] } 34... axb5 { [%clk 0:05:41] }
35. Ke3 { [%clk 0:04:28] } 35... Kc5 { [%clk 0:05:29] } 36. Rf4
{ [%clk 0:04:13] } 36... f6 { [%clk 0:05:06] } 37. Kd2 { [%clk 0:03:59] } 37...
Rd8+ { [%clk 0:05:00] } 38. Kc1 { [%clk 0:03:48] } 38... Rd4 { [%clk 0:04:44] }
39. Rxd4 { [%clk 0:03:36] } 39... Kxd4 { [%clk 0:04:43] } 40. Kd2
{ [%clk 0:03:35] } 40... b4 { [%clk 0:04:41] } 41. Bg8 { [%clk 0:03:29] } 41...
h6 { [%clk 0:04:31] } 42. g3 { [%clk 0:03:25] } 42... Bf5 { [%clk 0:04:27] }
43. g4 { [%clk 0:03:21] } 43... Bd7 { [%clk 0:04:22] } 44. h4
{ [%clk 0:03:16] } 44... Bc6 { [%clk 0:04:09] } 45. Ke2 { [%clk 0:03:15] }
45... g5 { [%clk 0:03:44] } 46. hxg5 { [%clk 0:03:11] } 46... hxg5
{ [%clk 0:03:41] } 47. Bb3 { [%clk 0:02:51] } 47... Bb5+ { [%clk 0:03:29] } 48.
Kd2 { [%clk 0:02:45] } 48... Ba6 { [%clk 0:02:48] } 49. Be6 { [%clk 0:02:33] }
49... Bb7 { [%clk 0:02:45] } 50. Ke2 { [%clk 0:02:31] } 50... Bc6
{ [%clk 0:02:13] } 51. Bb3 { [%clk 0:02:26] } 51... Be8 { [%clk 0:01:55] } 52.
Be6 { [%clk 0:02:19] } 52... Ke5 { [%clk 0:01:52] } 53. Bg8 { [%clk 0:02:15] }
53... Kf4 { [%clk 0:01:49] } 54. Bd5 { [%clk 0:02:12] } 54... Bb5+
{ [%clk 0:01:45] } 55. Kd2 { [%clk 0:02:08] } 55... Bf1 { [%clk 0:01:40] } 56.
Bc6 { [%clk 0:01:58] } 56... Kg3 { [%clk 0:01:23] } 57. Ke3 { [%clk 0:01:56] }
57... Bg2 { [%clk 0:01:10] } 58. Bd5 { [%clk 0:01:54] } 58... Bf1
{ [%clk 0:01:03] } 59. Be4 { [%clk 0:01:18] } 59... Bh3 { [%clk 0:00:53] } 60.
Bf5 { [%clk 0:01:15] } 60... Kh4 { [%clk 0:00:47] } 61. Ke4 { [%clk 0:01:04] }
61... Kg3 { [%clk 0:00:45] } 62. Ke3 { [%clk 0:01:00] } 62... Bf1
{ [%clk 0:00:42] } 63. Be4 { [%clk 0:00:57] } 63... Bc4 { [%clk 0:00:41] } 64.
Kd4 { [%clk 0:00:55] } 64... Be6 { [%clk 0:00:40] } 65. Kc5 { [%clk 0:00:48] }
65... b3 { [%clk 0:00:38] } 66. Kd6 { [%clk 0:00:46] } 66... Bc8
{ [%clk 0:00:36] } 67. Ke7 { [%clk 0:00:45] } 67... Kf4 { [%clk 0:00:29] } 68.
Kxf6 { [%clk 0:00:43] } 68... Bxg4 { [%clk 0:00:29] } 69. fxg4
{ [%clk 0:00:36] } 69... Kxe4 { [%clk 0:00:24] } 70. Kxg5 { [%clk 0:00:36] }
70... Kd3 { [%clk 0:00:24] } 71. Kf6 { [%clk 0:00:35] } 71... Kc2
{ [%clk 0:00:23] } 72. g5 { [%clk 0:00:35] } 72... Kxb2 { [%clk 0:00:23] } 73.
g6 { [%clk 0:00:35] } 73... Ka2 { [%clk 0:00:22] } 74. g7 { [%clk 0:00:35] }
74... b2 { [%clk 0:00:21] } 75. g8=Q+ { [%clk 0:00:35] } 75... Ka1
{ [%clk 0:00:20] } 76. Qa8+ { [%clk 0:00:33] } 76... Kb1 { [%clk 0:00:19] } 77.
Ke5 { [%clk 0:00:30] } 77... Kc1 { [%clk 0:00:18] } 78. Qh1+ { [%clk 0:00:29] }
78... Kc2 { [%clk 0:00:16] } 79. Qg2+ { [%clk 0:00:28] } 79... Kc1
{ [%clk 0:00:14] } 80. Qg5+ { [%clk 0:00:26] } 80... Kc2 { [%clk 0:00:13] } 81.
Qg2+ { [%clk 0:00:24] } 81... Kc1 { [%clk 0:00:12] } 82. Qf1+
{ [%clk 0:00:22] } 82... Kc2 { [%clk 0:00:09] } 83. Qc4+ { [%clk 0:00:21] }
83... Kd1 { [%clk 0:00:07] } 84. Qb3+ { [%clk 0:00:20] } 84... Kc1
{ [%clk 0:00:06] } 85. Qc3+ { [%clk 0:00:17] } 85... Kd1 { [%clk 0:00:02] } 86.
Qxb2 { [%clk 0:00:16] } 1-0"
Rated Rapid game,https://lichess.org/GaR2JbUk,2024.08.01,-,JAZZYWAZZY126,survive2029,0-1,2024.08.01,08:42:09,996,996,,,A00,Van't Kruijs Opening,600+0,Time forfeit,1. e3 { [%clk 0:10:00] } 1... e6 { [%clk 0:10:00] } 0-1
Rated Rapid game,https://lichess.org/QN8xLRhJ,2024.08.01,-,HALLELUKA99,yaroslavom,1-0,2024.08.01,08:42:09,1941,1944,,,C44,Scotch Game: Scotch Gambit,600+0,Normal,"1. e4 { [%clk 0:10:00] } 1... e5 { [%clk 0:10:00] } 2. d4 { [%clk 0:09:58] }
2... exd4 { [%clk 0:09:57] } 3. Nf3 { [%clk 0:09:55] } 3... Nc6
{ [%clk 0:09:51] } 4. Bc4 { [%clk 0:09:53] } 4... h6 { [%clk 0:09:48] } 5. O-O
{ [%clk 0:09:52] } 5... Bc5 { [%clk 0:09:43] } 6. c3 { [%clk 0:09:50] } 6...
dxc3 { [%clk 0:09:17] } 7. Nxc3 { [%clk 0:09:29] } 7... Qf6 { [%clk 0:08:56] }
8. Nd5 { [%clk 0:09:23] } 8... Qd6 { [%clk 0:08:45] } 9. Bf4 { [%clk 0:09:18] }
1-0"
Rated Rapid game,https://lichess.org/zpejWXhK,2024.08.01,-,Neptune_1917,Ammar_SR,0-1,2024.08.01,08:42:09,2050,2081,,,C02,"French Defense: Advance Variation, Nimzowitsch Attack",600+0,Normal,"1. e4 { [%clk 0:10:00] } 1... e6 { [%clk 0:10:00] } 2. d4 { [%clk 0:09:59] }
2... d5 { [%clk 0:09:58] } 3. e5 { [%clk 0:09:57] } 3... c5 { [%clk 0:09:56] }
4. Qg4 { [%clk 0:09:53] } 4... Nc6 { [%clk 0:09:50] } 5. Bd3 { [%clk 0:09:51] }
5... Nxd4 { [%clk 0:09:41] } 6. Nf3 { [%clk 0:09:45] } 6... Nxf3+
{ [%clk 0:09:33] } 7. Qxf3 { [%clk 0:09:40] } 7... Ne7 { [%clk 0:09:27] } 8.
O-O { [%clk 0:09:38] } 8... Ng6 { [%clk 0:09:25] } 9. Re1 { [%clk 0:09:35] }
9... Be7 { [%clk 0:09:22] } 10. b3 { [%clk 0:09:23] } 10... O-O
{ [%clk 0:09:01] } 11. c4 { [%clk 0:09:17] } 11... d4 { [%clk 0:08:35] } 12.
Bxg6 { [%clk 0:08:38] } 12... hxg6 { [%clk 0:07:54] } 13. Qd3
{ [%clk 0:08:35] } 13... Bd7 { [%clk 0:07:47] } 14. Bf4 { [%clk 0:08:25] }
14... Bc6 { [%clk 0:07:42] } 15. Nd2 { [%clk 0:08:07] } 15... Bg5
{ [%clk 0:07:36] } 16. Bxg5 { [%clk 0:07:44] } 16... Qxg5 { [%clk 0:07:36] }
17. f3 { [%clk 0:07:39] } 17... b6 { [%clk 0:07:27] } 18. Nf1
{ [%clk 0:07:25] } 18... Rfd8 { [%clk 0:07:11] } 19. Ng3 { [%clk 0:07:16] }
19... Rab8 { [%clk 0:06:48] } 20. a4 { [%clk 0:07:09] } 20... a6
{ [%clk 0:06:45] } 21. Re2 { [%clk 0:07:01] } 21... b5 { [%clk 0:06:38] } 22.
axb5 { [%clk 0:06:58] } 22... axb5 { [%clk 0:06:38] } 23. Rd1
{ [%clk 0:06:36] } 23... bxc4 { [%clk 0:06:33] } 24. bxc4 { [%clk 0:06:33] }
24... Rb7 { [%clk 0:06:17] } 25. Ne4 { [%clk 0:06:23] } 25... Bxe4
{ [%clk 0:06:15] } 26. Qxe4 { [%clk 0:06:21] } 26... Rdb8 { [%clk 0:05:50] }
27. f4 { [%clk 0:06:12] } 27... Qe7 { [%clk 0:05:31] } 28. Red2
{ [%clk 0:05:50] } 28... Rb3 { [%clk 0:05:22] } 29. g4 { [%clk 0:05:21] } 29...
Re3 { [%clk 0:05:18] } 30. Qc6 { [%clk 0:05:11] } 30... Qh4 { [%clk 0:05:03] }
31. Rf1 { [%clk 0:04:31] } 31... Qxg4+ { [%clk 0:04:50] } 32. Rg2
{ [%clk 0:04:28] } 32... Qf5 { [%clk 0:04:22] } 33. Qxc5 { [%clk 0:04:17] }
33... Qe4 { [%clk 0:04:01] } 34. Qd6 { [%clk 0:04:05] } 34... Ra8
{ [%clk 0:03:26] } 35. c5 { [%clk 0:04:00] } 35... Re1 { [%clk 0:03:19] } 36.
Rf2 { [%clk 0:03:48] } 36... Rxf1+ { [%clk 0:03:15] } 37. Rxf1
{ [%clk 0:03:47] } 37... Qe3+ { [%clk 0:03:08] } 38. Rf2 { [%clk 0:03:37] }
38... Ra1+ { [%clk 0:03:05] } 39. Kg2 { [%clk 0:03:30] } 39... Qe4+
{ [%clk 0:02:58] } 40. Kg3 { [%clk 0:03:22] } 40... Rg1+ { [%clk 0:02:42] } 41.
Kh4 { [%clk 0:03:05] } 41... g5+ { [%clk 0:02:36] } 42. Kh5 { [%clk 0:02:59] }
42... Qh7# { [%clk 0:02:35] } 0-1"
Rated Rapid game,https://lichess.org/1PbZrGQY,2024.08.01,-,Dchh3588,someshsingh,1-0,2024.08.01,08:42:09,1500,1415,,,C45,Scotch Game,600+0,Normal,"1. e4 { [%eval 0.15] [%clk 0:10:00] } 1... e5 { [%eval 0.21] [%clk 0:10:00] }
2. Nf3 { [%eval 0.11] [%clk 0:09:59] } 2... Nc6 { [%eval 0.19] [%clk 0:09:59] }
3. d4 { [%eval 0.09] [%clk 0:09:57] } 3... exd4 { [%eval 0.13] [%clk 0:09:57] }
4. Nxd4 { [%eval 0.06] [%clk 0:09:55] } 4... Qf6
{ [%eval 0.23] [%clk 0:09:54] } 5. Nxc6 { [%eval 0.1] [%clk 0:09:53] } 5...
Qxc6 $6 { [%eval 0.74] [%clk 0:09:51] } 6. Nc3 { [%eval 0.49] [%clk 0:09:51] }
6... d6 $4 { [%eval 5.64] [%clk 0:09:49] } 7. Bd3 $4
{ [%eval 0.96] [%clk 0:09:49] } 7... Nf6 $4 { [%eval 6.38] [%clk 0:09:47] } 8.
O-O $4 { [%eval 1.38] [%clk 0:09:47] } 8... h6 $4
{ [%eval 6.63] [%clk 0:09:38] } 9. Re1 $4 { [%eval 2.01] [%clk 0:09:46] } 9...
Be6 $4 { [%eval 6.94] [%clk 0:09:34] } 10. Bf4 $4
{ [%eval 1.54] [%clk 0:09:41] } 10... a6 { [%eval 1.59] [%clk 0:09:20] } 11. e5
$2 { [%eval -0.02] [%clk 0:09:41] } 11... dxe5 { [%eval -0.07] [%clk 0:09:17] }
12. Rxe5 $6 { [%eval -0.77] [%clk 0:09:36] } 12... O-O-O
{ [%eval -0.74] [%clk 0:09:11] } 13. Re3 $6 { [%eval -1.38] [%clk 0:09:15] }
13... g5 $2 { [%eval 0.61] [%clk 0:09:05] } 14. Bg3 $2
{ [%eval -1.65] [%clk 0:09:11] } 14... h5 $2 { [%eval 0.11] [%clk 0:08:59] }
15. Qe2 $2 { [%eval -1.34] [%clk 0:09:06] } 15... h4 $2
{ [%eval -0.25] [%clk 0:08:53] } 16. Be5 { [%eval -0.15] [%clk 0:09:01] } 16...
Bg7 $6 { [%eval 0.43] [%clk 0:08:34] } 17. Rf3 { [%eval 0.15] [%clk 0:08:56] }
17... Bd7 $2 { [%eval 2.31] [%clk 0:08:18] } 18. a4 $2
{ [%eval -0.57] [%clk 0:08:39] } 18... Nh5 $2 { [%eval 1.8] [%clk 0:08:07] }
19. Bxg7 { [%eval 1.86] [%clk 0:08:32] } 19... Nxg7
{ [%eval 1.77] [%clk 0:08:05] } 20. Rxf7 { [%eval 1.21] [%clk 0:08:29] } 20...
Ne6 $2 { [%eval 2.29] [%clk 0:07:53] } 21. Bf5 $2
{ [%eval 0.9] [%clk 0:08:21] } 21... Nf4 { [%eval 0.92] [%clk 0:07:42] } 22.
Qg4 { [%eval 0.7] [%clk 0:08:12] } 22... Kb8 $4 { [%eval 3.99] [%clk 0:07:30] }
23. Bxd7 { [%eval 4.04] [%clk 0:08:06] } 23... Rxd7
{ [%eval 4.83] [%clk 0:07:26] } 24. Rxd7 { [%eval 4.72] [%clk 0:08:03] } 24...
Re8 { [%eval 5.01] [%clk 0:07:15] } 25. Rf7 { [%eval 5.05] [%clk 0:07:55] } 1-0"
Rated Rapid game,https://lichess.org/HFQijoN6,2024.08.01,-,R4ifu,Daniela1962,1/2-1/2,2024.08.01,08:42:09,1993,2008,,,A45,Indian Defense,600+0,Normal,"1. d4 { [%eval 0.16] [%clk 0:10:00] } 1... Nf6 { [%eval 0.17] [%clk 0:10:00] }
2. Nc3 { [%eval -0.05] [%clk 0:09:59] } 2... d6 { [%eval 0.47] [%clk 0:09:59] }
3. Bf4 { [%eval 0.03] [%clk 0:09:58] } 3... g6 { [%eval 0.36] [%clk 0:09:57] }
4. Qd2 { [%eval 0.14] [%clk 0:09:56] } 4... h5 $6
{ [%eval 0.97] [%clk 0:09:53] } 5. f3 { [%eval 0.65] [%clk 0:09:52] } 5... Bg7
{ [%eval 0.62] [%clk 0:09:51] } 6. g4 $2 { [%eval -1.62] [%clk 0:09:51] } 6...
hxg4 { [%eval -1.8] [%clk 0:09:47] } 7. fxg4 { [%eval -2.04] [%clk 0:09:51] }
7... Bxg4 { [%eval -1.94] [%clk 0:09:45] } 8. h3
{ [%eval -1.87] [%clk 0:09:45] } 8... Bh5 { [%eval -2.01] [%clk 0:09:41] } 9.
O-O-O { [%eval -2.16] [%clk 0:09:33] } 9... Nbd7
{ [%eval -2.14] [%clk 0:09:17] } 10. Bg2 { [%eval -2.02] [%clk 0:09:18] } 10...
c6 { [%eval -1.69] [%clk 0:09:10] } 11. d5 $2 { [%eval -3.06] [%clk 0:09:14] }
11... c5 { [%eval -2.38] [%clk 0:09:02] } 12. Qd3
{ [%eval -2.82] [%clk 0:08:22] } 12... Qa5 { [%eval -2.95] [%clk 0:08:50] } 13.
Qe3 { [%eval -3.68] [%clk 0:07:36] } 13... b5 { [%eval -3.28] [%clk 0:08:33] }
14. Bxd6 { [%eval -4.03] [%clk 0:07:32] } 14... O-O
{ [%eval -3.86] [%clk 0:08:25] } 15. Bxe7 { [%eval -3.84] [%clk 0:07:13] }
15... Rfe8 $2 { [%eval -2.83] [%clk 0:08:23] } 16. d6
{ [%eval -2.51] [%clk 0:07:12] } 16... Rab8 $6 { [%eval -1.58] [%clk 0:08:08] }
17. Bc6 $2 { [%eval -2.98] [%clk 0:06:51] } 17... b4
{ [%eval -2.93] [%clk 0:08:02] } 18. Na4 { [%eval -2.6] [%clk 0:06:27] } 18...
Rbc8 $2 { [%eval -1.0] [%clk 0:07:26] } 19. Bxd7
{ [%eval -1.15] [%clk 0:05:36] } 19... Nxd7 { [%eval -1.0] [%clk 0:07:20] } 20.
b3 { [%eval -0.95] [%clk 0:05:32] } 20... c4 { [%eval -1.04] [%clk 0:06:53] }
21. h4 $2 { [%eval -3.46] [%clk 0:05:10] } 21... Kh7 $4
{ [%eval 0.67] [%clk 0:06:38] } 22. Qh3 $4 { [%eval -2.34] [%clk 0:05:05] }
22... cxb3 $2 { [%eval -0.83] [%clk 0:05:56] } 23. axb3 $2
{ [%eval -3.51] [%clk 0:04:45] } 23... Qe5 { [%eval -3.19] [%clk 0:05:41] } 24.
Qxd7 $4 { [%eval -7.32] [%clk 0:03:57] } 24... Qa1+
{ [%eval -7.31] [%clk 0:05:37] } 25. Kd2 { [%eval -6.97] [%clk 0:03:55] } 25...
Qd4+ $4 { [%eval 2.18] [%clk 0:05:34] } 26. Ke1 { [%eval 2.17] [%clk 0:03:47] }
26... Qe4 { [%eval 1.99] [%clk 0:05:12] } 27. Rh2
{ [%eval 1.86] [%clk 0:03:16] } 27... Be5 { [%eval 1.83] [%clk 0:05:02] } 28.
Rf2 { [%eval 1.59] [%clk 0:03:10] } 28... Bg3 { [%eval 1.5] [%clk 0:04:58] }
29. Rd2 $4 { [%eval #-8] [%clk 0:02:55] } 29... Qh1 $4
{ [%eval 0.0] [%clk 0:04:53] } 30. Kf1 { [%eval 0.0] [%clk 0:02:43] } 30...
Bxf2 { [%eval 0.0] [%clk 0:04:26] } 31. Kxf2 { [%eval 0.0] [%clk 0:02:40] }
31... Qh2+ { [%eval 0.0] [%clk 0:04:21] } 32. Kf1
{ [%eval 0.0] [%clk 0:02:35] } 32... Qf4+ { [%eval 0.0] [%clk 0:04:15] } 33.
Ke1 { [%eval 0.0] [%clk 0:02:30] } 33... Qg3+ { [%eval 0.0] [%clk 0:04:08] }
34. Kf1 { [%eval 0.0] [%clk 0:02:25] } 34... Qf4+
{ [%eval 0.0] [%clk 0:03:59] } 35. Nf3 $4 { [%eval -6.13] [%clk 0:02:23] }
35... Bxf3 { [%eval -5.91] [%clk 0:03:56] } 36. exf3 $4
{ [%eval -9.98] [%clk 0:02:14] } 36... Qxd2 { [%eval -6.96] [%clk 0:03:54] }
37. Nc5 $4 { [%eval #-9] [%clk 0:01:12] } 37... Rg8 $4
{ [%eval -4.39] [%clk 0:03:37] } 38. Ne4 { [%eval -4.8] [%clk 0:01:05] } 38...
Qd1+ { [%eval -4.64] [%clk 0:03:29] } 39. Kg2 $2
{ [%eval -7.02] [%clk 0:01:03] } 39... Rxc2+ { [%eval -6.71] [%clk 0:03:25] }
40. Kg3 { [%eval -6.65] [%clk 0:01:00] } 40... Qg1+
{ [%eval -6.6] [%clk 0:03:12] } 41. Kf4 { [%eval -5.97] [%clk 0:00:58] } 41...
Qh2+ { [%eval -4.49] [%clk 0:02:53] } 42. Ke3 { [%eval -4.16] [%clk 0:00:50] }
42... Re2+ { [%eval -4.02] [%clk 0:02:48] } 43. Kd4
{ [%eval -4.88] [%clk 0:00:48] } 43... Qf4 { [%eval -4.79] [%clk 0:02:25] } 44.
Bg5 $2 { [%eval -6.66] [%clk 0:00:45] } 44... Rxe4+ $4
{ [%eval -3.14] [%clk 0:01:50] } 45. fxe4 { [%eval -2.74] [%clk 0:00:41] }
45... Qf2+ { [%eval -1.83] [%clk 0:01:39] } 46. Ke5 $2
{ [%eval -3.64] [%clk 0:00:38] } 46... Qb2+ { [%eval -3.74] [%clk 0:01:33] }
47. Kf4 { [%eval -3.3] [%clk 0:00:37] } 47... Qxb3 $4
{ [%eval 0.0] [%clk 0:01:29] } 48. Qe7 { [%eval 0.0] [%clk 0:00:30] } 48... a5
{ [%eval 0.0] [%clk 0:01:19] } 49. d7 { [%eval 0.0] [%clk 0:00:29] } 49... Qd3
$4 { [%eval 6.84] [%clk 0:00:53] } 50. Qxf7+ { [%eval 6.74] [%clk 0:00:24] }
50... Rg7 { [%eval 6.71] [%clk 0:00:49] } 51. Qxg7+
{ [%eval 6.3] [%clk 0:00:20] } 51... Kxg7 { [%eval 6.57] [%clk 0:00:47] } 52.
d8=Q { [%eval 6.46] [%clk 0:00:19] } 52... Qxd8 { [%eval 7.42] [%clk 0:00:45] }
53. Bxd8 { [%eval 6.39] [%clk 0:00:19] } 53... b3 $4
{ [%eval 10.66] [%clk 0:00:43] } 54. Bxa5 { [%eval 22.01] [%clk 0:00:17] }
54... b2 $6 { [%eval #16] [%clk 0:00:41] } 55. Bc3+
{ [%eval #16] [%clk 0:00:16] } 55... Kf7 { [%eval #16] [%clk 0:00:38] } 56.
Bxb2 { [%eval #16] [%clk 0:00:16] } 56... Ke6 { [%eval #13] [%clk 0:00:37] }
57. Bc1 { [%eval #20] [%clk 0:00:16] } 57... Kf7 { [%eval #15] [%clk 0:00:35] }
58. Bb2 { [%eval #14] [%clk 0:00:15] } 58... Ke6 { [%eval #15] [%clk 0:00:33] }
59. e5 { [%eval #12] [%clk 0:00:15] } 59... Kf7 { [%eval #12] [%clk 0:00:32] }
60. Kg5 { [%eval #11] [%clk 0:00:15] } 60... Kg7 { [%eval #7] [%clk 0:00:29] }
61. e6+ { [%eval #6] [%clk 0:00:15] } 61... Kf8 { [%eval #6] [%clk 0:00:27] }
62. Kxg6 { [%eval #11] [%clk 0:00:14] } 62... Ke7
{ [%eval #11] [%clk 0:00:26] } 63. h5 { [%eval #11] [%clk 0:00:13] } 63... Kxe6
{ [%eval #11] [%clk 0:00:24] } 64. Kg7 { [%eval #12] [%clk 0:00:13] } 64... Kf5
{ [%eval #11] [%clk 0:00:22] } 65. h6 { [%eval #10] [%clk 0:00:13] } 65... Kg4
{ [%eval #9] [%clk 0:00:20] } 66. h7 { [%eval #8] [%clk 0:00:13] } 66... Kf3
{ [%eval #8] [%clk 0:00:19] } 67. h8=Q { [%eval #7] [%clk 0:00:13] } 67... Ke4
{ [%eval #7] [%clk 0:00:18] } 68. Qf8 { [%eval #8] [%clk 0:00:13] } 68... Kd3
{ [%eval #8] [%clk 0:00:17] } 69. Bc1 { [%eval #7] [%clk 0:00:13] } 69... Kc4
{ [%eval #7] [%clk 0:00:16] } 70. Qd8 { [%eval #7] [%clk 0:00:12] } 70... Kb3
{ [%eval #4] [%clk 0:00:13] } 71. Kf6 { [%eval #6] [%clk 0:00:12] } 71... Kb4
{ [%eval #6] [%clk 0:00:12] } 72. Ke5 { [%eval #5] [%clk 0:00:12] } 72... Kb5
{ [%eval #4] [%clk 0:00:11] } 73. Qc8 { [%eval #4] [%clk 0:00:10] } 73... Kb4
{ [%eval #4] [%clk 0:00:10] } 74. Kd4 { [%eval #3] [%clk 0:00:09] } 74... Kb5
{ [%eval #3] [%clk 0:00:09] } 75. Bd2 { [%eval #2] [%clk 0:00:08] } 75... Kb6
{ [%eval #2] [%clk 0:00:07] } 76. Kd5 { [%eval #1] [%clk 0:00:07] } 76... Kb5
{ [%eval #1] [%clk 0:00:06] } 77. Qb8+ { [%eval #2] [%clk 0:00:06] } 77... Ka4
{ [%eval #1] [%clk 0:00:05] } 78. Kc5 { [%eval #2] [%clk 0:00:06] } 78... Ka3
{ [%eval #2] [%clk 0:00:03] } 79. Qb4+ { [%eval #2] [%clk 0:00:04] } 79... Ka2
{ [%eval #2] [%clk 0:00:02] } 80. Kc4 { [%eval #2] [%clk 0:00:00] } 80... Ka1
{ [%eval #2] [%clk 0:00:00] } 81. Qb3 $4 { [%eval 0.0] [%clk 0:00:00] } 1/2-1/2"
Rated Rapid game,https://lichess.org/UrOkt80p,2024.08.01,-,Sinhmar17,Heryanto76,0-1,2024.08.01,08:42:09,1545,1650,,,D02,Queen's Pawn Game: Krause Variation,600+0,Normal,"1. d4 { [%clk 0:10:00] } 1... d5 { [%clk 0:10:00] } 2. Nf3 { [%clk 0:09:59] }
2... c5 { [%clk 0:09:53] } 3. dxc5 { [%clk 0:09:57] } 3... e6
{ [%clk 0:09:51] } 4. b4 { [%clk 0:09:55] } 4... Nc6 { [%clk 0:09:49] } 5. Ba3
{ [%clk 0:09:48] } 5... Nf6 { [%clk 0:09:37] } 6. Ng5 { [%clk 0:09:34] } 6...
Be7 { [%clk 0:09:30] } 7. e4 { [%clk 0:09:31] } 7... d4 { [%clk 0:09:00] } 8.
c3 { [%clk 0:09:17] } 8... dxc3 { [%clk 0:07:48] } 9. Qxd8+ { [%clk 0:09:14] }
9... Bxd8 { [%clk 0:07:46] } 10. Nxc3 { [%clk 0:09:11] } 10... O-O
{ [%clk 0:07:42] } 11. Bd3 { [%clk 0:09:03] } 11... a5 { [%clk 0:07:31] } 12.
b5 { [%clk 0:09:00] } 12... Nb4 { [%clk 0:07:22] } 13. Bxb4 { [%clk 0:08:52] }
13... axb4 { [%clk 0:07:20] } 14. Ne2 { [%clk 0:08:45] } 14... b3
{ [%clk 0:07:17] } 15. Nc3 { [%clk 0:08:30] } 15... Nd7 { [%clk 0:07:04] } 16.
O-O { [%clk 0:08:03] } 16... Bxg5 { [%clk 0:07:01] } 17. axb3
{ [%clk 0:07:58] } 17... Rxa1 { [%clk 0:06:58] } 18. Rxa1 { [%clk 0:07:56] }
18... Nxc5 { [%clk 0:06:57] } 19. Be2 { [%clk 0:07:49] } 19... Bf6
{ [%clk 0:06:52] } 20. Rc1 { [%clk 0:07:42] } 20... Nxb3 { [%clk 0:06:50] } 21.
Rc2 { [%clk 0:07:40] } 21... Nc5 { [%clk 0:06:43] } 22. f4 { [%clk 0:07:25] }
22... Bxc3 { [%clk 0:06:40] } 23. Rxc3 { [%clk 0:07:22] } 23... Nxe4
{ [%clk 0:06:38] } 24. Rc4 { [%clk 0:07:17] } 24... f5 { [%clk 0:06:35] } 25.
Bf3 { [%clk 0:07:14] } 25... Nd2 { [%clk 0:06:31] } 26. Rc2 { [%clk 0:07:08] }
26... Nxf3+ { [%clk 0:06:28] } 27. gxf3 { [%clk 0:07:08] } 27... Bd7
{ [%clk 0:06:21] } 28. b6 { [%clk 0:07:06] } 28... Rc8 { [%clk 0:06:17] } 29.
Rc7 { [%clk 0:07:04] } 29... Rxc7 { [%clk 0:06:13] } 30. bxc7
{ [%clk 0:07:04] } 30... Kf8 { [%clk 0:06:11] } 31. Kf2 { [%clk 0:07:04] }
31... Ke8 { [%clk 0:06:10] } 32. Ke3 { [%clk 0:07:04] } 32... Bc8
{ [%clk 0:06:08] } 33. Kd4 { [%clk 0:07:04] } 33... Kd7 { [%clk 0:06:07] } 34.
Ke5 { [%clk 0:07:03] } 34... Kxc7 { [%clk 0:06:04] } 35. h4 { [%clk 0:07:00] }
35... Kc6 { [%clk 0:06:03] } 36. Kd4 { [%clk 0:06:58] } 36... b5
{ [%clk 0:05:59] } 37. h5 { [%clk 0:06:56] } 37... Bb7 { [%clk 0:05:56] } 38.
Ke5 { [%clk 0:06:55] } 38... b4 { [%clk 0:05:44] } 39. Kxe6 { [%clk 0:06:54] }
39... b3 { [%clk 0:05:41] } 40. Kxf5 { [%clk 0:06:54] } 40... b2
{ [%clk 0:05:40] } 41. Kg5 { [%clk 0:06:54] } 41... b1=Q { [%clk 0:05:37] } 42.
h6 { [%clk 0:06:54] } 42... gxh6+ { [%clk 0:05:35] } 43. Kxh6
{ [%clk 0:06:54] } 43... Qg6# { [%clk 0:05:25] } 0-1"
Rated Rapid game,https://lichess.org/9ITrlYo5,2024.08.01,-,Pyscho_Shinigami,covert2k,1-0,2024.08.01,08:42:09,1064,1035,,,B00,"Nimzowitsch Defense: Scandinavian Variation, Advance Variation",600+0,Normal,"1. e4 { [%clk 0:10:00] } 1... d5 { [%clk 0:10:00] } 2. e5 { [%clk 0:09:58] }
2... Nc6 { [%clk 0:09:57] } 3. d4 { [%clk 0:09:53] } 3... Nh6
{ [%clk 0:09:47] } 4. Nf3 { [%clk 0:09:43] } 4... Bg4 { [%clk 0:09:43] } 5.
Bxh6 { [%clk 0:09:19] } 5... gxh6 { [%clk 0:09:28] } 6. Be2 { [%clk 0:09:13] }
6... Rg8 { [%clk 0:09:24] } 7. Qd3 { [%clk 0:08:54] } 7... e6
{ [%clk 0:09:15] } 8. Qxh7 { [%clk 0:08:48] } 8... Rg7 { [%clk 0:09:14] } 9.
Qxh6 { [%clk 0:08:41] } 9... Nb4 { [%clk 0:09:06] } 10. Na3 { [%clk 0:08:34] }
10... Rg6 { [%clk 0:08:57] } 11. Qd2 { [%clk 0:08:17] } 11... Bf5
{ [%clk 0:08:37] } 12. O-O { [%clk 0:08:10] } 12... Nc6 { [%clk 0:08:23] } 13.
Bb5 { [%clk 0:07:52] } 13... Bb4 { [%clk 0:08:17] } 14. Bxc6+
{ [%clk 0:07:33] } 14... bxc6 { [%clk 0:08:06] } 15. Qxb4 { [%clk 0:07:31] }
15... Be4 { [%clk 0:07:57] } 16. Rac1 { [%clk 0:07:00] } 16... Bxf3
{ [%clk 0:07:49] } 17. g3 { [%clk 0:06:14] } 17... Rb8 { [%clk 0:07:40] } 18.
Qc3 { [%clk 0:05:56] } 18... Be2 { [%clk 0:07:17] } 19. Rfe1 { [%clk 0:05:46] }
19... Bh5 { [%clk 0:07:06] } 20. Qxc6+ { [%clk 0:05:33] } 20... Kf8
{ [%clk 0:07:00] } 21. Qa6 { [%clk 0:05:02] } 21... Rxb2 { [%clk 0:06:45] } 22.
Nb5 { [%clk 0:04:41] } 22... f5 { [%clk 0:06:09] } 23. Qxa7 { [%clk 0:04:33] }
23... f4 { [%clk 0:06:05] } 24. Nxc7 { [%clk 0:04:24] } 24... fxg3
{ [%clk 0:05:49] } 25. hxg3 { [%clk 0:04:06] } 25... Bf3 { [%clk 0:05:40] } 26.
Re3 { [%clk 0:03:33] } 26... Rg7 { [%clk 0:05:25] } 27. Rxf3+
{ [%clk 0:03:21] } 27... Kg8 { [%clk 0:05:21] } 28. Qa3 { [%clk 0:02:57] }
28... Rb8 { [%clk 0:05:00] } 29. Nxe6 { [%clk 0:02:51] } 29... Ra8
{ [%clk 0:04:52] } 30. Qe3 { [%clk 0:02:31] } 30... Qe7 { [%clk 0:04:35] } 31.
Nxg7 { [%clk 0:02:28] } 31... Qxg7 { [%clk 0:04:34] } 32. c4 { [%clk 0:02:24] }
32... Rc8 { [%clk 0:04:28] } 33. cxd5 { [%clk 0:02:21] } 33... Rxc1+
{ [%clk 0:04:26] } 34. Qxc1 { [%clk 0:02:21] } 34... Qd7 { [%clk 0:04:14] } 35.
d6 { [%clk 0:02:12] } 35... Qg4 { [%clk 0:04:03] } 36. Rf6 { [%clk 0:01:59] }
36... Qxd4 { [%clk 0:03:50] } 37. Qe1 { [%clk 0:01:38] } 37... Qg4
{ [%clk 0:03:41] } 38. e6 { [%clk 0:01:32] } 38... Kg7 { [%clk 0:03:38] } 39.
Rf7+ { [%clk 0:01:24] } 39... Kg8 { [%clk 0:03:34] } 40. d7 { [%clk 0:01:20] }
40... Qf5 { [%clk 0:03:29] } 41. Rxf5 { [%clk 0:01:04] } 1-0"
Rated Rapid game,https://lichess.org/FGdqIyKC,2024.08.01,-,Nikan116866,ura-grigorev11,1-0,2024.08.01,08:42:09,2179,2160,,,C00,French Defense: Knight Variation,600+0,Normal,"1. e4 { [%clk 0:10:00] } 1... e6 { [%clk 0:10:00] } 2. Nf3 { [%clk 0:10:00] }
2... d5 { [%clk 0:09:59] } 3. exd5 { [%clk 0:10:00] } 3... exd5
{ [%clk 0:09:57] } 4. d4 { [%clk 0:10:00] } 4... Nf6 { [%clk 0:09:55] } 5. c4
{ [%clk 0:09:58] } 5... c6 { [%clk 0:09:53] } 6. Nc3 { [%clk 0:09:57] } 6...
Bb4 { [%clk 0:09:52] } 7. Bd2 { [%clk 0:09:55] } 7... O-O { [%clk 0:09:50] } 8.
a3 { [%clk 0:09:53] } 8... Bd6 { [%clk 0:09:47] } 9. Qc2 { [%clk 0:09:52] }
9... Bg4 { [%clk 0:09:44] } 10. O-O-O { [%clk 0:09:50] } 10... Ne4
{ [%clk 0:09:36] } 11. Nxe4 { [%clk 0:09:44] } 11... dxe4 { [%clk 0:09:28] }
12. Qxe4 { [%clk 0:09:43] } 12... f5 { [%clk 0:09:07] } 13. Qe6+
{ [%clk 0:09:38] } 13... Kh8 { [%clk 0:09:07] } 14. h3 { [%clk 0:09:36] } 14...
Bh5 { [%clk 0:09:00] } 15. g4 { [%clk 0:09:15] } 15... Bg6 { [%clk 0:08:33] }
16. c5 { [%clk 0:09:03] } 16... fxg4 { [%clk 0:08:10] } 17. hxg4
{ [%clk 0:08:36] } 17... Bxc5 { [%clk 0:07:49] } 18. Qxg6 { [%clk 0:08:31] }
1-0"
Rated Rapid game,https://lichess.org/E0DR3Qek,2024.08.01,-,soroush110121,anguebus,1-0,2024.08.01,08:42:09,1432,1472,,,A00,Van't Kruijs Opening,600+0,Normal,"1. e3 { [%clk 0:10:00] } 1... e5 { [%clk 0:10:00] } 2. c3 { [%clk 0:09:58] }
2... Nf6 { [%clk 0:09:57] } 3. Qc2 { [%clk 0:09:57] } 3... Bc5
{ [%clk 0:09:51] } 4. d3 { [%clk 0:09:52] } 4... O-O { [%clk 0:09:44] } 5. d4
{ [%clk 0:09:50] } 5... exd4 { [%clk 0:09:43] } 6. cxd4 { [%clk 0:09:48] } 6...
Bb4+ { [%clk 0:09:39] } 7. Bd2 { [%clk 0:09:47] } 7... Bxd2+ { [%clk 0:09:37] }
8. Nxd2 { [%clk 0:09:45] } 8... d5 { [%clk 0:09:33] } 9. Ngf3
{ [%clk 0:09:41] } 9... Bg4 { [%clk 0:09:29] } 10. Ne5 { [%clk 0:09:32] } 10...
c6 { [%clk 0:09:11] } 11. h3 { [%clk 0:09:25] } 11... Bh5 { [%clk 0:09:07] }
12. b4 { [%clk 0:09:07] } 12... b5 { [%clk 0:09:01] } 13. a4 { [%clk 0:09:02] }
13... Na6 { [%clk 0:08:54] } 14. axb5 { [%clk 0:08:59] } 14... Nxb4
{ [%clk 0:08:52] } 15. Qb3 { [%clk 0:08:49] } 15... Qd6 { [%clk 0:08:31] } 16.
bxc6 { [%clk 0:08:35] } 16... Nxc6 { [%clk 0:07:15] } 17. Ra6
{ [%clk 0:08:23] } 17... Ne4 { [%clk 0:06:25] } 18. Nxe4 { [%clk 0:07:42] }
18... dxe4 { [%clk 0:06:22] } 19. Nxc6 { [%clk 0:07:38] } 19... Qc7
{ [%clk 0:05:52] } 20. Bc4 { [%clk 0:07:24] } 20... h6 { [%clk 0:05:11] } 21.
O-O { [%clk 0:07:19] } 21... Bg6 { [%clk 0:04:57] } 22. Ne5 { [%clk 0:06:51] }
22... Kh7 { [%clk 0:04:35] } 23. Qa3 { [%clk 0:06:10] } 23... f6
{ [%clk 0:04:20] } 24. Rc1 { [%clk 0:05:37] } 24... Qb7 { [%clk 0:03:14] } 25.
Bd5 { [%clk 0:05:24] } 25... Qxd5 { [%clk 0:02:55] } 26. Rc5 { [%clk 0:04:55] }
26... Qb7 { [%clk 0:02:32] } 27. Qa4 { [%clk 0:04:06] } 27... fxe5
{ [%clk 0:02:15] } 28. Rxe5 { [%clk 0:03:40] } 28... Qb1+ { [%clk 0:01:59] }
29. Kh2 { [%clk 0:03:37] } 29... Rxf2 { [%clk 0:01:46] } 30. Ree6
{ [%clk 0:03:14] } 30... Qb2 { [%clk 0:00:52] } 31. Rxg6 { [%clk 0:03:09] }
31... Rxg2+ { [%clk 0:00:51] } 32. Rxg2 { [%clk 0:03:07] } 32... Qb8+
{ [%clk 0:00:43] } 33. Kh1 { [%clk 0:02:58] } 33... Qf8 { [%clk 0:00:17] } 34.
Qc2 { [%clk 0:02:09] } 34... Qf1+ { [%clk 0:01:08] } 35. Kh2 { [%clk 0:01:56] }
35... Re8 { [%clk 0:00:58] } 36. Qc7 { [%clk 0:01:42] } 36... Rg8
{ [%clk 0:00:44] } 37. Rxh6+ { [%clk 0:01:30] } 37... Kxh6 { [%clk 0:00:39] }
38. Qg3 { [%clk 0:01:04] } 38... g5 { [%clk 0:00:24] } 39. Qd6+
{ [%clk 0:00:50] } 39... Rg6 { [%clk 0:00:20] } 40. Qf8+ { [%clk 0:00:44] }
40... Kh5 { [%clk 0:00:15] } 41. Qxf1 { [%clk 0:00:41] } 41... g4
{ [%clk 0:00:10] } 42. Qf5+ { [%clk 0:00:28] } 42... Rg5 { [%clk 0:00:05] } 43.
hxg4+ { [%clk 0:00:23] } 43... Kh4 { [%clk 0:00:03] } 44. Qf2#
{ [%clk 0:00:19] } 1-0"
Rated Rapid tournament https://lichess.org/tournament/hfavrWA4,https://lichess.org/2cXh1qfo,2024.08.01,-,ChistyakovStepan,htthth123,1-0,2024.08.01,08:42:08,1464,1404,,,C44,Ponziani Opening: Jaenisch Counterattack,600+0,Normal,"1. e4 { [%eval 0.15] [%clk 0:10:00] } 1... e5 { [%eval 0.21] [%clk 0:10:00] }
2. Nf3 { [%eval 0.11] [%clk 0:09:59] } 2... Nc6 { [%eval 0.19] [%clk 0:09:59] }
3. c3 { [%eval -0.09] [%clk 0:09:57] } 3... Nf6 { [%eval 0.0] [%clk 0:09:58] }
4. d4 { [%eval 0.0] [%clk 0:09:55] } 4... exd4 { [%eval 0.0] [%clk 0:09:56] }
5. e5 { [%eval 0.0] [%clk 0:09:52] } 5... Ng4 $6
{ [%eval 0.84] [%clk 0:09:51] } 6. cxd4 { [%eval 0.96] [%clk 0:09:47] } 6...
Bb4+ $6 { [%eval 1.89] [%clk 0:09:47] } 7. Bd2 $2
{ [%eval 0.61] [%clk 0:09:45] } 7... Bxd2+ { [%eval 0.53] [%clk 0:09:46] } 8.
Qxd2 { [%eval 0.92] [%clk 0:09:45] } 8... O-O { [%eval 0.93] [%clk 0:09:44] }
9. h3 { [%eval 0.93] [%clk 0:09:43] } 9... Nh6 { [%eval 0.89] [%clk 0:09:39] }
10. Nc3 { [%eval 1.01] [%clk 0:09:37] } 10... d6
{ [%eval 0.64] [%clk 0:09:38] } 11. d5 $2 { [%eval -0.78] [%clk 0:09:32] }
11... Nb4 $2 { [%eval 1.46] [%clk 0:09:34] } 12. a3
{ [%eval 1.48] [%clk 0:09:31] } 12... Na6 { [%eval 1.53] [%clk 0:09:30] } 13.
Bxa6 { [%eval 1.51] [%clk 0:09:29] } 13... bxa6 { [%eval 1.55] [%clk 0:09:30] }
14. h4 $2 { [%eval -0.73] [%clk 0:09:25] } 14... dxe5
{ [%eval -0.71] [%clk 0:09:28] } 15. Ng5 $6 { [%eval -1.28] [%clk 0:09:24] }
15... a5 $6 { [%eval -0.55] [%clk 0:09:15] } 16. Qc2
{ [%eval -0.7] [%clk 0:09:20] } 16... Ba6 $4 { [%eval #1] [%clk 0:09:12] } 17.
Qxh7# { [%clk 0:09:18] } 1-0"
Rated Rapid tournament https://lichess.org/tournament/hfavrWA4,https://lichess.org/BwnkzA4M,2024.08.01,-,Silhouetiquette,Advait001,0-1,2024.08.01,08:42:08,1509,1507,,,C44,Ponziani Opening: Jaenisch Counterattack,600+0,Normal,"1. e4 { [%eval 0.15] [%clk 0:10:00] } 1... e5 { [%eval 0.21] [%clk 0:10:00] }
2. Nf3 { [%eval 0.11] [%clk 0:09:58] } 2... Nc6 { [%eval 0.19] [%clk 0:09:56] }
3. c3 { [%eval -0.09] [%clk 0:09:57] } 3... Nf6 { [%eval 0.0] [%clk 0:09:54] }
4. d4 { [%eval 0.0] [%clk 0:09:56] } 4... exd4 { [%eval 0.0] [%clk 0:09:54] }
5. e5 { [%eval 0.0] [%clk 0:09:55] } 5... Qe7 { [%eval 0.53] [%clk 0:09:49] }
6. cxd4 { [%eval 0.56] [%clk 0:09:51] } 6... d6 { [%eval 0.44] [%clk 0:09:48] }
7. Bb5 { [%eval 0.4] [%clk 0:09:49] } 7... Bd7 $6
{ [%eval 1.19] [%clk 0:09:43] } 8. Bxc6 { [%eval 0.87] [%clk 0:09:42] } 8...
Bxc6 { [%eval 0.77] [%clk 0:09:43] } 9. Qe2 $2 { [%eval -1.36] [%clk 0:09:33] }
9... Bxf3 { [%eval -1.27] [%clk 0:09:39] } 10. gxf3
{ [%eval -1.42] [%clk 0:09:31] } 10... Nd5 $6 { [%eval -0.64] [%clk 0:09:37] }
11. exd6 $6 { [%eval -1.29] [%clk 0:09:25] } 11... Qxe2+
{ [%eval -1.35] [%clk 0:09:37] } 12. Kxe2 { [%eval -1.29] [%clk 0:09:24] }
12... Bxd6 { [%eval -1.39] [%clk 0:09:37] } 13. Nc3
{ [%eval -1.26] [%clk 0:09:20] } 13... Nxc3+ $6
{ [%eval -0.42] [%clk 0:09:36] } 14. bxc3 { [%eval -0.47] [%clk 0:09:20] }
14... O-O-O { [%eval -0.44] [%clk 0:09:35] } 15. Kd3
{ [%eval -0.61] [%clk 0:09:08] } 15... Rhe8 { [%eval -0.4] [%clk 0:09:31] } 16.
Rg1 { [%eval -0.75] [%clk 0:08:59] } 16... c5 $2
{ [%eval 0.39] [%clk 0:09:27] } 17. Rxg7 { [%eval 0.35] [%clk 0:08:54] } 17...
cxd4 { [%eval 0.31] [%clk 0:09:26] } 18. cxd4 $2
{ [%eval -1.44] [%clk 0:08:48] } 18... Be5 { [%eval -0.98] [%clk 0:09:25] } 19.
Bb2 $4 { [%eval -5.68] [%clk 0:08:40] } 19... Bxg7
{ [%eval -5.65] [%clk 0:09:23] } 20. Rc1+ { [%eval -5.72] [%clk 0:08:37] }
20... Kb8 { [%eval -5.79] [%clk 0:09:21] } 21. f4
{ [%eval -5.83] [%clk 0:08:26] } 21... Ka8 { [%eval -5.27] [%clk 0:09:15] } 22.
f5 { [%eval -5.6] [%clk 0:08:24] } 22... Rc8 { [%eval -5.81] [%clk 0:09:13] }
23. Rg1 { [%eval -5.74] [%clk 0:08:10] } 23... Bf6
{ [%eval -5.65] [%clk 0:09:11] } 24. f4 { [%eval -5.97] [%clk 0:08:00] } 24...
Re7 { [%eval -5.55] [%clk 0:09:02] } 25. Ba3 { [%eval -5.97] [%clk 0:07:49] }
25... Rd7 { [%eval -5.93] [%clk 0:09:00] } 26. Bc5
{ [%eval -6.83] [%clk 0:07:44] } 26... Rxc5 { [%eval -6.62] [%clk 0:08:55] }
27. Ke3 $4 { [%eval -11.23] [%clk 0:07:38] } 27... Bxd4+
{ [%eval -10.91] [%clk 0:08:52] } 28. Ke4 { [%eval -10.87] [%clk 0:07:35] }
28... Bxg1 { [%eval -29.96] [%clk 0:08:52] } 29. Kf3
{ [%eval -11.09] [%clk 0:07:33] } 29... Rd4 { [%eval -10.82] [%clk 0:08:50] }
30. Kg4 { [%eval -10.79] [%clk 0:07:31] } 30... Rcc4
{ [%eval -10.45] [%clk 0:08:47] } 31. Kg5 { [%eval #-10] [%clk 0:07:27] } 31...
Rxf4 { [%eval -10.49] [%clk 0:08:47] } 32. Kf6 $6
{ [%eval #-7] [%clk 0:07:25] } 32... Rc5 { [%eval #-6] [%clk 0:08:45] } 33.
Kxf7 { [%eval #-4] [%clk 0:07:23] } 33... Rcxf5+ { [%eval #-4] [%clk 0:08:45] }
34. Kg7 { [%eval #-3] [%clk 0:07:22] } 34... Rg4+
{ [%eval #-2] [%clk 0:08:44] } 35. Kxh7 { [%eval #-1] [%clk 0:07:21] } 35...
Rh5# { [%clk 0:08:43] } 0-1"
Rated Rapid tournament https://lichess.org/tournament/hfavrWA4,https://lichess.org/nuSOqYzg,2024.08.01,-,Onepiece23,newton132011,0-1,2024.08.01,08:42:08,1383,1459,,,A45,Indian Defense,600+0,Normal,"1. d4 { [%clk 0:10:00] } 1... Nf6 { [%clk 0:10:00] } 2. Bf4 { [%clk 0:09:59] }
2... d5 { [%clk 0:09:58] } 3. e3 { [%clk 0:09:58] } 3... e6 { [%clk 0:09:56] }
4. Nf3 { [%clk 0:09:57] } 4... b6 { [%clk 0:09:55] } 5. Be2 { [%clk 0:09:56] }
5... c5 { [%clk 0:09:54] } 6. c3 { [%clk 0:09:55] } 6... cxd4
{ [%clk 0:09:53] } 7. exd4 { [%clk 0:09:55] } 7... Bb7 { [%clk 0:09:52] } 8.
O-O { [%clk 0:09:53] } 8... Bd6 { [%clk 0:09:52] } 9. Ne5 { [%clk 0:09:52] }
9... Nc6 { [%clk 0:09:50] } 10. Re1 { [%clk 0:09:50] } 10... O-O
{ [%clk 0:09:46] } 11. h3 { [%clk 0:09:42] } 11... Ne8 { [%clk 0:09:43] } 12.
Bh2 { [%clk 0:09:41] } 12... f6 { [%clk 0:09:42] } 13. Nxc6 { [%clk 0:09:29] }
13... Bxh2+ { [%clk 0:09:39] } 14. Kxh2 { [%clk 0:09:25] } 14... Bxc6
{ [%clk 0:09:39] } 15. Qd3 { [%clk 0:09:16] } 15... e5 { [%clk 0:09:36] } 16.
Bd1 { [%clk 0:09:14] } 16... exd4 { [%clk 0:09:34] } 17. Bc2 { [%clk 0:09:12] }
17... f5 { [%clk 0:09:33] } 18. Re5 { [%clk 0:08:48] } 18... Qd6
{ [%clk 0:09:28] } 19. f4 { [%clk 0:08:41] } 19... a6 { [%clk 0:09:17] } 20. g3
{ [%clk 0:08:38] } 20... Bb5 { [%clk 0:09:15] } 21. Qf3 { [%clk 0:08:19] }
21... Nc7 { [%clk 0:09:09] } 22. Qh5 { [%clk 0:08:13] } 22... dxc3
{ [%clk 0:09:03] } 23. Nxc3 { [%clk 0:08:05] } 23... g6 { [%clk 0:09:01] } 24.
Qh6 { [%clk 0:07:56] } 24... Rfe8 { [%clk 0:08:58] } 25. Rae1
{ [%clk 0:07:47] } 25... Rxe5 { [%clk 0:08:50] } 26. Rxe5 { [%clk 0:07:43] }
26... d4 { [%clk 0:08:40] } 27. Bb3+ { [%clk 0:07:30] } 27... Kh8
{ [%clk 0:08:37] } 28. Nd5 { [%clk 0:06:39] } 28... d3 { [%clk 0:08:24] } 29.
Ne7 { [%clk 0:06:07] } 29... d2 { [%clk 0:08:17] } 30. Nxg6+ { [%clk 0:06:04] }
30... Qxg6 { [%clk 0:08:15] } 31. Qh4 { [%clk 0:05:33] } 31... Re8
{ [%clk 0:07:51] } 32. Kg1 { [%clk 0:05:14] } 32... Rxe5 { [%clk 0:07:47] } 33.
fxe5 { [%clk 0:05:12] } 33... Nd5 { [%clk 0:07:44] } 34. Qd8+
{ [%clk 0:05:08] } 34... Kg7 { [%clk 0:07:41] } 35. Qxd5 { [%clk 0:05:01] }
35... Qxg3+ { [%clk 0:07:39] } 36. Kh1 { [%clk 0:04:57] } 36... Qxh3+
{ [%clk 0:07:35] } 37. Kg1 { [%clk 0:04:53] } 37... Qf1+ { [%clk 0:07:31] } 38.
Kh2 { [%clk 0:04:50] } 38... Qf2+ { [%clk 0:07:21] } 39. Kh3 { [%clk 0:04:48] }
39... Bf1+ { [%clk 0:07:15] } 40. Qg2+ { [%clk 0:04:16] } 40... Qxg2+
{ [%clk 0:07:13] } 41. Kh4 { [%clk 0:04:15] } 41... Qg4# { [%clk 0:07:09] } 0-1"
Rated Rapid tournament https://lichess.org/tournament/hfavrWA4,https://lichess.org/zf4tLG8o,2024.08.01,-,Rastinw14,donald89,1-0,2024.08.01,08:42:08,1463,1292,,,C47,Four Knights Game: Gunsberg Variation,600+0,Normal,"1. e4 { [%clk 0:10:00] } 1... e5 { [%clk 0:10:00] } 2. Nf3 { [%clk 0:09:57] }
2... Nc6 { [%clk 0:09:58] } 3. Nc3 { [%clk 0:09:53] } 3... Nf6
{ [%clk 0:09:56] } 4. a3 { [%clk 0:09:52] } 4... Bc5 { [%clk 0:09:55] } 5. h3
{ [%clk 0:09:51] } 5... h6 { [%clk 0:09:53] } 6. d3 { [%clk 0:09:51] } 6... d6
{ [%clk 0:09:52] } 7. Bd2 { [%clk 0:09:49] } 7... O-O { [%clk 0:09:50] } 8. Nd5
{ [%clk 0:09:49] } 8... Nxd5 { [%clk 0:09:47] } 9. exd5 { [%clk 0:09:48] } 9...
Ne7 { [%clk 0:09:46] } 10. c4 { [%clk 0:09:45] } 10... c6 { [%clk 0:09:40] }
11. dxc6 { [%clk 0:09:42] } 11... Nxc6 { [%clk 0:09:39] } 12. g3
{ [%clk 0:09:28] } 12... Nd4 { [%clk 0:09:37] } 13. Nxd4 { [%clk 0:09:26] }
13... Bxd4 { [%clk 0:09:37] } 14. Bc3 { [%clk 0:09:24] } 14... Bxc3+
{ [%clk 0:09:32] } 15. bxc3 { [%clk 0:09:23] } 15... Qc7 { [%clk 0:09:28] } 16.
Bg2 { [%clk 0:09:17] } 16... Qa5 { [%clk 0:09:25] } 17. O-O { [%clk 0:09:04] }
17... Qxc3 { [%clk 0:09:22] } 18. Rc1 { [%clk 0:08:30] } 18... Qxa3
{ [%clk 0:09:15] } 19. d4 { [%clk 0:08:27] } 19... Bf5 { [%clk 0:08:39] } 20.
dxe5 { [%clk 0:08:16] } 20... dxe5 { [%clk 0:08:38] } 21. Qh5
{ [%clk 0:08:13] } 21... Bg6 { [%clk 0:08:30] } 22. Qxe5 { [%clk 0:08:11] }
22... Rae8 { [%clk 0:08:24] } 23. Qc7 { [%clk 0:08:05] } 23... b6
{ [%clk 0:08:19] } 24. Bc6 { [%clk 0:07:45] } 24... Rc8 { [%clk 0:08:07] } 25.
Qd7 { [%clk 0:07:31] } 25... Qc5 { [%clk 0:07:59] } 26. Bb7 { [%clk 0:07:14] }
26... Rc7 { [%clk 0:07:57] } 27. Qd5 { [%clk 0:07:09] } 27... Qe7
{ [%clk 0:07:36] } 28. Rfe1 { [%clk 0:07:03] } 28... Qf6 { [%clk 0:07:09] } 29.
Ba6 { [%clk 0:06:31] } 29... Rc5 { [%clk 0:06:10] } 30. Qb7 { [%clk 0:06:06] }
30... Bd3 { [%clk 0:05:39] } 31. Qxa7 { [%clk 0:05:42] } 31... Bxc4
{ [%clk 0:05:21] } 32. Rxc4 { [%clk 0:05:39] } 32... Ra5 { [%clk 0:02:34] } 33.
Rf4 { [%clk 0:05:23] } 33... Qd8 { [%clk 0:02:24] } 34. Re7 { [%clk 0:05:15] }
34... Ra1+ { [%clk 0:01:25] } 35. Kg2 { [%clk 0:05:12] } 35... Qd5+
{ [%clk 0:01:22] } 36. f3 { [%clk 0:05:04] } 36... Ra2+ { [%clk 0:01:15] } 37.
Re2 { [%clk 0:04:53] } 37... Rd8 { [%clk 0:00:52] } 38. Re4 { [%clk 0:04:31] }
38... Qd1 { [%clk 0:00:45] } 39. Rxa2 { [%clk 0:04:21] } 39... Rd2+
{ [%clk 0:00:34] } 40. Rxd2 { [%clk 0:04:19] } 40... Qxd2+ { [%clk 0:00:33] }
41. Re2 { [%clk 0:04:18] } 1-0"
Rated Rapid game,https://lichess.org/YLhqW4Z3,2024.08.01,-,Blunders_and_More,Thabethemcebo,1-0,2024.08.01,08:42:10,2045,1980,,,B21,"Sicilian Defense: Smith-Morra Gambit Accepted, Scheveningen Formation",600+0,Normal,"1. e4 { [%clk 0:10:00] } 1... c5 { [%clk 0:10:00] } 2. d4 { [%clk 0:09:58] }
2... cxd4 { [%clk 0:09:59] } 3. c3 { [%clk 0:09:58] } 3... dxc3
{ [%clk 0:09:58] } 4. Nxc3 { [%clk 0:09:58] } 4... Nc6 { [%clk 0:09:56] } 5.
Nf3 { [%clk 0:09:57] } 5... d6 { [%clk 0:09:47] } 6. Bc4 { [%clk 0:09:54] }
6... e6 { [%clk 0:09:45] } 7. O-O { [%clk 0:09:53] } 7... Nf6
{ [%clk 0:09:43] } 8. e5 { [%clk 0:09:52] } 8... Nd7 { [%clk 0:09:15] } 9. exd6
{ [%clk 0:09:41] } 9... Nde5 { [%clk 0:08:51] } 10. Nxe5 { [%clk 0:09:27] }
10... Nxe5 { [%clk 0:08:46] } 11. Bb5+ { [%clk 0:09:20] } 11... Bd7
{ [%clk 0:08:44] } 12. Re1 { [%clk 0:09:14] } 12... Nc6 { [%clk 0:07:39] } 13.
Bf4 { [%clk 0:08:59] } 13... Qb6 { [%clk 0:07:17] } 14. Be3 { [%clk 0:08:39] }
14... Qa5 { [%clk 0:06:44] } 15. a4 { [%clk 0:08:28] } 15... a6
{ [%clk 0:06:40] } 16. Bc4 { [%clk 0:08:13] } 16... Rd8 { [%clk 0:06:35] } 17.
Nd5 { [%clk 0:07:43] } 17... Bxd6 { [%clk 0:06:07] } 18. Bb6 { [%clk 0:07:40] }
1-0"
Rated Rapid game,https://lichess.org/OglKKjbQ,2024.08.01,-,Bolsevik27,Jota_spa,1-0,2024.08.01,08:42:11,1422,1445,,,B10,Caro-Kann Defense,600+0,Time forfeit,"1. e4 { [%clk 0:10:00] } 1... c6 { [%clk 0:10:00] } 2. Nf3 { [%clk 0:09:59] }
2... d5 { [%clk 0:09:57] } 3. e5 { [%clk 0:09:57] } 3... Bg4 { [%clk 0:09:56] }
4. d4 { [%clk 0:09:56] } 4... h6 { [%clk 0:09:53] } 5. h3 { [%clk 0:09:53] }
5... Bh5 { [%clk 0:09:49] } 6. Be2 { [%clk 0:09:49] } 6... Nd7
{ [%clk 0:09:38] } 7. b4 { [%clk 0:09:47] } 7... Rc8 { [%clk 0:09:30] } 8. a3
{ [%clk 0:09:43] } 8... Nb6 { [%clk 0:09:29] } 9. Nc3 { [%clk 0:09:36] } 9...
Qd7 { [%clk 0:09:10] } 10. a4 { [%clk 0:09:34] } 10... f6 { [%clk 0:08:47] }
11. a5 { [%clk 0:09:30] } 11... Nc4 { [%clk 0:08:39] } 12. O-O
{ [%clk 0:09:11] } 12... Bxf3 { [%clk 0:08:35] } 13. Bxf3 { [%clk 0:09:10] }
13... fxe5 { [%clk 0:08:33] } 14. dxe5 { [%clk 0:09:05] } 14... Nxe5
{ [%clk 0:08:31] } 15. Bf4 { [%clk 0:08:55] } 15... Ng6 { [%clk 0:08:26] } 16.
Re1 { [%clk 0:08:47] } 16... Nxf4 { [%clk 0:08:24] } 17. Bg4 { [%clk 0:08:46] }
17... e6 { [%clk 0:08:19] } 18. Qf3 { [%clk 0:08:29] } 18... Bd6
{ [%clk 0:08:10] } 19. g3 { [%clk 0:08:26] } 19... Ng6 { [%clk 0:08:01] } 20.
Bxe6 { [%clk 0:08:22] } 20... Qc7 { [%clk 0:07:38] } 21. Bxc8+
{ [%clk 0:08:20] } 21... Kd8 { [%clk 0:07:37] } 22. Qf5 { [%clk 0:07:45] }
22... N8e7 { [%clk 0:07:31] } 23. Rxe7 { [%clk 0:07:10] } 23... Nxe7
{ [%clk 0:07:24] } 24. Qe6 { [%clk 0:06:50] } 24... Nxc8 { [%clk 0:06:55] } 25.
Re1 { [%clk 0:06:41] } 25... Be7 { [%clk 0:05:37] } 26. b5 { [%clk 0:06:33] }
26... Re8 { [%clk 0:04:39] } 27. bxc6 { [%clk 0:06:18] } 27... Qxc6
{ [%clk 0:04:13] } 28. Nxd5 { [%clk 0:05:22] } 1-0"
Rated Rapid game,https://lichess.org/Qpl10GCM,2024.08.01,-,venug80,niconiki,1-0,2024.08.01,08:42:11,1808,1757,,,B10,Caro-Kann Defense,600+0,Normal,"1. e4 { [%clk 0:10:00] } 1... c6 { [%clk 0:10:00] } 2. f4 { [%clk 0:09:58] }
2... d5 { [%clk 0:09:57] } 3. e5 { [%clk 0:09:57] } 3... e6 { [%clk 0:09:41] }
4. Nf3 { [%clk 0:09:50] } 4... f6 { [%clk 0:09:36] } 5. Be2 { [%clk 0:09:45] }
5... Be7 { [%clk 0:09:28] } 6. O-O { [%clk 0:09:43] } 6... Qb6+
{ [%clk 0:09:14] } 7. d4 { [%clk 0:09:41] } 7... c5 { [%clk 0:09:11] } 8. c3
{ [%clk 0:09:36] } 8... Nc6 { [%clk 0:09:08] } 9. Kh1 { [%clk 0:09:22] } 9...
Bd7 { [%clk 0:08:56] } 10. b3 { [%clk 0:09:20] } 10... Nh6 { [%clk 0:08:48] }
11. Be3 { [%clk 0:09:18] } 11... Ng4 { [%clk 0:08:30] } 12. Bg1
{ [%clk 0:09:09] } 12... cxd4 { [%clk 0:08:23] } 13. Nxd4 { [%clk 0:08:58] }
13... Nxd4 { [%clk 0:08:10] } 14. Bxd4 { [%clk 0:08:54] } 14... Bc5
{ [%clk 0:08:05] } 15. Bxg4 { [%clk 0:08:51] } 15... Bxd4 { [%clk 0:07:54] }
16. cxd4 { [%clk 0:08:49] } 16... f5 { [%clk 0:07:51] } 17. Bh5+
{ [%clk 0:08:39] } 17... g6 { [%clk 0:07:48] } 18. Bf3 { [%clk 0:08:37] } 18...
Bb5 { [%clk 0:07:44] } 19. Re1 { [%clk 0:08:25] } 19... h5 { [%clk 0:07:42] }
20. Nc3 { [%clk 0:08:21] } 20... O-O { [%clk 0:07:22] } 21. Nxb5
{ [%clk 0:08:20] } 21... Qxb5 { [%clk 0:07:20] } 22. Rc1 { [%clk 0:08:15] }
22... Qd7 { [%clk 0:07:14] } 23. Re3 { [%clk 0:07:53] } 23... Qh7
{ [%clk 0:07:11] } 24. h4 { [%clk 0:07:43] } 24... Qh6 { [%clk 0:06:56] } 25.
g3 { [%clk 0:07:22] } 25... Rad8 { [%clk 0:06:42] } 26. Rc7 { [%clk 0:07:16] }
26... Rb8 { [%clk 0:06:27] } 27. Rec3 { [%clk 0:07:11] } 27... a5
{ [%clk 0:06:14] } 28. Re7 { [%clk 0:07:06] } 28... Rfe8 { [%clk 0:06:08] } 29.
Rcc7 { [%clk 0:07:02] } 29... Rxe7 { [%clk 0:06:02] } 30. Rxe7
{ [%clk 0:07:00] } 30... b5 { [%clk 0:05:43] } 31. Rxe6 { [%clk 0:06:56] }
31... Rd8 { [%clk 0:05:39] } 32. Qc2 { [%clk 0:06:35] } 32... Qh7
{ [%clk 0:05:28] } 33. Qc6 { [%clk 0:06:28] } 33... Qa7 { [%clk 0:04:42] } 34.
Rxg6+ { [%clk 0:06:23] } 34... Kf8 { [%clk 0:04:38] } 35. Rf6+
{ [%clk 0:06:13] } 35... Kg7 { [%clk 0:04:19] } 36. Rg6+ { [%clk 0:06:02] }
36... Kf8 { [%clk 0:04:16] } 37. Qf6+ { [%clk 0:05:52] } 37... Ke8
{ [%clk 0:03:59] } 38. Rg8+ { [%clk 0:05:48] } 38... Kd7 { [%clk 0:03:51] } 39.
Qxd8+ { [%clk 0:05:46] } 39... Kc6 { [%clk 0:03:48] } 40. Qd6+
{ [%clk 0:05:40] } 40... Kb7 { [%clk 0:03:41] } 41. Rg7+ { [%clk 0:05:38] } 1-0"
Rated Rapid game,https://lichess.org/FrluAnPD,2024.08.01,-,leero,Loki16,1-0,2024.08.01,08:42:11,1721,1723,,,B06,Modern Defense,600+0,Time forfeit,"1. e4 { [%clk 0:10:00] } 1... g6 { [%clk 0:10:00] } 2. d4 { [%clk 0:09:57] }
2... d6 { [%clk 0:10:00] } 3. f4 { [%clk 0:09:54] } 3... Bg7 { [%clk 0:10:00] }
4. Nf3 { [%clk 0:09:51] } 4... Nf6 { [%clk 0:09:59] } 5. Bd3 { [%clk 0:09:48] }
5... O-O { [%clk 0:09:59] } 6. O-O { [%clk 0:09:46] } 6... Nc6
{ [%clk 0:09:58] } 7. Re1 { [%clk 0:09:41] } 7... Nd7 { [%clk 0:09:57] } 8. c3
{ [%clk 0:09:35] } 8... e5 { [%clk 0:09:56] } 9. d5 { [%clk 0:09:22] } 9... Ne7
{ [%clk 0:09:47] } 10. f5 { [%clk 0:09:17] } 10... Nc5 { [%clk 0:09:37] } 11.
Bc2 { [%clk 0:09:03] } 11... gxf5 { [%clk 0:09:24] } 12. exf5
{ [%clk 0:08:52] } 12... Nxf5 { [%clk 0:08:54] } 13. Bxf5 { [%clk 0:08:41] }
13... Bxf5 { [%clk 0:08:52] } 14. Bg5 { [%clk 0:08:37] } 14... f6
{ [%clk 0:08:49] } 15. Be3 { [%clk 0:08:20] } 15... Bd7 { [%clk 0:07:43] } 16.
Bxc5 { [%clk 0:08:04] } 16... dxc5 { [%clk 0:07:41] } 17. d6 { [%clk 0:08:03] }
17... c6 { [%clk 0:07:21] } 18. Re4 { [%clk 0:07:59] } 18... f5
{ [%clk 0:06:55] } 19. Qb3+ { [%clk 0:07:47] } 19... Kh8 { [%clk 0:06:52] } 20.
Rh4 { [%clk 0:07:46] } 20... e4 { [%clk 0:06:42] } 21. Nbd2 { [%clk 0:06:53] }
21... e3 { [%clk 0:06:36] } 22. Nc4 { [%clk 0:06:42] } 22... b5
{ [%clk 0:06:17] } 23. Nxe3 { [%clk 0:05:48] } 23... Qf6 { [%clk 0:04:33] } 24.
Qc2 { [%clk 0:05:33] } 1-0"
Rated Rapid game,https://lichess.org/klqsGpzK,2024.08.01,-,MihailLazar,agoestgondang,1-0,2024.08.01,08:42:11,1890,1874,,,B20,Sicilian Defense: Bowdler Attack,600+0,Normal,"1. e4 { [%clk 0:10:00] } 1... c5 { [%clk 0:10:00] } 2. Bc4 { [%clk 0:09:58] }
2... e6 { [%clk 0:09:58] } 3. Nf3 { [%clk 0:09:52] } 3... d5 { [%clk 0:09:56] }
4. exd5 { [%clk 0:09:51] } 4... exd5 { [%clk 0:09:54] } 5. Bb5+
{ [%clk 0:09:49] } 5... Bd7 { [%clk 0:09:51] } 6. Bxd7+ { [%clk 0:09:47] } 6...
Qxd7 { [%clk 0:09:49] } 7. O-O { [%clk 0:09:44] } 7... Be7 { [%clk 0:09:45] }
8. d4 { [%clk 0:09:43] } 8... c4 { [%clk 0:09:36] } 9. c3 { [%clk 0:09:40] }
9... Nf6 { [%clk 0:09:33] } 10. Ne5 { [%clk 0:09:37] } 10... Qd8
{ [%clk 0:09:23] } 11. Nd2 { [%clk 0:09:34] } 11... Nbd7 { [%clk 0:09:20] } 12.
Ndf3 { [%clk 0:09:31] } 12... O-O { [%clk 0:09:18] } 13. Qa4 { [%clk 0:09:23] }
13... a6 { [%clk 0:09:09] } 14. Bg5 { [%clk 0:09:14] } 14... b5
{ [%clk 0:09:06] } 15. Qc2 { [%clk 0:09:06] } 15... h6 { [%clk 0:08:57] } 16.
Nc6 { [%clk 0:09:03] } 16... Qe8 { [%clk 0:08:39] } 17. Rfe1 { [%clk 0:08:54] }
17... hxg5 { [%clk 0:07:44] } 18. Nxe7+ { [%clk 0:08:48] } 1-0"
Rated Rapid game,https://lichess.org/ahQozOVG,2024.08.01,-,Valentin1567,amic190,0-1,2024.08.01,08:42:11,1846,1857,,,C00,French Defense: King's Indian Attack,600+0,Normal,"1. e4 { [%clk 0:10:00] } 1... e6 { [%clk 0:10:00] } 2. d3 { [%clk 0:09:58] }
2... c5 { [%clk 0:09:59] } 3. c3 { [%clk 0:09:56] } 3... a6 { [%clk 0:09:58] }
4. e5 { [%clk 0:09:54] } 4... b6 { [%clk 0:09:56] } 5. d4 { [%clk 0:09:53] }
5... cxd4 { [%clk 0:09:53] } 6. cxd4 { [%clk 0:09:52] } 6... Bb7
{ [%clk 0:09:52] } 7. f3 { [%clk 0:09:50] } 7... Bb4+ { [%clk 0:09:46] } 8. Nc3
{ [%clk 0:09:48] } 8... Qc7 { [%clk 0:09:41] } 9. Qd3 { [%clk 0:09:42] } 9...
Ne7 { [%clk 0:09:29] } 10. a3 { [%clk 0:09:37] } 10... Bxc3+ { [%clk 0:09:23] }
11. bxc3 { [%clk 0:09:36] } 11... Nd5 { [%clk 0:09:19] } 12. c4
{ [%clk 0:09:32] } 12... Ne7 { [%clk 0:09:10] } 13. Nh3 { [%clk 0:09:27] }
13... h6 { [%clk 0:09:07] } 14. g4 { [%clk 0:09:16] } 14... Nbc6
{ [%clk 0:09:05] } 15. Be3 { [%clk 0:09:03] } 15... d5 { [%clk 0:09:03] } 16.
cxd5 { [%clk 0:08:53] } 16... Nxd5 { [%clk 0:09:01] } 17. Bf2
{ [%clk 0:08:49] } 17... Rd8 { [%clk 0:08:56] } 18. Be2 { [%clk 0:08:09] }
18... Nde7 { [%clk 0:08:51] } 19. Qc3 { [%clk 0:07:50] } 19... Qb8
{ [%clk 0:08:40] } 20. O-O { [%clk 0:07:35] } 20... Rc8 { [%clk 0:08:31] } 21.
Qb2 { [%clk 0:07:31] } 21... b5 { [%clk 0:08:22] } 22. Rfd1 { [%clk 0:07:19] }
22... O-O { [%clk 0:08:18] } 23. Bd3 { [%clk 0:06:58] } 23... Rfd8
{ [%clk 0:07:57] } 24. Bb1 { [%clk 0:06:50] } 24... Na5 { [%clk 0:07:49] } 25.
Qe2 { [%clk 0:06:36] } 25... Nc4 { [%clk 0:07:30] } 26. Nf4 { [%clk 0:06:14] }
26... Nd5 { [%clk 0:07:03] } 27. Qd3 { [%clk 0:06:06] } 27... Nxf4
{ [%clk 0:06:37] } 28. Qh7+ { [%clk 0:06:02] } 28... Kf8 { [%clk 0:06:35] } 29.
Qh8+ { [%clk 0:06:01] } 29... Ke7 { [%clk 0:06:32] } 30. Bh4+
{ [%clk 0:05:54] } 30... g5 { [%clk 0:06:20] } 31. Qxh6 { [%clk 0:05:48] }
31... Rh8 { [%clk 0:05:52] } 32. Bxg5+ { [%clk 0:05:41] } 32... Kd7
{ [%clk 0:05:47] } 33. Qf6 { [%clk 0:05:37] } 33... Nh3+ { [%clk 0:05:35] } 34.
Kh1 { [%clk 0:05:36] } 34... Bxf3+ { [%clk 0:05:31] } 35. Qxf3
{ [%clk 0:05:30] } 35... Nxg5 { [%clk 0:05:27] } 36. Qf6 { [%clk 0:05:22] }
36... Rcg8 { [%clk 0:05:13] } 37. a4 { [%clk 0:05:04] } 37... Qb7+
{ [%clk 0:05:10] } 38. Kg1 { [%clk 0:04:59] } 38... Nh3+ { [%clk 0:05:03] } 39.
Kf1 { [%clk 0:04:55] } 39... Qh1+ { [%clk 0:04:57] } 40. Ke2 { [%clk 0:04:51] }
40... Qxh2+ { [%clk 0:04:54] } 41. Kd3 { [%clk 0:04:46] } 41... Nf2+
{ [%clk 0:04:41] } 42. Kc3 { [%clk 0:04:42] } 42... Nxd1+ { [%clk 0:04:38] }
43. Kb4 { [%clk 0:04:37] } 43... Qb2+ { [%clk 0:04:23] } 44. Kc5
{ [%clk 0:04:35] } 44... Rc8# { [%clk 0:04:19] } 0-1"
Rated Rapid game,https://lichess.org/iApgd4Xj,2024.08.01,-,ilovebishopsz,Daddid,0-1,2024.08.01,08:42:11,1669,1683,,,D02,Queen's Pawn Game: Chigorin Variation,600+0,Normal,"1. Nf3 { [%eval 0.17] [%clk 0:10:00] } 1... d5 { [%eval 0.18] [%clk 0:10:00] }
2. d4 { [%eval 0.2] [%clk 0:09:57] } 2... Nc6 { [%eval 0.48] [%clk 0:09:59] }
3. Nc3 { [%eval -0.02] [%clk 0:09:52] } 3... e5 $6
{ [%eval 0.85] [%clk 0:09:55] } 4. Nxe5 { [%eval 0.88] [%clk 0:09:46] } 4...
Nxe5 { [%eval 0.96] [%clk 0:09:54] } 5. dxe5 { [%eval 0.94] [%clk 0:09:45] }
5... Be6 { [%eval 1.32] [%clk 0:09:50] } 6. g3 { [%eval 1.14] [%clk 0:09:35] }
6... Bb4 { [%eval 1.07] [%clk 0:09:49] } 7. a3 { [%eval 0.64] [%clk 0:09:31] }
7... Ba5 $6 { [%eval 1.24] [%clk 0:09:48] } 8. b4
{ [%eval 1.18] [%clk 0:09:30] } 8... Bb6 { [%eval 1.19] [%clk 0:09:47] } 9. Bg2
{ [%eval 1.27] [%clk 0:09:29] } 9... c6 { [%eval 1.4] [%clk 0:09:45] } 10. O-O
{ [%eval 1.39] [%clk 0:09:26] } 10... Ne7 { [%eval 1.65] [%clk 0:09:42] } 11.
Bb2 { [%eval 1.14] [%clk 0:09:23] } 11... Qc7 { [%eval 1.44] [%clk 0:09:38] }
12. Na4 { [%eval 1.44] [%clk 0:09:19] } 12... O-O
{ [%eval 1.5] [%clk 0:09:25] } 13. Nxb6 { [%eval 1.25] [%clk 0:09:06] } 13...
axb6 { [%eval 1.14] [%clk 0:09:25] } 14. Qd4 { [%eval 0.91] [%clk 0:08:53] }
14... c5 { [%eval 0.94] [%clk 0:09:24] } 15. bxc5 $6
{ [%eval 0.19] [%clk 0:08:50] } 15... bxc5 { [%eval 0.21] [%clk 0:09:23] } 16.
Qf4 { [%eval -0.11] [%clk 0:08:42] } 16... Ng6 { [%eval 0.14] [%clk 0:09:19] }
17. Qd2 { [%eval 0.16] [%clk 0:08:34] } 17... d4 $6
{ [%eval 1.12] [%clk 0:09:08] } 18. f4 { [%eval 0.85] [%clk 0:08:24] } 18...
Rad8 $2 { [%eval 2.92] [%clk 0:09:02] } 19. f5 { [%eval 2.92] [%clk 0:07:46] }
19... Nxe5 { [%eval 3.27] [%clk 0:09:01] } 20. fxe6
{ [%eval 3.29] [%clk 0:07:42] } 20... fxe6 { [%eval 3.28] [%clk 0:08:59] } 21.
Rxf8+ { [%eval 3.01] [%clk 0:07:37] } 21... Rxf8
{ [%eval 2.73] [%clk 0:08:58] } 22. Rf1 { [%eval 2.73] [%clk 0:07:32] } 22...
Rxf1+ { [%eval 2.56] [%clk 0:08:54] } 23. Bxf1 { [%eval 3.59] [%clk 0:07:31] }
23... Nc4 { [%eval 3.5] [%clk 0:08:50] } 24. Qc1 $2
{ [%eval 2.49] [%clk 0:06:44] } 24... Qb6 { [%eval 2.83] [%clk 0:08:47] } 25.
Ba1 { [%eval 2.46] [%clk 0:06:34] } 25... Ne3 { [%eval 2.49] [%clk 0:08:46] }
26. c3 { [%eval 2.4] [%clk 0:06:25] } 26... e5 { [%eval 2.17] [%clk 0:08:18] }
27. Bh3 { [%eval 1.91] [%clk 0:06:10] } 27... c4 $6
{ [%eval 2.84] [%clk 0:08:01] } 28. cxd4 $2 { [%eval 1.75] [%clk 0:05:16] }
28... exd4 { [%eval 1.49] [%clk 0:07:58] } 29. Qd2 $4
{ [%eval -4.53] [%clk 0:04:58] } 29... Qb1+ { [%eval -4.35] [%clk 0:07:34] }
30. Kf2 { [%eval -4.31] [%clk 0:02:30] } 30... Qxa1 $4
{ [%eval 0.0] [%clk 0:06:39] } 31. Be6+ $4 { [%eval -4.5] [%clk 0:02:24] }
31... Kh8 { [%eval -4.45] [%clk 0:06:25] } 32. Qb4 $4
{ [%eval #-1] [%clk 0:02:24] } 32... Qf1# { [%clk 0:06:22] } 0-1"
Rated Rapid game,https://lichess.org/Prt1X8eH,2024.08.01,-,Gustavo_Telles,Nozar4eg,1-0,2024.08.01,08:42:11,1295,1274,,,A21,"English Opening: King's English Variation, Reversed Sicilian",600+0,Normal,"1. c4 { [%eval 0.12] [%clk 0:10:00] } 1... e5 { [%eval 0.12] [%clk 0:10:00] }
2. Nc3 { [%eval 0.07] [%clk 0:09:55] } 2... Bc5 { [%eval 0.51] [%clk 0:09:59] }
3. Nf3 { [%eval 0.44] [%clk 0:09:32] } 3... Qf6 $2
{ [%eval 1.83] [%clk 0:09:57] } 4. e3 $6 { [%eval 0.96] [%clk 0:09:27] } 4...
e4 $2 { [%eval 2.98] [%clk 0:09:52] } 5. Nxe4 { [%eval 2.9] [%clk 0:08:43] }
5... Qc6 { [%eval 3.11] [%clk 0:09:19] } 6. Nxc5 { [%eval 3.0] [%clk 0:08:29] }
6... Qxc5 { [%eval 2.92] [%clk 0:09:18] } 7. d4 { [%eval 2.97] [%clk 0:08:25] }
7... Qb4+ { [%eval 3.22] [%clk 0:09:09] } 8. Qd2 { [%eval 3.0] [%clk 0:08:16] }
8... Qe7 { [%eval 2.93] [%clk 0:08:51] } 9. Bd3 { [%eval 2.88] [%clk 0:08:10] }
9... Nf6 { [%eval 2.92] [%clk 0:08:50] } 10. O-O { [%eval 3.1] [%clk 0:08:06] }
10... h5 $2 { [%eval 4.26] [%clk 0:08:48] } 11. e4
{ [%eval 4.3] [%clk 0:07:15] } 11... Ng4 { [%eval 4.88] [%clk 0:08:43] } 12.
Qg5 $2 { [%eval 3.53] [%clk 0:06:30] } 12... Nc6 $2
{ [%eval 5.0] [%clk 0:08:33] } 13. Qxe7+ $2 { [%eval 3.64] [%clk 0:06:07] }
13... Nxe7 { [%eval 3.65] [%clk 0:08:33] } 14. Ne5 $2
{ [%eval 2.12] [%clk 0:05:49] } 14... d6 $6 { [%eval 3.11] [%clk 0:08:25] } 15.
Nxg4 $2 { [%eval 2.11] [%clk 0:05:25] } 15... hxg4
{ [%eval 2.05] [%clk 0:08:25] } 16. f4 { [%eval 1.73] [%clk 0:05:11] } 16...
Bd7 $6 { [%eval 2.68] [%clk 0:07:37] } 17. f5 { [%eval 2.91] [%clk 0:04:57] }
17... c6 { [%eval 3.09] [%clk 0:07:19] } 18. f6 { [%eval 2.51] [%clk 0:04:41] }
18... gxf6 { [%eval 2.51] [%clk 0:07:17] } 19. Rxf6
{ [%eval 2.5] [%clk 0:04:36] } 19... d5 { [%eval 2.54] [%clk 0:07:12] } 20. Bg5
$6 { [%eval 1.55] [%clk 0:04:01] } 20... dxe4 { [%eval 1.64] [%clk 0:06:54] }
21. Bxe4 { [%eval 1.42] [%clk 0:03:52] } 21... O-O-O $4
{ [%eval 4.83] [%clk 0:06:30] } 22. Rxf7 { [%eval 4.91] [%clk 0:03:35] } 22...
Ng8 { [%eval 5.27] [%clk 0:05:30] } 23. Bxd8 { [%eval 5.24] [%clk 0:03:28] }
1-0"
Rated Rapid game,https://lichess.org/9De4qN9f,2024.08.01,-,Lndk,kunwarsinghchouhan,0-1,2024.08.01,08:42:14,1400,1458,,,A00,Van't Kruijs Opening,600+0,Normal,"1. e3 { [%clk 0:10:00] } 1... c5 { [%clk 0:10:00] } 2. c3 { [%clk 0:09:59] }
2... Nc6 { [%clk 0:09:57] } 3. d4 { [%clk 0:09:58] } 3... cxd4
{ [%clk 0:09:55] } 4. cxd4 { [%clk 0:09:57] } 4... Nf6 { [%clk 0:09:52] } 5. g3
{ [%clk 0:09:56] } 5... e5 { [%clk 0:09:50] } 6. Bg2 { [%clk 0:09:54] } 6...
exd4 { [%clk 0:09:46] } 7. Bxc6 { [%clk 0:09:53] } 7... dxc6 { [%clk 0:09:41] }
8. Qxd4 { [%clk 0:09:52] } 8... Be7 { [%clk 0:09:38] } 9. Qxd8+
{ [%clk 0:09:50] } 9... Bxd8 { [%clk 0:09:36] } 10. Nf3 { [%clk 0:09:47] }
10... Ba5+ { [%clk 0:09:33] } 11. Bd2 { [%clk 0:09:46] } 11... Bc7
{ [%clk 0:09:24] } 12. O-O { [%clk 0:09:43] } 12... O-O { [%clk 0:09:22] } 13.
Bc3 { [%clk 0:09:41] } 13... Ne4 { [%clk 0:09:19] } 14. Nfd2 { [%clk 0:09:33] }
14... Ng5 { [%clk 0:09:12] } 15. Na3 { [%clk 0:09:29] } 15... Bh3
{ [%clk 0:09:10] } 16. Rfd1 { [%clk 0:09:25] } 16... a5 { [%clk 0:08:49] } 17.
f4 { [%clk 0:09:21] } 17... Ne6 { [%clk 0:08:37] } 18. Ne4 { [%clk 0:09:17] }
18... Bg4 { [%clk 0:08:27] } 19. Re1 { [%clk 0:09:06] } 19... Bf3
{ [%clk 0:08:18] } 20. Kf2 { [%clk 0:08:57] } 20... Bxe4 { [%clk 0:08:15] } 21.
Nc4 { [%clk 0:08:52] } 21... Bd5 { [%clk 0:08:06] } 22. Nd2 { [%clk 0:08:46] }
22... Nc5 { [%clk 0:08:01] } 23. a3 { [%clk 0:08:38] } 23... Nd3+
{ [%clk 0:07:59] } 24. Ke2 { [%clk 0:08:34] } 24... Nxe1 { [%clk 0:07:56] } 25.
Kxe1 { [%clk 0:08:32] } 25... b5 { [%clk 0:07:50] } 26. b4 { [%clk 0:08:30] }
26... a4 { [%clk 0:07:47] } 27. Bd4 { [%clk 0:08:21] } 27... Rfe8
{ [%clk 0:07:39] } 28. Nb1 { [%clk 0:08:16] } 28... Ra6 { [%clk 0:07:33] } 29.
Nc3 { [%clk 0:08:14] } 29... Bb6 { [%clk 0:07:29] } 30. Kf2 { [%clk 0:08:07] }
30... Bxd4 { [%clk 0:07:26] } 31. exd4 { [%clk 0:08:06] } 31... g6
{ [%clk 0:07:19] } 32. Ne2 { [%clk 0:07:47] } 32... Bc4 { [%clk 0:07:16] } 33.
Nc3 { [%clk 0:07:42] } 33... Raa8 { [%clk 0:07:10] } 34. Rd1 { [%clk 0:07:38] }
34... Rad8 { [%clk 0:07:02] } 35. Kf3 { [%clk 0:07:33] } 35... Bb3
{ [%clk 0:06:57] } 36. Rd3 { [%clk 0:07:28] } 36... Bd5+ { [%clk 0:06:52] } 37.
Kg4 { [%clk 0:07:26] } 37... h5+ { [%clk 0:06:46] } 38. Kh3 { [%clk 0:07:23] }
38... Re1 { [%clk 0:06:40] } 39. Rd2 { [%clk 0:06:54] } 39... Rde8
{ [%clk 0:06:30] } 40. Na2 { [%clk 0:06:43] } 40... R1e2 { [%clk 0:06:12] } 41.
Rxe2 { [%clk 0:06:40] } 41... Rxe2 { [%clk 0:06:10] } 42. Nc3
{ [%clk 0:06:39] } 42... Bg2+ { [%clk 0:06:04] } 43. Kh4 { [%clk 0:06:37] }
43... Rc2 { [%clk 0:06:01] } 44. Nd1 { [%clk 0:06:31] } 44... Bd5
{ [%clk 0:05:40] } 45. Ne3 { [%clk 0:06:28] } 45... Rc3 { [%clk 0:05:35] } 46.
Nxd5 { [%clk 0:06:17] } 46... cxd5 { [%clk 0:05:33] } 47. Kh3
{ [%clk 0:06:15] } 47... Rxa3 { [%clk 0:05:31] } 48. Kg2 { [%clk 0:06:10] }
48... Rb3 { [%clk 0:05:28] } 49. Kf2 { [%clk 0:06:09] } 49... a3
{ [%clk 0:05:26] } 50. Ke2 { [%clk 0:06:04] } 50... a2 { [%clk 0:05:24] } 51.
Kd2 { [%clk 0:06:02] } 51... a1=Q { [%clk 0:05:21] } 52. Kc2 { [%clk 0:06:01] }
52... Rxb4 { [%clk 0:05:07] } 53. Kd3 { [%clk 0:05:59] } 53... Qxd4+
{ [%clk 0:05:04] } 54. Ke2 { [%clk 0:05:56] } 54... Rb2+ { [%clk 0:05:01] } 55.
Kf3 { [%clk 0:05:55] } 55... Rb3+ { [%clk 0:04:49] } 56. Kg2 { [%clk 0:05:53] }
56... Qe4+ { [%clk 0:04:43] } 57. Kh3 { [%clk 0:05:50] } 57... Qf5+
{ [%clk 0:04:38] } 58. Kg2 { [%clk 0:05:49] } 58... h4 { [%clk 0:04:31] } 59.
Kf2 { [%clk 0:05:44] } 59... hxg3+ { [%clk 0:04:28] } 60. hxg3
{ [%clk 0:05:44] } 60... Rb2+ { [%clk 0:04:24] } 61. Kf3 { [%clk 0:05:43] }
61... Qe4+ { [%clk 0:04:22] } 62. Kg4 { [%clk 0:05:41] } 62... Qe6+
{ [%clk 0:04:16] } 63. Kg5 { [%clk 0:05:40] } 63... Qe1 { [%clk 0:04:08] } 64.
Kg4 { [%clk 0:05:37] } 64... Rb3 { [%clk 0:04:02] } 65. Kh4 { [%clk 0:05:33] }
65... Qxg3# { [%clk 0:04:00] } 0-1"
Rated Rapid game,https://lichess.org/zCLb44T5,2024.08.01,-,garras18,Kostodesa,0-1,2024.08.01,08:42:15,807,857,,,C20,King's Pawn Game: Wayward Queen Attack,600+0,Time forfeit,"1. e4 { [%clk 0:10:00] } 1... e5 { [%clk 0:10:00] } 2. Qh5 { [%clk 0:09:59] }
2... Qe7 { [%clk 0:09:57] } 3. Nf3 { [%clk 0:09:55] } 3... Nf6
{ [%clk 0:09:54] } 4. Qxe5 { [%clk 0:09:43] } 4... Qxe5 { [%clk 0:09:52] } 5.
Nxe5 { [%clk 0:09:43] } 5... Nxe4 { [%clk 0:09:51] } 6. Bc4 { [%clk 0:09:40] }
6... Ng5 { [%clk 0:09:44] } 7. O-O { [%clk 0:09:31] } 7... d6
{ [%clk 0:09:42] } 8. Nf3 { [%clk 0:09:26] } 8... Nxf3+ { [%clk 0:09:40] } 9.
gxf3 { [%clk 0:09:24] } 9... Bh3 { [%clk 0:09:38] } 10. Re1+ { [%clk 0:09:18] }
10... Be7 { [%clk 0:09:36] } 11. Nc3 { [%clk 0:09:13] } 11... c6
{ [%clk 0:09:31] } 12. d3 { [%clk 0:08:50] } 12... d5 { [%clk 0:09:27] } 13.
Bb3 { [%clk 0:08:37] } 13... b5 { [%clk 0:09:23] } 14. Bg5 { [%clk 0:08:22] }
14... f6 { [%clk 0:09:15] } 15. Bh4 { [%clk 0:08:14] } 15... g5
{ [%clk 0:09:13] } 16. Bg3 { [%clk 0:08:13] } 16... h5 { [%clk 0:09:11] } 17.
Re6 { [%clk 0:07:52] } 17... Bxe6 { [%clk 0:09:07] } 18. Kg2 { [%clk 0:07:46] }
18... h4 { [%clk 0:09:05] } 19. Bxb8 { [%clk 0:07:41] } 19... Rxb8
{ [%clk 0:09:03] } 20. Re1 { [%clk 0:07:38] } 20... Kd7 { [%clk 0:08:59] } 21.
a4 { [%clk 0:07:26] } 21... bxa4 { [%clk 0:08:57] } 22. Bxa4 { [%clk 0:07:23] }
22... Rxb2 { [%clk 0:08:54] } 0-1"
Rated Rapid game,https://lichess.org/JHTtr5hw,2024.08.01,-,VR2530,metisuli27,1-0,2024.08.01,08:42:15,1897,1845,,,A40,Queen's Pawn Game: Modern Defense,600+0,Normal,"1. d4 { [%clk 0:10:00] } 1... g6 { [%clk 0:10:00] } 2. Nf3 { [%clk 0:09:58] }
2... Bg7 { [%clk 0:09:58] } 3. c4 { [%clk 0:09:57] } 3... c6 { [%clk 0:09:55] }
4. e4 { [%clk 0:09:56] } 4... e6 { [%clk 0:09:49] } 5. Nc3 { [%clk 0:09:54] }
5... Ne7 { [%clk 0:09:40] } 6. Be2 { [%clk 0:09:50] } 6... O-O
{ [%clk 0:09:38] } 7. O-O { [%clk 0:09:49] } 7... Na6 { [%clk 0:09:35] } 8. Be3
{ [%clk 0:09:39] } 8... f6 { [%clk 0:09:32] } 9. Rc1 { [%clk 0:09:35] } 9... b6
{ [%clk 0:09:30] } 10. d5 { [%clk 0:09:03] } 10... exd5 { [%clk 0:09:17] } 11.
cxd5 { [%clk 0:09:02] } 11... cxd5 { [%clk 0:09:07] } 12. exd5
{ [%clk 0:08:40] } 12... Nf5 { [%clk 0:08:51] } 13. d6 { [%clk 0:08:06] } 13...
Nxe3 { [%clk 0:08:45] } 14. fxe3 { [%clk 0:08:03] } 14... Nc5
{ [%clk 0:08:40] } 15. Qd5+ { [%clk 0:07:59] } 15... Rf7 { [%clk 0:08:23] } 16.
Qxa8 { [%clk 0:07:54] } 16... a6 { [%clk 0:08:17] } 17. Qd5 { [%clk 0:07:53] }
17... Bb7 { [%clk 0:08:09] } 18. Qd2 { [%clk 0:07:43] } 18... f5
{ [%clk 0:08:03] } 19. Nd5 { [%clk 0:07:34] } 19... Ne4 { [%clk 0:07:50] } 20.
Qd1 { [%clk 0:07:06] } 20... b5 { [%clk 0:07:33] } 21. Ne7+ { [%clk 0:07:03] }
21... Kh8 { [%clk 0:07:29] } 22. Qb3 { [%clk 0:06:48] } 22... Rf6
{ [%clk 0:07:17] } 23. Ne5 { [%clk 0:06:30] } 23... Rxd6 { [%clk 0:07:10] } 24.
Nf7# { [%clk 0:06:28] } 1-0"
Rated Rapid game,https://lichess.org/TEwL8ahG,2024.08.01,-,ayoub89,ZaraZarithSofia,1-0,2024.08.01,08:42:15,560,495,,,B01,Scandinavian Defense,600+0,Normal,"1. e4 { [%clk 0:10:00] } 1... d5 { [%clk 0:10:00] } 2. Bb5+ { [%clk 0:09:49] }
2... Bd7 { [%clk 0:09:58] } 3. Qe2 { [%clk 0:09:28] } 3... dxe4
{ [%clk 0:09:58] } 4. Bc4 { [%clk 0:09:22] } 4... Nc6 { [%clk 0:09:42] } 5.
Qxe4 { [%clk 0:09:16] } 5... Nf6 { [%clk 0:09:40] } 6. Qf3 { [%clk 0:09:10] }
6... e5 { [%clk 0:09:37] } 7. d3 { [%clk 0:09:04] } 7... Nb4 { [%clk 0:09:31] }
8. Bg5 { [%clk 0:09:00] } 8... Be7 { [%clk 0:09:27] } 9. Nc3 { [%clk 0:08:36] }
9... Nxc2+ { [%clk 0:09:14] } 10. Kd1 { [%clk 0:08:24] } 10... Ba4
{ [%clk 0:09:04] } 11. Rc1 { [%clk 0:08:01] } 11... Qd6 { [%clk 0:08:56] } 12.
Nxa4 { [%clk 0:07:33] } 12... O-O { [%clk 0:08:52] } 13. Rxc2
{ [%clk 0:07:16] } 13... Qd8 { [%clk 0:08:41] } 14. Ne2 { [%clk 0:07:07] }
14... Bc5 { [%clk 0:08:34] } 15. Ng3 { [%clk 0:06:57] } 15... Qd4
{ [%clk 0:08:13] } 16. Rf1 { [%clk 0:06:29] } 16... Qxc4 { [%clk 0:08:00] } 17.
dxc4 { [%clk 0:06:27] } 17... Bxf2 { [%clk 0:07:57] } 18. Rfxf2
{ [%clk 0:06:25] } 18... Rfd8+ { [%clk 0:07:52] } 19. Ke1 { [%clk 0:06:18] }
19... Rd5 { [%clk 0:07:48] } 20. Nh5 { [%clk 0:06:07] } 20... Rd4
{ [%clk 0:07:44] } 21. Rcd2 { [%clk 0:05:46] } 21... Rxc4 { [%clk 0:07:42] }
22. Nxf6+ { [%clk 0:05:41] } 22... Kf8 { [%clk 0:07:40] } 23. Nd7+
{ [%clk 0:05:32] } 23... Ke8 { [%clk 0:07:35] } 24. Qxf7# { [%clk 0:05:10] }
1-0"
Rated Rapid game,https://lichess.org/Ezc0vEtM,2024.08.01,-,DragonOleg,vshklyarevich,1-0,2024.08.01,08:42:15,1736,1670,,,C47,Four Knights Game: Scotch Variation Accepted,600+0,Normal,"1. e4 { [%clk 0:10:00] } 1... e5 { [%clk 0:10:00] } 2. Nf3 { [%clk 0:09:59] }
2... Nc6 { [%clk 0:09:59] } 3. Nc3 { [%clk 0:09:58] } 3... Nf6
{ [%clk 0:09:58] } 4. d4 { [%clk 0:09:56] } 4... exd4 { [%clk 0:09:57] } 5.
Nxd4 { [%clk 0:09:54] } 5... Nxd4 { [%clk 0:09:55] } 6. Qxd4 { [%clk 0:09:53] }
6... b6 { [%clk 0:09:53] } 7. Bc4 { [%clk 0:09:47] } 7... Bc5
{ [%clk 0:09:51] } 8. Qd3 { [%clk 0:09:39] } 8... O-O { [%clk 0:09:50] } 9. O-O
{ [%clk 0:09:37] } 9... Bb7 { [%clk 0:09:47] } 10. Be3 { [%clk 0:09:25] } 10...
Bxe3 { [%clk 0:09:44] } 11. Qxe3 { [%clk 0:09:16] } 11... d6 { [%clk 0:09:34] }
12. Rad1 { [%clk 0:09:11] } 12... Re8 { [%clk 0:09:31] } 13. f4
{ [%clk 0:09:00] } 13... Nxe4 { [%clk 0:09:30] } 14. Nxe4 { [%clk 0:08:57] }
14... Rxe4 { [%clk 0:09:29] } 15. Qb3 { [%clk 0:08:50] } 15... d5
{ [%clk 0:09:11] } 16. Bxd5 { [%clk 0:08:31] } 16... Bxd5 { [%clk 0:09:11] }
17. Rxd5 { [%clk 0:08:29] } 17... Qe7 { [%clk 0:08:59] } 18. Qd3
{ [%clk 0:08:16] } 18... Re1 { [%clk 0:08:42] } 19. h3 { [%clk 0:07:26] } 19...
Qe3+ { [%clk 0:08:30] } 20. Qxe3 { [%clk 0:07:14] } 20... Rxe3
{ [%clk 0:08:30] } 21. Rfd1 { [%clk 0:07:05] } 21... g6 { [%clk 0:08:26] } 22.
Kf2 { [%clk 0:07:00] } 22... Re7 { [%clk 0:08:19] } 23. g4 { [%clk 0:06:51] }
23... c5 { [%clk 0:08:18] } 24. c4 { [%clk 0:06:44] } 24... Kg7
{ [%clk 0:08:11] } 25. Kg3 { [%clk 0:06:36] } 25... Re3+ { [%clk 0:08:00] } 26.
Kh4 { [%clk 0:06:30] } 26... h6 { [%clk 0:07:55] } 27. g5 { [%clk 0:06:18] }
27... Re4 { [%clk 0:07:52] } 28. gxh6+ { [%clk 0:06:12] } 28... Kxh6
{ [%clk 0:07:49] } 29. Kg3 { [%clk 0:06:04] } 29... Rxc4 { [%clk 0:07:48] } 30.
f5 { [%clk 0:05:52] } 30... gxf5 { [%clk 0:07:33] } 31. Rxf5 { [%clk 0:05:48] }
31... Kg6 { [%clk 0:07:20] } 32. Rdf1 { [%clk 0:05:41] } 32... Rf8
{ [%clk 0:07:18] } 33. Rf6+ { [%clk 0:05:33] } 33... Kg7 { [%clk 0:07:14] } 34.
h4 { [%clk 0:05:16] } 34... Rc2 { [%clk 0:07:12] } 35. h5 { [%clk 0:04:40] }
35... Rxb2 { [%clk 0:07:07] } 36. h6+ { [%clk 0:04:37] } 36... Kh7
{ [%clk 0:07:06] } 37. Kh3 { [%clk 0:04:14] } 37... Rxa2 { [%clk 0:07:02] } 38.
Rg1 { [%clk 0:04:03] } 38... Ra3+ { [%clk 0:06:55] } 39. Kh4 { [%clk 0:03:52] }
39... Rg8 { [%clk 0:06:42] } 40. Rxf7+ { [%clk 0:03:45] } 40... Kxh6
{ [%clk 0:06:41] } 41. Rxg8 { [%clk 0:03:41] } 41... c4 { [%clk 0:06:41] } 42.
Rf6+ { [%clk 0:03:31] } 42... Kh7 { [%clk 0:06:39] } 43. Rg5 { [%clk 0:03:06] }
43... a5 { [%clk 0:06:23] } 44. Rxb6 { [%clk 0:02:45] } 44... c3
{ [%clk 0:06:21] } 45. Rc5 { [%clk 0:02:38] } 45... Ra4+ { [%clk 0:06:20] } 46.
Kg3 { [%clk 0:02:29] } 46... Rb4 { [%clk 0:06:19] } 47. Rxb4 { [%clk 0:02:18] }
47... axb4 { [%clk 0:06:19] } 48. Kf3 { [%clk 0:01:39] } 48... b3
{ [%clk 0:06:17] } 49. Rxc3 { [%clk 0:01:36] } 49... b2 { [%clk 0:06:16] } 50.
Rb3 { [%clk 0:01:35] } 1-0"
Rated Rapid game,https://lichess.org/1XAOOw6N,2024.08.01,-,th_gambits,grant510,1-0,2024.08.01,08:42:15,1813,1776,,,C29,Vienna Game: Vienna Gambit,600+0,Normal,"1. e4 { [%clk 0:10:00] } 1... e5 { [%clk 0:10:00] } 2. Nc3 { [%clk 0:09:57] }
2... Nf6 { [%clk 0:09:53] } 3. f4 { [%clk 0:09:19] } 3... exf4
{ [%clk 0:09:43] } 4. e5 { [%clk 0:08:43] } 4... Ng8 { [%clk 0:09:18] } 5. Nf3
{ [%clk 0:08:41] } 5... Bb4 { [%clk 0:09:11] } 6. d4 { [%clk 0:08:39] } 6...
Bxc3+ { [%clk 0:09:09] } 7. bxc3 { [%clk 0:08:37] } 7... g5 { [%clk 0:09:06] }
8. h4 { [%clk 0:08:33] } 8... gxh4 { [%clk 0:08:59] } 9. Bxf4
{ [%clk 0:08:16] } 9... b6 { [%clk 0:08:50] } 10. Bc4 { [%clk 0:07:16] } 10...
h6 { [%clk 0:08:43] } 11. Qd2 { [%clk 0:06:53] } 11... Bb7 { [%clk 0:08:37] }
12. d5 { [%clk 0:06:51] } 12... Na6 { [%clk 0:08:31] } 13. Nxh4
{ [%clk 0:06:09] } 13... Nc5 { [%clk 0:08:26] } 14. d6 { [%clk 0:06:07] } 14...
Ne4 { [%clk 0:07:56] } 15. Qe3 { [%clk 0:06:05] } 15... a5 { [%clk 0:07:38] }
16. Nf5 { [%clk 0:06:00] } 16... f6 { [%clk 0:07:27] } 17. Rxh6
{ [%clk 0:05:04] } 17... Rxh6 { [%clk 0:07:19] } 18. Ng7+ { [%clk 0:05:02] }
18... Kf8 { [%clk 0:07:04] } 19. Bxh6 { [%clk 0:05:00] } 19... Qc8
{ [%clk 0:06:38] } 20. Ne6+ { [%clk 0:04:46] } 20... Ke8 { [%clk 0:06:33] } 21.
Nxc7+ { [%clk 0:04:45] } 21... Kd8 { [%clk 0:06:12] } 22. Bxg8
{ [%clk 0:04:44] } 22... Bc6 { [%clk 0:06:01] } 23. exf6 { [%clk 0:04:16] }
23... Ra7 { [%clk 0:05:43] } 24. f7 { [%clk 0:04:08] } 1-0"
Rated Rapid game,https://lichess.org/ve7sydSb,2024.08.01,-,bijaysh79,balbudu33,0-1,2024.08.01,08:42:15,1293,1296,,,C02,French Defense: Advance Variation,600+0,Normal,"1. e4 { [%clk 0:10:00] } 1... d5 { [%clk 0:10:00] } 2. e5 { [%clk 0:09:56] }
2... e6 { [%clk 0:09:59] } 3. d4 { [%clk 0:09:53] } 3... c5 { [%clk 0:09:57] }
4. c3 { [%clk 0:09:47] } 4... cxd4 { [%clk 0:09:54] } 5. Qxd4
{ [%clk 0:09:40] } 5... Bd7 { [%clk 0:09:48] } 6. Bd3 { [%clk 0:09:26] } 6...
Nc6 { [%clk 0:09:47] } 7. Qe3 { [%clk 0:09:18] } 7... Qc7 { [%clk 0:09:45] } 8.
Nf3 { [%clk 0:09:15] } 8... Nge7 { [%clk 0:09:43] } 9. O-O { [%clk 0:08:51] }
9... Ng6 { [%clk 0:09:41] } 10. Re1 { [%clk 0:08:40] } 10... b6
{ [%clk 0:09:19] } 11. b4 { [%clk 0:08:14] } 11... Be7 { [%clk 0:08:51] } 12.
a3 { [%clk 0:08:09] } 12... O-O { [%clk 0:08:39] } 13. h4 { [%clk 0:07:17] }
13... Bxh4 { [%clk 0:08:33] } 14. Nxh4 { [%clk 0:07:13] } 14... Nxh4
{ [%clk 0:08:31] } 15. Qh3 { [%clk 0:07:11] } 15... Qd8 { [%clk 0:08:19] } 16.
g3 { [%clk 0:07:00] } 16... h6 { [%clk 0:08:00] } 17. gxh4 { [%clk 0:06:56] }
17... f6 { [%clk 0:07:50] } 18. h5 { [%clk 0:06:31] } 18... fxe5
{ [%clk 0:07:35] } 19. Qg2 { [%clk 0:06:19] } 19... Kh8 { [%clk 0:07:15] } 20.
Bxh6 { [%clk 0:06:09] } 20... gxh6 { [%clk 0:07:14] } 21. Qg6
{ [%clk 0:05:55] } 21... Qe7 { [%clk 0:06:39] } 22. Qxh6+ { [%clk 0:05:44] }
22... Kg8 { [%clk 0:06:33] } 23. Qg6+ { [%clk 0:05:38] } 23... Kh8
{ [%clk 0:06:30] } 24. h6 { [%clk 0:05:33] } 24... Rg8 { [%clk 0:06:26] } 25.
Qg7+ { [%clk 0:05:28] } 25... Rxg7+ { [%clk 0:06:23] } 26. hxg7+
{ [%clk 0:05:24] } 26... Qxg7+ { [%clk 0:06:21] } 27. Kf1 { [%clk 0:05:18] }
27... e4 { [%clk 0:06:17] } 28. Be2 { [%clk 0:05:14] } 28... Qh7
{ [%clk 0:06:04] } 29. f4 { [%clk 0:05:05] } 29... Qh1+ { [%clk 0:05:42] } 30.
Kf2 { [%clk 0:05:02] } 30... Qh2+ { [%clk 0:05:41] } 31. Ke3 { [%clk 0:05:00] }
31... Qg3+ { [%clk 0:05:28] } 32. Kd2 { [%clk 0:04:57] } 32... Qxf4+
{ [%clk 0:05:26] } 33. Kd1 { [%clk 0:04:49] } 33... Be8 { [%clk 0:04:56] } 34.
Rh1+ { [%clk 0:04:39] } 34... Kg7 { [%clk 0:04:51] } 35. Kc2 { [%clk 0:04:30] }
35... Qf2 { [%clk 0:04:31] } 36. Nd2 { [%clk 0:04:11] } 36... Qxe2
{ [%clk 0:04:26] } 37. Raf1 { [%clk 0:04:07] } 37... Bg6 { [%clk 0:04:16] } 38.
Rhg1 { [%clk 0:04:00] } 38... Rf8 { [%clk 0:04:13] } 39. Kc1 { [%clk 0:03:52] }
39... Rxf1+ { [%clk 0:04:10] } 40. Rxf1 { [%clk 0:03:50] } 40... Ne5
{ [%clk 0:04:04] } 0-1"
Rated Rapid game,https://lichess.org/OdFXs9kB,2024.08.01,-,qtbbie15,hector-davensburg,1-0,2024.08.01,08:42:15,1279,1234,,,A27,"English Opening: King's English Variation, Three Knights System",600+0,Normal,"1. c4 { [%eval 0.12] [%clk 0:10:00] } 1... e5 { [%eval 0.12] [%clk 0:10:00] }
2. Nf3 { [%eval 0.0] [%clk 0:09:57] } 2... Nc6 { [%eval 0.18] [%clk 0:09:53] }
3. Nc3 { [%eval 0.05] [%clk 0:09:55] } 3... Bc5 { [%eval 0.54] [%clk 0:09:49] }
4. e3 { [%eval 0.46] [%clk 0:09:53] } 4... d6 { [%eval 0.48] [%clk 0:09:40] }
5. Be2 { [%eval 0.42] [%clk 0:09:52] } 5... Bg4 $2
{ [%eval 1.62] [%clk 0:09:24] } 6. h3 $6 { [%eval 0.94] [%clk 0:09:51] } 6...
Bh5 $2 { [%eval 2.09] [%clk 0:09:22] } 7. O-O $2
{ [%eval 1.07] [%clk 0:09:44] } 7... Nf6 $6 { [%eval 1.83] [%clk 0:09:10] } 8.
d4 { [%eval 1.77] [%clk 0:09:43] } 8... exd4 { [%eval 1.82] [%clk 0:09:07] } 9.
exd4 { [%eval 1.76] [%clk 0:09:42] } 9... Bb4 $2
{ [%eval 3.66] [%clk 0:08:58] } 10. d5 { [%eval 3.71] [%clk 0:09:39] } 10...
Ne5 $2 { [%eval 4.89] [%clk 0:08:48] } 11. Bg5 $4
{ [%eval 0.18] [%clk 0:09:30] } 11... Bxf3 { [%eval 0.69] [%clk 0:08:44] } 12.
Bxf3 $6 { [%eval -0.23] [%clk 0:09:23] } 12... Nxf3+ $2
{ [%eval 1.13] [%clk 0:08:42] } 13. Qxf3 { [%eval 1.24] [%clk 0:09:20] } 13...
Bc5 $2 { [%eval 3.73] [%clk 0:08:29] } 14. Rae1+ { [%eval 3.9] [%clk 0:09:19] }
14... Kd7 $4 { [%eval #1] [%clk 0:08:18] } 15. Qf5# { [%clk 0:09:13] } 1-0"
Rated Rapid game,https://lichess.org/eoVamsr4,2024.08.01,-,kehan06,MAIDARIIA,1-0,2024.08.01,08:42:15,788,755,,,D00,Queen's Pawn Game,600+0,Normal,"1. d4 { [%clk 0:10:00] } 1... d5 { [%clk 0:10:00] } 2. e3 { [%clk 0:09:57] }
2... Qd6 { [%clk 0:09:54] } 3. f4 { [%clk 0:09:53] } 3... Nc6
{ [%clk 0:09:51] } 4. e4 { [%clk 0:09:46] } 4... dxe4 { [%clk 0:09:49] } 5. Qe2
{ [%clk 0:09:37] } 5... Nxd4 { [%clk 0:09:44] } 6. Qxe4 { [%clk 0:09:29] } 6...
Nxc2+ { [%clk 0:09:30] } 7. Qxc2 { [%clk 0:09:27] } 7... Qb4+
{ [%clk 0:09:10] } 8. Bd2 { [%clk 0:09:23] } 8... Qd4 { [%clk 0:08:51] } 9. Nf3
{ [%clk 0:09:01] } 9... Qd5 { [%clk 0:08:34] } 10. Be2 { [%clk 0:08:50] } 10...
Nf6 { [%clk 0:08:29] } 11. Nc3 { [%clk 0:08:48] } 11... Qd6 { [%clk 0:08:07] }
12. O-O { [%clk 0:08:23] } 12... Ng4 { [%clk 0:08:06] } 13. Rfd1
{ [%clk 0:08:12] } 13... g5 { [%clk 0:07:59] } 14. fxg5 { [%clk 0:08:11] }
14... Bg7 { [%clk 0:07:43] } 15. Bf4 { [%clk 0:08:02] } 15... Qxf4
{ [%clk 0:07:36] } 16. g3 { [%clk 0:07:53] } 16... Qb4 { [%clk 0:07:19] } 17.
a3 { [%clk 0:07:48] } 17... Qc5+ { [%clk 0:06:48] } 18. Rd4 { [%clk 0:07:24] }
18... Bxd4+ { [%clk 0:06:19] } 19. Kg2 { [%clk 0:07:13] } 19... Nf2
{ [%clk 0:05:58] } 20. b4 { [%clk 0:06:37] } 20... Qc6 { [%clk 0:05:39] } 21.
b5 { [%clk 0:06:27] } 21... Qd6 { [%clk 0:05:17] } 22. Ra2 { [%clk 0:06:16] }
22... a6 { [%clk 0:05:09] } 23. bxa6 { [%clk 0:06:07] } 23... bxa6
{ [%clk 0:05:08] } 24. Qa4+ { [%clk 0:05:48] } 24... Kd8 { [%clk 0:04:53] } 25.
Rd2 { [%clk 0:05:43] } 25... Ng4 { [%clk 0:04:40] } 26. Rxd4 { [%clk 0:05:37] }
26... Qxd4 { [%clk 0:04:16] } 27. Qxd4+ { [%clk 0:05:33] } 27... Ke8
{ [%clk 0:04:13] } 28. Qxh8+ { [%clk 0:05:26] } 28... Kd7 { [%clk 0:04:08] }
29. Qd4+ { [%clk 0:05:12] } 29... Ke6 { [%clk 0:04:05] } 30. Qxg4+
{ [%clk 0:05:07] } 30... Kd6 { [%clk 0:04:02] } 31. Qd4+ { [%clk 0:04:49] }
31... Kc6 { [%clk 0:03:57] } 32. Qd5+ { [%clk 0:04:42] } 32... Kb6
{ [%clk 0:03:49] } 33. Qxa8 { [%clk 0:04:38] } 33... Bb7 { [%clk 0:03:43] } 34.
Qd8 { [%clk 0:04:24] } 34... Bxf3+ { [%clk 0:03:39] } 35. Bxf3
{ [%clk 0:04:20] } 35... a5 { [%clk 0:03:37] } 36. Qb8+ { [%clk 0:04:16] }
36... Ka6 { [%clk 0:03:35] } 37. Qb7# { [%clk 0:04:11] } 1-0"
Rated Rapid game,https://lichess.org/VH2N64Ye,2024.08.01,-,WendyLunata,CPMISHRA78,0-1,2024.08.01,08:42:15,2156,2126,,,C44,Ponziani Opening: Jaenisch Counterattack,600+0,Normal,"1. e4 { [%clk 0:10:00] } 1... e5 { [%clk 0:10:00] } 2. Nf3 { [%clk 0:09:59] }
2... Nc6 { [%clk 0:09:58] } 3. c3 { [%clk 0:09:58] } 3... Nf6
{ [%clk 0:09:56] } 4. d3 { [%clk 0:09:57] } 4... h6 { [%clk 0:09:54] } 5. Be2
{ [%clk 0:09:56] } 5... d6 { [%clk 0:09:52] } 6. O-O { [%clk 0:09:55] } 6...
Be7 { [%clk 0:09:51] } 7. Re1 { [%clk 0:09:53] } 7... O-O { [%clk 0:09:49] } 8.
h3 { [%clk 0:09:52] } 8... Nh7 { [%clk 0:09:44] } 9. Qc2 { [%clk 0:09:50] }
9... f5 { [%clk 0:09:42] } 10. a4 { [%clk 0:09:44] } 10... fxe4
{ [%clk 0:09:40] } 11. dxe4 { [%clk 0:09:42] } 11... Ng5 { [%clk 0:09:35] } 12.
Bxg5 { [%clk 0:09:37] } 12... Bxg5 { [%clk 0:09:33] } 13. Nbd2
{ [%clk 0:09:31] } 13... Be6 { [%clk 0:09:31] } 14. b4 { [%clk 0:09:19] } 14...
Qf6 { [%clk 0:09:27] } 15. Rf1 { [%clk 0:08:42] } 15... Bf4 { [%clk 0:09:24] }
16. Bc4 { [%clk 0:08:28] } 16... Bxc4 { [%clk 0:09:16] } 17. Nxc4
{ [%clk 0:08:26] } 17... Ne7 { [%clk 0:09:00] } 18. Rae1 { [%clk 0:07:46] }
18... Qe6 { [%clk 0:08:49] } 19. Ne3 { [%clk 0:07:39] } 19... Rf7
{ [%clk 0:08:38] } 20. Nh4 { [%clk 0:07:18] } 20... Bxe3 { [%clk 0:08:17] } 21.
Rxe3 { [%clk 0:07:15] } 21... Raf8 { [%clk 0:08:16] } 22. Rg3
{ [%clk 0:06:34] } 22... Kh7 { [%clk 0:08:07] } 23. Qe2 { [%clk 0:06:16] }
23... Rf4 { [%clk 0:08:01] } 24. Nf3 { [%clk 0:05:42] } 24... Ng6
{ [%clk 0:07:47] } 25. Nd2 { [%clk 0:04:37] } 25... Qf6 { [%clk 0:07:41] } 26.
Rf3 { [%clk 0:04:20] } 26... Qg5 { [%clk 0:07:32] } 27. g3 { [%clk 0:03:43] }
27... Nh4 { [%clk 0:06:34] } 28. Rxf4 { [%clk 0:03:40] } 28... exf4
{ [%clk 0:06:30] } 29. Nf3 { [%clk 0:03:22] } 29... Nxf3+ { [%clk 0:06:17] }
30. Qxf3 { [%clk 0:03:20] } 30... Kg8 { [%clk 0:06:14] } 31. g4
{ [%clk 0:03:14] } 31... Rf6 { [%clk 0:06:04] } 32. Kh2 { [%clk 0:03:09] }
32... h5 { [%clk 0:06:02] } 33. Rg1 { [%clk 0:02:54] } 33... Qe5
{ [%clk 0:05:57] } 34. g5 { [%clk 0:02:43] } 34... Rg6 { [%clk 0:05:54] } 35.
h4 { [%clk 0:02:41] } 35... Re6 { [%clk 0:05:47] } 36. Re1 { [%clk 0:02:35] }
36... g6 { [%clk 0:05:45] } 37. Kg2 { [%clk 0:02:27] } 37... d5
{ [%clk 0:05:41] } 38. Qd3 { [%clk 0:01:57] } 38... dxe4 { [%clk 0:05:36] } 39.
Qd8+ { [%clk 0:01:54] } 39... Re8 { [%clk 0:05:33] } 40. Qd7 { [%clk 0:01:41] }
40... b6 { [%clk 0:05:12] } 41. c4 { [%clk 0:01:26] } 41... Re7
{ [%clk 0:05:01] } 42. Qc6 { [%clk 0:01:20] } 42... Kf7 { [%clk 0:04:49] } 43.
f3 { [%clk 0:01:12] } 43... exf3+ { [%clk 0:04:42] } 0-1"
Rated Rapid game,https://lichess.org/IS246Ox2,2024.08.01,-,Goesebrecht,virus0202,1-0,2024.08.01,08:42:15,1601,1515,,,B50,Sicilian Defense,600+0,Normal,"1. e4 { [%clk 0:10:00] } 1... c5 { [%clk 0:10:00] } 2. Nf3 { [%clk 0:09:55] }
2... d6 { [%clk 0:09:59] } 3. d4 { [%clk 0:09:52] } 3... cxd4
{ [%clk 0:09:57] } 4. Nxd4 { [%clk 0:09:49] } 4... e5 { [%clk 0:09:57] } 5.
Bb5+ { [%clk 0:09:42] } 5... Bd7 { [%clk 0:09:51] } 6. Bxd7+ { [%clk 0:09:40] }
6... Nxd7 { [%clk 0:09:50] } 7. Nf5 { [%clk 0:09:30] } 7... Ngf6
{ [%clk 0:09:45] } 8. Nxd6+ { [%clk 0:09:27] } 8... Bxd6 { [%clk 0:09:43] } 9.
Qxd6 { [%clk 0:09:26] } 9... Nxe4 { [%clk 0:09:37] } 10. Qb4 { [%clk 0:09:16] }
10... Nef6 { [%clk 0:09:25] } 11. O-O { [%clk 0:09:12] } 11... b6
{ [%clk 0:09:21] } 12. Nc3 { [%clk 0:09:06] } 12... Nc5 { [%clk 0:09:18] } 13.
Bg5 { [%clk 0:08:57] } 13... O-O { [%clk 0:09:14] } 14. Rad1 { [%clk 0:08:53] }
14... Qe7 { [%clk 0:09:04] } 15. Nd5 { [%clk 0:08:42] } 15... Nxd5
{ [%clk 0:09:02] } 16. Bxe7 { [%clk 0:08:32] } 16... Nxb4 { [%clk 0:09:01] }
17. Bxc5 { [%clk 0:08:30] } 17... bxc5 { [%clk 0:08:59] } 18. a3
{ [%clk 0:08:25] } 18... Nxc2 { [%clk 0:08:58] } 19. Rc1 { [%clk 0:08:21] }
19... Nd4 { [%clk 0:08:44] } 20. Rxc5 { [%clk 0:08:15] } 20... Rfe8
{ [%clk 0:08:42] } 21. Re1 { [%clk 0:08:04] } 21... e4 { [%clk 0:08:36] } 22.
Rd5 { [%clk 0:07:58] } 22... Nc6 { [%clk 0:08:04] } 23. b4 { [%clk 0:07:51] }
23... a6 { [%clk 0:07:59] } 24. Rc1 { [%clk 0:07:43] } 24... Ne7
{ [%clk 0:07:47] } 25. Rd7 { [%clk 0:07:41] } 25... Ng6 { [%clk 0:07:42] } 26.
Rc5 { [%clk 0:07:26] } 26... Rac8 { [%clk 0:07:07] } 27. g3 { [%clk 0:07:16] }
27... Rxc5 { [%clk 0:06:56] } 28. bxc5 { [%clk 0:07:14] } 28... h6
{ [%clk 0:06:53] } 29. c6 { [%clk 0:07:11] } 29... Kh7 { [%clk 0:06:50] } 30.
c7 { [%clk 0:07:05] } 30... Rc8 { [%clk 0:06:48] } 31. Kf1 { [%clk 0:07:01] }
31... f6 { [%clk 0:06:44] } 32. Ke2 { [%clk 0:06:55] } 32... a5
{ [%clk 0:06:40] } 33. Ke3 { [%clk 0:06:48] } 33... Ne5 { [%clk 0:06:39] } 34.
Re7 { [%clk 0:06:45] } 34... Kg6 { [%clk 0:06:24] } 35. f4 { [%clk 0:06:37] }
35... Ng4+ { [%clk 0:06:14] } 36. Kxe4 { [%clk 0:06:27] } 36... Nxh2
{ [%clk 0:06:13] } 37. Kd5 { [%clk 0:06:12] } 37... Nf3 { [%clk 0:05:32] } 38.
Kd6 { [%clk 0:06:02] } 38... Nd4 { [%clk 0:05:14] } 39. Kd7 { [%clk 0:05:50] }
39... Nf5 { [%clk 0:05:01] } 40. Re6 { [%clk 0:05:32] } 40... Nd4
{ [%clk 0:04:57] } 41. Re4 { [%clk 0:05:18] } 41... Kf5 { [%clk 0:04:43] } 42.
Rxd4 { [%clk 0:05:15] } 1-0"
Rated Rapid game,https://lichess.org/Il9bilSQ,2024.08.01,-,LaidHamzaoui,brzydal1970,0-1,2024.08.01,08:42:15,1511,1479,,,C00,French Defense: Knight Variation,600+0,Normal,"1. e4 { [%clk 0:10:00] } 1... e6 { [%clk 0:10:00] } 2. Nf3 { [%clk 0:09:59] }
2... d5 { [%clk 0:09:57] } 3. exd5 { [%clk 0:09:53] } 3... exd5
{ [%clk 0:09:55] } 4. d3 { [%clk 0:09:47] } 4... c6 { [%clk 0:09:54] } 5. d4
{ [%clk 0:09:44] } 5... h6 { [%clk 0:09:50] } 6. Bd3 { [%clk 0:09:34] } 6...
Be6 { [%clk 0:09:48] } 7. Ne5 { [%clk 0:09:27] } 7... Bd6 { [%clk 0:09:37] } 8.
O-O { [%clk 0:09:07] } 8... Bxe5 { [%clk 0:09:30] } 9. dxe5 { [%clk 0:09:07] }
9... Ne7 { [%clk 0:09:26] } 10. f4 { [%clk 0:09:01] } 10... Bf5
{ [%clk 0:09:10] } 11. Bxf5 { [%clk 0:08:30] } 11... Nxf5 { [%clk 0:09:08] }
12. Nc3 { [%clk 0:08:15] } 12... Nd7 { [%clk 0:08:59] } 13. Ne4
{ [%clk 0:08:10] } 13... Nb6 { [%clk 0:08:42] } 14. Nd6+ { [%clk 0:07:56] }
14... Nxd6 { [%clk 0:08:38] } 15. exd6 { [%clk 0:07:55] } 15... O-O
{ [%clk 0:08:31] } 16. f5 { [%clk 0:07:47] } 16... Qxd6 { [%clk 0:08:27] } 17.
Qh5 { [%clk 0:07:38] } 17... Rae8 { [%clk 0:07:40] } 18. Bf4 { [%clk 0:07:27] }
18... Qf6 { [%clk 0:07:25] } 19. Qg4 { [%clk 0:07:10] } 19... Re4
{ [%clk 0:07:05] } 20. Rae1 { [%clk 0:06:58] } 20... Rfe8 { [%clk 0:06:57] }
21. Qg3 { [%clk 0:06:07] } 21... Rxe1 { [%clk 0:06:21] } 22. Rxe1
{ [%clk 0:05:57] } 22... Rxe1+ { [%clk 0:06:09] } 23. Qxe1 { [%clk 0:05:57] }
23... Qxf5 { [%clk 0:06:08] } 24. Qd2 { [%clk 0:05:14] } 24... Nc4
{ [%clk 0:05:58] } 25. Qc1 { [%clk 0:05:07] } 25... d4 { [%clk 0:05:49] } 26.
b3 { [%clk 0:05:02] } 26... Nb6 { [%clk 0:05:40] } 27. Bb8 { [%clk 0:04:44] }
27... a6 { [%clk 0:05:28] } 28. Ba7 { [%clk 0:04:42] } 28... Qc5
{ [%clk 0:05:22] } 29. Kh1 { [%clk 0:04:14] } 29... d3 { [%clk 0:05:13] } 30.
c3 { [%clk 0:04:09] } 30... Qf2 { [%clk 0:04:51] } 31. Bxb6 { [%clk 0:03:38] }
31... d2 { [%clk 0:04:45] } 0-1"
Rated Rapid game,https://lichess.org/zloJLQB4,2024.08.01,-,sai1819,vadimsur74,1-0,2024.08.01,08:42:15,958,961,,,C54,"Italian Game: Classical Variation, Center Attack",600+0,Normal,"1. e4 { [%eval 0.15] [%clk 0:10:00] } 1... e5 { [%eval 0.21] [%clk 0:10:00] }
2. Nf3 { [%eval 0.11] [%clk 0:09:56] } 2... Nc6 { [%eval 0.19] [%clk 0:09:56] }
3. Bc4 { [%eval 0.14] [%clk 0:09:48] } 3... Nf6 { [%eval 0.17] [%clk 0:09:54] }
4. c3 $2 { [%eval -0.86] [%clk 0:09:16] } 4... Bc5 $2
{ [%eval 0.21] [%clk 0:09:50] } 5. d4 { [%eval 0.0] [%clk 0:09:14] } 5... Bb6
$2 { [%eval 1.08] [%clk 0:09:23] } 6. O-O $6 { [%eval 0.11] [%clk 0:09:03] }
6... exd4 $2 { [%eval 1.25] [%clk 0:09:19] } 7. cxd4 $6
{ [%eval 0.45] [%clk 0:09:01] } 7... Nxe4 { [%eval 0.92] [%clk 0:09:15] } 8. d5
{ [%eval 0.94] [%clk 0:08:46] } 8... Na5 $2 { [%eval 3.0] [%clk 0:09:13] } 9.
Ne5 $4 { [%eval -1.78] [%clk 0:08:30] } 9... Nxc4 $2
{ [%eval -0.05] [%clk 0:08:49] } 10. Nxc4 { [%eval -0.09] [%clk 0:08:21] }
10... Bc5 $2 { [%eval 1.07] [%clk 0:08:46] } 11. Qh5 $2
{ [%eval -1.57] [%clk 0:08:03] } 11... d6 $6 { [%eval -0.7] [%clk 0:08:38] }
12. Nc3 { [%eval -0.66] [%clk 0:07:33] } 12... Nf6 $6
{ [%eval 0.12] [%clk 0:08:13] } 13. Bg5 $4 { [%eval -4.39] [%clk 0:06:34] }
13... Bd7 $4 { [%eval 1.01] [%clk 0:06:29] } 14. Rae1+ $6
{ [%eval 0.32] [%clk 0:06:16] } 14... Kf8 { [%eval 0.34] [%clk 0:05:55] } 15.
Qh4 { [%eval 0.45] [%clk 0:05:47] } 15... Qc8 $4
{ [%eval 4.36] [%clk 0:05:50] } 16. Ne4 $4 { [%eval 0.99] [%clk 0:05:24] } 1-0"
Rated Rapid game,https://lichess.org/ryLuQlzK,2024.08.01,-,Nido30,spider008,1-0,2024.08.01,08:42:19,1206,1148,,,C01,French Defense: Exchange Variation,600+0,Normal,"1. e4 { [%eval 0.15] [%clk 0:10:00] } 1... e6 { [%eval 0.25] [%clk 0:10:00] }
2. d4 { [%eval 0.3] [%clk 0:09:58] } 2... d5 { [%eval 0.31] [%clk 0:09:56] } 3.
exd5 { [%eval 0.15] [%clk 0:09:57] } 3... exd5 { [%eval 0.14] [%clk 0:09:55] }
4. Bb5+ { [%eval 0.0] [%clk 0:09:55] } 4... Nc6 { [%eval 0.19] [%clk 0:09:51] }
5. Bxc6+ { [%eval -0.16] [%clk 0:09:55] } 5... bxc6
{ [%eval -0.2] [%clk 0:09:49] } 6. h3 { [%eval -0.46] [%clk 0:09:51] } 6... Bd6
{ [%eval -0.38] [%clk 0:09:47] } 7. Nf3 { [%eval -0.46] [%clk 0:09:48] } 7...
Nf6 { [%eval -0.19] [%clk 0:09:45] } 8. Bg5 $2 { [%eval -1.86] [%clk 0:09:46] }
8... O-O $2 { [%eval -0.39] [%clk 0:09:42] } 9. Nc3 $2
{ [%eval -2.19] [%clk 0:09:42] } 9... Be7 $2 { [%eval 0.4] [%clk 0:09:40] } 10.
Ne5 { [%eval 0.02] [%clk 0:09:33] } 10... Be6 $2
{ [%eval 1.88] [%clk 0:09:22] } 11. Nxc6 { [%eval 2.03] [%clk 0:09:25] } 11...
Qd6 { [%eval 2.01] [%clk 0:09:19] } 12. Nxe7+ { [%eval 1.97] [%clk 0:09:19] }
12... Qxe7 { [%eval 1.86] [%clk 0:09:15] } 13. O-O
{ [%eval 1.78] [%clk 0:09:09] } 13... h6 { [%eval 1.76] [%clk 0:09:11] } 14.
Bd2 { [%eval 1.39] [%clk 0:09:01] } 14... Qd7 { [%eval 1.6] [%clk 0:09:04] }
15. Qf3 $6 { [%eval 0.89] [%clk 0:08:44] } 15... Rab8
{ [%eval 1.32] [%clk 0:08:49] } 16. b3 { [%eval 1.25] [%clk 0:08:27] } 16...
Rfe8 { [%eval 1.79] [%clk 0:08:48] } 17. Rae1 { [%eval 1.43] [%clk 0:08:23] }
17... Ne4 $2 { [%eval 2.6] [%clk 0:08:46] } 18. Nxe4
{ [%eval 2.56] [%clk 0:08:15] } 18... dxe4 { [%eval 2.68] [%clk 0:08:42] } 19.
Rxe4 { [%eval 2.49] [%clk 0:08:10] } 19... Bd5 $6
{ [%eval 3.22] [%clk 0:08:41] } 20. Rfe1 $4 { [%eval -4.39] [%clk 0:08:06] }
20... Bxe4 $4 { [%eval -0.19] [%clk 0:08:34] } 21. Rxe4
{ [%eval -0.15] [%clk 0:08:05] } 21... Rb4 $4 { [%eval 5.8] [%clk 0:07:57] }
22. Bxb4 { [%eval 5.78] [%clk 0:07:59] } 1-0"
Rated Rapid game,https://lichess.org/FVbabxo9,2024.08.01,-,Dieraii,BatrikEterna,0-1,2024.08.01,08:42:19,1327,1211,,,C57,"Italian Game: Two Knights Defense, Traxler Counterattack, Knight Sacrifice Line",600+0,Normal,"1. e4 { [%eval 0.15] [%clk 0:10:00] } 1... e5 { [%eval 0.21] [%clk 0:10:00] }
2. Nf3 { [%eval 0.11] [%clk 0:10:00] } 2... Nc6 { [%eval 0.19] [%clk 0:09:57] }
3. Bc4 { [%eval 0.14] [%clk 0:09:59] } 3... Nf6 { [%eval 0.17] [%clk 0:09:55] }
4. Ng5 { [%eval 0.12] [%clk 0:09:58] } 4... Bc5 $6
{ [%eval 0.98] [%clk 0:09:52] } 5. Nxf7 $6 { [%eval 0.0] [%clk 0:09:56] } 5...
Bxf2+ { [%eval 0.0] [%clk 0:09:50] } 6. Kf1 { [%eval 0.0] [%clk 0:09:55] } 6...
Qe7 { [%eval 0.0] [%clk 0:09:39] } 7. Nxh8 { [%eval 0.0] [%clk 0:09:53] } 7...
Nxe4 $4 { [%eval 5.26] [%clk 0:09:36] } 8. Qf3 $2
{ [%eval 3.48] [%clk 0:09:50] } 8... d6 $2 { [%eval 4.54] [%clk 0:08:11] } 9.
Qf7+ { [%eval 4.41] [%clk 0:09:48] } 9... Qxf7 { [%eval 4.18] [%clk 0:08:04] }
10. Bxf7+ { [%eval 3.23] [%clk 0:09:46] } 10... Ke7
{ [%eval 3.04] [%clk 0:07:56] } 11. Bd5 { [%eval 3.06] [%clk 0:09:44] } 11...
Bf5 $2 { [%eval 4.3] [%clk 0:07:43] } 12. Bxe4 { [%eval 3.81] [%clk 0:09:42] }
12... Bxe4 { [%eval 3.25] [%clk 0:07:37] } 13. Kxf2
{ [%eval 3.2] [%clk 0:09:42] } 13... Rxh8 $2 { [%eval 4.3] [%clk 0:07:34] } 14.
Rf1 $2 { [%eval 2.58] [%clk 0:09:36] } 14... Rf8+
{ [%eval 2.95] [%clk 0:07:28] } 15. Kg1 { [%eval 2.95] [%clk 0:09:36] } 15...
Rxf1+ { [%eval 3.0] [%clk 0:06:53] } 16. Kxf1 { [%eval 3.01] [%clk 0:09:34] }
16... Nd4 $2 { [%eval 4.64] [%clk 0:06:48] } 17. Na3
{ [%eval 4.57] [%clk 0:09:33] } 17... Bxc2 { [%eval 4.52] [%clk 0:06:34] } 18.
d3 $2 { [%eval 2.51] [%clk 0:09:28] } 18... Bxd3+
{ [%eval 2.82] [%clk 0:06:30] } 19. Kf2 { [%eval 2.42] [%clk 0:09:27] } 19...
Nf5 $6 { [%eval 3.17] [%clk 0:06:07] } 20. Bg5+ { [%eval 3.28] [%clk 0:09:23] }
20... Ke6 { [%eval 3.07] [%clk 0:06:01] } 21. Rc1
{ [%eval 3.04] [%clk 0:09:19] } 21... c5 { [%eval 3.07] [%clk 0:05:52] } 22. b3
{ [%eval 2.78] [%clk 0:08:56] } 22... b6 { [%eval 2.84] [%clk 0:04:03] } 23.
Bd8 $2 { [%eval 1.45] [%clk 0:08:39] } 23... Nd4
{ [%eval 1.67] [%clk 0:03:51] } 24. Nc4 { [%eval 1.76] [%clk 0:08:19] } 24...
Nc6 { [%eval 1.81] [%clk 0:03:42] } 25. Bh4 { [%eval 1.54] [%clk 0:08:03] }
25... d5 { [%eval 1.5] [%clk 0:03:31] } 26. Ne3 $6
{ [%eval 0.9] [%clk 0:07:42] } 26... d4 { [%eval 0.87] [%clk 0:03:24] } 27. Nc4
{ [%eval 0.76] [%clk 0:07:34] } 27... e4 { [%eval 0.89] [%clk 0:03:16] } 28.
Re1 $6 { [%eval 0.12] [%clk 0:07:15] } 28... b5 { [%eval 0.14] [%clk 0:03:06] }
29. Ne3 $6 { [%eval -0.85] [%clk 0:06:57] } 29... dxe3+
{ [%eval -0.87] [%clk 0:02:59] } 30. Rxe3 { [%eval -0.99] [%clk 0:06:56] }
30... h6 { [%eval -0.87] [%clk 0:02:51] } 31. Rg3 $4
{ [%eval -4.9] [%clk 0:06:47] } 31... g5 { [%eval -4.65] [%clk 0:02:43] } 32.
Bxg5 { [%eval -4.67] [%clk 0:06:46] } 32... hxg5
{ [%eval -4.94] [%clk 0:02:36] } 33. Rxg5 { [%eval -4.8] [%clk 0:06:45] } 33...
Kd6 { [%eval -4.63] [%clk 0:02:27] } 34. h4 $2 { [%eval -5.87] [%clk 0:06:44] }
34... c4 { [%eval -5.9] [%clk 0:02:17] } 35. bxc4
{ [%eval -6.14] [%clk 0:06:43] } 35... bxc4 { [%eval -5.58] [%clk 0:02:15] }
36. h5 { [%eval -6.65] [%clk 0:06:41] } 36... c3
{ [%eval -6.73] [%clk 0:02:07] } 37. Ke1 $4 { [%eval #-10] [%clk 0:06:33] }
37... e3 { [%eval #-9] [%clk 0:01:57] } 38. Rg3 { [%eval #-8] [%clk 0:06:26] }
38... c2 { [%eval #-7] [%clk 0:01:47] } 39. Rxe3 { [%eval #-7] [%clk 0:06:22] }
39... c1=Q+ { [%eval #-6] [%clk 0:01:39] } 40. Kf2
{ [%eval #-6] [%clk 0:06:21] } 40... Qd2+ { [%eval #-5] [%clk 0:01:31] } 41.
Kf3 { [%eval #-5] [%clk 0:06:18] } 41... Nd4+ { [%eval #-4] [%clk 0:01:23] }
42. Kg4 { [%eval #-3] [%clk 0:06:13] } 42... Qxe3
{ [%eval #-2] [%clk 0:01:20] } 43. Kh4 { [%eval #-2] [%clk 0:06:11] } 43...
Nf5+ { [%eval #-1] [%clk 0:01:15] } 44. Kg4 { [%eval #-1] [%clk 0:06:07] }
44... Qg3# { [%clk 0:01:10] } 0-1"
Rated Rapid game,https://lichess.org/wUyDKSYI,2024.08.01,-,Saeedap51,Seinniv,1-0,2024.08.01,08:42:19,1341,1368,,,C20,King's Pawn Game: Wayward Queen Attack,600+0,Normal,"1. e4 { [%clk 0:10:00] } 1... e5 { [%clk 0:10:00] } 2. Qh5 { [%clk 0:09:55] }
2... d6 { [%clk 0:09:38] } 3. Bc4 { [%clk 0:09:41] } 3... Qf6
{ [%clk 0:09:35] } 4. Nc3 { [%clk 0:09:38] } 4... Nh6 { [%clk 0:09:30] } 5. Nd5
{ [%clk 0:09:32] } 5... Qg6 { [%clk 0:09:11] } 6. Qxg6 { [%clk 0:09:14] } 6...
hxg6 { [%clk 0:09:07] } 7. Nxc7+ { [%clk 0:09:13] } 1-0"
Rated Rapid game,https://lichess.org/cdoMloGA,2024.08.01,-,vova38818,netgold,0-1,2024.08.01,08:42:19,1691,1682,,,C24,Bishop's Opening: Vienna Hybrid,600+0,Normal,"1. e4 { [%clk 0:10:00] } 1... e5 { [%clk 0:10:00] } 2. Bc4 { [%clk 0:09:58] }
2... Nc6 { [%clk 0:09:59] } 3. Nc3 { [%clk 0:09:56] } 3... Nf6
{ [%clk 0:09:58] } 4. d3 { [%clk 0:09:55] } 4... Bc5 { [%clk 0:09:57] } 5. f4
{ [%clk 0:09:52] } 5... d6 { [%clk 0:09:54] } 6. f5 { [%clk 0:09:51] } 6... h6
{ [%clk 0:09:50] } 7. h3 { [%clk 0:09:47] } 7... Bd4 { [%clk 0:09:24] } 8. Bd2
{ [%clk 0:09:39] } 8... Na5 { [%clk 0:09:10] } 9. Nf3 { [%clk 0:09:17] } 9...
Bb6 { [%clk 0:08:53] } 10. Nd5 { [%clk 0:08:40] } 10... Nxd5 { [%clk 0:08:29] }
11. Bxa5 { [%clk 0:08:32] } 11... Bxa5+ { [%clk 0:08:26] } 12. Kf2
{ [%clk 0:08:15] } 12... Bb6+ { [%clk 0:08:14] } 13. Ke2 { [%clk 0:08:13] }
13... Ne3 { [%clk 0:08:12] } 14. Qd2 { [%clk 0:07:51] } 14... Nxg2
{ [%clk 0:07:59] } 15. Rh2 { [%clk 0:07:28] } 15... Nf4+ { [%clk 0:07:53] } 16.
Kf1 { [%clk 0:07:16] } 16... c6 { [%clk 0:07:32] } 17. c3 { [%clk 0:07:09] }
17... d5 { [%clk 0:07:24] } 18. exd5 { [%clk 0:07:07] } 18... cxd5
{ [%clk 0:07:22] } 19. Bb5+ { [%clk 0:06:50] } 19... Bd7 { [%clk 0:07:19] } 20.
Bxd7+ { [%clk 0:06:48] } 20... Qxd7 { [%clk 0:07:10] } 21. Nxe5
{ [%clk 0:06:46] } 21... Qxf5 { [%clk 0:07:05] } 0-1"
Rated Rapid game,https://lichess.org/QosGFZJK,2024.08.01,-,mrsadiq138,tokhtar,1-0,2024.08.01,08:42:19,1787,1758,,,C50,Italian Game: Rosentreter Gambit,600+0,Normal,"1. e4 { [%clk 0:10:00] } 1... e5 { [%clk 0:10:00] } 2. Nf3 { [%clk 0:09:59] }
2... Nc6 { [%clk 0:09:59] } 3. Bc4 { [%clk 0:09:58] } 3... Bc5
{ [%clk 0:09:59] } 4. d4 { [%clk 0:09:55] } 4... Nxd4 { [%clk 0:09:57] } 5.
Nxe5 { [%clk 0:09:45] } 5... Ne6 { [%clk 0:09:47] } 6. O-O { [%clk 0:09:37] }
6... Nf6 { [%clk 0:09:44] } 7. Bxe6 { [%clk 0:09:32] } 7... dxe6
{ [%clk 0:09:41] } 8. Qxd8+ { [%clk 0:09:30] } 8... Kxd8 { [%clk 0:09:40] } 9.
Nxf7+ { [%clk 0:09:30] } 1-0"
Rated Rapid game,https://lichess.org/zMLn0uHL,2024.08.01,-,AMIR_SMKDH,egoeris,1-0,2024.08.01,08:42:19,1024,1016,,,C50,Italian Game: Giuoco Piano,600+0,Time forfeit,"1. e4 { [%clk 0:10:00] } 1... e5 { [%clk 0:10:00] } 2. Nf3 { [%clk 0:09:58] }
2... Nc6 { [%clk 0:09:59] } 3. Bc4 { [%clk 0:09:55] } 3... Bc5
{ [%clk 0:09:54] } 4. Nxe5 { [%clk 0:09:53] } 4... Nxe5 { [%clk 0:09:51] } 5.
d4 { [%clk 0:09:51] } 5... Nxc4 { [%clk 0:09:50] } 6. dxc5 { [%clk 0:09:48] }
6... d6 { [%clk 0:09:42] } 7. Qe2 { [%clk 0:09:36] } 7... Nf6
{ [%clk 0:09:27] } 8. Qxc4 { [%clk 0:09:33] } 8... Qe7 { [%clk 0:09:10] } 9.
Nc3 { [%clk 0:09:27] } 9... b6 { [%clk 0:08:58] } 10. Bg5 { [%clk 0:09:25] }
10... O-O { [%clk 0:08:24] } 11. Nd5 { [%clk 0:09:22] } 11... Qd8
{ [%clk 0:08:08] } 12. O-O-O { [%clk 0:09:08] } 12... Bg4 { [%clk 0:07:59] }
13. e5 { [%clk 0:08:58] } 13... dxe5 { [%clk 0:07:45] } 14. Nxf6+
{ [%clk 0:08:43] } 1-0"
Rated Rapid game,https://lichess.org/GsSLOTAu,2024.08.01,-,Abror_Koldoshbaev,belkinlove,1-0,2024.08.01,08:42:19,1447,1438,,,A85,Dutch Defense: Queen's Knight Variation,600+0,Time forfeit,"1. d4 { [%clk 0:10:00] } 1... f5 { [%clk 0:10:00] } 2. c4 { [%clk 0:09:58] }
2... Nf6 { [%clk 0:09:39] } 3. Nc3 { [%clk 0:09:49] } 3... e6
{ [%clk 0:09:34] } 4. Nf3 { [%clk 0:09:46] } 4... Be7 { [%clk 0:09:32] } 5. Bg5
{ [%clk 0:09:45] } 5... O-O { [%clk 0:05:19] } 6. e3 { [%clk 0:09:38] } 1-0"
Rated Rapid game,https://lichess.org/oFFaURLt,2024.08.01,-,Lamosimo93,zlo_rozetka,1-0,2024.08.01,08:42:19,771,880,,,C67,"Ruy Lopez: Berlin Defense, Rio Gambit Accepted",600+0,Normal,"1. e4 { [%clk 0:10:00] } 1... e5 { [%clk 0:10:00] } 2. Nf3 { [%clk 0:09:59] }
2... Nc6 { [%clk 0:09:59] } 3. Bb5 { [%clk 0:09:46] } 3... Nf6
{ [%clk 0:09:55] } 4. O-O { [%clk 0:09:32] } 4... Nxe4 { [%clk 0:09:50] } 5.
Nxe5 { [%clk 0:09:29] } 5... Nxe5 { [%clk 0:09:48] } 6. Qh5 { [%clk 0:09:23] }
6... Nd6 { [%clk 0:09:41] } 7. Re1 { [%clk 0:09:12] } 7... Qe7
{ [%clk 0:09:33] } 8. Rxe5 { [%clk 0:08:59] } 8... g6 { [%clk 0:09:27] } 9.
Bxd7+ { [%clk 0:08:27] } 9... Bxd7 { [%clk 0:09:20] } 10. Rxe7+
{ [%clk 0:08:23] } 10... Bxe7 { [%clk 0:09:19] } 11. Qe5 { [%clk 0:08:14] }
11... Nc4 { [%clk 0:09:15] } 12. Qxh8+ { [%clk 0:08:09] } 12... Bf8
{ [%clk 0:09:11] } 13. b3 { [%clk 0:08:02] } 13... Ne5 { [%clk 0:09:07] } 1-0"
Rated Rapid game,https://lichess.org/4nWabNV7,2024.08.01,-,fx_ra,James1967,0-1,2024.08.01,08:42:19,2041,2105,,,C67,"Ruy Lopez: Berlin Defense, Rio Gambit Accepted",600+0,Normal,"1. e4 { [%clk 0:10:00] } 1... e5 { [%clk 0:10:00] } 2. Nf3 { [%clk 0:09:59] }
2... Nc6 { [%clk 0:09:55] } 3. Bb5 { [%clk 0:09:57] } 3... Nf6
{ [%clk 0:09:44] } 4. O-O { [%clk 0:09:53] } 4... Nxe4 { [%clk 0:09:16] } 5.
Re1 { [%clk 0:09:51] } 5... Nd6 { [%clk 0:09:10] } 6. Nxe5 { [%clk 0:09:43] }
6... Be7 { [%clk 0:09:02] } 7. Nxc6 { [%clk 0:09:13] } 7... dxc6
{ [%clk 0:08:55] } 8. Ba4 { [%clk 0:09:12] } 8... O-O { [%clk 0:08:47] } 9. a3
{ [%clk 0:09:07] } 9... Bh4 { [%clk 0:08:37] } 10. d3 { [%clk 0:09:04] } 10...
Qf6 { [%clk 0:08:32] } 11. Bb3 { [%clk 0:08:54] } 11... Qxf2+
{ [%clk 0:08:23] } 12. Kh1 { [%clk 0:08:53] } 12... Qxe1+ { [%clk 0:08:18] }
13. Qxe1 { [%clk 0:08:52] } 13... Bxe1 { [%clk 0:08:11] } 14. Nc3
{ [%clk 0:08:47] } 14... Be6 { [%clk 0:08:04] } 15. Bxe6 { [%clk 0:08:37] }
15... fxe6 { [%clk 0:08:02] } 16. Kg1 { [%clk 0:08:33] } 16... Rf7
{ [%clk 0:07:48] } 17. Be3 { [%clk 0:08:28] } 17... Bxc3 { [%clk 0:07:41] } 18.
bxc3 { [%clk 0:08:27] } 18... Nb5 { [%clk 0:07:37] } 19. c4 { [%clk 0:08:22] }
19... Nc3 { [%clk 0:07:33] } 20. Re1 { [%clk 0:08:10] } 20... Raf8
{ [%clk 0:07:30] } 21. h3 { [%clk 0:07:56] } 21... b5 { [%clk 0:07:25] } 22.
Bd4 { [%clk 0:07:46] } 22... Na4 { [%clk 0:07:10] } 23. Bxa7 { [%clk 0:07:29] }
23... bxc4 { [%clk 0:07:04] } 24. dxc4 { [%clk 0:07:27] } 24... c5
{ [%clk 0:07:03] } 25. Rxe6 { [%clk 0:07:25] } 25... Rf2 { [%clk 0:06:28] } 26.
Rc6 { [%clk 0:07:15] } 26... Rxc2 { [%clk 0:06:22] } 27. Bxc5
{ [%clk 0:07:12] } 27... Nxc5 { [%clk 0:06:15] } 28. Rxc5 { [%clk 0:07:10] }
28... Rff2 { [%clk 0:06:15] } 29. Rxc7 { [%clk 0:07:06] } 29... Rxg2+
{ [%clk 0:06:14] } 30. Kf1 { [%clk 0:07:05] } 30... Rh2 { [%clk 0:06:12] } 31.
Kg1 { [%clk 0:07:03] } 31... Rhd2 { [%clk 0:06:11] } 0-1"
Rated Rapid game,https://lichess.org/xk8SX8L0,2024.08.01,-,blerro,Engr_Edmar,0-1,2024.08.01,08:42:19,1488,1467,,,A40,Horwitz Defense,600+0,Time forfeit,"1. d4 { [%clk 0:10:00] } 1... e6 { [%clk 0:10:00] } 2. Bf4 { [%clk 0:09:59] }
2... Qf6 { [%clk 0:09:57] } 3. e3 { [%clk 0:09:50] } 3... d6 { [%clk 0:09:46] }
4. Nf3 { [%clk 0:09:45] } 4... Be7 { [%clk 0:09:43] } 5. c3 { [%clk 0:09:44] }
5... Bd7 { [%clk 0:09:41] } 6. Nbd2 { [%clk 0:09:42] } 6... Nc6
{ [%clk 0:09:40] } 7. Bd3 { [%clk 0:09:40] } 7... Nh6 { [%clk 0:09:33] } 8. h3
{ [%clk 0:09:32] } 8... O-O { [%clk 0:09:31] } 9. O-O { [%clk 0:09:30] } 9...
e5 { [%clk 0:09:21] } 10. dxe5 { [%clk 0:09:14] } 10... dxe5 { [%clk 0:09:19] }
11. Nxe5 { [%clk 0:09:06] } 11... Nxe5 { [%clk 0:09:16] } 12. Bc2
{ [%clk 0:08:50] } 12... Bf5 { [%clk 0:08:53] } 13. Ne4 { [%clk 0:08:30] }
13... Qg6 { [%clk 0:08:48] } 14. Bxe5 { [%clk 0:08:15] } 14... Bxh3
{ [%clk 0:08:42] } 15. Bg3 { [%clk 0:08:04] } 15... Bf5 { [%clk 0:08:27] } 16.
Qf3 { [%clk 0:07:45] } 16... Rad8 { [%clk 0:08:01] } 17. Bxc7
{ [%clk 0:07:32] } 17... Rd7 { [%clk 0:07:44] } 18. Bg3 { [%clk 0:07:25] }
18... Rfd8 { [%clk 0:07:29] } 19. Bf4 { [%clk 0:06:00] } 19... Ng4
{ [%clk 0:07:20] } 20. Ba4 { [%clk 0:05:42] } 20... Bxe4 { [%clk 0:06:49] } 21.
Qg3 { [%clk 0:05:18] } 21... Bc6 { [%clk 0:06:04] } 22. Bxc6 { [%clk 0:05:07] }
22... bxc6 { [%clk 0:06:02] } 23. a4 { [%clk 0:04:32] } 23... Bd6
{ [%clk 0:05:34] } 24. Bxd6 { [%clk 0:04:26] } 24... Rxd6 { [%clk 0:05:33] }
25. f4 { [%clk 0:04:14] } 25... Nf6 { [%clk 0:05:18] } 26. Qxg6
{ [%clk 0:04:06] } 26... hxg6 { [%clk 0:05:12] } 27. f5 { [%clk 0:03:54] }
27... Ng4 { [%clk 0:05:05] } 28. fxg6 { [%clk 0:03:47] } 28... Rxg6
{ [%clk 0:05:01] } 29. e4 { [%clk 0:03:31] } 29... Rd2 { [%clk 0:04:56] } 30.
Rad1 { [%clk 0:03:14] } 30... Rxb2 { [%clk 0:04:50] } 31. Rd8+
{ [%clk 0:03:11] } 31... Kh7 { [%clk 0:04:49] } 32. Rxf7 { [%clk 0:02:43] }
32... Ne3 { [%clk 0:04:30] } 33. Rf2 { [%clk 0:02:20] } 33... Rb1+
{ [%clk 0:04:07] } 34. Kh2 { [%clk 0:02:11] } 34... Rh6+ { [%clk 0:03:52] } 35.
Kg3 { [%clk 0:02:06] } 35... Rg6+ { [%clk 0:03:43] } 36. Kf3 { [%clk 0:02:01] }
36... Nd1 { [%clk 0:03:33] } 37. Rc2 { [%clk 0:01:26] } 37... Rf6+
{ [%clk 0:03:31] } 38. Ke2 { [%clk 0:01:11] } 38... Rf2+ { [%clk 0:03:23] } 39.
Kd3 { [%clk 0:01:01] } 39... Nb2+ { [%clk 0:03:07] } 40. Rxb2
{ [%clk 0:00:46] } 40... Rbxb2 { [%clk 0:03:06] } 41. Ke3 { [%clk 0:00:38] }
41... Rxg2 { [%clk 0:03:04] } 42. e5 { [%clk 0:00:36] } 42... Rgf2
{ [%clk 0:03:01] } 43. e6 { [%clk 0:00:32] } 43... Rfe2+ { [%clk 0:02:59] } 44.
Kf4 { [%clk 0:00:29] } 44... Rxe6 { [%clk 0:02:57] } 45. Kf5 { [%clk 0:00:23] }
45... Ree2 { [%clk 0:02:51] } 46. Rd7 { [%clk 0:00:17] } 46... a5
{ [%clk 0:02:47] } 47. Ra7 { [%clk 0:00:09] } 47... Rec2 { [%clk 0:02:44] } 48.
Rxa5 { [%clk 0:00:06] } 48... Rxc3 { [%clk 0:02:42] } 49. Re5
{ [%clk 0:00:01] } 49... Rb4 { [%clk 0:02:37] } 50. a5 { [%clk 0:00:00] } 50...
Ra3 { [%clk 0:02:35] } 0-1"
Rated Rapid game,https://lichess.org/sN83CIy0,2024.08.01,-,doanthanh,Monishannamalai,0-1,2024.08.01,08:42:19,1647,1571,,,B23,"Sicilian Defense: Closed, Traditional",600+0,Normal,"1. e4 { [%clk 0:10:00] } 1... c5 { [%clk 0:10:00] } 2. Nc3 { [%clk 0:09:58] }
2... Nc6 { [%clk 0:09:59] } 3. Bb5 { [%clk 0:09:55] } 3... Qb6
{ [%clk 0:09:53] } 4. Nf3 { [%clk 0:09:50] } 4... a6 { [%clk 0:09:52] } 5. Bc4
{ [%clk 0:09:48] } 5... Na5 { [%clk 0:09:48] } 6. Be2 { [%clk 0:09:44] } 6...
d6 { [%clk 0:09:46] } 7. Nd5 { [%clk 0:09:42] } 7... Qd8 { [%clk 0:09:38] } 8.
b3 { [%clk 0:09:40] } 8... e6 { [%clk 0:09:28] } 9. Ne3 { [%clk 0:09:38] } 9...
Nf6 { [%clk 0:09:24] } 10. d3 { [%clk 0:09:35] } 10... d5 { [%clk 0:09:22] }
11. Bb2 { [%clk 0:09:29] } 11... dxe4 { [%clk 0:09:15] } 12. Bxf6
{ [%clk 0:09:28] } 12... Qxf6 { [%clk 0:09:11] } 13. dxe4 { [%clk 0:09:26] }
13... Be7 { [%clk 0:08:57] } 14. e5 { [%clk 0:09:20] } 14... Qg6
{ [%clk 0:08:51] } 15. O-O { [%clk 0:09:16] } 15... O-O { [%clk 0:08:49] } 16.
Qd2 { [%clk 0:09:11] } 16... Nc6 { [%clk 0:08:43] } 17. Bd3 { [%clk 0:09:03] }
17... Qh6 { [%clk 0:08:37] } 18. Ng4 { [%clk 0:09:02] } 18... Qxd2
{ [%clk 0:08:31] } 19. Nxd2 { [%clk 0:09:00] } 19... f6 { [%clk 0:08:11] } 20.
f4 { [%clk 0:08:58] } 20... fxe5 { [%clk 0:08:08] } 21. fxe5 { [%clk 0:08:57] }
21... Rxf1+ { [%clk 0:08:06] } 22. Rxf1 { [%clk 0:08:56] } 22... Nd4
{ [%clk 0:07:58] } 23. c3 { [%clk 0:08:50] } 23... Nc6 { [%clk 0:07:44] } 24.
Rf3 { [%clk 0:08:43] } 24... Bd7 { [%clk 0:07:38] } 25. Rg3 { [%clk 0:08:41] }
25... b5 { [%clk 0:07:27] } 26. Nh6+ { [%clk 0:08:38] } 26... Kh8
{ [%clk 0:07:12] } 27. Ng4 { [%clk 0:08:30] } 27... Rf8 { [%clk 0:06:59] } 28.
Nf3 { [%clk 0:08:29] } 28... c4 { [%clk 0:06:56] } 29. bxc4 { [%clk 0:08:26] }
29... bxc4 { [%clk 0:06:54] } 30. Bxc4 { [%clk 0:08:25] } 30... Na5
{ [%clk 0:06:49] } 31. Bxa6 { [%clk 0:08:23] } 31... Bc6 { [%clk 0:06:41] } 32.
Nd4 { [%clk 0:08:19] } 32... Bd5 { [%clk 0:06:37] } 33. Ne3 { [%clk 0:08:12] }
33... Bc5 { [%clk 0:06:35] } 34. Nxd5 { [%clk 0:08:10] } 34... exd5
{ [%clk 0:06:33] } 35. h3 { [%clk 0:07:53] } 35... Bxd4+ { [%clk 0:06:26] } 36.
cxd4 { [%clk 0:07:52] } 36... Nc6 { [%clk 0:06:22] } 37. Rd3 { [%clk 0:07:45] }
37... Rf4 { [%clk 0:06:17] } 38. Bb7 { [%clk 0:07:44] } 38... Nxd4
{ [%clk 0:06:04] } 39. Bxd5 { [%clk 0:07:38] } 39... Ne2+ { [%clk 0:05:49] }
40. Kh2 { [%clk 0:07:35] } 40... Nc1 { [%clk 0:05:40] } 41. Rc3
{ [%clk 0:07:33] } 41... g6 { [%clk 0:05:14] } 42. Rxc1 { [%clk 0:07:31] }
42... Rd4 { [%clk 0:05:10] } 43. Bb3 { [%clk 0:07:25] } 43... Re4
{ [%clk 0:05:04] } 44. e6 { [%clk 0:07:24] } 44... Kg7 { [%clk 0:05:02] } 45.
Rc7+ { [%clk 0:07:23] } 45... Kh6 { [%clk 0:05:00] } 46. g4 { [%clk 0:07:18] }
46... Re2+ { [%clk 0:04:48] } 47. Kg3 { [%clk 0:07:16] } 47... Re3+
{ [%clk 0:04:47] } 48. Kh4 { [%clk 0:07:15] } 48... g5# { [%clk 0:04:42] } 0-1"
Rated Rapid game,https://lichess.org/P34NW8Fj,2024.08.01,-,ronaldino_wmr,Maz_Sugi78,0-1,2024.08.01,08:42:20,1869,1879,,,C24,Bishop's Opening: Berlin Defense,600+0,Normal,"1. e4 { [%clk 0:10:00] } 1... e5 { [%clk 0:10:00] } 2. Bc4 { [%clk 0:09:59] }
2... Nf6 { [%clk 0:09:57] } 3. d3 { [%clk 0:09:53] } 3... c6 { [%clk 0:09:53] }
4. Bg5 { [%clk 0:09:50] } 4... d5 { [%clk 0:09:37] } 5. exd5 { [%clk 0:09:45] }
5... cxd5 { [%clk 0:09:36] } 6. Bb5+ { [%clk 0:09:38] } 6... Nc6
{ [%clk 0:09:29] } 7. Bxc6+ { [%clk 0:09:34] } 7... bxc6 { [%clk 0:09:26] } 8.
Qf3 { [%clk 0:09:31] } 8... Be7 { [%clk 0:09:06] } 9. Bxf6 { [%clk 0:09:27] }
9... Bxf6 { [%clk 0:09:03] } 10. Ne2 { [%clk 0:09:24] } 10... Qb6
{ [%clk 0:08:54] } 11. Nd2 { [%clk 0:09:03] } 11... Qxb2 { [%clk 0:08:39] } 12.
O-O { [%clk 0:09:00] } 12... Qxc2 { [%clk 0:08:33] } 13. Nb3 { [%clk 0:08:50] }
13... O-O { [%clk 0:08:17] } 14. Rac1 { [%clk 0:08:28] } 14... Qxa2
{ [%clk 0:08:13] } 15. Nc5 { [%clk 0:08:09] } 15... a5 { [%clk 0:07:45] } 16.
d4 { [%clk 0:07:25] } 16... e4 { [%clk 0:07:39] } 17. Qb3 { [%clk 0:07:17] }
17... Qxe2 { [%clk 0:07:35] } 18. Nb7 { [%clk 0:07:01] } 18... Bxb7
{ [%clk 0:07:31] } 19. Qxb7 { [%clk 0:06:59] } 19... Bxd4 { [%clk 0:07:11] }
20. Rxc6 { [%clk 0:06:53] } 20... Rab8 { [%clk 0:07:03] } 21. Qd7
{ [%clk 0:06:50] } 21... Rb2 { [%clk 0:06:54] } 22. Qf5 { [%clk 0:06:45] }
22... e3 { [%clk 0:06:22] } 23. Rcc1 { [%clk 0:06:26] } 23... exf2+
{ [%clk 0:06:18] } 24. Kh1 { [%clk 0:06:24] } 24... Be3 { [%clk 0:06:04] } 25.
Rb1 { [%clk 0:06:11] } 25... Rxb1 { [%clk 0:06:02] } 26. Qxb1
{ [%clk 0:06:09] } 26... d4 { [%clk 0:05:58] } 27. Qd1 { [%clk 0:05:59] } 27...
d3 { [%clk 0:05:53] } 28. Qb1 { [%clk 0:05:31] } 28... h6 { [%clk 0:05:44] }
29. h3 { [%clk 0:05:29] } 29... Rc8 { [%clk 0:05:39] } 30. Qd1
{ [%clk 0:05:24] } 30... Qxd1 { [%clk 0:05:17] } 31. Rxd1 { [%clk 0:05:22] }
31... Rc1 { [%clk 0:05:17] } 32. Rxc1 { [%clk 0:05:21] } 32... Bxc1
{ [%clk 0:05:15] } 33. Kh2 { [%clk 0:05:20] } 33... f1=Q { [%clk 0:05:07] } 34.
g3 { [%clk 0:05:19] } 34... Be3 { [%clk 0:04:56] } 35. h4 { [%clk 0:05:18] }
35... h5 { [%clk 0:04:42] } 36. g4 { [%clk 0:05:17] } 36... hxg4
{ [%clk 0:04:37] } 37. h5 { [%clk 0:05:15] } 37... Bf4# { [%clk 0:04:31] } 0-1"
Rated Rapid game,https://lichess.org/KtYBZijr,2024.08.01,-,antimos123,tv9chess,1-0,2024.08.01,08:42:25,1676,1678,,,C41,Philidor Defense,600+0,Normal,"1. e4 { [%clk 0:10:00] } 1... e5 { [%clk 0:10:00] } 2. Nf3 { [%clk 0:09:59] }
2... d6 { [%clk 0:09:59] } 3. h3 { [%clk 0:09:58] } 3... h6 { [%clk 0:09:58] }
4. Be2 { [%clk 0:09:54] } 4... Be6 { [%clk 0:09:56] } 5. a3 { [%clk 0:09:53] }
5... Be7 { [%clk 0:09:55] } 6. O-O { [%clk 0:09:50] } 6... Nc6
{ [%clk 0:09:54] } 7. c3 { [%clk 0:09:46] } 7... Nf6 { [%clk 0:09:52] } 8. d3
{ [%clk 0:09:44] } 8... Nh5 { [%clk 0:09:50] } 9. Nxe5 { [%clk 0:09:40] } 9...
Nxe5 { [%clk 0:09:47] } 10. Bxh5 { [%clk 0:09:38] } 10... Qc8
{ [%clk 0:09:46] } 11. f4 { [%clk 0:09:19] } 11... g6 { [%clk 0:09:33] } 12.
fxe5 { [%clk 0:09:09] } 12... gxh5 { [%clk 0:09:31] } 13. Qxh5
{ [%clk 0:09:00] } 13... Qd7 { [%clk 0:09:19] } 14. Kh2 { [%clk 0:08:58] }
14... O-O-O { [%clk 0:09:17] } 15. Be3 { [%clk 0:08:52] } 15... dxe5
{ [%clk 0:09:15] } 16. d4 { [%clk 0:08:43] } 16... Bg5 { [%clk 0:09:13] } 17.
Bf2 { [%clk 0:08:35] } 17... exd4 { [%clk 0:09:09] } 18. Bxd4
{ [%clk 0:08:27] } 18... Rhg8 { [%clk 0:09:05] } 19. Rd1 { [%clk 0:08:03] }
19... Qc6 { [%clk 0:08:44] } 20. Qf3 { [%clk 0:07:51] } 20... h5
{ [%clk 0:08:18] } 21. a4 { [%clk 0:07:47] } 21... Bb3 { [%clk 0:07:54] } 22.
Rd3 { [%clk 0:07:34] } 22... Bc2 { [%clk 0:07:45] } 23. Na3 { [%clk 0:07:24] }
23... Bxd3 { [%clk 0:07:42] } 24. Qxd3 { [%clk 0:07:20] } 24... Bf4+
{ [%clk 0:07:39] } 25. Kh1 { [%clk 0:07:11] } 25... Qg6 { [%clk 0:07:38] } 26.
Rg1 { [%clk 0:07:05] } 26... c5 { [%clk 0:07:28] } 27. Qf3 { [%clk 0:06:25] }
27... Qd6 { [%clk 0:06:45] } 28. Nc4 { [%clk 0:05:56] } 28... Qc7
{ [%clk 0:06:37] } 29. Bf6 { [%clk 0:05:38] } 29... Rg3 { [%clk 0:06:31] } 30.
Qf2 { [%clk 0:05:08] } 30... Rdd3 { [%clk 0:06:06] } 31. e5 { [%clk 0:04:51] }
31... Be3 { [%clk 0:05:37] } 32. Nxe3 { [%clk 0:04:47] } 32... Rdxe3
{ [%clk 0:05:36] } 33. Qf5+ { [%clk 0:04:32] } 33... Qd7 { [%clk 0:05:32] } 34.
e6 { [%clk 0:04:26] } 34... Qxe6 { [%clk 0:05:27] } 35. Qxc5+
{ [%clk 0:04:23] } 35... Qc6 { [%clk 0:05:22] } 36. Qf8+ { [%clk 0:04:14] }
36... Qe8 { [%clk 0:05:19] } 37. Qc5+ { [%clk 0:04:09] } 37... Kb8
{ [%clk 0:05:12] } 38. Bh4 { [%clk 0:03:52] } 38... Re5 { [%clk 0:04:48] } 39.
Bxg3 { [%clk 0:03:40] } 39... b6 { [%clk 0:04:42] } 40. Bxe5+
{ [%clk 0:03:38] } 40... Ka8 { [%clk 0:04:40] } 41. Qd6 { [%clk 0:03:32] }
41... f6 { [%clk 0:04:33] } 42. Bf4 { [%clk 0:03:26] } 1-0"
Rated Rapid game,https://lichess.org/INEtqGbi,2024.08.01,-,BarMaxx,LocoPatlab,1-0,2024.08.01,08:42:25,1500,1710,,,D01,Rapport-Jobava System,600+0,Normal,"1. d4 { [%clk 0:10:00] } 1... d5 { [%clk 0:10:00] } 2. Nc3 { [%clk 0:09:54] }
2... Nf6 { [%clk 0:09:55] } 3. Bf4 { [%clk 0:09:45] } 3... Nc6
{ [%clk 0:09:51] } 4. e4 { [%clk 0:09:36] } 4... dxe4 { [%clk 0:09:31] } 5. Bb5
{ [%clk 0:09:27] } 5... Qxd4 { [%clk 0:09:16] } 6. Qxd4 { [%clk 0:09:18] } 1-0"
Rated Rapid game,https://lichess.org/n56g7A8U,2024.08.01,-,raguraman86,A_W_Abdullah,1-0,2024.08.01,08:42:25,1057,904,,,C20,King's Pawn Game: King's Head Opening,600+0,Normal,"1. e4 { [%clk 0:10:00] } 1... e5 { [%clk 0:10:00] } 2. f3 { [%clk 0:09:59] }
2... d5 { [%clk 0:09:55] } 3. exd5 { [%clk 0:09:57] } 3... Qxd5
{ [%clk 0:09:53] } 4. Nc3 { [%clk 0:09:31] } 4... Qd6 { [%clk 0:09:46] } 5. Ne4
{ [%clk 0:09:19] } 5... Qe6 { [%clk 0:09:31] } 6. b3 { [%clk 0:09:08] } 6... f5
{ [%clk 0:09:15] } 7. Bc4 { [%clk 0:09:05] } 7... Qc6 { [%clk 0:09:01] } 8. Ng5
{ [%clk 0:08:25] } 8... Qg6 { [%clk 0:08:29] } 9. Nf7 { [%clk 0:08:11] } 9...
Qxg2 { [%clk 0:08:15] } 10. Nxh8 { [%clk 0:07:53] } 10... Qxh1
{ [%clk 0:08:13] } 11. Bxg8 { [%clk 0:07:49] } 11... Qxg1+ { [%clk 0:08:09] }
12. Ke2 { [%clk 0:07:47] } 12... Qxh2+ { [%clk 0:08:06] } 13. Kd3
{ [%clk 0:07:42] } 13... e4+ { [%clk 0:07:59] } 14. Kc3 { [%clk 0:07:33] }
14... Nc6 { [%clk 0:07:28] } 15. Nf7 { [%clk 0:07:15] } 15... Bb4+
{ [%clk 0:06:22] } 16. Kb2 { [%clk 0:06:55] } 16... Be6 { [%clk 0:06:11] } 17.
Nd6+ { [%clk 0:06:26] } 17... cxd6 { [%clk 0:06:08] } 18. Bxe6
{ [%clk 0:06:25] } 18... Qe5+ { [%clk 0:06:04] } 19. c3 { [%clk 0:06:17] }
19... Qxe6 { [%clk 0:05:54] } 20. cxb4 { [%clk 0:06:03] } 20... Nxb4
{ [%clk 0:05:52] } 21. a3 { [%clk 0:05:50] } 21... Qe5+ { [%clk 0:05:49] } 22.
d4 { [%clk 0:05:44] } 22... Nd5 { [%clk 0:05:35] } 23. dxe5 { [%clk 0:05:35] }
1-0"
Rated Rapid game,https://lichess.org/5uib9ZZB,2024.08.01,-,Albigal,GrafAnko,1-0,2024.08.01,08:42:25,1955,1963,,,B15,Caro-Kann Defense: Rasa-Studier Gambit,600+0,Normal,"1. d4 { [%clk 0:10:00] } 1... d5 { [%clk 0:10:00] } 2. Nc3 { [%clk 0:09:51] }
2... c6 { [%clk 0:09:58] } 3. e4 { [%clk 0:09:48] } 3... dxe4
{ [%clk 0:09:57] } 4. f3 { [%clk 0:09:44] } 4... exf3 { [%clk 0:09:53] } 5.
Nxf3 { [%clk 0:09:44] } 5... Bg4 { [%clk 0:09:51] } 6. Be3 { [%clk 0:09:41] }
6... Bxf3 { [%clk 0:09:49] } 7. Qxf3 { [%clk 0:09:38] } 7... e6
{ [%clk 0:09:48] } 8. Bd3 { [%clk 0:09:35] } 8... h6 { [%clk 0:09:44] } 9. O-O
{ [%clk 0:09:22] } 9... Nf6 { [%clk 0:09:41] } 10. Ne4 { [%clk 0:09:20] } 10...
Nxe4 { [%clk 0:09:34] } 11. Qxf7# { [%clk 0:09:17] } 1-0"
Rated Rapid game,https://lichess.org/n74xQmnq,2024.08.01,-,ugomma,fatimaamer6,1-0,2024.08.01,08:42:25,1743,1614,,,C25,Vienna Game,600+0,Normal,"1. e4 { [%clk 0:10:00] } 1... e5 { [%clk 0:10:00] } 2. Nc3 { [%clk 0:09:58] }
2... a6 { [%clk 0:09:57] } 3. Nf3 { [%clk 0:09:57] } 3... d6 { [%clk 0:09:54] }
4. d4 { [%clk 0:09:56] } 4... exd4 { [%clk 0:09:52] } 5. Nxd4
{ [%clk 0:09:55] } 5... Qf6 { [%clk 0:09:51] } 6. Nf3 { [%clk 0:09:52] } 6...
h6 { [%clk 0:09:47] } 7. Nd5 { [%clk 0:09:51] } 7... Qd8 { [%clk 0:09:44] } 8.
Qd3 { [%clk 0:09:47] } 8... Nf6 { [%clk 0:09:42] } 9. Nb4 { [%clk 0:09:35] }
9... Qe7 { [%clk 0:09:36] } 10. Nd2 { [%clk 0:09:23] } 10... Bf5
{ [%clk 0:09:25] } 11. Nd5 { [%clk 0:09:15] } 11... Bxe4 { [%clk 0:09:10] } 12.
Nxe4 { [%clk 0:09:06] } 12... Qxe4+ { [%clk 0:09:07] } 13. Qxe4+
{ [%clk 0:09:03] } 13... Nxe4 { [%clk 0:09:05] } 14. Nxc7+ { [%clk 0:09:02] }
14... Kd7 { [%clk 0:08:59] } 15. Nxa8 { [%clk 0:09:01] } 15... Kc6
{ [%clk 0:08:54] } 16. Bd3 { [%clk 0:08:52] } 16... Nc5 { [%clk 0:08:50] } 17.
Be2 { [%clk 0:08:45] } 17... Nbd7 { [%clk 0:08:25] } 18. Bf3+
{ [%clk 0:08:43] } 18... d5 { [%clk 0:08:20] } 19. O-O { [%clk 0:08:40] } 19...
Bd6 { [%clk 0:08:18] } 20. Rd1 { [%clk 0:08:37] } 20... Rxa8 { [%clk 0:08:13] }
21. Bxd5+ { [%clk 0:08:36] } 21... Kc7 { [%clk 0:08:09] } 22. Bxf7
{ [%clk 0:08:34] } 22... Rf8 { [%clk 0:08:05] } 23. Bh5 { [%clk 0:08:27] }
23... Ne4 { [%clk 0:07:53] } 24. Be3 { [%clk 0:08:21] } 24... Ndf6
{ [%clk 0:07:32] } 25. Bg6 { [%clk 0:08:08] } 25... Ng5 { [%clk 0:07:16] } 26.
c4 { [%clk 0:07:56] } 26... Be7 { [%clk 0:06:56] } 27. Bf5 { [%clk 0:07:41] }
27... Kb8 { [%clk 0:06:54] } 28. Bf4+ { [%clk 0:07:22] } 28... Ka8
{ [%clk 0:06:51] } 29. b3 { [%clk 0:07:19] } 29... Bc5 { [%clk 0:06:36] } 30.
a3 { [%clk 0:07:11] } 30... Nge4 { [%clk 0:06:23] } 31. Bxe4 { [%clk 0:06:56] }
31... Nxe4 { [%clk 0:06:22] } 32. Bg3 { [%clk 0:06:53] } 32... Bxf2+
{ [%clk 0:06:01] } 33. Bxf2 { [%clk 0:06:50] } 33... Nxf2 { [%clk 0:05:57] }
34. Rf1 { [%clk 0:06:48] } 34... Nh3+ { [%clk 0:05:24] } 35. gxh3
{ [%clk 0:06:46] } 35... Rd8 { [%clk 0:05:17] } 36. Rf7 { [%clk 0:06:43] }
36... g5 { [%clk 0:05:15] } 37. b4 { [%clk 0:06:34] } 37... Ka7
{ [%clk 0:05:04] } 38. Rf6 { [%clk 0:06:26] } 38... h5 { [%clk 0:05:02] } 39.
Rg6 { [%clk 0:06:22] } 39... g4 { [%clk 0:05:01] } 40. hxg4 { [%clk 0:06:20] }
40... hxg4 { [%clk 0:04:59] } 41. Rxg4 { [%clk 0:06:19] } 41... Rd3
{ [%clk 0:04:56] } 42. Kg2 { [%clk 0:06:12] } 42... Rd2+ { [%clk 0:04:53] } 43.
Kg3 { [%clk 0:06:09] } 43... Kb6 { [%clk 0:04:46] } 44. h4 { [%clk 0:06:05] }
44... Rd3+ { [%clk 0:04:43] } 45. Kh2 { [%clk 0:06:01] } 45... Rd2+
{ [%clk 0:04:40] } 46. Kh1 { [%clk 0:05:59] } 46... Rd3 { [%clk 0:04:38] } 47.
Rg6+ { [%clk 0:05:46] } 47... Kc7 { [%clk 0:04:37] } 48. Rg4 { [%clk 0:05:40] }
48... Kd6 { [%clk 0:04:32] } 49. Rf1 { [%clk 0:05:34] } 49... Rxa3
{ [%clk 0:04:24] } 50. Rd1+ { [%clk 0:05:26] } 50... Kc6 { [%clk 0:04:19] } 51.
Rg6+ { [%clk 0:05:23] } 51... Kc7 { [%clk 0:04:18] } 52. h5 { [%clk 0:05:20] }
52... Rh3+ { [%clk 0:04:16] } 53. Kg2 { [%clk 0:05:18] } 53... Rxh5
{ [%clk 0:04:15] } 54. Rg7+ { [%clk 0:05:11] } 54... Kb6 { [%clk 0:04:13] } 55.
Rd6+ { [%clk 0:05:06] } 55... Ka7 { [%clk 0:04:11] } 56. Rdd7
{ [%clk 0:05:04] } 56... Rh4 { [%clk 0:03:55] } 57. Rxb7+ { [%clk 0:05:01] }
57... Ka8 { [%clk 0:03:53] } 58. c5 { [%clk 0:04:58] } 58... Rc4
{ [%clk 0:03:43] } 59. Rb6 { [%clk 0:04:49] } 59... Rc2+ { [%clk 0:03:41] } 60.
Kf3 { [%clk 0:04:46] } 60... Ra2 { [%clk 0:03:38] } 61. c6 { [%clk 0:04:40] }
61... Rc2 { [%clk 0:03:35] } 62. Rxa6+ { [%clk 0:04:36] } 62... Kb8
{ [%clk 0:03:34] } 63. Rb6+ { [%clk 0:04:28] } 63... Kc8 { [%clk 0:03:33] } 64.
b5 { [%clk 0:04:25] } 64... Rc3+ { [%clk 0:03:29] } 65. Ke4 { [%clk 0:04:24] }
65... Rc4+ { [%clk 0:03:27] } 66. Kd5 { [%clk 0:04:22] } 66... Rc2
{ [%clk 0:03:25] } 67. Rbb7 { [%clk 0:04:18] } 67... Rd2+ { [%clk 0:03:19] }
68. Kc5 { [%clk 0:04:16] } 68... Rc2+ { [%clk 0:03:15] } 69. Kb6
{ [%clk 0:04:14] } 69... Re2 { [%clk 0:03:04] } 70. Rg8+ { [%clk 0:04:12] }
70... Re8 { [%clk 0:02:58] } 71. Rxe8# { [%clk 0:04:10] } 1-0"
Rated Rapid game,https://lichess.org/Mk1hWf1O,2024.08.01,-,von_stranzky,fina_josk,0-1,2024.08.01,08:42:22,1121,1228,,,C02,French Defense: Advance Variation,600+0,Time forfeit,"1. e4 { [%clk 0:10:00] } 1... e6 { [%clk 0:10:00] } 2. d4 { [%clk 0:09:59] }
2... d5 { [%clk 0:09:58] } 3. e5 { [%clk 0:09:57] } 3... Nc6 { [%clk 0:09:57] }
4. Nf3 { [%clk 0:09:56] } 4... Bb4+ { [%clk 0:09:55] } 5. c3 { [%clk 0:09:55] }
5... Nge7 { [%clk 0:09:52] } 6. cxb4 { [%clk 0:09:53] } 6... Nxb4
{ [%clk 0:09:35] } 7. a3 { [%clk 0:09:52] } 7... Nbc6 { [%clk 0:09:32] } 8. Bg5
{ [%clk 0:09:47] } 8... O-O { [%clk 0:09:30] } 9. Bxe7 { [%clk 0:09:46] } 9...
Qxe7 { [%clk 0:09:26] } 10. Bb5 { [%clk 0:09:37] } 10... Bd7 { [%clk 0:09:24] }
11. Bxc6 { [%clk 0:09:35] } 11... Bxc6 { [%clk 0:09:23] } 12. b4
{ [%clk 0:09:34] } 12... Bb5 { [%clk 0:09:17] } 13. Nc3 { [%clk 0:09:31] }
13... Bc4 { [%clk 0:09:14] } 14. Nd2 { [%clk 0:09:26] } 14... Qh4
{ [%clk 0:09:07] } 15. g3 { [%clk 0:09:16] } 15... Qxd4 { [%clk 0:09:00] } 16.
Nxc4 { [%clk 0:09:08] } 16... Qxc3+ { [%clk 0:08:54] } 17. Nd2
{ [%clk 0:08:55] } 17... Qxe5+ { [%clk 0:08:52] } 18. Qe2 { [%clk 0:08:51] }
18... Qxa1+ { [%clk 0:08:49] } 0-1"
Rated Rapid game,https://lichess.org/93MhoeIk,2024.08.01,-,PawnRisotto,yashchesser23,1-0,2024.08.01,08:42:22,1719,1623,,,D01,Rapport-Jobava System,600+0,Normal,"1. d4 { [%clk 0:10:00] } 1... d5 { [%clk 0:10:00] } 2. Nc3 { [%clk 0:09:59] }
2... Nf6 { [%clk 0:09:57] } 3. Bf4 { [%clk 0:09:59] } 3... Bf5
{ [%clk 0:09:55] } 4. e3 { [%clk 0:09:58] } 4... c6 { [%clk 0:09:42] } 5. Nf3
{ [%clk 0:09:50] } 5... e6 { [%clk 0:09:37] } 6. Ne5 { [%clk 0:09:49] } 6...
Bd6 { [%clk 0:09:30] } 7. g4 { [%clk 0:09:48] } 7... Bxe5 { [%clk 0:09:17] } 8.
dxe5 { [%clk 0:09:33] } 8... Nxg4 { [%clk 0:09:05] } 9. f3 { [%clk 0:09:28] }
9... Nh6 { [%clk 0:08:20] } 10. e4 { [%clk 0:09:11] } 10... dxe4
{ [%clk 0:08:12] } 11. Qxd8+ { [%clk 0:09:06] } 11... Kxd8 { [%clk 0:08:05] }
12. O-O-O+ { [%clk 0:09:05] } 12... Ke7 { [%clk 0:08:02] } 13. fxe4
{ [%clk 0:09:04] } 13... Bg4 { [%clk 0:07:59] } 14. Rd2 { [%clk 0:08:53] }
14... Rd8 { [%clk 0:07:53] } 15. h3 { [%clk 0:08:29] } 15... Bh5
{ [%clk 0:07:26] } 16. Bxh6 { [%clk 0:08:18] } 16... Rxd2 { [%clk 0:07:21] }
17. Bxd2 { [%clk 0:08:09] } 17... Nd7 { [%clk 0:07:07] } 18. Rg1
{ [%clk 0:07:48] } 18... g6 { [%clk 0:06:56] } 19. Bg5+ { [%clk 0:07:46] }
19... Kf8 { [%clk 0:06:53] } 1-0"
Rated Rapid game,https://lichess.org/dSp476m7,2024.08.01,-,total_n00b,warrior_323,0-1,2024.08.01,08:42:22,1825,1821,,,B10,Caro-Kann Defense,600+0,Normal,"1. e4 { [%clk 0:10:00] } 1... c6 { [%clk 0:10:00] } 2. Nf3 { [%clk 0:09:59] }
2... d5 { [%clk 0:09:59] } 3. exd5 { [%clk 0:09:54] } 3... cxd5
{ [%clk 0:09:59] } 4. Bb5+ { [%clk 0:09:42] } 4... Nc6 { [%clk 0:09:57] } 5.
Ne5 { [%clk 0:09:36] } 5... Qb6 { [%clk 0:09:53] } 6. Qf3 { [%clk 0:09:25] }
6... Be6 { [%clk 0:09:29] } 7. Bxc6+ { [%clk 0:09:13] } 7... bxc6
{ [%clk 0:09:27] } 8. Nc3 { [%clk 0:08:26] } 8... Nf6 { [%clk 0:09:24] } 9. Na4
{ [%clk 0:08:16] } 9... Qa6 { [%clk 0:09:10] } 10. b3 { [%clk 0:07:52] } 10...
g6 { [%clk 0:08:59] } 11. Nc5 { [%clk 0:07:49] } 11... Qb6 { [%clk 0:08:39] }
12. Nxe6 { [%clk 0:07:45] } 12... fxe6 { [%clk 0:08:33] } 13. d3
{ [%clk 0:07:44] } 13... Bg7 { [%clk 0:08:29] } 14. Be3 { [%clk 0:07:32] }
14... Qb4+ { [%clk 0:08:22] } 15. Bd2 { [%clk 0:07:22] } 15... Qd6
{ [%clk 0:08:21] } 16. d4 { [%clk 0:07:08] } 16... O-O { [%clk 0:08:18] } 17.
O-O { [%clk 0:06:27] } 17... Nd7 { [%clk 0:08:13] } 18. Bf4 { [%clk 0:06:11] }
18... Nxe5 { [%clk 0:08:07] } 19. Bxe5 { [%clk 0:05:46] } 19... Bxe5
{ [%clk 0:07:51] } 20. dxe5 { [%clk 0:05:45] } 20... Qxe5 { [%clk 0:07:49] }
21. Rfe1 { [%clk 0:05:23] } 21... Qxe1+ { [%clk 0:07:23] } 22. Rxe1
{ [%clk 0:05:20] } 22... Rxf3 { [%clk 0:07:22] } 23. gxf3 { [%clk 0:05:20] }
23... Kf7 { [%clk 0:07:20] } 24. Kg2 { [%clk 0:05:18] } 24... Kf6
{ [%clk 0:07:18] } 25. Kg3 { [%clk 0:05:16] } 25... e5 { [%clk 0:07:16] } 26.
f4 { [%clk 0:05:12] } 26... e4 { [%clk 0:07:15] } 27. f3 { [%clk 0:05:11] }
27... Kf5 { [%clk 0:07:07] } 28. h3 { [%clk 0:05:08] } 28... exf3
{ [%clk 0:07:05] } 29. Kxf3 { [%clk 0:05:06] } 29... e6 { [%clk 0:06:57] } 30.
Re5+ { [%clk 0:04:58] } 30... Kf6 { [%clk 0:06:55] } 31. h4 { [%clk 0:04:45] }
31... h6 { [%clk 0:06:52] } 32. c4 { [%clk 0:04:27] } 32... a5
{ [%clk 0:06:27] } 33. c5 { [%clk 0:04:22] } 33... Rb8 { [%clk 0:06:25] } 34.
Ke3 { [%clk 0:04:10] } 34... Rb5 { [%clk 0:06:23] } 35. Kd4 { [%clk 0:04:09] }
35... Rb4+ { [%clk 0:06:21] } 36. Ke3 { [%clk 0:04:03] } 36... a4
{ [%clk 0:06:07] } 37. h5 { [%clk 0:03:54] } 37... axb3 { [%clk 0:05:44] } 38.
axb3 { [%clk 0:03:46] } 38... Rxb3+ { [%clk 0:05:44] } 39. Kd4
{ [%clk 0:03:40] } 39... Rb4+ { [%clk 0:05:29] } 40. Ke3 { [%clk 0:03:38] }
40... Re4+ { [%clk 0:05:11] } 41. Rxe4 { [%clk 0:03:34] } 41... dxe4
{ [%clk 0:05:11] } 42. hxg6 { [%clk 0:03:32] } 42... Kxg6 { [%clk 0:05:04] }
43. Kxe4 { [%clk 0:03:30] } 43... h5 { [%clk 0:04:58] } 44. Kf3
{ [%clk 0:03:21] } 44... Kf5 { [%clk 0:04:56] } 45. Ke3 { [%clk 0:03:12] }
45... h4 { [%clk 0:04:54] } 46. Kf3 { [%clk 0:03:11] } 46... h3
{ [%clk 0:04:53] } 47. Kg3 { [%clk 0:03:10] } 47... h2 { [%clk 0:04:51] } 48.
Kxh2 { [%clk 0:03:09] } 48... Kxf4 { [%clk 0:04:50] } 49. Kg2
{ [%clk 0:03:09] } 49... Ke4 { [%clk 0:04:49] } 50. Kf2 { [%clk 0:03:09] }
50... Kd4 { [%clk 0:04:48] } 51. Kf3 { [%clk 0:03:07] } 51... Kxc5
{ [%clk 0:04:48] } 52. Ke4 { [%clk 0:03:07] } 52... Kd6 { [%clk 0:04:44] } 53.
Kd4 { [%clk 0:03:06] } 53... e5+ { [%clk 0:04:40] } 54. Ke4 { [%clk 0:03:05] }
54... c5 { [%clk 0:04:37] } 0-1"
Rated Rapid game,https://lichess.org/HWq5omRO,2024.08.01,-,hlpkv,ar0007,0-1,2024.08.01,08:42:22,1988,2000,,,C50,Italian Game: Paris Defense,600+0,Normal,"1. e4 { [%clk 0:10:00] } 1... e5 { [%clk 0:10:00] } 2. Nf3 { [%clk 0:09:59] }
2... Nc6 { [%clk 0:09:58] } 3. Bc4 { [%clk 0:09:57] } 3... d6
{ [%clk 0:09:58] } 4. h3 { [%clk 0:09:54] } 4... Be6 { [%clk 0:09:53] } 5. d3
{ [%clk 0:09:49] } 5... g6 { [%clk 0:09:50] } 6. Nc3 { [%clk 0:09:47] } 6...
Bg7 { [%clk 0:09:49] } 7. O-O { [%clk 0:09:42] } 7... Bxc4 { [%clk 0:09:47] }
8. dxc4 { [%clk 0:09:41] } 8... Nge7 { [%clk 0:09:46] } 9. Nd5
{ [%clk 0:09:35] } 9... O-O { [%clk 0:09:42] } 10. Be3 { [%clk 0:08:20] } 10...
a6 { [%clk 0:09:39] } 11. a4 { [%clk 0:08:19] } 11... Rb8 { [%clk 0:09:26] }
12. Qd2 { [%clk 0:07:54] } 12... f5 { [%clk 0:09:07] } 13. Bh6
{ [%clk 0:07:16] } 13... fxe4 { [%clk 0:08:46] } 14. Bxg7 { [%clk 0:07:15] }
14... Kxg7 { [%clk 0:08:15] } 15. Ng5 { [%clk 0:07:10] } 15... Nd4
{ [%clk 0:07:42] } 16. c3 { [%clk 0:06:06] } 16... h6 { [%clk 0:07:11] } 17.
cxd4 { [%clk 0:05:29] } 17... hxg5 { [%clk 0:07:07] } 18. dxe5
{ [%clk 0:04:46] } 18... dxe5 { [%clk 0:06:54] } 19. Rad1 { [%clk 0:04:39] }
19... c6 { [%clk 0:06:41] } 20. Nxe7 { [%clk 0:04:17] } 20... Qxe7
{ [%clk 0:06:37] } 21. Qd7 { [%clk 0:04:13] } 21... Qxd7 { [%clk 0:06:27] } 22.
Rxd7+ { [%clk 0:04:11] } 22... Rf7 { [%clk 0:06:26] } 23. Rfd1
{ [%clk 0:04:10] } 23... Rxd7 { [%clk 0:06:19] } 24. Rxd7+ { [%clk 0:04:08] }
24... Kf6 { [%clk 0:06:18] } 25. Kf1 { [%clk 0:04:05] } 25... Ke6
{ [%clk 0:06:12] } 26. Rg7 { [%clk 0:04:00] } 26... Kf6 { [%clk 0:06:10] } 27.
Rc7 { [%clk 0:03:56] } 27... Ke6 { [%clk 0:05:27] } 28. Ke2 { [%clk 0:03:53] }
28... Kf6 { [%clk 0:05:13] } 29. b4 { [%clk 0:03:49] } 29... Kf5
{ [%clk 0:05:00] } 30. g3 { [%clk 0:02:42] } 30... g4 { [%clk 0:04:51] } 31. h4
{ [%clk 0:02:40] } 31... b5 { [%clk 0:04:36] } 32. cxb5 { [%clk 0:02:16] }
32... cxb5 { [%clk 0:04:31] } 33. a5 { [%clk 0:02:14] } 33... Ra8
{ [%clk 0:04:13] } 34. Rc6 { [%clk 0:01:59] } 34... Ra7 { [%clk 0:04:07] } 35.
Ke3 { [%clk 0:01:56] } 35... Ra8 { [%clk 0:03:45] } 36. Rc7 { [%clk 0:01:41] }
36... Rd8 { [%clk 0:03:18] } 37. Ke2 { [%clk 0:01:35] } 37... Rd4
{ [%clk 0:03:15] } 38. Rc6 { [%clk 0:01:28] } 38... Rxb4 { [%clk 0:03:13] } 39.
Rxa6 { [%clk 0:01:27] } 39... Ra4 { [%clk 0:03:13] } 40. Ra8 { [%clk 0:01:22] }
40... b4 { [%clk 0:03:12] } 41. a6 { [%clk 0:01:18] } 41... b3
{ [%clk 0:03:11] } 42. a7 { [%clk 0:01:15] } 42... b2 { [%clk 0:03:09] } 43.
Rb8 { [%clk 0:01:14] } 43... Ra2 { [%clk 0:03:08] } 44. a8=Q { [%clk 0:01:09] }
44... b1=Q+ { [%clk 0:02:53] } 0-1"
Rated Rapid game,https://lichess.org/1ckKxtM2,2024.08.01,-,nino19591,chess-cocker,1-0,2024.08.01,08:42:22,1432,1372,,,B00,"Nimzowitsch Defense: Kennedy Variation, Linksspringer Variation",600+0,Normal,"1. e4 { [%clk 0:10:00] } 1... e5 { [%clk 0:10:00] } 2. d4 { [%clk 0:09:51] }
2... Nc6 { [%clk 0:09:57] } 3. d5 { [%clk 0:09:49] } 3... Nce7
{ [%clk 0:09:51] } 4. g3 { [%clk 0:09:34] } 4... Nf6 { [%clk 0:09:49] } 5. Bg2
{ [%clk 0:09:27] } 5... d6 { [%clk 0:09:47] } 6. Ne2 { [%clk 0:09:15] } 6...
Bg4 { [%clk 0:09:43] } 7. h3 { [%clk 0:09:10] } 7... Bh5 { [%clk 0:09:31] } 8.
g4 { [%clk 0:09:09] } 8... Bg6 { [%clk 0:09:30] } 9. f3 { [%clk 0:09:05] } 9...
h6 { [%clk 0:09:26] } 10. Nbc3 { [%clk 0:08:42] } 10... Qd7 { [%clk 0:09:21] }
11. Be3 { [%clk 0:08:29] } 11... O-O-O { [%clk 0:09:19] } 12. Qd2
{ [%clk 0:08:15] } 12... Kb8 { [%clk 0:09:15] } 13. Nc1 { [%clk 0:07:59] }
13... Qb5 { [%clk 0:08:57] } 14. Nxb5 { [%clk 0:07:51] } 1-0"
Rated Rapid game,https://lichess.org/5wD6drck,2024.08.01,-,tikryte,tksridhar,1-0,2024.08.01,08:42:22,1022,1073,,,A00,Mieses Opening,600+0,Normal,"1. d3 { [%clk 0:10:00] } 1... d5 { [%clk 0:10:00] } 2. Qd2 { [%clk 0:09:57] }
2... a6 { [%clk 0:09:59] } 3. g3 { [%clk 0:09:52] } 3... h6 { [%clk 0:09:58] }
4. Bg2 { [%clk 0:09:51] } 4... c6 { [%clk 0:09:49] } 5. Qc3 { [%clk 0:09:48] }
5... Nf6 { [%clk 0:09:45] } 6. Nd2 { [%clk 0:09:41] } 6... Qd6
{ [%clk 0:09:34] } 7. Nh3 { [%clk 0:09:27] } 7... Bxh3 { [%clk 0:09:18] } 8.
Bxh3 { [%clk 0:09:24] } 8... a5 { [%clk 0:09:11] } 9. b3 { [%clk 0:09:18] }
9... Na6 { [%clk 0:09:07] } 10. Bb2 { [%clk 0:09:00] } 10... d4
{ [%clk 0:08:49] } 11. Qc4 { [%clk 0:08:41] } 11... b5 { [%clk 0:08:40] } 12.
Qxd4 { [%clk 0:08:33] } 12... Qxd4 { [%clk 0:08:29] } 13. Bxd4
{ [%clk 0:08:30] } 13... Rd8 { [%clk 0:08:29] } 14. Bb6 { [%clk 0:08:25] }
14... Rd6 { [%clk 0:08:19] } 15. Bxa5 { [%clk 0:08:18] } 15... e6
{ [%clk 0:08:14] } 16. Nf3 { [%clk 0:07:59] } 16... g5 { [%clk 0:08:02] } 17.
Ne5 { [%clk 0:07:53] } 17... g4 { [%clk 0:07:58] } 18. Bg2 { [%clk 0:07:47] }
18... h5 { [%clk 0:07:20] } 19. Bxc6+ { [%clk 0:07:38] } 19... Rxc6
{ [%clk 0:07:16] } 20. Nxc6 { [%clk 0:07:35] } 20... Nd5 { [%clk 0:07:09] } 21.
Na7 { [%clk 0:07:17] } 21... b4 { [%clk 0:06:50] } 22. h3 { [%clk 0:07:06] }
22... Bg7 { [%clk 0:06:35] } 23. O-O-O { [%clk 0:06:54] } 23... Nc3
{ [%clk 0:06:20] } 24. Rde1 { [%clk 0:06:40] } 24... Nxa2+ { [%clk 0:06:16] }
25. Kb1 { [%clk 0:06:30] } 25... Nc3+ { [%clk 0:06:14] } 26. Kc1
{ [%clk 0:06:21] } 26... Bd4 { [%clk 0:06:01] } 27. hxg4 { [%clk 0:06:15] }
27... Bxf2 { [%clk 0:05:56] } 28. Ref1 { [%clk 0:05:59] } 28... Bxg3
{ [%clk 0:05:50] } 29. Rhg1 { [%clk 0:05:46] } 29... Nxe2+ { [%clk 0:05:37] }
30. Kd1 { [%clk 0:05:31] } 30... Nc3+ { [%clk 0:05:27] } 31. Kd2
{ [%clk 0:05:24] } 31... Be5 { [%clk 0:05:14] } 32. gxh5 { [%clk 0:05:14] }
32... Rxh5 { [%clk 0:05:03] } 33. Rg8+ { [%clk 0:05:12] } 33... Ke7
{ [%clk 0:05:02] } 34. Nc6+ { [%clk 0:04:52] } 34... Kd6 { [%clk 0:05:00] } 35.
Nd8 { [%clk 0:04:12] } 35... Rh2+ { [%clk 0:04:52] } 36. Ke3 { [%clk 0:03:59] }
36... Rh3+ { [%clk 0:04:34] } 37. Kd2 { [%clk 0:03:42] } 37... Rh7
{ [%clk 0:04:02] } 38. Nxf7+ { [%clk 0:03:37] } 38... Rxf7 { [%clk 0:04:00] }
39. Rxf7 { [%clk 0:03:35] } 39... Bh2 { [%clk 0:03:31] } 40. Rd8+
{ [%clk 0:03:31] } 40... Ke5 { [%clk 0:03:30] } 41. Bc7+ { [%clk 0:02:59] }
41... Nxc7 { [%clk 0:03:23] } 42. Rxc7 { [%clk 0:02:57] } 42... Kf6
{ [%clk 0:03:14] } 43. Rb7 { [%clk 0:02:51] } 43... Bf4+ { [%clk 0:03:05] } 44.
Ke1 { [%clk 0:02:43] } 44... Bg3+ { [%clk 0:02:54] } 45. Kf1 { [%clk 0:02:40] }
45... Bh4 { [%clk 0:02:35] } 46. Rxb4 { [%clk 0:02:34] } 46... Ke5
{ [%clk 0:02:30] } 47. Rxh4 { [%clk 0:02:23] } 1-0"
Rated Rapid game,https://lichess.org/ZwZ72iSG,2024.08.01,-,knaudio,velo_26,1-0,2024.08.01,08:42:22,1571,1515,,,D06,Queen's Gambit Declined: Marshall Defense,600+0,Normal,"1. c4 { [%clk 0:10:00] } 1... Nf6 { [%clk 0:10:00] } 2. d4 { [%clk 0:09:57] }
2... d5 { [%clk 0:09:58] } 3. cxd5 { [%clk 0:09:55] } 3... Qxd5
{ [%clk 0:09:55] } 4. Nc3 { [%clk 0:09:53] } 4... Qa5 { [%clk 0:09:53] } 5. Bd2
{ [%clk 0:09:50] } 5... c6 { [%clk 0:09:52] } 6. e4 { [%clk 0:09:45] } 6... Qc7
{ [%clk 0:09:40] } 7. h3 { [%clk 0:09:40] } 7... h6 { [%clk 0:09:38] } 8. Nf3
{ [%clk 0:09:39] } 8... a6 { [%clk 0:09:29] } 9. a3 { [%clk 0:09:37] } 9...
Nbd7 { [%clk 0:09:27] } 10. Bd3 { [%clk 0:09:32] } 10... e6 { [%clk 0:09:22] }
11. O-O { [%clk 0:09:30] } 11... Be7 { [%clk 0:09:20] } 12. Qc1
{ [%clk 0:09:21] } 12... b5 { [%clk 0:09:16] } 13. b4 { [%clk 0:09:16] } 13...
Bd6 { [%clk 0:09:09] } 14. e5 { [%clk 0:09:11] } 1-0"
Rated Rapid game,https://lichess.org/LfPHMiWA,2024.08.01,-,vicentuo_16,Deadmen81,1-0,2024.08.01,08:42:22,931,967,,,B01,Scandinavian Defense,600+0,Normal,"1. e4 { [%eval 0.15] [%clk 0:10:00] } 1... d5 { [%eval 0.54] [%clk 0:10:00] }
2. Nc3 $6 { [%eval -0.42] [%clk 0:09:56] } 2... Be6 $2
{ [%eval 0.6] [%clk 0:09:38] } 3. exd5 { [%eval 0.67] [%clk 0:09:54] } 3...
Bxd5 { [%eval 0.73] [%clk 0:09:36] } 4. Nxd5 { [%eval 0.5] [%clk 0:09:52] }
4... Qxd5 { [%eval 0.56] [%clk 0:09:34] } 5. Bb5+ $4
{ [%eval -5.12] [%clk 0:09:50] } 5... Qxb5 { [%eval -5.12] [%clk 0:09:31] } 6.
Qe2 { [%eval -5.84] [%clk 0:09:48] } 6... Qc6 { [%eval -4.64] [%clk 0:09:16] }
7. d4 { [%eval -5.22] [%clk 0:09:37] } 7... Qxg2
{ [%eval -5.58] [%clk 0:09:14] } 8. Nf3 $2 { [%eval -7.6] [%clk 0:09:14] } 8...
Qxh1+ { [%eval -7.44] [%clk 0:09:10] } 9. Kd2 { [%eval -7.55] [%clk 0:09:13] }
9... Nf6 { [%eval -6.95] [%clk 0:08:53] } 10. Ng5
{ [%eval -8.7] [%clk 0:09:09] } 10... Qxh2 { [%eval -8.59] [%clk 0:08:41] } 11.
Nf3 { [%eval -8.9] [%clk 0:08:40] } 11... Qf4+ { [%eval -8.36] [%clk 0:08:31] }
12. Kd1 { [%eval -8.7] [%clk 0:08:32] } 12... Qd6
{ [%eval -8.71] [%clk 0:08:24] } 13. c4 { [%eval -8.64] [%clk 0:08:18] } 13...
Nc6 { [%eval -8.14] [%clk 0:07:59] } 14. Be3 { [%eval -8.71] [%clk 0:08:09] }
14... e5 { [%eval -8.49] [%clk 0:07:41] } 15. c5
{ [%eval -8.71] [%clk 0:08:04] } 15... Qd5 { [%eval -8.65] [%clk 0:07:31] } 16.
Nxe5 { [%eval -9.94] [%clk 0:07:54] } 16... Nxe5
{ [%eval -9.88] [%clk 0:07:25] } 17. Qb5+ { [%eval -9.96] [%clk 0:07:51] }
17... c6 { [%eval -9.76] [%clk 0:07:21] } 18. Qxb7
{ [%eval -9.96] [%clk 0:07:43] } 18... Rd8 { [%eval -9.84] [%clk 0:07:11] } 19.
Qxa7 { [%eval -10.57] [%clk 0:07:16] } 19... Bxc5
{ [%eval -10.75] [%clk 0:07:09] } 20. Qc7 { [%eval -12.71] [%clk 0:06:48] }
20... Bxd4 { [%eval -13.26] [%clk 0:06:58] } 21. Rc1 $6
{ [%eval #-3] [%clk 0:06:30] } 21... Bxb2+ { [%eval #-8] [%clk 0:06:56] } 22.
Kc2 { [%eval #-8] [%clk 0:06:24] } 22... Bxc1 { [%eval -16.04] [%clk 0:06:47] }
23. Bb6 $6 { [%eval #-2] [%clk 0:06:08] } 23... Qc4+
{ [%eval #-3] [%clk 0:06:25] } 24. Kb1 { [%eval #-3] [%clk 0:06:03] } 24... Bg5
$4 { [%eval #1] [%clk 0:06:05] } 25. Qxd8# { [%clk 0:06:01] } 1-0"
Rated Rapid game,https://lichess.org/HfxIPuh4,2024.08.01,-,niaka110,eugeneawuye,1/2-1/2,2024.08.01,08:42:22,681,812,,,C41,Philidor Defense,600+0,Normal,"1. e4 { [%clk 0:10:00] } 1... e5 { [%clk 0:10:00] } 2. Nf3 { [%clk 0:09:58] }
2... d6 { [%clk 0:09:57] } 3. d4 { [%clk 0:09:53] } 3... f6 { [%clk 0:09:48] }
4. c4 { [%clk 0:09:21] } 4... Nc6 { [%clk 0:09:46] } 5. Be3 { [%clk 0:09:16] }
5... Bg4 { [%clk 0:09:31] } 6. h3 { [%clk 0:09:08] } 6... Bh5
{ [%clk 0:09:29] } 7. c5 { [%clk 0:09:00] } 7... b6 { [%clk 0:09:20] } 8. Nc3
{ [%clk 0:08:31] } 8... Rb8 { [%clk 0:08:39] } 9. Bb5 { [%clk 0:08:11] } 9...
Qd7 { [%clk 0:08:09] } 10. d5 { [%clk 0:08:03] } 10... Nb4 { [%clk 0:07:29] }
11. Bxd7+ { [%clk 0:07:59] } 11... Kxd7 { [%clk 0:07:23] } 12. a4
{ [%clk 0:07:33] } 12... Bxf3 { [%clk 0:07:01] } 13. Qxf3 { [%clk 0:07:29] }
13... bxc5 { [%clk 0:06:49] } 14. Qf5+ { [%clk 0:07:12] } 14... Kd8
{ [%clk 0:06:36] } 15. O-O { [%clk 0:06:54] } 15... g6 { [%clk 0:06:32] } 16.
Qf3 { [%clk 0:06:45] } 16... Nd3 { [%clk 0:06:19] } 17. b3 { [%clk 0:06:29] }
17... Rxb3 { [%clk 0:06:03] } 18. Rab1 { [%clk 0:06:19] } 18... Rxc3
{ [%clk 0:06:01] } 19. Rb8+ { [%clk 0:06:12] } 19... Kd7 { [%clk 0:05:55] } 20.
Rxf8 { [%clk 0:06:10] } 20... Ra3 { [%clk 0:05:23] } 21. Rb1 { [%clk 0:06:00] }
21... Rxa4 { [%clk 0:05:21] } 22. Rbb8 { [%clk 0:05:56] } 22... Ke7
{ [%clk 0:05:14] } 23. g4 { [%clk 0:05:17] } 23... Ra1+ { [%clk 0:05:03] } 24.
Kg2 { [%clk 0:05:13] } 24... Ne1+ { [%clk 0:04:59] } 25. Kg3 { [%clk 0:05:03] }
25... Nxf3 { [%clk 0:04:58] } 26. Rbe8+ { [%clk 0:04:39] } 26... Kd7
{ [%clk 0:04:53] } 27. Rd8+ { [%clk 0:04:32] } 27... Ke7 { [%clk 0:04:47] } 28.
Rde8+ { [%clk 0:04:25] } 28... Kd7 { [%clk 0:04:46] } 29. Rd8+
{ [%clk 0:04:23] } 29... Ke7 { [%clk 0:04:45] } 30. Rde8+ { [%clk 0:04:22] }
1/2-1/2"
Rated Rapid game,https://lichess.org/qNOa843i,2024.08.01,-,JulienMo91,kaino24,1-0,2024.08.01,08:42:28,1659,1695,,,A00,Van't Kruijs Opening,600+0,Normal,"1. e3 { [%clk 0:10:00] } 1... Nc6 { [%clk 0:10:00] } 2. Nc3 { [%clk 0:09:59] }
2... d6 { [%clk 0:09:57] } 3. Qf3 { [%clk 0:09:58] } 3... e6 { [%clk 0:09:54] }
4. Bd3 { [%clk 0:09:57] } 4... Qf6 { [%clk 0:09:52] } 5. Ne4 { [%clk 0:09:46] }
5... Qxf3 { [%clk 0:09:44] } 6. Nxf3 { [%clk 0:09:44] } 6... f5
{ [%clk 0:09:41] } 7. Ng3 { [%clk 0:09:39] } 7... Nf6 { [%clk 0:09:34] } 8. b3
{ [%clk 0:09:36] } 8... h5 { [%clk 0:09:30] } 9. Bb2 { [%clk 0:09:34] } 9... h4
{ [%clk 0:09:28] } 10. Ne2 { [%clk 0:09:33] } 10... Be7 { [%clk 0:09:24] } 11.
h3 { [%clk 0:09:32] } 11... e5 { [%clk 0:09:03] } 12. Bb5 { [%clk 0:09:22] }
12... e4 { [%clk 0:08:50] } 13. Nfd4 { [%clk 0:09:19] } 13... Bd7
{ [%clk 0:08:42] } 14. Nxc6 { [%clk 0:09:02] } 14... bxc6 { [%clk 0:08:42] }
15. Ba4 { [%clk 0:08:57] } 15... g5 { [%clk 0:08:19] } 16. d3
{ [%clk 0:08:53] } 16... d5 { [%clk 0:08:13] } 17. c4 { [%clk 0:08:49] } 17...
dxc4 { [%clk 0:08:07] } 18. bxc4 { [%clk 0:08:44] } 18... Rb8
{ [%clk 0:08:05] } 19. Bc3 { [%clk 0:08:39] } 19... Bb4 { [%clk 0:07:49] } 20.
O-O { [%clk 0:08:28] } 20... exd3 { [%clk 0:07:45] } 21. Bxb4
{ [%clk 0:08:05] } 21... dxe2 { [%clk 0:07:41] } 22. Rfb1 { [%clk 0:07:59] }
22... Ne4 { [%clk 0:07:29] } 23. Ba3 { [%clk 0:07:41] } 23... Kf7
{ [%clk 0:07:05] } 24. Re1 { [%clk 0:07:30] } 24... Nc3 { [%clk 0:06:56] } 25.
Bb3 { [%clk 0:07:19] } 25... Kg6 { [%clk 0:06:07] } 26. Bb2 { [%clk 0:07:17] }
26... Na4 { [%clk 0:06:01] } 27. Bxh8 { [%clk 0:07:11] } 27... Nc5
{ [%clk 0:05:32] } 28. Bd4 { [%clk 0:06:57] } 28... Nxb3 { [%clk 0:05:30] } 29.
axb3 { [%clk 0:06:54] } 29... Rxb3 { [%clk 0:05:28] } 30. Rxe2
{ [%clk 0:06:50] } 30... Be6 { [%clk 0:05:26] } 31. Rc2 { [%clk 0:06:39] }
31... Rb4 { [%clk 0:05:15] } 32. Rxa7 { [%clk 0:06:33] } 32... Bxc4
{ [%clk 0:05:13] } 33. Rxc7 { [%clk 0:06:31] } 33... Bd5 { [%clk 0:05:07] } 34.
g3 { [%clk 0:05:50] } 34... hxg3 { [%clk 0:04:59] } 35. fxg3 { [%clk 0:05:48] }
35... Rb1+ { [%clk 0:04:53] } 36. Kf2 { [%clk 0:05:43] } 36... Rh1
{ [%clk 0:04:50] } 37. R7xc6+ { [%clk 0:05:07] } 37... Bxc6 { [%clk 0:04:48] }
38. Rxc6+ { [%clk 0:05:06] } 38... Kh5 { [%clk 0:04:46] } 39. g4+
{ [%clk 0:04:46] } 39... fxg4 { [%clk 0:04:43] } 40. hxg4+ { [%clk 0:04:44] }
40... Kxg4 { [%clk 0:04:37] } 41. Rg6 { [%clk 0:04:22] } 41... Kf5
{ [%clk 0:04:33] } 42. Rf6+ { [%clk 0:04:15] } 42... Kg4 { [%clk 0:04:32] } 43.
Rg6 { [%clk 0:04:14] } 43... Kf5 { [%clk 0:04:31] } 44. Rg7 { [%clk 0:04:13] }
44... Rh2+ { [%clk 0:04:28] } 45. Kg3 { [%clk 0:04:10] } 45... Rh1
{ [%clk 0:04:22] } 46. Kf2 { [%clk 0:03:48] } 46... Rh2+ { [%clk 0:04:13] } 47.
Kg3 { [%clk 0:03:31] } 47... Rh1 { [%clk 0:04:10] } 48. Kf3 { [%clk 0:03:29] }
48... Rf1+ { [%clk 0:04:07] } 49. Ke2 { [%clk 0:03:27] } 49... Rh1
{ [%clk 0:04:04] } 50. Kd3 { [%clk 0:03:25] } 50... Rh3 { [%clk 0:04:03] } 51.
Kc4 { [%clk 0:03:03] } 51... g4 { [%clk 0:03:58] } 52. Kd5 { [%clk 0:03:00] }
52... Rh5 { [%clk 0:03:52] } 53. e4+ { [%clk 0:02:57] } 53... Kf4+
{ [%clk 0:03:44] } 54. Kc4 { [%clk 0:02:44] } 54... g3 { [%clk 0:03:40] } 55.
e5 { [%clk 0:02:36] } 55... Kf3 { [%clk 0:02:30] } 56. e6 { [%clk 0:02:29] }
56... Rh4 { [%clk 0:02:27] } 57. e7 { [%clk 0:02:11] } 57... Re4
{ [%clk 0:02:25] } 58. Kd5 { [%clk 0:02:07] } 58... Re2 { [%clk 0:02:23] } 59.
Bc5 { [%clk 0:01:48] } 59... g2 { [%clk 0:02:20] } 60. Rg8 { [%clk 0:01:42] }
60... Rd2+ { [%clk 0:02:05] } 61. Kc6 { [%clk 0:01:38] } 61... Re2
{ [%clk 0:02:04] } 62. e8=Q { [%clk 0:01:24] } 62... Rxe8 { [%clk 0:02:02] }
63. Rxe8 { [%clk 0:01:22] } 63... g1=R { [%clk 0:02:00] } 64. Bxg1
{ [%clk 0:01:19] } 1-0"
Rated Rapid game,https://lichess.org/jxiLYOVw,2024.08.01,-,toli56,set44bam,0-1,2024.08.01,08:42:28,2064,2041,,,A00,Van't Kruijs Opening,600+0,Normal,"1. e3 { [%clk 0:10:00] } 1... e6 { [%clk 0:10:00] } 2. d3 { [%clk 0:09:58] }
2... Be7 { [%clk 0:09:59] } 3. f3 { [%clk 0:09:57] } 3... d6 { [%clk 0:09:59] }
4. Ne2 { [%clk 0:09:55] } 4... a6 { [%clk 0:09:57] } 5. Ng3 { [%clk 0:09:54] }
5... b5 { [%clk 0:09:56] } 6. Be2 { [%clk 0:09:52] } 6... Bb7
{ [%clk 0:09:55] } 7. O-O { [%clk 0:09:50] } 7... Nf6 { [%clk 0:09:54] } 8. c3
{ [%clk 0:09:47] } 8... O-O { [%clk 0:09:54] } 9. d4 { [%clk 0:09:42] } 9... c5
{ [%clk 0:09:52] } 10. e4 { [%clk 0:09:38] } 10... Nbd7 { [%clk 0:09:47] } 11.
Be3 { [%clk 0:09:34] } 11... Qc7 { [%clk 0:09:41] } 12. Bf2 { [%clk 0:09:32] }
12... Rad8 { [%clk 0:09:39] } 13. Qc2 { [%clk 0:09:24] } 13... cxd4
{ [%clk 0:09:34] } 14. Bxd4 { [%clk 0:09:22] } 14... Ne5 { [%clk 0:09:18] } 15.
Na3 { [%clk 0:09:05] } 15... b4 { [%clk 0:09:08] } 16. Bxe5 { [%clk 0:08:51] }
16... dxe5 { [%clk 0:09:05] } 17. Nc4 { [%clk 0:08:48] } 17... bxc3
{ [%clk 0:09:01] } 18. bxc3 { [%clk 0:08:43] } 18... Rd6 { [%clk 0:08:43] } 19.
Nxd6 { [%clk 0:08:40] } 19... Bxd6 { [%clk 0:08:39] } 20. Kh1
{ [%clk 0:08:20] } 20... Rc8 { [%clk 0:08:35] } 21. c4 { [%clk 0:08:19] } 21...
Bc5 { [%clk 0:08:29] } 22. Rab1 { [%clk 0:08:15] } 22... h5 { [%clk 0:08:21] }
23. Rfd1 { [%clk 0:08:01] } 23... h4 { [%clk 0:08:16] } 24. Nf1
{ [%clk 0:07:59] } 24... Bd4 { [%clk 0:08:13] } 25. Qb3 { [%clk 0:07:53] }
25... Bc6 { [%clk 0:07:47] } 26. Qb6 { [%clk 0:07:42] } 26... Bxb6
{ [%clk 0:07:44] } 0-1"
Rated Rapid game,https://lichess.org/IvM6ZjMO,2024.08.01,-,hooseinazad,hkhayyam,1-0,2024.08.01,08:42:28,1566,1565,,,C00,French Defense,600+0,Time forfeit,"1. e4 { [%clk 0:10:00] } 1... e6 { [%clk 0:10:00] } 2. Qf3 { [%clk 0:09:58] }
2... Qf6 { [%clk 0:09:59] } 3. Bc4 { [%clk 0:09:56] } 3... Bc5
{ [%clk 0:09:51] } 4. Nc3 { [%clk 0:09:53] } 4... Nc6 { [%clk 0:09:39] } 5. Nb5
{ [%clk 0:09:45] } 5... Bb6 { [%clk 0:09:34] } 6. c3 { [%clk 0:09:31] } 6... a6
{ [%clk 0:09:30] } 7. Qxf6 { [%clk 0:09:18] } 7... Nxf6 { [%clk 0:09:28] } 8.
Na3 { [%clk 0:09:14] } 8... Nxe4 { [%clk 0:09:25] } 9. Nh3 { [%clk 0:09:03] }
9... d5 { [%clk 0:09:22] } 10. Bd3 { [%clk 0:09:00] } 10... Nf6
{ [%clk 0:09:17] } 11. O-O { [%clk 0:08:56] } 11... h5 { [%clk 0:09:08] } 12.
b4 { [%clk 0:08:47] } 12... e5 { [%clk 0:09:04] } 13. Ng5 { [%clk 0:08:36] }
13... e4 { [%clk 0:08:57] } 14. Be2 { [%clk 0:08:29] } 14... h4
{ [%clk 0:07:08] } 15. Bb2 { [%clk 0:08:26] } 15... Rh5 { [%clk 0:06:51] } 16.
Bxh5 { [%clk 0:08:22] } 16... Nxh5 { [%clk 0:06:45] } 17. c4 { [%clk 0:08:05] }
17... dxc4 { [%clk 0:06:30] } 18. Nxc4 { [%clk 0:08:03] } 18... Ba7
{ [%clk 0:06:23] } 19. a3 { [%clk 0:07:43] } 19... f6 { [%clk 0:06:19] } 20.
Nxe4 { [%clk 0:07:32] } 20... Be6 { [%clk 0:06:12] } 21. Nc5 { [%clk 0:07:27] }
21... Bxc4 { [%clk 0:06:05] } 22. Rfe1+ { [%clk 0:07:21] } 22... Kf7
{ [%clk 0:05:22] } 23. Nxb7 { [%clk 0:07:10] } 23... Bd5 { [%clk 0:04:49] } 24.
Nc5 { [%clk 0:06:43] } 24... Nf4 { [%clk 0:04:38] } 25. g3 { [%clk 0:06:21] }
25... hxg3 { [%clk 0:04:32] } 26. fxg3 { [%clk 0:06:17] } 26... Nh3+
{ [%clk 0:04:26] } 27. Kf1 { [%clk 0:06:08] } 27... Ng5 { [%clk 0:04:22] } 28.
Ke2 { [%clk 0:05:37] } 28... Bf3+ { [%clk 0:04:02] } 29. Kf2 { [%clk 0:05:23] }
29... a5 { [%clk 0:03:59] } 30. h4 { [%clk 0:05:19] } 30... Ne4+
{ [%clk 0:03:18] } 31. Kxf3 { [%clk 0:05:11] } 31... Nxd2+ { [%clk 0:02:55] }
32. Ke3 { [%clk 0:04:51] } 32... Nc4+ { [%clk 0:02:51] } 33. Kf2
{ [%clk 0:04:38] } 33... Nxb2 { [%clk 0:02:49] } 34. Rac1 { [%clk 0:04:07] }
34... Nd3+ { [%clk 0:02:48] } 35. Kf1 { [%clk 0:04:00] } 35... Nxc1
{ [%clk 0:02:36] } 36. Rxc1 { [%clk 0:03:58] } 36... axb4 { [%clk 0:02:34] }
37. Nd3 { [%clk 0:03:38] } 37... Ne5 { [%clk 0:01:34] } 38. Nxe5+
{ [%clk 0:03:33] } 38... fxe5 { [%clk 0:01:31] } 39. Rxc7+ { [%clk 0:03:28] }
39... Ke6 { [%clk 0:01:25] } 40. axb4 { [%clk 0:03:25] } 40... Rf8+
{ [%clk 0:01:18] } 41. Kg2 { [%clk 0:03:19] } 41... Bd4 { [%clk 0:01:10] } 42.
Rxg7 { [%clk 0:03:13] } 42... e4 { [%clk 0:01:08] } 43. Rc7 { [%clk 0:03:00] }
43... e3 { [%clk 0:01:05] } 44. Rc1 { [%clk 0:02:57] } 44... Rf2+
{ [%clk 0:01:01] } 45. Kh3 { [%clk 0:02:52] } 45... e2 { [%clk 0:00:59] } 46.
Rc8 { [%clk 0:02:43] } 46... e1=Q { [%clk 0:00:56] } 47. Re8+
{ [%clk 0:02:41] } 47... Kd5 { [%clk 0:00:46] } 48. Rxe1 { [%clk 0:02:39] }
48... Rb2 { [%clk 0:00:44] } 49. Rd1 { [%clk 0:02:34] } 49... Rxb4
{ [%clk 0:00:42] } 50. h5 { [%clk 0:02:26] } 50... Rb6 { [%clk 0:00:40] } 51.
g4 { [%clk 0:02:24] } 51... Rh6 { [%clk 0:00:38] } 52. Kh4 { [%clk 0:02:11] }
52... Ke4 { [%clk 0:00:37] } 53. g5 { [%clk 0:01:55] } 53... Bf2+
{ [%clk 0:00:31] } 54. Kg4 { [%clk 0:01:52] } 54... Rh8 { [%clk 0:00:28] } 55.
g6 { [%clk 0:01:49] } 55... Be3 { [%clk 0:00:23] } 56. Re1 { [%clk 0:01:44] }
56... Rg8 { [%clk 0:00:21] } 57. Rxe3+ { [%clk 0:01:34] } 57... Kxe3
{ [%clk 0:00:20] } 58. Kg5 { [%clk 0:01:33] } 58... Ke4 { [%clk 0:00:19] } 59.
Kf6 { [%clk 0:01:20] } 59... Kf4 { [%clk 0:00:15] } 60. h6 { [%clk 0:01:18] }
60... Kg4 { [%clk 0:00:13] } 61. h7 { [%clk 0:01:15] } 61... Rh8
{ [%clk 0:00:09] } 62. Kg7 { [%clk 0:01:13] } 62... Rd8 { [%clk 0:00:05] } 63.
h8=Q { [%clk 0:01:11] } 63... Rd7+ { [%clk 0:00:05] } 64. Kh6
{ [%clk 0:01:09] } 64... Rd6 { [%clk 0:00:00] } 65. Qd4+ { [%clk 0:01:00] } 1-0"
Rated Rapid game,https://lichess.org/JL5JBc1h,2024.08.01,-,idarik85,manojkumardeva,0-1,2024.08.01,08:42:28,1719,1700,,,B01,Scandinavian Defense,600+0,Normal,"1. e4 { [%clk 0:10:00] } 1... d5 { [%clk 0:10:00] } 2. exd5 { [%clk 0:09:59] }
2... e5 { [%clk 0:09:59] } 3. c4 { [%clk 0:09:56] } 3... c6 { [%clk 0:09:55] }
4. d4 { [%clk 0:09:54] } 4... cxd5 { [%clk 0:09:51] } 5. dxe5
{ [%clk 0:09:53] } 5... f6 { [%clk 0:09:46] } 6. exf6 { [%clk 0:09:50] } 6...
Nxf6 { [%clk 0:09:45] } 7. Bg5 { [%clk 0:09:48] } 7... Bb4+ { [%clk 0:09:32] }
8. Nc3 { [%clk 0:09:45] } 8... d4 { [%clk 0:09:09] } 9. a3 { [%clk 0:09:41] }
9... Qe7+ { [%clk 0:09:03] } 10. Be2 { [%clk 0:09:38] } 10... dxc3
{ [%clk 0:08:59] } 11. axb4 { [%clk 0:09:37] } 11... cxb2 { [%clk 0:08:57] }
12. Rb1 { [%clk 0:09:35] } 12... O-O { [%clk 0:08:51] } 13. Rxb2
{ [%clk 0:09:31] } 13... Nc6 { [%clk 0:08:38] } 14. b5 { [%clk 0:09:28] } 14...
Ne5 { [%clk 0:08:08] } 15. Bxf6 { [%clk 0:09:11] } 15... Qxf6
{ [%clk 0:07:58] } 16. Rd2 { [%clk 0:09:09] } 16... Qxf2# { [%clk 0:07:54] }
0-1"
Rated Rapid game,https://lichess.org/3UKwOrZS,2024.08.01,-,mpadovani73,kostinki,1-0,2024.08.01,08:42:28,1560,1487,,,D00,Blackmar-Diemer Gambit Declined: Vienna Defense,600+0,Normal,"1. d4 { [%clk 0:10:00] } 1... d5 { [%clk 0:10:00] } 2. e4 { [%clk 0:09:59] }
2... dxe4 { [%clk 0:09:56] } 3. Nc3 { [%clk 0:09:57] } 3... Nf6
{ [%clk 0:09:49] } 4. f3 { [%clk 0:09:55] } 4... Bf5 { [%clk 0:09:26] } 5. fxe4
{ [%clk 0:09:51] } 5... Bg4 { [%clk 0:09:21] } 6. Be2 { [%clk 0:09:41] } 6...
Bxe2 { [%clk 0:09:19] } 7. Qxe2 { [%clk 0:09:39] } 7... Qxd4 { [%clk 0:09:15] }
8. Be3 { [%clk 0:09:36] } 8... Qe5 { [%clk 0:08:42] } 9. Nb5 { [%clk 0:09:21] }
9... c6 { [%clk 0:08:38] } 10. Bd4 { [%clk 0:09:06] } 10... Qxe4
{ [%clk 0:08:26] } 11. Qxe4 { [%clk 0:09:04] } 11... Nxe4 { [%clk 0:08:24] }
12. Nc7+ { [%clk 0:09:03] } 12... Kd7 { [%clk 0:08:11] } 13. Nxa8
{ [%clk 0:09:01] } 13... Kc8 { [%clk 0:08:00] } 14. Bxa7 { [%clk 0:08:58] }
14... Na6 { [%clk 0:07:48] } 15. Nb6+ { [%clk 0:08:44] } 15... Kc7
{ [%clk 0:07:32] } 16. Nh3 { [%clk 0:08:29] } 16... Nb4 { [%clk 0:07:30] } 17.
O-O { [%clk 0:08:22] } 17... Nxc2 { [%clk 0:07:11] } 18. Rac1
{ [%clk 0:08:13] } 18... Ne3 { [%clk 0:07:07] } 19. Rfe1 { [%clk 0:08:06] }
19... Ng4 { [%clk 0:05:31] } 20. Rxe4 { [%clk 0:08:01] } 20... f5
{ [%clk 0:05:28] } 21. Rd4 { [%clk 0:07:55] } 21... Nf6 { [%clk 0:05:08] } 22.
Rcd1 { [%clk 0:07:40] } 22... e5 { [%clk 0:05:05] } 23. Rd7+ { [%clk 0:07:35] }
23... Nxd7 { [%clk 0:04:54] } 24. Rxd7# { [%clk 0:07:33] } 1-0"
Rated Rapid game,https://lichess.org/FnkEabvG,2024.08.01,-,M4qu1n,vedyakovegor,1/2-1/2,2024.08.01,08:42:28,1279,1210,,,C42,Russian Game: Damiano Variation,600+0,Normal,"1. e4 { [%clk 0:10:00] } 1... e5 { [%clk 0:10:00] } 2. Nf3 { [%clk 0:09:56] }
2... Nf6 { [%clk 0:09:53] } 3. Nxe5 { [%clk 0:09:51] } 3... Nxe4
{ [%clk 0:09:46] } 4. Bc4 { [%clk 0:09:46] } 4... Bc5 { [%clk 0:09:17] } 5.
Nxf7 { [%clk 0:09:38] } 5... Nxf2 { [%clk 0:08:58] } 6. Qe2+ { [%clk 0:09:33] }
6... Qe7 { [%clk 0:08:44] } 7. Qxe7+ { [%clk 0:08:45] } 7... Kxe7
{ [%clk 0:08:37] } 8. O-O { [%clk 0:08:42] } 8... Re8 { [%clk 0:08:05] } 9.
Re1+ { [%clk 0:08:34] } 9... Kf8 { [%clk 0:07:52] } 10. Rxe8+
{ [%clk 0:08:27] } 10... Kxe8 { [%clk 0:07:50] } 11. Nc3 { [%clk 0:08:18] }
11... Ng4+ { [%clk 0:07:28] } 12. Kh1 { [%clk 0:07:54] } 12... d6
{ [%clk 0:07:05] } 13. Nd5 { [%clk 0:07:48] } 13... c6 { [%clk 0:06:46] } 14.
Nc7+ { [%clk 0:07:46] } 14... Kf8 { [%clk 0:06:34] } 15. d4 { [%clk 0:07:30] }
15... Bxd4 { [%clk 0:05:58] } 16. Bf4 { [%clk 0:07:06] } 16... Bf5
{ [%clk 0:05:40] } 17. Bxd6+ { [%clk 0:07:03] } 17... Kg8 { [%clk 0:05:27] }
18. Re1 { [%clk 0:06:58] } 18... Nf2+ { [%clk 0:05:01] } 19. Kg1
{ [%clk 0:06:53] } 19... h6 { [%clk 0:04:44] } 20. Nxa8 { [%clk 0:06:31] }
20... Nd7 { [%clk 0:04:25] } 21. Nxh6+ { [%clk 0:06:28] } 21... Kh7
{ [%clk 0:04:16] } 22. Nxf5 { [%clk 0:06:05] } 22... Bxb2 { [%clk 0:03:49] }
23. Re7 { [%clk 0:05:50] } 23... Nf6 { [%clk 0:03:37] } 24. Rxg7+
{ [%clk 0:05:47] } 24... Kh8 { [%clk 0:03:33] } 25. Rxb7 { [%clk 0:05:30] }
25... N2e4 { [%clk 0:02:53] } 26. Be7 { [%clk 0:05:18] } 26... Be5
{ [%clk 0:02:15] } 27. Rxa7 { [%clk 0:04:45] } 27... c5 { [%clk 0:02:00] } 28.
a4 { [%clk 0:04:10] } 28... Bd4+ { [%clk 0:01:42] } 29. Kh1 { [%clk 0:04:01] }
29... Nd2 { [%clk 0:01:09] } 30. Bxf6+ { [%clk 0:03:36] } 30... Bxf6
{ [%clk 0:01:05] } 31. Ne3 { [%clk 0:03:35] } 31... Nxc4 { [%clk 0:00:54] } 32.
Nxc4 { [%clk 0:03:31] } 32... Be7 { [%clk 0:00:44] } 33. a5 { [%clk 0:03:27] }
33... Bd8 { [%clk 0:00:40] } 34. a6 { [%clk 0:03:22] } 34... Bb6
{ [%clk 0:00:38] } 35. Rb7 { [%clk 0:03:19] } 35... Ba5 { [%clk 0:00:34] } 36.
a7 { [%clk 0:03:18] } 36... Bd8 { [%clk 0:00:27] } 37. Nc7 { [%clk 0:03:15] }
37... Bxc7 { [%clk 0:00:25] } 38. a8=Q+ { [%clk 0:03:13] } 38... Kg7
{ [%clk 0:00:21] } 39. Rxc7+ { [%clk 0:03:12] } 39... Kf6 { [%clk 0:00:20] }
40. Rxc5 { [%clk 0:03:12] } 40... Ke6 { [%clk 0:00:18] } 41. Qd5+
{ [%clk 0:03:12] } 41... Kf6 { [%clk 0:00:17] } 42. Qf5+ { [%clk 0:03:11] }
42... Ke7 { [%clk 0:00:16] } 43. Rc6 { [%clk 0:03:10] } 43... Kd8
{ [%clk 0:00:15] } 44. Qe6 { [%clk 0:03:08] } 1/2-1/2"
Rated Rapid game,https://lichess.org/TYzqJxi3,2024.08.01,-,Mudrec666,Nazanin1234es,1-0,2024.08.01,08:42:28,1627,1650,,,C42,Russian Game: Italian Variation,600+0,Normal,"1. e4 { [%clk 0:10:00] } 1... e5 { [%clk 0:10:00] } 2. Bc4 { [%clk 0:09:58] }
2... Nf6 { [%clk 0:09:53] } 3. Nf3 { [%clk 0:09:57] } 3... d5
{ [%clk 0:09:45] } 4. exd5 { [%clk 0:09:55] } 4... Nxd5 { [%clk 0:09:30] } 5.
O-O { [%clk 0:09:50] } 5... Nc6 { [%clk 0:09:27] } 6. d3 { [%clk 0:09:45] }
6... Bd6 { [%clk 0:09:23] } 7. Ng5 { [%clk 0:09:36] } 7... Be6
{ [%clk 0:09:06] } 8. Nxe6 { [%clk 0:09:26] } 8... fxe6 { [%clk 0:09:02] } 9.
Bb5 { [%clk 0:09:22] } 9... Qd7 { [%clk 0:08:31] } 10. Bg5 { [%clk 0:09:12] }
10... a6 { [%clk 0:08:20] } 11. Ba4 { [%clk 0:08:54] } 11... Be7
{ [%clk 0:08:01] } 12. Bxe7 { [%clk 0:08:26] } 12... Ndxe7 { [%clk 0:07:49] }
13. Re1 { [%clk 0:08:13] } 13... b5 { [%clk 0:07:25] } 14. Bb3
{ [%clk 0:08:03] } 14... O-O { [%clk 0:07:19] } 15. Qg4 { [%clk 0:07:43] }
15... Nd4 { [%clk 0:07:01] } 16. Nc3 { [%clk 0:07:13] } 16... Nxb3
{ [%clk 0:06:52] } 17. axb3 { [%clk 0:07:11] } 17... Qd6 { [%clk 0:06:37] } 18.
Ne4 { [%clk 0:07:04] } 18... Qd4 { [%clk 0:06:31] } 19. Qxe6+
{ [%clk 0:06:51] } 19... Rf7 { [%clk 0:06:17] } 20. Ng5 { [%clk 0:06:24] }
20... Qxf2+ { [%clk 0:06:14] } 21. Kh1 { [%clk 0:06:23] } 21... Rf8
{ [%clk 0:05:59] } 22. Nxf7 { [%clk 0:06:09] } 22... Rxf7 { [%clk 0:05:53] }
23. Rf1 { [%clk 0:05:58] } 23... Qxf1+ { [%clk 0:05:05] } 24. Rxf1
{ [%clk 0:05:55] } 24... Kh8 { [%clk 0:05:02] } 25. Qxf7 { [%clk 0:05:53] } 1-0"
Rated Rapid game,https://lichess.org/SPDAcY4P,2024.08.01,-,Kanclerkoba,hqdinh1,1/2-1/2,2024.08.01,08:42:28,1937,2022,,,C45,Scotch Game: Classical Variation,600+0,Normal,"1. e4 { [%eval 0.15] [%clk 0:10:00] } 1... e5 { [%eval 0.21] [%clk 0:10:00] }
2. Nf3 { [%eval 0.11] [%clk 0:09:59] } 2... Nc6 { [%eval 0.19] [%clk 0:09:58] }
3. d4 { [%eval 0.09] [%clk 0:09:58] } 3... exd4 { [%eval 0.13] [%clk 0:09:57] }
4. Nxd4 { [%eval 0.06] [%clk 0:09:58] } 4... Bc5
{ [%eval 0.21] [%clk 0:09:55] } 5. Be3 { [%eval 0.18] [%clk 0:09:57] } 5...
Bxd4 { [%eval 0.55] [%clk 0:09:50] } 6. Bxd4 { [%eval 0.38] [%clk 0:09:55] }
6... Nxd4 { [%eval 0.43] [%clk 0:09:49] } 7. Qxd4
{ [%eval 0.44] [%clk 0:09:55] } 7... Nf6 $2 { [%eval 1.92] [%clk 0:09:48] } 8.
e5 { [%eval 2.12] [%clk 0:09:54] } 8... Qe7 { [%eval 2.55] [%clk 0:09:47] } 9.
Be2 { [%eval 2.41] [%clk 0:09:50] } 9... Ng8 $6 { [%eval 3.35] [%clk 0:09:37] }
10. Nc3 { [%eval 3.21] [%clk 0:09:43] } 10... c5
{ [%eval 4.01] [%clk 0:09:36] } 11. Qd6 $2 { [%eval 1.44] [%clk 0:09:34] }
11... Qxd6 { [%eval 1.53] [%clk 0:09:33] } 12. exd6
{ [%eval 1.51] [%clk 0:09:33] } 12... Nf6 { [%eval 1.96] [%clk 0:09:33] } 13.
O-O-O { [%eval 2.01] [%clk 0:09:31] } 13... O-O { [%eval 2.26] [%clk 0:09:31] }
14. Bc4 $6 { [%eval 1.46] [%clk 0:09:15] } 14... a6 $6
{ [%eval 2.35] [%clk 0:09:29] } 15. Nd5 { [%eval 2.22] [%clk 0:09:03] } 15...
Ne4 $2 { [%eval 4.76] [%clk 0:09:15] } 16. Ne7+ $2
{ [%eval 2.05] [%clk 0:08:50] } 16... Kh8 { [%eval 2.06] [%clk 0:09:12] } 17.
Rhf1 { [%eval 2.15] [%clk 0:08:47] } 17... Rb8 { [%eval 2.41] [%clk 0:09:00] }
18. g3 $2 { [%eval 1.11] [%clk 0:08:27] } 18... b5
{ [%eval 1.19] [%clk 0:08:58] } 19. Bd5 { [%eval 1.31] [%clk 0:08:26] } 19...
Nxd6 { [%eval 1.39] [%clk 0:08:56] } 20. Nxc8 $2 { [%eval 0.0] [%clk 0:08:15] }
20... Nxc8 { [%eval -0.05] [%clk 0:08:54] } 21. Bg2
{ [%eval -0.07] [%clk 0:08:14] } 21... Nb6 { [%eval -0.03] [%clk 0:08:52] } 22.
Rd6 { [%eval -0.43] [%clk 0:08:09] } 22... Rfd8 { [%eval 0.0] [%clk 0:08:44] }
23. b3 { [%eval -0.34] [%clk 0:08:06] } 23... c4 $6
{ [%eval 0.28] [%clk 0:08:38] } 24. Rfd1 { [%eval -0.06] [%clk 0:08:04] } 24...
cxb3 { [%eval 0.16] [%clk 0:08:36] } 25. axb3 { [%eval 0.11] [%clk 0:08:02] }
25... a5 { [%eval 0.55] [%clk 0:08:34] } 26. Bh3
{ [%eval 0.42] [%clk 0:07:55] } 26... a4 { [%eval 0.29] [%clk 0:08:33] } 27.
Bxd7 { [%eval 0.29] [%clk 0:07:49] } 27... axb3 { [%eval 0.37] [%clk 0:08:31] }
28. cxb3 { [%eval 0.37] [%clk 0:07:44] } 28... b4 $2
{ [%eval 1.54] [%clk 0:08:07] } 29. Kb2 $2 { [%eval 0.16] [%clk 0:07:29] }
29... Kg8 $2 { [%eval 1.55] [%clk 0:08:04] } 30. f4 $2
{ [%eval -0.01] [%clk 0:07:24] } 30... Kf8 $6 { [%eval 0.85] [%clk 0:08:03] }
31. Bh3 $6 { [%eval 0.1] [%clk 0:07:18] } 31... Rxd6
{ [%eval 0.13] [%clk 0:08:00] } 32. Rxd6 { [%eval 0.17] [%clk 0:07:17] } 32...
Ke7 { [%eval 0.21] [%clk 0:07:59] } 33. Rd4 { [%eval 0.2] [%clk 0:07:13] }
33... Na8 $6 { [%eval 1.12] [%clk 0:07:57] } 34. Rc4
{ [%eval 0.64] [%clk 0:07:03] } 34... Kd6 { [%eval 0.62] [%clk 0:07:34] } 35.
Bg2 { [%eval 0.26] [%clk 0:07:00] } 35... Nc7 { [%eval 0.29] [%clk 0:07:25] }
36. Kc2 { [%eval 0.06] [%clk 0:06:48] } 36... Ne6
{ [%eval 0.08] [%clk 0:07:24] } 37. Kd3 { [%eval 0.0] [%clk 0:06:43] } 37...
Nc5+ { [%eval 0.0] [%clk 0:07:13] } 38. Kc2 { [%eval 0.04] [%clk 0:06:40] }
38... f5 { [%eval 0.04] [%clk 0:06:56] } 39. Rd4+
{ [%eval 0.04] [%clk 0:06:28] } 39... Ke6 { [%eval 0.08] [%clk 0:06:39] } 40.
Rc4 { [%eval 0.2] [%clk 0:06:17] } 40... Nd7 { [%eval 0.62] [%clk 0:06:05] }
41. Rc7 { [%eval 0.21] [%clk 0:05:33] } 41... Rb6
{ [%eval 0.35] [%clk 0:05:41] } 42. Bd5+ { [%eval 0.0] [%clk 0:05:08] } 42...
Kd6 { [%eval 0.0] [%clk 0:05:34] } 43. Ra7 { [%eval 0.0] [%clk 0:04:52] } 43...
g6 { [%eval 0.06] [%clk 0:04:52] } 44. Bg8 { [%eval 0.0] [%clk 0:04:49] } 44...
Rc6+ { [%eval 0.0] [%clk 0:04:38] } 45. Kb2 { [%eval 0.0] [%clk 0:04:44] }
45... h5 { [%eval 0.11] [%clk 0:04:23] } 46. h4 { [%eval 0.0] [%clk 0:04:43] }
46... Nc5 { [%eval 0.0] [%clk 0:04:19] } 47. Rg7
{ [%eval -0.01] [%clk 0:04:28] } 47... Nd3+ { [%eval -0.02] [%clk 0:04:16] }
48. Kb1 { [%eval 0.0] [%clk 0:04:15] } 48... Rc1+
{ [%eval 0.0] [%clk 0:03:48] } 49. Ka2 { [%eval 0.0] [%clk 0:04:10] } 49...
Rc2+ { [%eval 0.0] [%clk 0:03:41] } 50. Kb1 { [%eval -0.01] [%clk 0:04:09] }
50... Rc1+ { [%eval -0.02] [%clk 0:03:32] } 51. Ka2
{ [%eval -0.03] [%clk 0:04:06] } 51... Rc2+ { [%eval -0.02] [%clk 0:03:01] }
52. Kb1 { [%eval -0.05] [%clk 0:04:04] } 52... Rc1+
{ [%eval 0.0] [%clk 0:03:00] } 1/2-1/2"
Rated Rapid game,https://lichess.org/7APoJa4q,2024.08.01,-,luxaeterna3,Parelina1,1-0,2024.08.01,08:42:28,1445,1447,,,B01,"Scandinavian Defense: Main Line, Leonhardt Gambit",600+0,Normal,"1. e4 { [%clk 0:10:00] } 1... d5 { [%clk 0:10:00] } 2. exd5 { [%clk 0:09:58] }
2... Qxd5 { [%clk 0:10:00] } 3. Nc3 { [%clk 0:09:57] } 3... Qa5
{ [%clk 0:09:59] } 4. b4 { [%clk 0:09:47] } 4... Qxb4 { [%clk 0:09:51] } 5. Nb5
{ [%clk 0:09:45] } 5... Qa5 { [%clk 0:09:21] } 6. Bc4 { [%clk 0:09:32] } 6...
c6 { [%clk 0:09:13] } 7. Bxf7+ { [%clk 0:09:28] } 7... Kxf7 { [%clk 0:09:13] }
8. Qh5+ { [%clk 0:09:27] } 8... g6 { [%clk 0:09:05] } 9. Nd6+
{ [%clk 0:09:22] } 1-0"
Rated Rapid game,https://lichess.org/TrAHoTZt,2024.08.01,-,NeniyNeniy,VanSaanenMarius,1-0,2024.08.01,08:42:22,1748,1816,,,B20,Sicilian Defense: Bowdler Attack,600+0,Normal,"1. e4 { [%clk 0:10:00] } 1... c5 { [%clk 0:10:00] } 2. Bc4 { [%clk 0:09:58] }
2... e6 { [%clk 0:09:59] } 3. c3 { [%clk 0:09:56] } 3... d5 { [%clk 0:09:57] }
4. exd5 { [%clk 0:09:54] } 4... exd5 { [%clk 0:09:57] } 5. Be2
{ [%clk 0:09:43] } 5... c4 { [%clk 0:09:53] } 6. b3 { [%clk 0:09:38] } 6... b5
{ [%clk 0:09:51] } 7. a4 { [%clk 0:09:34] } 7... Qa5 { [%clk 0:09:41] } 8. Bb2
{ [%clk 0:09:24] } 8... b4 { [%clk 0:09:29] } 9. bxc4 { [%clk 0:09:13] } 9...
dxc4 { [%clk 0:09:24] } 10. Bxc4 { [%clk 0:09:09] } 10... Bb7
{ [%clk 0:09:21] } 11. Nf3 { [%clk 0:08:56] } 11... Bc5 { [%clk 0:09:07] } 12.
d4 { [%clk 0:08:53] } 12... Bd6 { [%clk 0:08:58] } 13. O-O { [%clk 0:08:36] }
13... Ne7 { [%clk 0:08:50] } 14. Re1 { [%clk 0:08:23] } 14... O-O
{ [%clk 0:08:38] } 15. Ne5 { [%clk 0:07:45] } 15... Bxe5 { [%clk 0:08:29] } 16.
Rxe5 { [%clk 0:07:43] } 16... Ng6 { [%clk 0:08:17] } 17. Rxa5
{ [%clk 0:07:40] } 17... Nc6 { [%clk 0:07:48] } 18. Rb5 { [%clk 0:07:34] }
18... Ba6 { [%clk 0:07:44] } 19. Rc5 { [%clk 0:07:28] } 19... Bxc4
{ [%clk 0:07:33] } 20. Rxc6 { [%clk 0:07:21] } 20... Bd5 { [%clk 0:07:26] } 21.
Rc7 { [%clk 0:07:17] } 21... Nf4 { [%clk 0:07:13] } 22. f3 { [%clk 0:07:14] }
22... b3 { [%clk 0:07:04] } 23. c4 { [%clk 0:07:09] } 23... Be6
{ [%clk 0:06:58] } 24. Qxb3 { [%clk 0:07:05] } 24... Rab8 { [%clk 0:06:55] }
25. Qc2 { [%clk 0:06:52] } 25... Rfe8 { [%clk 0:06:41] } 26. Bc1
{ [%clk 0:06:45] } 26... Bf5 { [%clk 0:06:06] } 27. Qd2 { [%clk 0:06:16] }
27... g5 { [%clk 0:05:54] } 28. Nc3 { [%clk 0:06:03] } 28... Rb3
{ [%clk 0:05:32] } 29. Ne4 { [%clk 0:05:12] } 29... Bxe4 { [%clk 0:05:13] } 30.
fxe4 { [%clk 0:05:08] } 30... Rxe4 { [%clk 0:05:09] } 31. Qf2
{ [%clk 0:04:12] } 31... Re2 { [%clk 0:04:51] } 32. Bxf4 { [%clk 0:03:55] }
32... Rxf2 { [%clk 0:04:48] } 33. Kxf2 { [%clk 0:03:53] } 33... gxf4
{ [%clk 0:04:45] } 34. d5 { [%clk 0:03:48] } 34... Kg7 { [%clk 0:04:25] } 35.
d6 { [%clk 0:03:46] } 35... Kg6 { [%clk 0:04:15] } 36. d7 { [%clk 0:03:44] }
36... Rd3 { [%clk 0:04:13] } 37. Ke2 { [%clk 0:03:41] } 37... Rd4
{ [%clk 0:04:08] } 38. Rd1 { [%clk 0:03:40] } 38... Re4+ { [%clk 0:04:02] } 39.
Kf3 { [%clk 0:03:37] } 39... f5 { [%clk 0:03:59] } 40. d8=Q { [%clk 0:03:27] }
40... Re3+ { [%clk 0:03:53] } 41. Kxf4 { [%clk 0:03:23] } 41... Re4+
{ [%clk 0:03:42] } 42. Kf3 { [%clk 0:03:22] } 42... h5 { [%clk 0:03:34] } 43.
Rd6+ { [%clk 0:03:19] } 43... Re6 { [%clk 0:03:24] } 44. Rxe6#
{ [%clk 0:03:17] } 1-0"
Rated Rapid game,https://lichess.org/ZzhffLlP,2024.08.01,-,Themuerte,Foksalis,0-1,2024.08.01,08:42:22,1285,1291,,,B13,Caro-Kann Defense: Exchange Variation,600+0,Normal,"1. e4 { [%clk 0:10:00] } 1... c6 { [%clk 0:10:00] } 2. Nf3 { [%clk 0:10:00] }
2... d5 { [%clk 0:09:59] } 3. exd5 { [%clk 0:09:59] } 3... cxd5
{ [%clk 0:09:58] } 4. d4 { [%clk 0:09:59] } 4... Nc6 { [%clk 0:09:57] } 5. Nc3
{ [%clk 0:09:57] } 5... Bf5 { [%clk 0:09:54] } 6. a3 { [%clk 0:09:52] } 6...
Nf6 { [%clk 0:09:50] } 7. Bf4 { [%clk 0:09:49] } 7... a6 { [%clk 0:09:45] } 8.
Ne5 { [%clk 0:09:45] } 8... e6 { [%clk 0:09:21] } 9. Nxc6 { [%clk 0:09:41] }
9... bxc6 { [%clk 0:09:19] } 10. Bd3 { [%clk 0:09:29] } 10... Bxd3
{ [%clk 0:09:13] } 11. Qxd3 { [%clk 0:09:29] } 11... Bd6 { [%clk 0:09:08] } 12.
Bxd6 { [%clk 0:09:24] } 12... Qxd6 { [%clk 0:09:07] } 13. O-O-O
{ [%clk 0:09:15] } 13... O-O { [%clk 0:09:01] } 14. Na4 { [%clk 0:09:14] }
14... Rab8 { [%clk 0:08:50] } 15. Qxa6 { [%clk 0:09:08] } 15... Ne4
{ [%clk 0:08:37] } 16. Qe2 { [%clk 0:08:43] } 16... Rb7 { [%clk 0:07:54] } 17.
Nc5 { [%clk 0:08:37] } 17... Nxc5 { [%clk 0:07:48] } 18. dxc5
{ [%clk 0:08:37] } 18... Qxc5 { [%clk 0:07:43] } 19. Rd3 { [%clk 0:08:31] }
19... Rfb8 { [%clk 0:07:34] } 20. Rb3 { [%clk 0:08:26] } 20... Rxb3
{ [%clk 0:07:27] } 0-1"
Rated Rapid tournament https://lichess.org/tournament/r8ERvLF8,https://lichess.org/JWr3x7Z3,2024.08.01,-,Artek228,RAMaZ_12134,1-0,2024.08.01,08:42:24,2246,1793,,,B30,Sicilian Defense: Nyezhmetdinov-Rossolimo Attack,600+0,Time forfeit,"1. e4 { [%clk 0:05:00] } 1... c5 { [%clk 0:05:00] } 2. Nf3 { [%clk 0:04:48] }
2... Nc6 { [%clk 0:04:59] } 3. Bb5 { [%clk 0:04:46] } 3... e6
{ [%clk 0:04:57] } 4. Bxc6 { [%clk 0:04:45] } 4... bxc6 { [%clk 0:04:57] } 5.
e5 { [%clk 0:04:31] } 5... Ba6 { [%clk 0:04:52] } 6. d3 { [%clk 0:04:27] } 6...
Ne7 { [%clk 0:04:49] } 7. O-O { [%clk 0:04:26] } 7... Nd5 { [%clk 0:04:46] } 8.
Nbd2 { [%clk 0:04:23] } 8... Be7 { [%clk 0:04:44] } 9. Ne4 { [%clk 0:04:21] }
9... f5 { [%clk 0:04:40] } 10. exf6 { [%clk 0:04:18] } 10... Nxf6
{ [%clk 0:04:40] } 11. Ne5 { [%clk 0:03:56] } 11... Nxe4 { [%clk 0:04:13] } 12.
dxe4 { [%clk 0:03:56] } 12... g6 { [%clk 0:04:08] } 13. Re1 { [%clk 0:03:43] }
13... Qc7 { [%clk 0:04:04] } 14. Nf3 { [%clk 0:03:15] } 1-0"
Rated Rapid tournament https://lichess.org/tournament/r8ERvLF8,https://lichess.org/NDlaQF1g,2024.08.01,-,Sofiya_cat360,Ar_Ksenia,0-1,2024.08.01,08:42:24,1434,1757,,,B10,Caro-Kann Defense,600+0,Normal,"1. e4 { [%clk 0:10:00] } 1... c6 { [%clk 0:10:00] } 2. Nf3 { [%clk 0:09:58] }
2... d5 { [%clk 0:09:59] } 3. d3 { [%clk 0:09:56] } 3... dxe4
{ [%clk 0:09:58] } 4. Qe2 { [%clk 0:09:54] } 4... exf3 { [%clk 0:09:55] } 5.
Qxf3 { [%clk 0:09:52] } 5... Nf6 { [%clk 0:09:53] } 6. Bg5 { [%clk 0:09:49] }
6... Bg4 { [%clk 0:09:48] } 7. Qe3 { [%clk 0:09:43] } 7... e6
{ [%clk 0:09:43] } 8. Nc3 { [%clk 0:09:38] } 8... Be7 { [%clk 0:09:40] } 9. Ne4
{ [%clk 0:09:37] } 9... Nxe4 { [%clk 0:09:36] } 10. Qxe4 { [%clk 0:09:35] }
10... Bxg5 { [%clk 0:09:34] } 11. Be2 { [%clk 0:09:34] } 11... Bxe2
{ [%clk 0:09:32] } 12. Qxe2 { [%clk 0:09:31] } 12... Nd7 { [%clk 0:09:31] } 13.
O-O { [%clk 0:09:30] } 13... O-O { [%clk 0:09:28] } 14. Qe4 { [%clk 0:09:12] }
14... Nf6 { [%clk 0:09:23] } 15. Qc4 { [%clk 0:09:08] } 15... Nd5
{ [%clk 0:09:19] } 16. h4 { [%clk 0:09:06] } 16... Bxh4 { [%clk 0:09:17] } 17.
Qg4 { [%clk 0:09:02] } 17... Qg5 { [%clk 0:09:14] } 18. Qe2 { [%clk 0:08:58] }
18... Nf4 { [%clk 0:09:09] } 19. Qd1 { [%clk 0:08:55] } 19... Qxg2#
{ [%clk 0:09:08] } 0-1"
Rated Rapid tournament https://lichess.org/tournament/r8ERvLF8,https://lichess.org/xqFa5ZWp,2024.08.01,-,NIKITOSPROS,buyvol1980,1-0,2024.08.01,08:42:24,1330,1863,,,C34,King's Gambit Accepted: MacLeod Defense,600+0,Normal,"1. e4 { [%eval 0.15] [%clk 0:10:00] } 1... e5 { [%eval 0.21] [%clk 0:10:00] }
2. f4 $6 { [%eval -0.45] [%clk 0:09:59] } 2... exf4
{ [%eval -0.36] [%clk 0:09:58] } 3. Nf3 { [%eval -0.49] [%clk 0:09:58] } 3...
Nc6 $6 { [%eval 0.16] [%clk 0:09:52] } 4. d4 { [%eval 0.22] [%clk 0:09:51] }
4... d5 { [%eval 0.54] [%clk 0:09:49] } 5. Nc3 $2
{ [%eval -1.41] [%clk 0:09:48] } 5... dxe4 { [%eval -1.42] [%clk 0:09:46] } 6.
Nxe4 { [%eval -1.29] [%clk 0:09:45] } 6... Bg4 $2
{ [%eval -0.28] [%clk 0:09:45] } 7. Be2 $2 { [%eval -1.29] [%clk 0:09:40] }
7... Bxf3 $6 { [%eval -0.32] [%clk 0:09:42] } 8. Bxf3
{ [%eval -0.23] [%clk 0:09:38] } 8... Qxd4 { [%eval -0.21] [%clk 0:09:41] } 9.
Qe2 $6 { [%eval -1.15] [%clk 0:09:31] } 9... O-O-O
{ [%eval -1.35] [%clk 0:09:30] } 10. Bxf4 { [%eval -1.3] [%clk 0:09:24] } 10...
Bb4+ $2 { [%eval 0.31] [%clk 0:09:15] } 11. c3 { [%eval 0.28] [%clk 0:09:22] }
11... Bxc3+ $4 { [%eval 3.65] [%clk 0:09:14] } 12. bxc3
{ [%eval 4.01] [%clk 0:09:20] } 12... Qb6 { [%eval 3.94] [%clk 0:08:56] } 13.
Be3 { [%eval 4.07] [%clk 0:09:06] } 13... Qa5 { [%eval 3.93] [%clk 0:08:48] }
14. O-O { [%eval 3.96] [%clk 0:09:05] } 14... Nge7
{ [%eval 3.77] [%clk 0:08:33] } 15. Ng5 { [%eval 3.61] [%clk 0:08:41] } 15...
Ne5 { [%eval 4.22] [%clk 0:08:11] } 16. Be4 $2 { [%eval 3.02] [%clk 0:08:32] }
16... h6 $2 { [%eval 4.59] [%clk 0:07:56] } 17. Nxf7
{ [%eval 4.61] [%clk 0:08:22] } 17... Nxf7 { [%eval 4.5] [%clk 0:07:53] } 18.
Rxf7 { [%eval 4.57] [%clk 0:08:20] } 18... Qxc3 { [%eval 5.66] [%clk 0:07:37] }
19. Rc1 { [%eval 5.6] [%clk 0:07:57] } 19... Qa3
{ [%eval 6.07] [%clk 0:07:14] } 20. Bf4 { [%eval 5.76] [%clk 0:07:34] } 20...
Rd7 { [%eval 5.38] [%clk 0:07:04] } 21. h3 { [%eval 5.52] [%clk 0:06:18] }
21... g5 { [%eval 5.12] [%clk 0:06:09] } 22. Bg3 $4
{ [%eval -1.41] [%clk 0:06:09] } 22... Qxc1+ { [%eval -1.51] [%clk 0:06:07] }
23. Kh2 { [%eval -1.61] [%clk 0:06:05] } 23... Qc4 $4
{ [%eval 9.39] [%clk 0:05:57] } 24. Qxc4 { [%eval 8.24] [%clk 0:05:52] } 1-0"
Rated Rapid tournament https://lichess.org/tournament/r8ERvLF8,https://lichess.org/bZcXkMwc,2024.08.01,-,Chess_Master2015,Tuyan20,1-0,2024.08.01,08:42:24,1890,1779,,,D00,Queen's Pawn Game: Accelerated London System,600+0,Time forfeit,"1. d4 { [%clk 0:10:00] } 1... d5 { [%clk 0:10:00] } 2. Bf4 { [%clk 0:09:59] }
2... Nf6 { [%clk 0:09:58] } 3. e3 { [%clk 0:09:58] } 3... Nc6
{ [%clk 0:09:56] } 4. c4 { [%clk 0:09:56] } 4... e6 { [%clk 0:09:52] } 5. Nc3
{ [%clk 0:09:55] } 5... Bb4 { [%clk 0:09:49] } 6. Qc2 { [%clk 0:09:54] } 6...
Ne4 { [%clk 0:09:42] } 7. Bd3 { [%clk 0:09:51] } 7... Nxc3 { [%clk 0:09:29] }
8. bxc3 { [%clk 0:09:50] } 8... Bd6 { [%clk 0:09:27] } 9. Bg3
{ [%clk 0:09:44] } 9... Bxg3 { [%clk 0:09:23] } 10. hxg3 { [%clk 0:09:43] }
10... e5 { [%clk 0:09:15] } 11. cxd5 { [%clk 0:09:41] } 11... Qxd5
{ [%clk 0:09:12] } 12. Nf3 { [%clk 0:09:37] } 12... Bg4 { [%clk 0:08:39] } 13.
Be4 { [%clk 0:09:32] } 13... Qd6 { [%clk 0:08:16] } 14. dxe5 { [%clk 0:09:29] }
14... Nxe5 { [%clk 0:08:12] } 15. Bxb7 { [%clk 0:09:27] } 15... Rb8
{ [%clk 0:07:37] } 16. Nxe5 { [%clk 0:09:20] } 16... Qxe5 { [%clk 0:07:34] }
17. Bc6+ { [%clk 0:09:10] } 17... Ke7 { [%clk 0:07:21] } 18. O-O
{ [%clk 0:09:03] } 18... Rhd8 { [%clk 0:07:17] } 19. Qxh7 { [%clk 0:08:56] }
19... Kf6 { [%clk 0:06:42] } 20. Qe4 { [%clk 0:08:43] } 1-0"
Rated Rapid game,https://lichess.org/ilY2EcoZ,2024.08.01,-,alfill9393,bayram77,0-1,2024.08.01,08:42:25,1902,1868,,,C40,Latvian Gambit Accepted: Bilguer Variation,600+0,Normal,"1. e4 { [%clk 0:10:00] } 1... e5 { [%clk 0:10:00] } 2. Nf3 { [%clk 0:09:59] }
2... f5 { [%clk 0:09:57] } 3. Nxe5 { [%clk 0:09:55] } 3... Qf6
{ [%clk 0:09:54] } 4. d4 { [%clk 0:09:50] } 4... d6 { [%clk 0:09:53] } 5. Nc4
{ [%clk 0:09:24] } 5... fxe4 { [%clk 0:09:46] } 6. Be3 { [%clk 0:08:46] } 6...
Bf5 { [%clk 0:09:33] } 7. Nc3 { [%clk 0:08:44] } 7... Nc6 { [%clk 0:09:31] } 8.
Nd5 { [%clk 0:08:19] } 8... Qf7 { [%clk 0:09:28] } 9. Nc3 { [%clk 0:08:03] }
9... O-O-O { [%clk 0:09:25] } 10. Qd2 { [%clk 0:07:59] } 10... Nf6
{ [%clk 0:09:14] } 11. h3 { [%clk 0:07:53] } 11... d5 { [%clk 0:09:01] } 12.
Na3 { [%clk 0:07:20] } 12... a6 { [%clk 0:08:34] } 13. O-O-O { [%clk 0:07:18] }
13... Bxa3 { [%clk 0:08:30] } 14. bxa3 { [%clk 0:07:17] } 14... Qe7
{ [%clk 0:08:25] } 15. Kb2 { [%clk 0:07:14] } 15... Na5 { [%clk 0:08:19] } 16.
Na4 { [%clk 0:07:05] } 16... Nc6 { [%clk 0:07:14] } 17. Qc3 { [%clk 0:06:52] }
17... Kb8 { [%clk 0:06:45] } 18. Bxa6 { [%clk 0:06:47] } 18... bxa6
{ [%clk 0:06:40] } 19. Qxc6 { [%clk 0:06:24] } 19... Rd6 { [%clk 0:06:35] } 20.
Qc3 { [%clk 0:05:57] } 20... Bd7 { [%clk 0:06:21] } 21. Nc5 { [%clk 0:05:55] }
21... Rb6+ { [%clk 0:06:16] } 22. Ka1 { [%clk 0:05:50] } 22... Bb5
{ [%clk 0:06:01] } 23. Rb1 { [%clk 0:05:34] } 23... Nd7 { [%clk 0:05:58] } 24.
a4 { [%clk 0:05:27] } 24... Bc4 { [%clk 0:05:51] } 25. Rxb6+ { [%clk 0:05:24] }
25... cxb6 { [%clk 0:05:49] } 26. Nb3 { [%clk 0:05:05] } 26... Rc8
{ [%clk 0:05:37] } 27. Qb2 { [%clk 0:04:56] } 27... Qb4 { [%clk 0:05:11] } 28.
f3 { [%clk 0:04:15] } 28... Qxa4 { [%clk 0:04:54] } 29. fxe4 { [%clk 0:04:13] }
29... dxe4 { [%clk 0:04:43] } 30. Nc5 { [%clk 0:03:39] } 30... Nxc5
{ [%clk 0:04:18] } 31. dxc5 { [%clk 0:03:36] } 31... b5 { [%clk 0:03:55] } 32.
Qe5+ { [%clk 0:03:29] } 32... Rc7 { [%clk 0:03:44] } 33. Qb2 { [%clk 0:03:03] }
33... Qa5 { [%clk 0:03:02] } 34. Bf4 { [%clk 0:02:59] } 34... Bd5
{ [%clk 0:02:37] } 35. Bxc7+ { [%clk 0:02:56] } 35... Qxc7 { [%clk 0:02:36] }
36. Qd4 { [%clk 0:02:45] } 36... Qf7 { [%clk 0:02:21] } 37. Qe5+
{ [%clk 0:02:05] } 37... Kb7 { [%clk 0:02:17] } 38. a3 { [%clk 0:02:00] } 38...
g6 { [%clk 0:01:58] } 39. Rd1 { [%clk 0:01:44] } 39... Bc6 { [%clk 0:01:49] }
40. Rd8 { [%clk 0:01:36] } 40... Qc7 { [%clk 0:01:43] } 41. Qxc7+
{ [%clk 0:01:20] } 41... Kxc7 { [%clk 0:01:39] } 42. Rh8 { [%clk 0:01:16] }
42... e3 { [%clk 0:01:35] } 43. Rxh7+ { [%clk 0:01:13] } 43... Kd8
{ [%clk 0:01:27] } 44. Rh8+ { [%clk 0:00:55] } 44... Ke7 { [%clk 0:01:25] } 45.
Rh7+ { [%clk 0:00:54] } 45... Kf6 { [%clk 0:01:21] } 46. Rh4 { [%clk 0:00:47] }
46... e2 { [%clk 0:01:19] } 47. Re4 { [%clk 0:00:47] } 47... Bxe4
{ [%clk 0:01:16] } 0-1"
Rated Rapid game,https://lichess.org/AjszNopD,2024.08.01,-,zaidmj09,Flyaf,0-1,2024.08.01,08:42:25,1304,1220,,,C23,Bishop's Opening,600+0,Normal,"1. e4 { [%clk 0:10:00] } 1... e5 { [%clk 0:10:00] } 2. Bc4 { [%clk 0:09:59] }
2... a6 { [%clk 0:09:57] } 3. d3 { [%clk 0:09:58] } 3... a5 { [%clk 0:09:54] }
4. Nf3 { [%clk 0:09:56] } 4... c6 { [%clk 0:09:52] } 5. Nc3 { [%clk 0:09:55] }
5... b5 { [%clk 0:09:48] } 6. Bb3 { [%clk 0:09:52] } 6... a4 { [%clk 0:09:47] }
7. Nxe5 { [%clk 0:09:44] } 7... Qf6 { [%clk 0:09:37] } 8. Bxf7+
{ [%clk 0:09:37] } 8... Kd8 { [%clk 0:09:33] } 9. f4 { [%clk 0:09:25] } 9... d6
{ [%clk 0:09:29] } 10. Nxc6+ { [%clk 0:09:13] } 10... Nxc6 { [%clk 0:09:28] }
11. Bd5 { [%clk 0:09:11] } 11... Bb7 { [%clk 0:09:10] } 12. Nxb5
{ [%clk 0:09:05] } 12... Ra5 { [%clk 0:09:04] } 13. c4 { [%clk 0:08:42] } 13...
Rxb5 { [%clk 0:09:00] } 14. cxb5 { [%clk 0:08:38] } 14... Nb4
{ [%clk 0:08:58] } 15. Bxb7 { [%clk 0:08:33] } 15... g5 { [%clk 0:08:47] } 16.
O-O { [%clk 0:08:19] } 16... h6 { [%clk 0:08:37] } 17. fxg5 { [%clk 0:08:17] }
17... Qe5 { [%clk 0:08:35] } 18. a3 { [%clk 0:07:13] } 18... Qd4+
{ [%clk 0:08:26] } 19. Rf2 { [%clk 0:07:05] } 19... hxg5 { [%clk 0:08:17] } 20.
Bxg5+ { [%clk 0:06:57] } 20... Be7 { [%clk 0:08:13] } 21. Bxe7+
{ [%clk 0:06:49] } 21... Nxe7 { [%clk 0:08:11] } 22. Rb1 { [%clk 0:06:36] }
22... Qg7 { [%clk 0:07:56] } 23. axb4 { [%clk 0:05:29] } 23... Qh7
{ [%clk 0:07:42] } 24. h3 { [%clk 0:05:20] } 24... Ng6 { [%clk 0:07:30] } 25.
Bc6 { [%clk 0:05:17] } 25... Nf4 { [%clk 0:07:25] } 26. Qg4 { [%clk 0:05:13] }
26... Nxh3+ { [%clk 0:07:04] } 27. gxh3 { [%clk 0:05:11] } 27... Rg8
{ [%clk 0:07:03] } 28. Rf7 { [%clk 0:04:11] } 28... Qxf7 { [%clk 0:06:59] } 0-1"
Rated Rapid game,https://lichess.org/kWRKMjsI,2024.08.01,-,cessseyyy,Agarwal2005,1-0,2024.08.01,08:42:25,1911,1871,,,C46,Three Knights Opening,600+0,Normal,"1. Nc3 { [%eval -0.05] [%clk 0:10:00] } 1... e5 { [%eval 0.21] [%clk 0:10:00] }
2. e4 { [%eval 0.1] [%clk 0:09:57] } 2... Nc6 { [%eval 0.08] [%clk 0:09:59] }
3. Nf3 { [%eval 0.12] [%clk 0:09:51] } 3... Bc5 { [%eval 0.45] [%clk 0:09:48] }
4. Nxe5 { [%eval 0.52] [%clk 0:09:41] } 4... Nxe5
{ [%eval 0.53] [%clk 0:09:45] } 5. d4 { [%eval 0.4] [%clk 0:09:37] } 5... Bxd4
$2 { [%eval 1.49] [%clk 0:09:26] } 6. Qxd4 { [%eval 1.35] [%clk 0:09:34] } 6...
Ng6 $2 { [%eval 3.64] [%clk 0:09:04] } 7. Qxg7 { [%eval 3.59] [%clk 0:09:26] }
7... Nf6 $2 { [%eval 6.56] [%clk 0:09:02] } 8. Bc4
{ [%eval 5.45] [%clk 0:09:18] } 8... Qe7 { [%eval 5.5] [%clk 0:08:50] } 9. Bg5
{ [%eval 5.49] [%clk 0:09:09] } 9... Nh5 { [%eval 5.51] [%clk 0:08:09] } 10.
Qxh8+ { [%eval 5.47] [%clk 0:08:43] } 10... Nxh8
{ [%eval 5.48] [%clk 0:08:07] } 11. Bxe7 { [%eval 5.42] [%clk 0:08:41] } 11...
Kxe7 { [%eval 5.39] [%clk 0:08:07] } 12. Nd5+ { [%eval 5.55] [%clk 0:08:27] }
12... Kd6 { [%eval 6.94] [%clk 0:08:01] } 13. O-O-O
{ [%eval 6.6] [%clk 0:08:19] } 13... Kc6 { [%eval 7.26] [%clk 0:07:49] } 14.
Ne7+ { [%eval 7.15] [%clk 0:08:10] } 14... Kc5 { [%eval 7.63] [%clk 0:07:44] }
15. Rd5+ { [%eval 7.65] [%clk 0:08:07] } 15... Kxc4
{ [%eval 7.56] [%clk 0:07:37] } 16. Rhd1 { [%eval 7.4] [%clk 0:08:03] } 16...
c5 { [%eval 7.27] [%clk 0:07:25] } 17. Rxh5 { [%eval 7.1] [%clk 0:07:20] }
17... b6 { [%eval 7.89] [%clk 0:07:11] } 18. b3+
{ [%eval 6.99] [%clk 0:07:07] } 18... Kb5 { [%eval 7.02] [%clk 0:07:09] } 19.
Nd5 { [%eval 6.99] [%clk 0:06:57] } 19... Bb7 { [%eval 8.2] [%clk 0:06:57] }
20. Nc7+ { [%eval 7.69] [%clk 0:06:52] } 20... Kc6
{ [%eval 8.16] [%clk 0:06:54] } 21. Nxa8 { [%eval 8.1] [%clk 0:06:52] } 21...
Bxa8 { [%eval 8.2] [%clk 0:06:54] } 1-0"
Rated Rapid game,https://lichess.org/29FpkdVq,2024.08.01,-,ZEZITA,Angelmartin70,1-0,2024.08.01,08:42:25,1619,1622,,,C56,Italian Game: Scotch Invitation Declined,600+0,Normal,"1. e4 { [%eval 0.15] [%clk 0:10:00] } 1... e5 { [%eval 0.21] [%clk 0:10:00] }
2. Nf3 { [%eval 0.11] [%clk 0:09:58] } 2... Nc6 { [%eval 0.19] [%clk 0:09:59] }
3. Bc4 { [%eval 0.14] [%clk 0:09:57] } 3... Nf6 { [%eval 0.17] [%clk 0:09:57] }
4. d4 { [%eval 0.03] [%clk 0:09:55] } 4... d6 { [%eval 0.38] [%clk 0:09:33] }
5. c3 { [%eval -0.14] [%clk 0:09:38] } 5... Bg4 $6
{ [%eval 0.49] [%clk 0:09:17] } 6. Qb3 { [%eval 0.25] [%clk 0:09:34] } 6... Qd7
{ [%eval 0.25] [%clk 0:08:45] } 7. Qxb7 { [%eval -0.26] [%clk 0:09:29] } 7...
Rd8 $4 { [%eval 3.86] [%clk 0:08:39] } 8. Bb5 { [%eval 3.84] [%clk 0:09:20] }
8... Rb8 { [%eval 3.97] [%clk 0:08:23] } 9. Qxb8+
{ [%eval 3.82] [%clk 0:09:10] } 9... Ke7 $4 { [%eval 7.67] [%clk 0:08:17] } 10.
d5 $4 { [%eval 3.39] [%clk 0:08:38] } 10... Qd8 $4
{ [%eval 7.15] [%clk 0:07:45] } 11. Qb7 { [%eval 6.8] [%clk 0:08:24] } 11...
Bxf3 { [%eval 7.49] [%clk 0:07:40] } 12. gxf3 { [%eval 7.5] [%clk 0:08:22] }
12... Na5 { [%eval 9.17] [%clk 0:07:24] } 13. Qxa7
{ [%eval 9.1] [%clk 0:08:14] } 13... Qb8 { [%eval 13.37] [%clk 0:06:32] } 1-0"
Rated Rapid game,https://lichess.org/14XXRTOf,2024.08.01,-,rook2b2,AP_2006,1-0,2024.08.01,08:42:25,1218,1117,,,B01,Scandinavian Defense: Mieses-Kotroc Variation,600+0,Normal,"1. e4 { [%clk 0:10:00] } 1... d5 { [%clk 0:10:00] } 2. exd5 { [%clk 0:09:58] }
2... Qxd5 { [%clk 0:09:59] } 3. Nc3 { [%clk 0:09:58] } 3... Qe6+
{ [%clk 0:09:57] } 4. Qe2 { [%clk 0:09:56] } 4... Qd6 { [%clk 0:09:52] } 5. Nf3
{ [%clk 0:09:53] } 5... e6 { [%clk 0:09:46] } 6. Qd1 { [%clk 0:09:52] } 6... c6
{ [%clk 0:09:42] } 7. Be2 { [%clk 0:09:49] } 7... e5 { [%clk 0:09:39] } 8. O-O
{ [%clk 0:09:47] } 8... Bf5 { [%clk 0:09:37] } 9. h3 { [%clk 0:09:43] } 9... e4
{ [%clk 0:09:36] } 10. Nh4 { [%clk 0:09:40] } 10... Be6 { [%clk 0:09:27] } 11.
d3 { [%clk 0:09:38] } 11... exd3 { [%clk 0:09:25] } 12. Qd2 { [%clk 0:09:34] }
12... dxe2 { [%clk 0:09:20] } 13. Qxe2 { [%clk 0:09:32] } 13... Qc7
{ [%clk 0:09:01] } 14. Nf5 { [%clk 0:09:31] } 14... g6 { [%clk 0:08:41] } 15.
Nd4 { [%clk 0:09:25] } 15... Bd6 { [%clk 0:08:33] } 16. Nxe6 { [%clk 0:09:22] }
16... fxe6 { [%clk 0:08:32] } 17. Qxe6+ { [%clk 0:09:19] } 17... Ne7
{ [%clk 0:08:24] } 18. Bg5 { [%clk 0:09:07] } 18... Rf8 { [%clk 0:08:00] } 19.
Rfe1 { [%clk 0:09:04] } 19... Kd8 { [%clk 0:07:36] } 20. Red1
{ [%clk 0:08:54] } 20... Rf5 { [%clk 0:07:25] } 21. Rxd6+ { [%clk 0:08:51] }
21... Qxd6 { [%clk 0:06:44] } 22. Qxd6+ { [%clk 0:08:48] } 22... Nd7
{ [%clk 0:06:41] } 23. Bxe7+ { [%clk 0:08:17] } 23... Kc8 { [%clk 0:06:29] }
24. Rd1 { [%clk 0:08:08] } 24... Re5 { [%clk 0:06:12] } 25. Qxd7+
{ [%clk 0:08:02] } 25... Kb8 { [%clk 0:06:10] } 26. Qd8# { [%clk 0:07:57] } 1-0"
Rated Rapid game,https://lichess.org/jQRYM7l8,2024.08.01,-,vamosRey,aniyberg,1-0,2024.08.01,08:42:25,1584,1591,,,C40,Elephant Gambit,600+0,Normal,"1. e4 { [%clk 0:10:00] } 1... e5 { [%clk 0:10:00] } 2. Nf3 { [%clk 0:09:59] }
2... d5 { [%clk 0:09:58] } 3. exd5 { [%clk 0:09:57] } 3... Qxd5
{ [%clk 0:09:56] } 4. Nc3 { [%clk 0:09:56] } 4... Qd6 { [%clk 0:09:53] } 5. Bc4
{ [%clk 0:09:46] } 5... Nc6 { [%clk 0:09:51] } 6. h3 { [%clk 0:09:34] } 6...
Be6 { [%clk 0:09:48] } 7. Bxe6 { [%clk 0:09:26] } 7... Qxe6 { [%clk 0:09:46] }
8. O-O { [%clk 0:09:16] } 8... O-O-O { [%clk 0:09:44] } 9. d3
{ [%clk 0:09:04] } 9... Nd4 { [%clk 0:09:40] } 10. Nxd4 { [%clk 0:08:58] }
10... exd4 { [%clk 0:09:37] } 11. Re1 { [%clk 0:08:57] } 11... Qg6
{ [%clk 0:09:35] } 12. Ne4 { [%clk 0:08:48] } 12... Nf6 { [%clk 0:09:25] } 13.
Bg5 { [%clk 0:08:30] } 13... h6 { [%clk 0:09:17] } 14. Bh4 { [%clk 0:08:20] }
14... Be7 { [%clk 0:09:11] } 15. Nxf6 { [%clk 0:08:17] } 15... Bxf6
{ [%clk 0:09:10] } 16. Bxf6 { [%clk 0:08:05] } 16... Qxf6 { [%clk 0:09:08] }
17. Re4 { [%clk 0:08:01] } 17... Rhe8 { [%clk 0:09:05] } 18. Qg4+
{ [%clk 0:07:57] } 18... Kb8 { [%clk 0:09:01] } 19. Rae1 { [%clk 0:07:47] }
19... Rxe4 { [%clk 0:08:55] } 20. Rxe4 { [%clk 0:07:45] } 20... c5
{ [%clk 0:08:53] } 21. a3 { [%clk 0:07:38] } 21... g5 { [%clk 0:08:47] } 22.
Qg3+ { [%clk 0:07:09] } 22... Kc8 { [%clk 0:08:42] } 23. b4 { [%clk 0:06:56] }
23... Qa6 { [%clk 0:08:24] } 24. bxc5 { [%clk 0:06:36] } 24... Qxa3
{ [%clk 0:08:14] } 25. Qg4+ { [%clk 0:06:35] } 25... Kb8 { [%clk 0:08:09] } 26.
Rxd4 { [%clk 0:06:33] } 26... Qxc5 { [%clk 0:08:07] } 27. Rxd8+
{ [%clk 0:06:30] } 27... Kc7 { [%clk 0:08:03] } 28. Rd7+ { [%clk 0:06:26] } 1-0"
Rated Rapid game,https://lichess.org/31qqKgfV,2024.08.01,-,Penitentiagite,wycheslaw77,1-0,2024.08.01,08:42:28,1842,1886,,,C00,French Defense: Normal Variation,600+0,Normal,"1. e4 { [%eval 0.15] [%clk 0:10:00] } 1... e6 { [%eval 0.25] [%clk 0:10:00] }
2. d4 { [%eval 0.3] [%clk 0:09:55] } 2... Ne7 { [%eval 0.76] [%clk 0:09:59] }
3. Nf3 { [%eval 0.7] [%clk 0:09:53] } 3... Ng6 { [%eval 1.21] [%clk 0:09:57] }
4. Bc4 $6 { [%eval 0.38] [%clk 0:09:45] } 4... a6
{ [%eval 0.73] [%clk 0:09:55] } 5. O-O { [%eval 0.39] [%clk 0:09:42] } 5... Be7
{ [%eval 0.51] [%clk 0:09:52] } 6. Nc3 { [%eval 0.41] [%clk 0:09:29] } 6... d6
{ [%eval 0.61] [%clk 0:09:50] } 7. Re1 { [%eval 0.37] [%clk 0:09:24] } 7... O-O
{ [%eval 0.53] [%clk 0:09:47] } 8. Be3 { [%eval 0.24] [%clk 0:09:09] } 8... b5
{ [%eval 0.23] [%clk 0:09:43] } 9. Bb3 $6 { [%eval -0.53] [%clk 0:09:05] } 9...
Bb7 $6 { [%eval 0.38] [%clk 0:09:42] } 10. Qd3 $2
{ [%eval -1.05] [%clk 0:08:23] } 10... Nc6 $2 { [%eval 0.06] [%clk 0:09:30] }
11. Rad1 { [%eval -0.47] [%clk 0:08:18] } 11... Na5
{ [%eval -0.45] [%clk 0:09:11] } 12. d5 { [%eval -0.36] [%clk 0:07:48] } 12...
Nxb3 { [%eval -0.38] [%clk 0:09:07] } 13. axb3 { [%eval -0.5] [%clk 0:07:46] }
13... e5 { [%eval -0.16] [%clk 0:09:05] } 14. h3
{ [%eval -0.42] [%clk 0:07:13] } 14... Qc8 { [%eval -0.22] [%clk 0:09:01] } 15.
b4 { [%eval -0.48] [%clk 0:06:35] } 15... h6 { [%eval -0.2] [%clk 0:08:54] }
16. Ne2 { [%eval -0.54] [%clk 0:06:27] } 16... f5
{ [%eval -0.55] [%clk 0:08:40] } 17. exf5 { [%eval -0.6] [%clk 0:06:19] } 17...
Rxf5 $6 { [%eval -0.03] [%clk 0:08:35] } 18. Ng3
{ [%eval -0.03] [%clk 0:06:16] } 18... Rf7 $4 { [%eval 4.65] [%clk 0:08:29] }
19. Qxg6 { [%eval 4.69] [%clk 0:05:48] } 19... Qf8
{ [%eval 4.74] [%clk 0:08:23] } 20. Bxh6 { [%eval 4.9] [%clk 0:05:20] } 20...
Rf6 { [%eval 4.97] [%clk 0:08:11] } 21. Qxg7+ { [%eval 4.81] [%clk 0:04:52] }
21... Qxg7 { [%eval 4.76] [%clk 0:08:09] } 22. Bxg7
{ [%eval 4.88] [%clk 0:04:50] } 22... Kxg7 { [%eval 4.7] [%clk 0:08:08] } 23.
Nh4 $2 { [%eval 2.92] [%clk 0:04:39] } 23... Raf8 $2
{ [%eval 4.8] [%clk 0:07:58] } 24. Nhf5+ $4 { [%eval -1.0] [%clk 0:04:32] }
24... Kg6 $4 { [%eval 5.84] [%clk 0:07:51] } 25. Nxe7+
{ [%eval 5.8] [%clk 0:04:30] } 1-0"
Rated Rapid game,https://lichess.org/ATUcWFLU,2024.08.01,-,Sergey414777,seredokha,1-0,2024.08.01,08:42:28,1791,1774,,,B40,Sicilian Defense: French Variation,600+0,Normal,"1. e4 { [%clk 0:10:00] } 1... c5 { [%clk 0:10:00] } 2. Nf3 { [%clk 0:09:58] }
2... e6 { [%clk 0:09:59] } 3. d4 { [%clk 0:09:56] } 3... Qb6 { [%clk 0:09:57] }
4. c3 { [%clk 0:09:45] } 4... Nf6 { [%clk 0:09:53] } 5. e5 { [%clk 0:09:38] }
5... Ng4 { [%clk 0:09:51] } 6. h3 { [%clk 0:09:34] } 6... Nh6
{ [%clk 0:09:38] } 7. Bxh6 { [%clk 0:09:30] } 7... gxh6 { [%clk 0:09:36] } 8.
Qc2 { [%clk 0:09:28] } 8... Nc6 { [%clk 0:09:31] } 9. dxc5 { [%clk 0:09:09] }
9... Bxc5 { [%clk 0:09:21] } 10. Bd3 { [%clk 0:08:58] } 10... Rg8
{ [%clk 0:09:09] } 11. O-O { [%clk 0:08:52] } 11... Rg7 { [%clk 0:08:53] } 12.
Bxh7 { [%clk 0:08:48] } 12... Na5 { [%clk 0:08:46] } 13. b4 { [%clk 0:08:42] }
13... Bxf2+ { [%clk 0:08:33] } 14. Rxf2 { [%clk 0:08:37] } 14... Nc4
{ [%clk 0:08:30] } 15. Nd4 { [%clk 0:07:33] } 15... a5 { [%clk 0:08:25] } 16.
Bd3 { [%clk 0:07:27] } 16... Ne3 { [%clk 0:08:19] } 17. Qe2 { [%clk 0:07:20] }
17... Nd5 { [%clk 0:08:10] } 18. b5 { [%clk 0:07:04] } 18... d6
{ [%clk 0:08:05] } 19. c4 { [%clk 0:06:20] } 19... Qxd4 { [%clk 0:07:56] } 20.
cxd5 { [%clk 0:06:18] } 20... Qxa1 { [%clk 0:07:48] } 21. dxe6
{ [%clk 0:06:17] } 21... Bxe6 { [%clk 0:07:32] } 22. exd6 { [%clk 0:06:12] }
22... O-O-O { [%clk 0:07:28] } 23. Qc2+ { [%clk 0:06:05] } 23... Kb8
{ [%clk 0:06:52] } 24. Qc7+ { [%clk 0:06:01] } 24... Ka7 { [%clk 0:06:49] } 25.
Qxd8 { [%clk 0:05:47] } 25... Bxh3 { [%clk 0:06:47] } 26. b6#
{ [%clk 0:05:43] } 1-0"
Rated Rapid game,https://lichess.org/J6mgMct8,2024.08.01,-,Zay4k,Ph-il-in,1-0,2024.08.01,08:42:33,1846,1802,,,A40,Englund Gambit,600+0,Normal,"1. d4 { [%clk 0:10:00] } 1... e5 { [%clk 0:10:00] } 2. dxe5 { [%clk 0:09:58] }
2... Nc6 { [%clk 0:09:59] } 3. a3 { [%clk 0:09:48] } 3... Qe7
{ [%clk 0:09:57] } 4. Nc3 { [%clk 0:09:47] } 4... Nxe5 { [%clk 0:09:55] } 5.
Bf4 { [%clk 0:09:41] } 5... c6 { [%clk 0:09:15] } 6. Nf3 { [%clk 0:09:35] }
6... Ng6 { [%clk 0:09:07] } 7. Bg3 { [%clk 0:09:30] } 7... d5
{ [%clk 0:08:54] } 8. e3 { [%clk 0:09:26] } 8... h5 { [%clk 0:08:44] } 9. h3
{ [%clk 0:09:23] } 9... Nh6 { [%clk 0:08:16] } 10. Bd3 { [%clk 0:09:16] } 10...
Bf5 { [%clk 0:08:09] } 11. Bxf5 { [%clk 0:09:11] } 11... Nxf5
{ [%clk 0:08:08] } 12. Bh2 { [%clk 0:09:10] } 12... O-O-O { [%clk 0:07:51] }
13. O-O { [%clk 0:08:57] } 13... Ngh4 { [%clk 0:07:38] } 14. Nxh4
{ [%clk 0:07:47] } 14... Nxh4 { [%clk 0:07:35] } 15. Qd3 { [%clk 0:07:36] }
15... g5 { [%clk 0:07:27] } 16. Rae1 { [%clk 0:07:18] } 16... g4
{ [%clk 0:07:23] } 17. hxg4 { [%clk 0:06:45] } 17... hxg4 { [%clk 0:07:18] }
18. Bg3 { [%clk 0:06:36] } 18... f5 { [%clk 0:07:03] } 19. Bxh4
{ [%clk 0:06:32] } 19... Qxh4 { [%clk 0:07:00] } 20. Qxf5+ { [%clk 0:06:31] }
20... Kb8 { [%clk 0:06:57] } 21. f4 { [%clk 0:06:25] } 21... Qh1+
{ [%clk 0:05:44] } 22. Kf2 { [%clk 0:06:23] } 22... g3+ { [%clk 0:05:43] } 23.
Kf3 { [%clk 0:06:10] } 23... Qh5+ { [%clk 0:05:05] } 24. Qxh5
{ [%clk 0:06:07] } 24... Rxh5 { [%clk 0:05:02] } 25. Kxg3 { [%clk 0:06:03] }
25... d4 { [%clk 0:04:57] } 26. exd4 { [%clk 0:05:59] } 26... Bd6
{ [%clk 0:04:07] } 27. Ne4 { [%clk 0:05:46] } 27... Bc7 { [%clk 0:03:53] } 28.
Nf6 { [%clk 0:05:40] } 28... Rh6 { [%clk 0:03:36] } 29. Ng4 { [%clk 0:05:25] }
29... Rhd6 { [%clk 0:03:03] } 30. c3 { [%clk 0:05:17] } 30... c5
{ [%clk 0:02:59] } 31. dxc5 { [%clk 0:05:04] } 31... Rd2 { [%clk 0:02:49] } 32.
Rf2 { [%clk 0:04:49] } 32... R2d3+ { [%clk 0:01:56] } 33. Re3
{ [%clk 0:04:44] } 33... R3d5 { [%clk 0:01:31] } 34. Ne5 { [%clk 0:04:37] }
34... Rxc5 { [%clk 0:01:17] } 35. Nf7 { [%clk 0:04:25] } 35... Rg8+
{ [%clk 0:01:10] } 36. Kf3 { [%clk 0:04:19] } 36... Bb6 { [%clk 0:00:59] } 37.
Rfe2 { [%clk 0:04:04] } 37... Rcc8 { [%clk 0:00:54] } 38. Re7
{ [%clk 0:03:58] } 38... Rcf8 { [%clk 0:00:37] } 39. Nd6 { [%clk 0:03:51] }
39... Bc7 { [%clk 0:00:33] } 40. Re8+ { [%clk 0:03:45] } 1-0"
Rated Rapid game,https://lichess.org/JvPwvQuM,2024.08.01,-,sapphos_raven,ChessKaki,0-1,2024.08.01,08:42:33,1036,1020,,,C42,Russian Game,600+0,Normal,"1. e4 { [%clk 0:10:00] } 1... e5 { [%clk 0:10:00] } 2. Nf3 { [%clk 0:09:58] }
2... Nf6 { [%clk 0:09:58] } 3. d3 { [%clk 0:09:55] } 3... Nc6
{ [%clk 0:09:56] } 4. Bg5 { [%clk 0:09:51] } 4... Be7 { [%clk 0:09:51] } 5. a3
{ [%clk 0:09:49] } 5... O-O { [%clk 0:09:49] } 6. Nc3 { [%clk 0:09:46] } 6...
d5 { [%clk 0:09:30] } 7. d4 { [%clk 0:09:20] } 7... dxe4 { [%clk 0:08:48] } 8.
Bxf6 { [%clk 0:08:41] } 8... exf3 { [%clk 0:08:35] } 9. Bxe7 { [%clk 0:08:32] }
9... Qxe7 { [%clk 0:08:21] } 10. Qxf3 { [%clk 0:08:29] } 10... exd4+
{ [%clk 0:08:19] } 11. Ne4 { [%clk 0:08:26] } 11... Be6 { [%clk 0:07:37] } 12.
O-O-O { [%clk 0:08:20] } 12... g6 { [%clk 0:07:06] } 13. Bd3 { [%clk 0:08:05] }
13... Rad8 { [%clk 0:06:28] } 14. Rhe1 { [%clk 0:08:00] } 14... Bd5
{ [%clk 0:06:20] } 15. Nf6+ { [%clk 0:07:56] } 15... Kg7 { [%clk 0:05:57] } 16.
Qf4 { [%clk 0:07:29] } 16... Qxf6 { [%clk 0:05:31] } 17. Qxc7
{ [%clk 0:07:10] } 17... Bxg2 { [%clk 0:05:13] } 18. Qxb7 { [%clk 0:07:04] }
18... Rc8 { [%clk 0:04:51] } 19. Be4 { [%clk 0:06:03] } 19... Bxe4
{ [%clk 0:03:59] } 20. Rxe4 { [%clk 0:05:45] } 20... Rce8 { [%clk 0:03:46] }
21. Rg4 { [%clk 0:04:38] } 21... Rb8 { [%clk 0:03:27] } 22. Qd7
{ [%clk 0:04:24] } 22... Na5 { [%clk 0:02:44] } 23. Qxa7 { [%clk 0:04:13] }
23... Nc4 { [%clk 0:02:35] } 24. Rgxd4 { [%clk 0:03:51] } 24... Rfd8
{ [%clk 0:02:21] } 25. Rxc4 { [%clk 0:03:30] } 25... Qxb2# { [%clk 0:02:12] }
0-1"
Rated Rapid game,https://lichess.org/FnxGCvOR,2024.08.01,-,Sanyi80,ellps,1-0,2024.08.01,08:42:33,1169,1219,,,C20,King's Pawn Game: Leonardis Variation,600+0,Normal,"1. e4 { [%clk 0:10:00] } 1... e5 { [%clk 0:10:00] } 2. d3 { [%clk 0:09:59] }
2... Nf6 { [%clk 0:09:56] } 3. Nc3 { [%clk 0:09:58] } 3... c6
{ [%clk 0:09:48] } 4. Bg5 { [%clk 0:09:56] } 4... Be7 { [%clk 0:09:41] } 5. Nf3
{ [%clk 0:09:54] } 5... h6 { [%clk 0:09:33] } 6. Bxf6 { [%clk 0:09:53] } 6...
Bxf6 { [%clk 0:09:32] } 7. d4 { [%clk 0:09:48] } 7... exd4 { [%clk 0:09:10] }
8. Nxd4 { [%clk 0:09:47] } 8... d5 { [%clk 0:08:51] } 9. f3 { [%clk 0:09:40] }
9... dxe4 { [%clk 0:08:42] } 10. Nxe4 { [%clk 0:09:36] } 10... Bxd4
{ [%clk 0:08:39] } 11. c3 { [%clk 0:09:32] } 11... f5 { [%clk 0:08:23] } 12.
Qxd4 { [%clk 0:09:30] } 12... fxe4 { [%clk 0:08:18] } 13. Qxd8+
{ [%clk 0:09:29] } 13... Kxd8 { [%clk 0:08:16] } 14. Rd1+ { [%clk 0:09:27] }
14... Kc7 { [%clk 0:08:09] } 15. fxe4 { [%clk 0:09:23] } 15... Bg4
{ [%clk 0:08:05] } 16. Be2 { [%clk 0:09:20] } 16... Bxe2 { [%clk 0:08:03] } 17.
Kxe2 { [%clk 0:09:20] } 17... Nd7 { [%clk 0:08:01] } 18. Rhf1
{ [%clk 0:09:18] } 18... Rae8 { [%clk 0:07:58] } 19. Rf7 { [%clk 0:09:15] }
19... Rxe4+ { [%clk 0:07:36] } 20. Kf3 { [%clk 0:09:13] } 20... Ree8
{ [%clk 0:07:09] } 21. Rfxd7+ { [%clk 0:09:10] } 21... Kb6 { [%clk 0:07:07] }
22. Rxg7 { [%clk 0:09:09] } 22... Rhf8+ { [%clk 0:07:05] } 23. Kg3
{ [%clk 0:09:06] } 23... Re3+ { [%clk 0:06:59] } 24. Kh4 { [%clk 0:09:00] }
24... Rf4+ { [%clk 0:06:57] } 25. Kh5 { [%clk 0:08:58] } 25... Re5+
{ [%clk 0:06:41] } 26. Kxh6 { [%clk 0:08:57] } 26... Rf6+ { [%clk 0:06:40] }
27. Kh7 { [%clk 0:08:55] } 27... Rh5+ { [%clk 0:06:37] } 28. Kg8
{ [%clk 0:08:52] } 28... Rxh2 { [%clk 0:06:31] } 29. Rdd7 { [%clk 0:08:51] }
29... Rf2 { [%clk 0:06:22] } 30. Rxb7+ { [%clk 0:08:47] } 30... Kc5
{ [%clk 0:06:21] } 31. Rxa7 { [%clk 0:08:46] } 31... Rfxg2 { [%clk 0:06:19] }
32. Rxg2 { [%clk 0:08:34] } 32... Rxg2+ { [%clk 0:06:17] } 33. Kf7
{ [%clk 0:08:33] } 33... Kd6 { [%clk 0:06:08] } 34. Rb7 { [%clk 0:08:27] }
34... Rh2 { [%clk 0:06:03] } 35. Rb3 { [%clk 0:08:18] } 35... c5
{ [%clk 0:05:55] } 36. a4 { [%clk 0:08:17] } 36... c4 { [%clk 0:05:52] } 37.
Rb4 { [%clk 0:08:14] } 37... Kc5 { [%clk 0:05:48] } 38. a5 { [%clk 0:08:11] }
38... Rf2+ { [%clk 0:05:41] } 39. Ke6 { [%clk 0:08:09] } 39... Re2+
{ [%clk 0:05:40] } 40. Kd7 { [%clk 0:08:08] } 40... Rd2+ { [%clk 0:05:35] } 41.
Kc7 { [%clk 0:08:06] } 41... Rd6 { [%clk 0:05:30] } 42. Rb6 { [%clk 0:07:56] }
42... Rd1 { [%clk 0:05:07] } 43. a6 { [%clk 0:07:54] } 43... Ra1
{ [%clk 0:05:05] } 44. Kb7 { [%clk 0:07:53] } 44... Ra2 { [%clk 0:04:55] } 45.
a7 { [%clk 0:07:50] } 45... Ra1 { [%clk 0:04:53] } 46. a8=Q { [%clk 0:07:49] }
46... Rxa8 { [%clk 0:04:51] } 47. Kxa8 { [%clk 0:07:45] } 47... Kxb6
{ [%clk 0:04:50] } 48. Kb8 { [%clk 0:07:43] } 48... Kb5 { [%clk 0:04:47] } 49.
Kc7 { [%clk 0:07:42] } 49... Ka4 { [%clk 0:04:45] } 50. Kc6 { [%clk 0:07:42] }
50... Kb3 { [%clk 0:04:44] } 51. Kc5 { [%clk 0:07:42] } 51... Kxb2
{ [%clk 0:04:32] } 52. Kxc4 { [%clk 0:07:41] } 52... Kc2 { [%clk 0:04:30] } 53.
Kb4 { [%clk 0:07:40] } 53... Kd2 { [%clk 0:04:24] } 54. c4 { [%clk 0:07:39] }
54... Kd3 { [%clk 0:04:23] } 55. c5 { [%clk 0:07:39] } 55... Kd4
{ [%clk 0:04:22] } 56. Kb5 { [%clk 0:07:38] } 56... Kd5 { [%clk 0:04:21] } 57.
c6 { [%clk 0:07:37] } 57... Kd6 { [%clk 0:04:20] } 58. Kb6 { [%clk 0:07:36] }
58... Ke7 { [%clk 0:04:15] } 59. c7 { [%clk 0:07:35] } 59... Kd7
{ [%clk 0:04:14] } 60. Kb7 { [%clk 0:07:34] } 60... Kd6 { [%clk 0:04:12] } 61.
c8=Q { [%clk 0:07:33] } 1-0"
Rated Rapid game,https://lichess.org/eCgeuvpd,2024.08.01,-,simran_1234Mrudul,saeedpasargad,1-0,2024.08.01,08:42:33,1722,1743,,,C41,Philidor Defense: Hanham Variation,600+0,Normal,"1. e4 { [%eval 0.15] [%clk 0:10:00] } 1... e5 { [%eval 0.21] [%clk 0:10:00] }
2. Nf3 { [%eval 0.11] [%clk 0:09:58] } 2... d6 { [%eval 0.53] [%clk 0:09:59] }
3. d4 { [%eval 0.58] [%clk 0:09:55] } 3... Nd7 { [%eval 0.61] [%clk 0:09:57] }
4. d5 { [%eval 0.16] [%clk 0:09:53] } 4... a6 { [%eval 0.46] [%clk 0:09:56] }
5. Bc4 { [%eval -0.05] [%clk 0:09:50] } 5... b5 { [%eval 0.21] [%clk 0:09:54] }
6. Bb3 $6 { [%eval -0.61] [%clk 0:09:49] } 6... Ngf6
{ [%eval -0.31] [%clk 0:09:52] } 7. Be3 $2 { [%eval -1.33] [%clk 0:09:43] }
7... Nxe4 { [%eval -1.25] [%clk 0:09:47] } 8. O-O
{ [%eval -1.48] [%clk 0:09:36] } 8... Nef6 $6 { [%eval -0.63] [%clk 0:09:46] }
9. a4 { [%eval -0.6] [%clk 0:09:29] } 9... b4 { [%eval -0.54] [%clk 0:09:41] }
10. Qd2 $6 { [%eval -1.23] [%clk 0:09:21] } 10... a5
{ [%eval -0.9] [%clk 0:09:39] } 11. c3 { [%eval -0.86] [%clk 0:09:18] } 11...
Ba6 { [%eval -0.96] [%clk 0:09:27] } 12. Re1 { [%eval -1.47] [%clk 0:09:11] }
12... h6 $2 { [%eval 0.44] [%clk 0:09:24] } 13. cxb4
{ [%eval 0.51] [%clk 0:09:09] } 13... axb4 { [%eval 0.41] [%clk 0:09:22] } 14.
Qxb4 { [%eval 0.53] [%clk 0:09:07] } 14... Be7 { [%eval 0.56] [%clk 0:09:14] }
15. Qd2 $6 { [%eval -0.27] [%clk 0:08:59] } 15... Rb8
{ [%eval 0.13] [%clk 0:09:03] } 16. Ba2 { [%eval -0.39] [%clk 0:08:52] } 16...
O-O $6 { [%eval 0.18] [%clk 0:09:00] } 17. Nc3 $6
{ [%eval -0.43] [%clk 0:08:50] } 17... Nb6 $2 { [%eval 1.33] [%clk 0:08:41] }
18. Bxb6 $2 { [%eval -1.0] [%clk 0:08:41] } 18... Rxb6
{ [%eval -0.99] [%clk 0:08:35] } 19. a5 { [%eval -0.82] [%clk 0:08:30] } 19...
Rb8 $6 { [%eval 0.05] [%clk 0:08:25] } 20. Rab1 { [%eval -0.2] [%clk 0:08:17] }
20... Bb7 $2 { [%eval 1.32] [%clk 0:08:06] } 21. h3 $6
{ [%eval 0.73] [%clk 0:08:02] } 21... c6 { [%eval 1.02] [%clk 0:08:02] } 22.
dxc6 { [%eval 0.69] [%clk 0:07:46] } 22... Bxc6 { [%eval 0.66] [%clk 0:08:01] }
23. b4 { [%eval 0.69] [%clk 0:07:41] } 23... Bxf3 $6
{ [%eval 1.47] [%clk 0:07:58] } 24. gxf3 { [%eval 1.31] [%clk 0:07:39] } 24...
Nh5 { [%eval 1.61] [%clk 0:07:56] } 25. Bd5 $2 { [%eval -0.88] [%clk 0:07:04] }
25... Bg5 { [%eval -0.42] [%clk 0:07:53] } 26. Qc2 $6
{ [%eval -1.39] [%clk 0:06:35] } 26... Qd7 $6 { [%eval -0.77] [%clk 0:07:50] }
27. Be4 $6 { [%eval -1.67] [%clk 0:06:16] } 27... Qxh3
{ [%eval -1.42] [%clk 0:07:44] } 28. Ne2 $2 { [%eval -2.54] [%clk 0:05:42] }
28... Nf4 { [%eval -2.11] [%clk 0:07:41] } 29. Nxf4
{ [%eval -2.28] [%clk 0:05:40] } 29... Bxf4 { [%eval -2.16] [%clk 0:07:40] }
30. Bh7+ { [%eval -2.06] [%clk 0:05:16] } 30... Kh8
{ [%eval -2.11] [%clk 0:07:38] } 31. Bf5 { [%eval -2.3] [%clk 0:05:09] } 31...
Qh2+ { [%eval -2.0] [%clk 0:07:34] } 32. Kf1 { [%eval -2.0] [%clk 0:05:04] }
32... g6 $6 { [%eval -1.02] [%clk 0:07:21] } 33. Be4
{ [%eval -1.14] [%clk 0:04:47] } 33... Rbc8 { [%eval -0.98] [%clk 0:07:19] }
34. Qd3 $2 { [%eval -2.89] [%clk 0:04:36] } 34... Rcd8 $2
{ [%eval 0.0] [%clk 0:07:08] } 35. b5 { [%eval 0.0] [%clk 0:04:20] } 35... Qh4
$2 { [%eval 1.15] [%clk 0:07:00] } 36. b6 $2 { [%eval 0.0] [%clk 0:04:17] }
36... Qe7 $4 { [%eval 3.44] [%clk 0:06:59] } 37. b7
{ [%eval 3.41] [%clk 0:04:13] } 37... Rb8 $2 { [%eval 4.93] [%clk 0:06:56] }
38. a6 { [%eval 4.85] [%clk 0:04:11] } 38... Rfd8
{ [%eval 6.12] [%clk 0:06:36] } 39. a7 { [%eval 5.18] [%clk 0:04:09] } 39...
Rxb7 $2 { [%eval 7.74] [%clk 0:06:34] } 40. Rxb7
{ [%eval 7.58] [%clk 0:04:05] } 40... Qe8 { [%eval 8.31] [%clk 0:06:30] } 41.
Qb5 { [%eval 8.28] [%clk 0:03:30] } 41... Qxb5+ { [%eval 9.71] [%clk 0:06:21] }
42. Rxb5 { [%eval 9.08] [%clk 0:03:29] } 42... Bd2 $2
{ [%eval #11] [%clk 0:06:18] } 43. Rb8 { [%eval 12.54] [%clk 0:03:21] } 43...
Rxb8 $6 { [%eval #8] [%clk 0:06:14] } 44. axb8=Q+ { [%eval #7] [%clk 0:03:18] }
44... Kg7 { [%eval #8] [%clk 0:06:13] } 45. Rd1 { [%eval #7] [%clk 0:03:16] }
45... Bc3 { [%eval #6] [%clk 0:06:09] } 46. Qxd6 { [%eval #6] [%clk 0:03:13] }
46... Bd4 { [%eval #6] [%clk 0:06:07] } 47. Rxd4 { [%eval #6] [%clk 0:03:11] }
47... exd4 { [%eval #6] [%clk 0:06:05] } 48. Qxd4+
{ [%eval #6] [%clk 0:03:10] } 48... Kg8 { [%eval #5] [%clk 0:06:04] } 49. Kg2
{ [%eval #6] [%clk 0:03:08] } 49... Kh7 { [%eval #4] [%clk 0:06:03] } 50. Qf6
{ [%eval #3] [%clk 0:03:05] } 50... Kg8 { [%eval #3] [%clk 0:06:01] } 51. Kg3
{ [%eval #5] [%clk 0:03:01] } 51... h5 { [%eval #5] [%clk 0:05:59] } 52. Kh4
{ [%eval #4] [%clk 0:02:59] } 52... Kf8 { [%eval #4] [%clk 0:05:57] } 53. Kg5
{ [%eval #3] [%clk 0:02:57] } 53... Kg8 { [%eval #2] [%clk 0:05:56] } 54. Kh6
{ [%eval #1] [%clk 0:02:54] } 54... Kf8 { [%eval #1] [%clk 0:05:53] } 55. Qg7+
{ [%eval #5] [%clk 0:02:52] } 55... Ke7 { [%eval #5] [%clk 0:05:52] } 56. Bxg6
{ [%eval #10] [%clk 0:02:49] } 56... Ke6 { [%eval #7] [%clk 0:05:49] } 57.
Qxf7+ { [%eval #6] [%clk 0:02:48] } 57... Ke5 { [%eval #3] [%clk 0:05:48] } 58.
Qf5+ { [%eval #7] [%clk 0:02:46] } 58... Kd4 { [%eval #7] [%clk 0:05:47] } 59.
Qxh5 { [%eval #6] [%clk 0:02:44] } 59... Kc4 { [%eval #6] [%clk 0:05:44] } 60.
f4 { [%eval #6] [%clk 0:02:43] } 60... Kd4 { [%eval #6] [%clk 0:05:42] } 61. f5
{ [%eval #5] [%clk 0:02:42] } 61... Ke5 { [%eval #4] [%clk 0:05:41] } 62. Qe2+
{ [%eval #5] [%clk 0:02:39] } 62... Kf6 { [%eval #1] [%clk 0:05:40] } 63. Qe6#
{ [%clk 0:02:38] } 1-0"
Rated Rapid game,https://lichess.org/uJVI9P6h,2024.08.01,-,ali2altareef,ardiyana,0-1,2024.08.01,08:42:33,1485,1486,,,C41,Philidor Defense,600+0,Normal,"1. e4 { [%clk 0:10:00] } 1... e5 { [%clk 0:10:00] } 2. Nf3 { [%clk 0:09:41] }
2... d6 { [%clk 0:09:58] } 3. d4 { [%clk 0:09:26] } 3... Qe7 { [%clk 0:09:53] }
4. dxe5 { [%clk 0:09:23] } 4... dxe5 { [%clk 0:09:50] } 5. Bc4
{ [%clk 0:09:17] } 5... Bg4 { [%clk 0:09:48] } 6. h3 { [%clk 0:09:14] } 6...
Bxf3 { [%clk 0:09:46] } 7. Qxf3 { [%clk 0:09:12] } 7... Nc6 { [%clk 0:09:41] }
8. O-O { [%clk 0:09:09] } 8... O-O-O { [%clk 0:09:37] } 9. Bd5
{ [%clk 0:09:03] } 9... Nd4 { [%clk 0:09:29] } 10. Qg4+ { [%clk 0:08:43] }
10... Kb8 { [%clk 0:09:18] } 11. Na3 { [%clk 0:08:36] } 11... h5
{ [%clk 0:09:13] } 12. Qg3 { [%clk 0:08:25] } 12... Nf6 { [%clk 0:09:05] } 13.
Bg5 { [%clk 0:08:18] } 13... h4 { [%clk 0:08:48] } 14. Bxh4 { [%clk 0:08:01] }
14... Qd7 { [%clk 0:08:39] } 15. Qxe5 { [%clk 0:07:45] } 15... Bxa3
{ [%clk 0:08:16] } 16. Qxd4 { [%clk 0:07:31] } 16... Be7 { [%clk 0:08:07] } 17.
Bg3 { [%clk 0:07:12] } 17... Nxd5 { [%clk 0:07:54] } 18. exd5
{ [%clk 0:07:08] } 18... Qxd5 { [%clk 0:07:53] } 19. Qxg7 { [%clk 0:07:01] }
19... f6 { [%clk 0:07:44] } 20. Qxe7 { [%clk 0:06:55] } 20... f5
{ [%clk 0:07:15] } 21. Qxc7+ { [%clk 0:05:55] } 21... Ka8 { [%clk 0:07:11] }
22. Be5 { [%clk 0:05:45] } 22... Rhg8 { [%clk 0:07:03] } 23. f3
{ [%clk 0:05:23] } 23... Rc8 { [%clk 0:06:31] } 24. Qd6 { [%clk 0:03:51] }
24... Qb5 { [%clk 0:06:05] } 25. a4 { [%clk 0:03:30] } 25... Qc4
{ [%clk 0:05:42] } 26. b3 { [%clk 0:03:05] } 26... Qxc2 { [%clk 0:05:37] } 27.
a5 { [%clk 0:02:45] } 27... Qxg2# { [%clk 0:05:25] } 0-1"
Rated Rapid game,https://lichess.org/hlFIDJbG,2024.08.01,-,KonstantinVKVVV,SalehDR,1-0,2024.08.01,08:42:33,1677,1637,,,A00,Grob Opening,600+0,Normal,"1. g4 { [%clk 0:10:00] } 1... e5 { [%clk 0:10:00] } 2. Bg2 { [%clk 0:09:59] }
2... Nf6 { [%clk 0:09:57] } 3. g5 { [%clk 0:09:49] } 3... Ng4
{ [%clk 0:09:46] } 4. h3 { [%clk 0:09:48] } 4... Nxf2 { [%clk 0:09:38] } 5.
Kxf2 { [%clk 0:09:47] } 5... Qxg5 { [%clk 0:09:33] } 6. Nf3 { [%clk 0:09:45] }
6... Bc5+ { [%clk 0:09:22] } 7. e3 { [%clk 0:09:44] } 7... Qf5
{ [%clk 0:09:08] } 8. d3 { [%clk 0:09:32] } 8... d6 { [%clk 0:08:56] } 9. Rf1
{ [%clk 0:09:25] } 9... Be6 { [%clk 0:08:53] } 10. a3 { [%clk 0:09:19] } 10...
Nc6 { [%clk 0:08:32] } 11. b4 { [%clk 0:09:18] } 11... Bb6 { [%clk 0:08:14] }
12. Nc3 { [%clk 0:09:15] } 12... O-O { [%clk 0:07:43] } 13. Kg1
{ [%clk 0:09:09] } 13... Qg6 { [%clk 0:06:48] } 14. Kh2 { [%clk 0:09:03] }
14... d5 { [%clk 0:06:00] } 15. Qe1 { [%clk 0:08:40] } 15... d4
{ [%clk 0:05:55] } 16. exd4 { [%clk 0:08:19] } 16... Bxd4 { [%clk 0:05:11] }
17. Nh4 { [%clk 0:08:05] } 17... Qh5 { [%clk 0:03:46] } 18. Bf3
{ [%clk 0:07:53] } 18... Bxc3 { [%clk 0:03:35] } 19. Bxh5 { [%clk 0:07:20] }
19... Bxe1 { [%clk 0:03:32] } 20. Rxe1 { [%clk 0:07:20] } 20... f6
{ [%clk 0:03:00] } 21. c4 { [%clk 0:07:11] } 21... Nd4 { [%clk 0:02:55] } 22.
Bd1 { [%clk 0:07:03] } 22... g5 { [%clk 0:02:43] } 23. Nf3 { [%clk 0:06:52] }
23... Nxf3+ { [%clk 0:02:38] } 24. Bxf3 { [%clk 0:06:51] } 24... c6
{ [%clk 0:02:27] } 25. Bg4 { [%clk 0:06:43] } 25... Bxg4 { [%clk 0:02:24] } 26.
hxg4 { [%clk 0:06:43] } 26... Rfd8 { [%clk 0:02:18] } 27. Rd1
{ [%clk 0:06:40] } 27... Rd4 { [%clk 0:02:09] } 28. Kg3 { [%clk 0:06:37] }
28... Rad8 { [%clk 0:02:07] } 29. Be3 { [%clk 0:06:28] } 29... Rxd3
{ [%clk 0:02:03] } 30. Rxd3 { [%clk 0:06:27] } 30... Rxd3 { [%clk 0:02:01] }
31. Kf3 { [%clk 0:06:26] } 31... Kg7 { [%clk 0:01:53] } 32. Ke2
{ [%clk 0:06:23] } 32... Rc3 { [%clk 0:01:45] } 33. Bxa7 { [%clk 0:06:16] }
33... e4 { [%clk 0:01:36] } 34. c5 { [%clk 0:06:07] } 34... Kg6
{ [%clk 0:01:28] } 35. Bb8 { [%clk 0:06:02] } 35... f5 { [%clk 0:01:26] } 36.
gxf5+ { [%clk 0:06:00] } 36... Kxf5 { [%clk 0:01:24] } 37. Kf2
{ [%clk 0:05:55] } 37... g4 { [%clk 0:01:21] } 38. a4 { [%clk 0:05:51] } 38...
Rf3+ { [%clk 0:01:19] } 39. Kg2 { [%clk 0:05:48] } 39... h5 { [%clk 0:01:18] }
40. Rf1 { [%clk 0:05:37] } 40... Rxf1 { [%clk 0:01:16] } 41. Kxf1
{ [%clk 0:05:36] } 41... h4 { [%clk 0:01:15] } 42. Kg2 { [%clk 0:05:31] } 42...
g3 { [%clk 0:01:11] } 43. b5 { [%clk 0:05:26] } 43... cxb5 { [%clk 0:01:07] }
44. axb5 { [%clk 0:05:26] } 44... e3 { [%clk 0:01:03] } 45. Kf3
{ [%clk 0:05:24] } 45... Ke6 { [%clk 0:00:58] } 46. c6 { [%clk 0:05:22] } 46...
Kd5 { [%clk 0:00:56] } 47. c7 { [%clk 0:05:18] } 47... Kc5 { [%clk 0:00:51] }
48. c8=Q+ { [%clk 0:05:15] } 48... Kxb5 { [%clk 0:00:50] } 49. Qxb7+
{ [%clk 0:05:14] } 49... Kc5 { [%clk 0:00:49] } 50. Qe4 { [%clk 0:05:12] }
50... h3 { [%clk 0:00:46] } 51. Bxg3 { [%clk 0:05:10] } 51... e2
{ [%clk 0:00:44] } 52. Qxe2 { [%clk 0:05:09] } 52... h2 { [%clk 0:00:43] } 53.
Qxh2 { [%clk 0:05:08] } 53... Kd4 { [%clk 0:00:41] } 54. Qe2 { [%clk 0:05:07] }
54... Kc3 { [%clk 0:00:40] } 55. Qd1 { [%clk 0:05:05] } 55... Kc4
{ [%clk 0:00:38] } 56. Ke4 { [%clk 0:05:04] } 56... Kc5 { [%clk 0:00:37] } 57.
Qd8 { [%clk 0:05:01] } 57... Kb4 { [%clk 0:00:37] } 58. Qc7 { [%clk 0:04:59] }
58... Kb5 { [%clk 0:00:35] } 59. Kd4 { [%clk 0:04:58] } 59... Kb4
{ [%clk 0:00:34] } 60. Qb7+ { [%clk 0:04:57] } 60... Ka3 { [%clk 0:00:32] } 61.
Kc4 { [%clk 0:04:56] } 61... Ka2 { [%clk 0:00:30] } 62. Kc3 { [%clk 0:04:54] }
62... Ka1 { [%clk 0:00:28] } 63. Kc2 { [%clk 0:04:53] } 63... Ka2
{ [%clk 0:00:26] } 64. Qa7# { [%clk 0:04:53] } 1-0"
Rated Rapid game,https://lichess.org/b1F8hBfg,2024.08.01,-,ishumehra01,kutayarasseden,1-0,2024.08.01,08:42:33,1479,1517,,,C74,"Ruy Lopez: Morphy Defense, Modern Steinitz Defense",600+0,Normal,"1. e4 { [%clk 0:10:00] } 1... e5 { [%clk 0:10:00] } 2. Nf3 { [%clk 0:09:56] }
2... Nc6 { [%clk 0:09:58] } 3. Bb5 { [%clk 0:09:50] } 3... d6
{ [%clk 0:09:55] } 4. c3 { [%clk 0:09:46] } 4... a6 { [%clk 0:09:53] } 5. Ba4
{ [%clk 0:09:42] } 5... b5 { [%clk 0:09:51] } 6. Bb3 { [%clk 0:09:38] } 6...
Bb7 { [%clk 0:09:47] } 7. O-O { [%clk 0:09:24] } 7... Nf6 { [%clk 0:09:41] } 8.
Re1 { [%clk 0:09:14] } 8... Na7 { [%clk 0:09:36] } 9. d3 { [%clk 0:09:08] }
9... Be7 { [%clk 0:09:32] } 10. Nbd2 { [%clk 0:09:03] } 10... O-O
{ [%clk 0:09:29] } 11. Nf1 { [%clk 0:08:57] } 11... Re8 { [%clk 0:09:24] } 12.
Ng5 { [%clk 0:08:44] } 12... Nd7 { [%clk 0:09:20] } 13. Nxf7 { [%clk 0:08:35] }
13... Qb8 { [%clk 0:09:13] } 14. Nh6+ { [%clk 0:08:07] } 14... Kf8
{ [%clk 0:09:08] } 15. Qf3+ { [%clk 0:08:02] } 15... Nf6 { [%clk 0:09:05] } 16.
Bg5 { [%clk 0:07:51] } 16... Rd8 { [%clk 0:08:55] } 17. Bxf6 { [%clk 0:07:42] }
17... Bxf6 { [%clk 0:08:51] } 18. Nf5 { [%clk 0:07:35] } 18... c5
{ [%clk 0:08:39] } 19. Qh5 { [%clk 0:07:31] } 19... Rd7 { [%clk 0:08:33] } 20.
Qxh7 { [%clk 0:07:26] } 20... a5 { [%clk 0:08:28] } 21. Qg8# { [%clk 0:07:12] }
1-0"
Rated Rapid game,https://lichess.org/leCqcExV,2024.08.01,-,Harikrishnan7,jitten,0-1,2024.08.01,08:42:33,1772,1762,,,A40,Queen's Pawn Game,600+0,Normal,"1. d4 { [%clk 0:10:00] } 1... c6 { [%clk 0:10:00] } 2. Bf4 { [%clk 0:09:59] }
2... d5 { [%clk 0:09:59] } 3. Nc3 { [%clk 0:09:57] } 3... Bf5
{ [%clk 0:09:58] } 4. e3 { [%clk 0:09:55] } 4... e6 { [%clk 0:09:56] } 5. Nf3
{ [%clk 0:09:53] } 5... Nf6 { [%clk 0:09:54] } 6. h3 { [%clk 0:09:51] } 6...
Nbd7 { [%clk 0:09:53] } 7. Bd3 { [%clk 0:09:44] } 7... Bxd3 { [%clk 0:09:51] }
8. Qxd3 { [%clk 0:09:44] } 8... Be7 { [%clk 0:09:49] } 9. a3 { [%clk 0:09:39] }
9... b5 { [%clk 0:09:48] } 10. b4 { [%clk 0:09:28] } 10... a5
{ [%clk 0:09:46] } 11. bxa5 { [%clk 0:09:24] } 11... Rxa5 { [%clk 0:09:43] }
12. O-O { [%clk 0:09:20] } 12... Qa8 { [%clk 0:09:37] } 13. Ne2
{ [%clk 0:09:03] } 13... O-O { [%clk 0:09:31] } 14. g4 { [%clk 0:08:51] } 14...
Ne4 { [%clk 0:09:25] } 15. Ng3 { [%clk 0:08:41] } 15... Ndf6 { [%clk 0:09:22] }
16. g5 { [%clk 0:08:35] } 16... Nxg3 { [%clk 0:09:16] } 17. Bxg3
{ [%clk 0:08:33] } 17... Ne4 { [%clk 0:09:14] } 18. Bf4 { [%clk 0:08:26] }
18... b4 { [%clk 0:08:47] } 19. a4 { [%clk 0:08:20] } 19... Rxa4
{ [%clk 0:08:43] } 20. Rxa4 { [%clk 0:08:18] } 20... Qxa4 { [%clk 0:08:42] }
21. Ne5 { [%clk 0:08:11] } 21... Bxg5 { [%clk 0:08:12] } 22. Qb3
{ [%clk 0:08:07] } 22... Qb5 { [%clk 0:08:06] } 23. Bg3 { [%clk 0:07:46] }
23... Nd2 { [%clk 0:08:02] } 24. Qd3 { [%clk 0:07:38] } 24... Qxd3
{ [%clk 0:07:48] } 25. Nxd3 { [%clk 0:07:38] } 25... Nxf1 { [%clk 0:07:47] }
26. Kxf1 { [%clk 0:07:38] } 26... Be7 { [%clk 0:07:37] } 27. Nb2
{ [%clk 0:07:19] } 27... Rc8 { [%clk 0:07:29] } 28. Na4 { [%clk 0:07:17] }
28... c5 { [%clk 0:07:25] } 29. Nb6 { [%clk 0:07:15] } 29... Rc6
{ [%clk 0:07:14] } 30. dxc5 { [%clk 0:07:06] } 30... Bxc5 { [%clk 0:07:10] }
31. Nd7 { [%clk 0:07:00] } 31... Be7 { [%clk 0:06:55] } 32. Be5
{ [%clk 0:06:54] } 32... Rxc2 { [%clk 0:06:48] } 33. Nb6 { [%clk 0:06:49] }
33... b3 { [%clk 0:06:44] } 34. Na4 { [%clk 0:06:47] } 34... Ba3
{ [%clk 0:06:38] } 35. f4 { [%clk 0:06:31] } 35... b2 { [%clk 0:06:36] } 36.
Bxb2 { [%clk 0:06:19] } 36... Bxb2 { [%clk 0:06:35] } 37. Ke1
{ [%clk 0:06:11] } 37... Bf6 { [%clk 0:06:26] } 38. Kd1 { [%clk 0:06:09] }
38... Rc4 { [%clk 0:06:25] } 39. Nb2 { [%clk 0:06:03] } 39... h6
{ [%clk 0:06:20] } 40. Nxc4 { [%clk 0:06:01] } 40... dxc4 { [%clk 0:06:19] }
41. Kc2 { [%clk 0:05:59] } 41... c3 { [%clk 0:06:18] } 42. e4
{ [%clk 0:05:58] } 42... Bd4 { [%clk 0:06:15] } 43. e5 { [%clk 0:05:54] } 43...
f6 { [%clk 0:06:12] } 44. exf6 { [%clk 0:05:48] } 44... Bxf6 { [%clk 0:06:11] }
45. h4 { [%clk 0:05:46] } 45... Kf7 { [%clk 0:06:09] } 46. h5
{ [%clk 0:05:43] } 46... g6 { [%clk 0:06:06] } 47. hxg6+ { [%clk 0:05:41] }
47... Kxg6 { [%clk 0:06:03] } 48. f5+ { [%clk 0:05:40] } 48... Kxf5
{ [%clk 0:06:00] } 0-1"
Rated Rapid game,https://lichess.org/ojvCkjSq,2024.08.01,-,thesilentpearl,Bernard_404,0-1,2024.08.01,08:42:33,1159,1157,,,C50,Four Knights Game: Italian Variation,600+0,Normal,"1. e4 { [%clk 0:10:00] } 1... e5 { [%clk 0:10:00] } 2. Nc3 { [%clk 0:09:58] }
2... Nc6 { [%clk 0:09:59] } 3. Bc4 { [%clk 0:09:56] } 3... Nf6
{ [%clk 0:09:59] } 4. Nf3 { [%clk 0:09:54] } 4... Bc5 { [%clk 0:09:58] } 5. O-O
{ [%clk 0:09:51] } 5... O-O { [%clk 0:09:57] } 6. d3 { [%clk 0:09:46] } 6... d6
{ [%clk 0:09:57] } 7. Bg5 { [%clk 0:09:44] } 7... a6 { [%clk 0:09:52] } 8. h3
{ [%clk 0:09:41] } 8... b5 { [%clk 0:09:50] } 9. Bd5 { [%clk 0:09:34] } 9...
Bb7 { [%clk 0:09:42] } 10. a4 { [%clk 0:09:04] } 10... b4 { [%clk 0:09:40] }
11. Na2 { [%clk 0:08:56] } 11... h6 { [%clk 0:09:35] } 12. Bxf6
{ [%clk 0:08:54] } 12... Qxf6 { [%clk 0:09:33] } 13. c3 { [%clk 0:08:51] }
13... bxc3 { [%clk 0:09:20] } 14. Nxc3 { [%clk 0:08:47] } 14... Bb4
{ [%clk 0:08:54] } 15. Rc1 { [%clk 0:08:38] } 15... Nd4 { [%clk 0:08:50] } 16.
Bxb7 { [%clk 0:08:33] } 16... Rab8 { [%clk 0:08:47] } 17. Bxa6
{ [%clk 0:08:29] } 17... Nxf3+ { [%clk 0:08:41] } 18. gxf3 { [%clk 0:08:23] }
18... Bxc3 { [%clk 0:08:37] } 19. Rxc3 { [%clk 0:08:19] } 19... Rxb2
{ [%clk 0:08:35] } 20. Rxc7 { [%clk 0:08:11] } 20... Qg5+ { [%clk 0:08:32] }
21. Kh2 { [%clk 0:08:06] } 21... Qf4+ { [%clk 0:08:27] } 22. Kg2
{ [%clk 0:08:04] } 22... g5 { [%clk 0:08:15] } 23. h4 { [%clk 0:07:42] } 23...
Qxh4 { [%clk 0:08:09] } 24. f4 { [%clk 0:07:38] } 24... exf4 { [%clk 0:08:03] }
25. Kf3 { [%clk 0:07:37] } 25... Qh3# { [%clk 0:07:55] } 0-1"
Rated Rapid game,https://lichess.org/lnpKecol,2024.08.01,-,albert_dunk,oeloen,1-0,2024.08.01,08:42:33,1630,1518,,,C23,Bishop's Opening: Calabrese Countergambit,600+0,Normal,"1. e4 { [%clk 0:10:00] } 1... e5 { [%clk 0:10:00] } 2. Bc4 { [%clk 0:09:59] }
2... f5 { [%clk 0:09:57] } 3. Qh5+ { [%clk 0:09:55] } 3... g6
{ [%clk 0:09:56] } 4. Qf3 { [%clk 0:09:51] } 4... Nf6 { [%clk 0:09:43] } 5.
exf5 { [%clk 0:09:50] } 5... d5 { [%clk 0:09:37] } 6. Bb3 { [%clk 0:09:40] }
6... e4 { [%clk 0:09:29] } 7. Qf4 { [%clk 0:09:32] } 7... Bd6
{ [%clk 0:09:26] } 8. Qg5 { [%clk 0:09:29] } 8... Bxf5 { [%clk 0:09:13] } 9.
Nc3 { [%clk 0:09:08] } 9... c6 { [%clk 0:09:11] } 10. f3 { [%clk 0:09:01] }
10... O-O { [%clk 0:09:08] } 11. g4 { [%clk 0:08:54] } 11... Be6
{ [%clk 0:08:52] } 12. h4 { [%clk 0:08:52] } 12... Qb6 { [%clk 0:08:35] } 13.
h5 { [%clk 0:08:43] } 13... Bg3+ { [%clk 0:08:33] } 14. Kd1 { [%clk 0:08:28] }
14... Qf2 { [%clk 0:08:30] } 15. Nge2 { [%clk 0:07:59] } 15... exf3
{ [%clk 0:08:18] } 16. hxg6 { [%clk 0:07:44] } 16... fxe2+ { [%clk 0:08:08] }
17. Nxe2 { [%clk 0:07:42] } 17... Bf4 { [%clk 0:07:40] } 18. gxh7+
{ [%clk 0:07:33] } 18... Kh8 { [%clk 0:07:36] } 19. Qxf4 { [%clk 0:07:18] }
19... Qxf4 { [%clk 0:07:28] } 20. Nxf4 { [%clk 0:07:17] } 20... Bxg4+
{ [%clk 0:07:20] } 21. Ke1 { [%clk 0:07:06] } 21... Nxh7 { [%clk 0:07:17] } 22.
Ng6+ { [%clk 0:07:00] } 22... Kg7 { [%clk 0:07:08] } 23. Nxf8
{ [%clk 0:06:58] } 23... Nxf8 { [%clk 0:07:05] } 24. Rg1 { [%clk 0:06:56] }
24... Nbd7 { [%clk 0:07:01] } 25. Rxg4+ { [%clk 0:06:54] } 25... Kf7
{ [%clk 0:06:58] } 26. c4 { [%clk 0:06:50] } 26... dxc4 { [%clk 0:06:55] } 27.
Bxc4+ { [%clk 0:06:49] } 27... Ke7 { [%clk 0:06:51] } 28. d3 { [%clk 0:06:43] }
28... Re8 { [%clk 0:06:47] } 29. Bg5+ { [%clk 0:06:41] } 29... Kd6+
{ [%clk 0:06:42] } 30. Kd2 { [%clk 0:06:40] } 30... Ne6 { [%clk 0:06:36] } 31.
Bf4+ { [%clk 0:06:30] } 31... Kc5 { [%clk 0:06:34] } 32. Re1 { [%clk 0:06:11] }
32... Nf6 { [%clk 0:06:32] } 33. Be3+ { [%clk 0:05:57] } 33... Kd6
{ [%clk 0:06:25] } 34. Bxe6 { [%clk 0:05:52] } 34... Nxg4 { [%clk 0:06:18] }
35. Bxg4 { [%clk 0:05:50] } 35... b5 { [%clk 0:06:13] } 36. Bf4+
{ [%clk 0:05:45] } 36... Kc5 { [%clk 0:06:11] } 37. Rxe8 { [%clk 0:05:44] } 1-0"
Rated Rapid game,https://lichess.org/pJ7iw3dI,2024.08.01,-,AustinT830,lvsh,1-0,2024.08.01,08:42:33,1238,1262,,,C40,King's Pawn Game: Busch-Gass Gambit,600+0,Normal,"1. e4 { [%clk 0:10:00] } 1... e5 { [%clk 0:10:00] } 2. Nf3 { [%clk 0:09:59] }
2... Bc5 { [%clk 0:09:58] } 3. d4 { [%clk 0:09:48] } 3... exd4
{ [%clk 0:09:56] } 4. Nxd4 { [%clk 0:09:47] } 4... Bb6 { [%clk 0:09:55] } 5. c3
{ [%clk 0:09:40] } 5... Nc6 { [%clk 0:09:52] } 6. Nxc6 { [%clk 0:09:38] } 6...
Bxf2+ { [%clk 0:09:49] } 7. Kxf2 { [%clk 0:09:33] } 7... bxc6
{ [%clk 0:09:48] } 8. Bc4 { [%clk 0:09:30] } 8... Qe7 { [%clk 0:09:46] } 9. Re1
{ [%clk 0:09:28] } 9... Qc5+ { [%clk 0:09:44] } 10. Kf1 { [%clk 0:09:26] }
10... Qxc4+ { [%clk 0:09:43] } 11. Kg1 { [%clk 0:09:18] } 11... Nf6
{ [%clk 0:09:41] } 12. Na3 { [%clk 0:09:01] } 12... Qc5+ { [%clk 0:09:38] } 13.
Be3 { [%clk 0:08:57] } 13... Qe5 { [%clk 0:09:36] } 14. Qd3 { [%clk 0:08:48] }
14... d5 { [%clk 0:09:34] } 15. exd5 { [%clk 0:08:43] } 15... O-O
{ [%clk 0:09:27] } 16. Bf4 { [%clk 0:08:31] } 16... Qh5 { [%clk 0:09:18] } 17.
Bxc7 { [%clk 0:08:20] } 17... Ng4 { [%clk 0:09:16] } 18. Qg3 { [%clk 0:08:12] }
18... Bf5 { [%clk 0:09:12] } 19. Re5 { [%clk 0:08:00] } 19... g6
{ [%clk 0:09:09] } 20. dxc6 { [%clk 0:07:57] } 20... Rae8 { [%clk 0:09:06] }
21. Rae1 { [%clk 0:07:52] } 21... Qg5 { [%clk 0:08:56] } 22. h4
{ [%clk 0:07:38] } 22... Qf6 { [%clk 0:08:51] } 23. Rxe8 { [%clk 0:07:11] }
23... Rxe8 { [%clk 0:08:45] } 24. Rxe8+ { [%clk 0:07:08] } 24... Kg7
{ [%clk 0:08:44] } 25. Be5 { [%clk 0:07:02] } 25... Nxe5 { [%clk 0:08:42] } 26.
Qxe5 { [%clk 0:06:49] } 26... Qxe5 { [%clk 0:08:40] } 27. Rxe5
{ [%clk 0:06:47] } 27... Kf6 { [%clk 0:08:38] } 28. Rc5 { [%clk 0:06:45] }
28... Ke6 { [%clk 0:08:35] } 29. c7 { [%clk 0:06:43] } 29... Kd7
{ [%clk 0:08:33] } 30. c8=Q+ { [%clk 0:06:41] } 1-0"
Rated Rapid game,https://lichess.org/LMlzhrnw,2024.08.01,-,PARED22,fokindanil1,1-0,2024.08.01,08:42:33,1881,1900,,,A40,Queen's Pawn Game: Modern Defense,600+0,Time forfeit,"1. d4 { [%clk 0:10:00] } 1... g6 { [%clk 0:10:00] } 2. c4 { [%clk 0:09:59] }
2... Bg7 { [%clk 0:09:59] } 3. e4 { [%clk 0:09:58] } 3... e6 { [%clk 0:09:57] }
4. Nc3 { [%clk 0:09:56] } 4... Nf6 { [%clk 0:09:56] } 5. Nf3 { [%clk 0:09:54] }
5... O-O { [%clk 0:09:54] } 6. Bd3 { [%clk 0:09:53] } 6... d6
{ [%clk 0:09:53] } 7. O-O { [%clk 0:09:51] } 7... Nbd7 { [%clk 0:09:52] } 8.
Bg5 { [%clk 0:09:46] } 8... b6 { [%clk 0:09:50] } 9. e5 { [%clk 0:09:41] } 9...
dxe5 { [%clk 0:09:45] } 10. dxe5 { [%clk 0:09:40] } 10... Nc5
{ [%clk 0:09:36] } 11. exf6 { [%clk 0:09:12] } 11... Bxf6 { [%clk 0:09:27] }
12. Bxf6 { [%clk 0:09:11] } 12... Qxf6 { [%clk 0:09:27] } 13. Be4
{ [%clk 0:09:03] } 13... Rb8 { [%clk 0:09:22] } 14. Bc6 { [%clk 0:08:51] }
14... Ba6 { [%clk 0:09:07] } 15. Ne4 { [%clk 0:08:46] } 1-0"
Rated Rapid game,https://lichess.org/gq1zna99,2024.08.01,-,peha1,Mukabwa,1-0,2024.08.01,08:42:34,1835,1775,,,A00,Hungarian Opening,600+0,Normal,"1. g3 { [%clk 0:10:00] } 1... d5 { [%clk 0:10:00] } 2. Bg2 { [%clk 0:09:59] }
2... e5 { [%clk 0:09:58] } 3. f3 { [%clk 0:09:53] } 3... f5 { [%clk 0:09:56] }
4. Nh3 { [%clk 0:09:45] } 4... Be6 { [%clk 0:09:53] } 5. Nf2 { [%clk 0:09:42] }
5... Nc6 { [%clk 0:09:47] } 6. e3 { [%clk 0:09:36] } 6... Nf6
{ [%clk 0:09:42] } 7. d3 { [%clk 0:09:35] } 7... Bd6 { [%clk 0:09:34] } 8. O-O
{ [%clk 0:09:28] } 8... h5 { [%clk 0:09:32] } 9. h3 { [%clk 0:09:12] } 9... g5
{ [%clk 0:09:28] } 10. e4 { [%clk 0:09:05] } 10... g4 { [%clk 0:09:26] } 11.
fxg4 { [%clk 0:09:02] } 11... hxg4 { [%clk 0:09:24] } 12. h4 { [%clk 0:09:01] }
12... dxe4 { [%clk 0:09:19] } 13. dxe4 { [%clk 0:08:59] } 13... f4
{ [%clk 0:09:04] } 14. Nd3 { [%clk 0:08:26] } 14... fxg3 { [%clk 0:08:56] } 15.
Bg5 { [%clk 0:08:19] } 15... Be7 { [%clk 0:08:49] } 16. Nc3 { [%clk 0:08:02] }
16... Nd4 { [%clk 0:08:33] } 17. Ne2 { [%clk 0:07:30] } 17... Nf3+
{ [%clk 0:08:29] } 18. Bxf3 { [%clk 0:07:27] } 18... gxf3 { [%clk 0:08:23] }
19. Nxg3 { [%clk 0:07:12] } 19... Rf8 { [%clk 0:08:15] } 20. Nxe5
{ [%clk 0:06:52] } 20... Qxd1 { [%clk 0:07:59] } 21. Raxd1 { [%clk 0:06:30] }
21... Bd6 { [%clk 0:07:54] } 22. Ng6 { [%clk 0:04:39] } 22... Bxg3
{ [%clk 0:07:39] } 23. Nxf8 { [%clk 0:04:34] } 23... Kxf8 { [%clk 0:07:37] }
24. Bxf6 { [%clk 0:04:26] } 24... Kf7 { [%clk 0:07:34] } 25. Rxf3
{ [%clk 0:04:24] } 25... Bd6 { [%clk 0:07:14] } 26. Be5+ { [%clk 0:04:10] }
26... Ke7 { [%clk 0:07:08] } 27. Bxd6+ { [%clk 0:04:09] } 27... cxd6
{ [%clk 0:07:06] } 28. b3 { [%clk 0:04:04] } 28... Bg4 { [%clk 0:07:04] } 29.
Rxd6 { [%clk 0:03:48] } 29... Bxf3 { [%clk 0:06:58] } 30. e5 { [%clk 0:03:47] }
30... Rg8+ { [%clk 0:06:55] } 31. Kf2 { [%clk 0:03:45] } 31... Bc6
{ [%clk 0:06:46] } 32. h5 { [%clk 0:03:36] } 32... Rg2+ { [%clk 0:06:43] } 33.
Ke3 { [%clk 0:03:35] } 33... Rxc2 { [%clk 0:06:42] } 34. h6 { [%clk 0:03:34] }
34... Rxa2 { [%clk 0:06:40] } 35. Rg6 { [%clk 0:03:29] } 35... Ra3
{ [%clk 0:06:28] } 36. h7 { [%clk 0:03:28] } 36... Rxb3+ { [%clk 0:06:27] } 37.
Kf4 { [%clk 0:03:23] } 37... Rh3 { [%clk 0:06:25] } 38. Rg7+ { [%clk 0:03:21] }
38... Kf8 { [%clk 0:06:21] } 39. Rc7 { [%clk 0:03:17] } 39... a5
{ [%clk 0:05:51] } 40. Kg5 { [%clk 0:03:14] } 40... a4 { [%clk 0:05:48] } 41.
Kf6 { [%clk 0:03:13] } 41... Rf3+ { [%clk 0:05:40] } 42. Ke6 { [%clk 0:03:06] }
42... a3 { [%clk 0:05:30] } 43. h8=Q# { [%clk 0:03:02] } 1-0"
Rated Rapid game,https://lichess.org/clWnXeix,2024.08.01,-,Mertdagoattt,cheny,0-1,2024.08.01,08:42:39,1629,1549,,,C00,French Defense: Steinitz Attack,600+0,Normal,"1. e4 { [%clk 0:10:00] } 1... e6 { [%clk 0:10:00] } 2. e5 { [%clk 0:09:58] }
2... d6 { [%clk 0:09:59] } 3. exd6 { [%clk 0:09:56] } 3... Bxd6
{ [%clk 0:09:58] } 4. d4 { [%clk 0:09:56] } 4... Nc6 { [%clk 0:09:56] } 5. Nf3
{ [%clk 0:09:55] } 5... Nf6 { [%clk 0:09:54] } 6. Bb5 { [%clk 0:09:52] } 6...
Bd7 { [%clk 0:09:51] } 7. O-O { [%clk 0:09:49] } 7... O-O { [%clk 0:09:49] } 8.
Bg5 { [%clk 0:09:44] } 8... h6 { [%clk 0:09:47] } 9. Bh4 { [%clk 0:09:39] }
9... Be7 { [%clk 0:09:45] } 10. Nc3 { [%clk 0:09:35] } 10... Nd5
{ [%clk 0:09:43] } 11. Nxd5 { [%clk 0:09:24] } 11... Bxh4 { [%clk 0:09:38] }
12. Nc3 { [%clk 0:09:15] } 12... Bf6 { [%clk 0:09:31] } 13. d5
{ [%clk 0:08:46] } 13... Ne5 { [%clk 0:09:24] } 14. Nxe5 { [%clk 0:08:42] }
14... Bxe5 { [%clk 0:09:22] } 15. Bxd7 { [%clk 0:08:39] } 15... Qxd7
{ [%clk 0:09:21] } 16. Qe2 { [%clk 0:08:32] } 16... Qd6 { [%clk 0:09:19] } 17.
g3 { [%clk 0:08:20] } 17... Bxc3 { [%clk 0:09:17] } 18. dxe6 { [%clk 0:08:17] }
18... Bxb2 { [%clk 0:09:11] } 19. exf7+ { [%clk 0:08:14] } 19... Rxf7
{ [%clk 0:09:08] } 20. Rab1 { [%clk 0:08:10] } 20... Qf6 { [%clk 0:09:03] } 21.
Qb5 { [%clk 0:07:52] } 21... Bd4 { [%clk 0:08:57] } 22. Qe2 { [%clk 0:07:41] }
22... b6 { [%clk 0:08:53] } 23. Qe4 { [%clk 0:07:33] } 23... Raf8
{ [%clk 0:08:50] } 24. Rb4 { [%clk 0:07:19] } 24... Bxf2+ { [%clk 0:08:47] }
25. Rxf2 { [%clk 0:07:15] } 25... Qxf2+ { [%clk 0:08:44] } 26. Kh1
{ [%clk 0:07:12] } 26... Qf1# { [%clk 0:08:43] } 0-1"
Rated Rapid game,https://lichess.org/Bdrlz4Tl,2024.08.01,-,Majifupi,preetisahay1,1-0,2024.08.01,08:42:40,1321,1218,,,B00,Nimzowitsch Defense: Breyer Variation,600+0,Normal,"1. e4 { [%clk 0:10:00] } 1... Nc6 { [%clk 0:10:00] } 2. d4 { [%clk 0:09:46] }
2... Nf6 { [%clk 0:09:57] } 3. Nc3 { [%clk 0:09:40] } 3... e5
{ [%clk 0:09:51] } 4. d5 { [%clk 0:09:37] } 4... Nd4 { [%clk 0:09:47] } 5. Nf3
{ [%clk 0:09:29] } 5... d6 { [%clk 0:09:46] } 6. Nxd4 { [%clk 0:09:26] } 6...
exd4 { [%clk 0:09:43] } 7. Qxd4 { [%clk 0:09:23] } 7... Be7 { [%clk 0:09:41] }
8. Bg5 { [%clk 0:09:21] } 8... Nd7 { [%clk 0:09:36] } 9. Bxe7
{ [%clk 0:09:09] } 9... Qxe7 { [%clk 0:09:34] } 10. Qxg7 { [%clk 0:09:08] }
10... Qf6 { [%clk 0:09:26] } 11. Qxf6 { [%clk 0:09:00] } 11... Nxf6
{ [%clk 0:09:25] } 12. O-O-O { [%clk 0:08:56] } 12... Bd7 { [%clk 0:09:22] }
13. Bb5 { [%clk 0:08:47] } 13... O-O-O { [%clk 0:09:18] } 14. Bxd7+
{ [%clk 0:08:42] } 14... Rxd7 { [%clk 0:09:15] } 15. Kb1 { [%clk 0:08:38] }
15... Ng4 { [%clk 0:09:13] } 16. Rd2 { [%clk 0:08:31] } 16... Rdd8
{ [%clk 0:09:10] } 17. f3 { [%clk 0:08:29] } 17... Ne5 { [%clk 0:09:08] } 18.
Nb5 { [%clk 0:08:25] } 18... Nc4 { [%clk 0:09:05] } 19. Rd3 { [%clk 0:08:04] }
19... Kb8 { [%clk 0:09:03] } 20. b3 { [%clk 0:07:52] } 20... Ne5
{ [%clk 0:09:00] } 21. Rdd1 { [%clk 0:07:34] } 21... a6 { [%clk 0:08:58] } 22.
Nc3 { [%clk 0:07:29] } 22... f6 { [%clk 0:08:45] } 23. h3 { [%clk 0:07:27] }
23... h5 { [%clk 0:08:43] } 24. Kb2 { [%clk 0:07:16] } 24... h4
{ [%clk 0:08:37] } 25. a4 { [%clk 0:07:14] } 25... Nd7 { [%clk 0:08:35] } 26.
Ne2 { [%clk 0:07:08] } 26... Nb6 { [%clk 0:08:29] } 27. Nf4 { [%clk 0:07:05] }
27... Rdf8 { [%clk 0:08:20] } 28. Ng6 { [%clk 0:06:59] } 28... Rfg8
{ [%clk 0:08:15] } 29. Nxh8 { [%clk 0:06:56] } 29... Rxh8 { [%clk 0:08:13] }
30. Rhe1 { [%clk 0:06:48] } 30... Rg8 { [%clk 0:08:11] } 31. Re2
{ [%clk 0:06:41] } 31... Rg3 { [%clk 0:08:08] } 32. f4 { [%clk 0:06:33] } 32...
Nd7 { [%clk 0:08:05] } 33. Rd3 { [%clk 0:06:18] } 33... Rg8 { [%clk 0:08:01] }
34. c4 { [%clk 0:06:00] } 34... Nc5 { [%clk 0:07:59] } 35. Rf3
{ [%clk 0:05:42] } 35... f5 { [%clk 0:07:45] } 36. e5 { [%clk 0:05:37] } 36...
dxe5 { [%clk 0:07:43] } 37. fxe5 { [%clk 0:05:37] } 37... Rf8
{ [%clk 0:07:36] } 38. e6 { [%clk 0:05:34] } 38... Ne4 { [%clk 0:07:28] } 39.
Rxe4 { [%clk 0:05:28] } 39... fxe4 { [%clk 0:07:25] } 40. Rxf8+
{ [%clk 0:05:26] } 40... Ka7 { [%clk 0:07:24] } 41. Rf1 { [%clk 0:05:23] }
41... e3 { [%clk 0:07:20] } 42. Re1 { [%clk 0:05:23] } 42... c6
{ [%clk 0:07:17] } 43. Rxe3 { [%clk 0:05:21] } 43... cxd5 { [%clk 0:07:16] }
44. Re2 { [%clk 0:05:18] } 44... d4 { [%clk 0:07:13] } 45. Rd2
{ [%clk 0:05:16] } 45... b5 { [%clk 0:07:09] } 46. cxb5 { [%clk 0:05:13] }
46... axb5 { [%clk 0:07:07] } 47. axb5 { [%clk 0:05:12] } 47... Kb6
{ [%clk 0:07:06] } 48. Rxd4 { [%clk 0:05:11] } 48... Kxb5 { [%clk 0:07:05] }
49. e7 { [%clk 0:05:09] } 49... Kc5 { [%clk 0:07:03] } 50. Rd1
{ [%clk 0:05:06] } 50... Kb4 { [%clk 0:07:01] } 51. e8=Q { [%clk 0:04:59] }
51... Kc5 { [%clk 0:06:59] } 52. Qe7+ { [%clk 0:04:51] } 52... Kb5
{ [%clk 0:06:57] } 53. Rd5+ { [%clk 0:04:49] } 53... Kc6 { [%clk 0:06:56] } 54.
Qd6+ { [%clk 0:04:46] } 54... Kb7 { [%clk 0:06:53] } 55. Rb5+
{ [%clk 0:04:43] } 55... Kc8 { [%clk 0:06:49] } 56. Rb8# { [%clk 0:04:38] } 1-0"
Rated Rapid game,https://lichess.org/Gj9QVtOw,2024.08.01,-,Lensk_andrey,vedansh_404,0-1,2024.08.01,08:42:40,972,1115,,,B15,Caro-Kann Defense: Main Line,600+0,Normal,"1. e4 { [%clk 0:10:00] } 1... c6 { [%clk 0:10:00] } 2. d4 { [%clk 0:09:57] }
2... d5 { [%clk 0:09:59] } 3. Nc3 { [%clk 0:09:50] } 3... dxe4
{ [%clk 0:09:51] } 4. Nxe4 { [%clk 0:09:48] } 4... f5 { [%clk 0:09:47] } 5. Nc5
{ [%clk 0:09:42] } 5... e5 { [%clk 0:09:37] } 6. Be3 { [%clk 0:09:33] } 6...
exd4 { [%clk 0:09:26] } 7. Bxd4 { [%clk 0:09:30] } 7... Qe7+ { [%clk 0:09:20] }
8. Ne2 { [%clk 0:09:20] } 8... Nd7 { [%clk 0:09:16] } 9. Qd3 { [%clk 0:08:35] }
9... Nxc5 { [%clk 0:09:05] } 10. O-O-O { [%clk 0:08:25] } 10... Nxd3+
{ [%clk 0:09:02] } 11. Rxd3 { [%clk 0:08:17] } 11... Bd7 { [%clk 0:08:55] } 12.
Nf4 { [%clk 0:08:07] } 12... O-O-O { [%clk 0:08:43] } 13. g3 { [%clk 0:07:58] }
13... Be6 { [%clk 0:08:31] } 14. Bg2 { [%clk 0:07:42] } 14... Qb4
{ [%clk 0:08:26] } 15. Nxe6 { [%clk 0:07:31] } 15... Re8 { [%clk 0:08:06] } 16.
Nf4 { [%clk 0:07:08] } 16... Re1+ { [%clk 0:08:03] } 17. Rxe1
{ [%clk 0:07:06] } 17... Qxe1+ { [%clk 0:08:00] } 18. Rd1 { [%clk 0:07:03] }
18... Qa5 { [%clk 0:07:50] } 19. Bh3 { [%clk 0:06:48] } 19... Nh6
{ [%clk 0:07:46] } 20. c3 { [%clk 0:06:20] } 20... Qxa2 { [%clk 0:07:38] } 21.
g4 { [%clk 0:06:08] } 21... Nxg4 { [%clk 0:07:33] } 22. Ne6 { [%clk 0:05:29] }
22... Qxe6 { [%clk 0:07:31] } 23. f3 { [%clk 0:05:22] } 23... Nxh2
{ [%clk 0:07:09] } 24. Bxa7 { [%clk 0:05:14] } 24... Be7 { [%clk 0:06:49] } 25.
b3 { [%clk 0:04:57] } 25... Rd8 { [%clk 0:06:46] } 26. Rxd8+ { [%clk 0:04:52] }
26... Bxd8 { [%clk 0:06:46] } 27. c4 { [%clk 0:04:49] } 27... Be7
{ [%clk 0:06:38] } 28. Bd4 { [%clk 0:04:31] } 28... Nxf3 { [%clk 0:06:26] } 29.
Bxg7 { [%clk 0:04:27] } 29... Qe3+ { [%clk 0:06:17] } 30. Kb2
{ [%clk 0:04:24] } 30... Nd2 { [%clk 0:06:11] } 31. Bxf5+ { [%clk 0:04:20] }
31... Kc7 { [%clk 0:06:08] } 32. b4 { [%clk 0:04:08] } 32... Nxc4+
{ [%clk 0:06:05] } 33. Kc2 { [%clk 0:04:06] } 33... Qd2+ { [%clk 0:06:01] } 34.
Kb3 { [%clk 0:04:04] } 34... Qxb4+ { [%clk 0:05:58] } 35. Kc2
{ [%clk 0:04:03] } 35... Qa4+ { [%clk 0:05:41] } 36. Kd3 { [%clk 0:04:01] }
36... Qb3+ { [%clk 0:05:33] } 37. Kd4 { [%clk 0:03:58] } 37... Qb2+
{ [%clk 0:05:22] } 38. Kxc4 { [%clk 0:03:49] } 38... Qxg7 { [%clk 0:05:22] }
39. Kd3 { [%clk 0:03:44] } 39... Qf6 { [%clk 0:05:14] } 0-1"
Rated Rapid game,https://lichess.org/KaIzh72P,2024.08.01,-,gurhan67,flandal,0-1,2024.08.01,08:42:40,1497,1490,,,A00,Van Geet Opening,600+0,Normal,"1. Nc3 { [%clk 0:10:00] } 1... d5 { [%clk 0:10:00] } 2. e3 { [%clk 0:09:58] }
2... Nf6 { [%clk 0:09:59] } 3. Qf3 { [%clk 0:09:56] } 3... c6
{ [%clk 0:09:56] } 4. Bd3 { [%clk 0:09:47] } 4... Nbd7 { [%clk 0:09:55] } 5.
Nge2 { [%clk 0:09:42] } 5... e5 { [%clk 0:09:53] } 6. Bf5 { [%clk 0:09:19] }
6... e4 { [%clk 0:09:48] } 7. Qf4 { [%clk 0:09:05] } 7... Be7
{ [%clk 0:09:26] } 8. Nd4 { [%clk 0:08:57] } 8... O-O { [%clk 0:09:13] } 9. Qh4
{ [%clk 0:08:44] } 9... g6 { [%clk 0:09:05] } 10. Qg3 { [%clk 0:08:19] } 10...
Nh5 { [%clk 0:08:56] } 11. Qg4 { [%clk 0:07:52] } 11... Ne5 { [%clk 0:08:48] }
12. Ne6 { [%clk 0:07:20] } 12... Bxe6 { [%clk 0:08:34] } 0-1"
Rated Rapid game,https://lichess.org/7b0iE2IV,2024.08.01,-,uniqueplayer77,Dundulic,1-0,2024.08.01,08:42:40,2360,2200,,,C45,Scotch Game: Potter Variation,600+0,Normal,"1. e4 { [%clk 0:10:00] } 1... e5 { [%clk 0:10:00] } 2. Nf3 { [%clk 0:09:59] }
2... Nc6 { [%clk 0:09:59] } 3. d4 { [%clk 0:09:59] } 3... exd4
{ [%clk 0:09:58] } 4. Nxd4 { [%clk 0:09:59] } 4... Bc5 { [%clk 0:09:58] } 5.
Nb3 { [%clk 0:09:58] } 5... Bb6 { [%clk 0:09:56] } 6. Nc3 { [%clk 0:09:58] }
6... d6 { [%clk 0:09:54] } 7. Qe2 { [%clk 0:09:58] } 7... Be6
{ [%clk 0:09:51] } 8. Be3 { [%clk 0:09:56] } 8... Bxe3 { [%clk 0:09:07] } 9.
Qxe3 { [%clk 0:09:56] } 9... Nge7 { [%clk 0:09:00] } 10. O-O-O
{ [%clk 0:09:49] } 10... a5 { [%clk 0:08:53] } 11. Nd4 { [%clk 0:09:42] } 11...
a4 { [%clk 0:08:31] } 12. Nf5 { [%clk 0:09:19] } 12... Bxf5 { [%clk 0:08:09] }
13. exf5 { [%clk 0:09:19] } 13... O-O { [%clk 0:08:08] } 14. Bd3
{ [%clk 0:09:11] } 14... Ne5 { [%clk 0:07:53] } 15. f6 { [%clk 0:08:39] } 15...
Nxd3+ { [%clk 0:07:40] } 16. Qxd3 { [%clk 0:08:39] } 16... gxf6
{ [%clk 0:07:34] } 17. Rhe1 { [%clk 0:08:30] } 17... Ng6 { [%clk 0:07:32] } 18.
Re3 { [%clk 0:08:13] } 18... Re8 { [%clk 0:06:59] } 19. Rg3 { [%clk 0:08:02] }
19... Ra5 { [%clk 0:06:14] } 20. h4 { [%clk 0:07:52] } 20... Kf8
{ [%clk 0:06:06] } 21. Qd2 { [%clk 0:07:26] } 21... Rh5 { [%clk 0:05:52] } 22.
Rh3 { [%clk 0:06:58] } 22... a3 { [%clk 0:05:36] } 23. b3 { [%clk 0:06:49] }
23... Qd7 { [%clk 0:05:18] } 24. Nd5 { [%clk 0:06:36] } 24... Rxd5
{ [%clk 0:04:40] } 25. Qh6+ { [%clk 0:06:25] } 25... Ke7 { [%clk 0:04:21] } 26.
Rxd5 { [%clk 0:06:21] } 26... Qc6 { [%clk 0:03:58] } 27. Rhd3
{ [%clk 0:05:06] } 27... Ne5 { [%clk 0:03:37] } 28. Rd1 { [%clk 0:05:02] }
28... Qc3 { [%clk 0:03:31] } 29. Qe3 { [%clk 0:04:47] } 29... Qb2+
{ [%clk 0:03:28] } 30. Kd2 { [%clk 0:04:46] } 30... Kd7 { [%clk 0:02:47] } 31.
Qh3+ { [%clk 0:04:36] } 31... Kd8 { [%clk 0:02:41] } 32. Qc3 { [%clk 0:04:31] }
32... Qxa2 { [%clk 0:02:35] } 33. Ra1 { [%clk 0:04:26] } 33... Qb2
{ [%clk 0:02:29] } 34. Qxb2 { [%clk 0:04:13] } 34... axb2 { [%clk 0:02:29] }
35. Rb1 { [%clk 0:04:12] } 35... Kd7 { [%clk 0:02:15] } 36. Rxb2
{ [%clk 0:04:10] } 36... c6 { [%clk 0:02:14] } 37. Ra5 { [%clk 0:04:08] } 37...
Ng4 { [%clk 0:02:01] } 38. Rf5 { [%clk 0:04:02] } 38... Ke6 { [%clk 0:01:51] }
39. Rf4 { [%clk 0:03:50] } 39... h5 { [%clk 0:01:34] } 40. Rb1
{ [%clk 0:03:39] } 40... Kd5 { [%clk 0:01:20] } 41. Rf5+ { [%clk 0:03:13] }
41... Ke6 { [%clk 0:01:13] } 42. Rxh5 { [%clk 0:03:00] } 42... Kd7
{ [%clk 0:01:08] } 43. Rf5 { [%clk 0:02:47] } 43... Ke6 { [%clk 0:01:00] } 44.
Rf4 { [%clk 0:02:40] } 44... Ne5 { [%clk 0:00:54] } 45. Re1 { [%clk 0:02:36] }
45... Kd5 { [%clk 0:00:53] } 46. c3 { [%clk 0:02:20] } 46... Ra8
{ [%clk 0:00:49] } 47. c4+ { [%clk 0:02:09] } 47... Kc5 { [%clk 0:00:47] } 48.
Kc3 { [%clk 0:02:04] } 48... d5 { [%clk 0:00:27] } 49. b4+ { [%clk 0:01:54] }
49... Kb6 { [%clk 0:00:24] } 50. cxd5 { [%clk 0:01:14] } 50... Kb5
{ [%clk 0:00:23] } 51. Rxf6 { [%clk 0:01:05] } 51... Nc4 { [%clk 0:00:19] } 52.
dxc6 { [%clk 0:01:01] } 52... bxc6 { [%clk 0:00:19] } 53. Rf5+
{ [%clk 0:00:59] } 53... Kb6 { [%clk 0:00:17] } 54. Kxc4 { [%clk 0:00:59] } 1-0"
Rated Rapid game,https://lichess.org/WqcnCUY7,2024.08.01,-,Ermak3232,HusseinNiazi,0-1,2024.08.01,08:42:40,1867,1808,,,B10,Caro-Kann Defense,600+0,Time forfeit,"1. e4 { [%clk 0:10:00] } 1... c6 { [%clk 0:10:00] } 2. Nf3 { [%clk 0:09:59] }
2... d5 { [%clk 0:09:59] } 3. exd5 { [%clk 0:09:57] } 3... cxd5
{ [%clk 0:09:58] } 4. d4 { [%clk 0:09:55] } 4... Bg4 { [%clk 0:09:56] } 5. Be2
{ [%clk 0:09:54] } 5... Nf6 { [%clk 0:09:55] } 6. c3 { [%clk 0:09:53] } 6... e6
{ [%clk 0:09:52] } 7. h3 { [%clk 0:09:51] } 7... Bxf3 { [%clk 0:09:50] } 8.
Bxf3 { [%clk 0:09:50] } 8... Be7 { [%clk 0:09:50] } 9. O-O { [%clk 0:09:48] }
9... Nbd7 { [%clk 0:09:49] } 10. Nd2 { [%clk 0:09:47] } 10... O-O
{ [%clk 0:09:47] } 11. Nb3 { [%clk 0:09:45] } 11... a6 { [%clk 0:09:46] } 12.
Bg5 { [%clk 0:09:44] } 12... b5 { [%clk 0:09:44] } 13. Qd2 { [%clk 0:09:38] }
13... Nb6 { [%clk 0:09:43] } 14. Na5 { [%clk 0:09:08] } 14... Nc4
{ [%clk 0:09:38] } 15. Nxc4 { [%clk 0:09:03] } 15... bxc4 { [%clk 0:09:37] }
16. b3 { [%clk 0:08:52] } 16... cxb3 { [%clk 0:09:34] } 17. axb3
{ [%clk 0:08:45] } 17... Rc8 { [%clk 0:09:32] } 18. Rxa6 { [%clk 0:08:36] }
18... Qc7 { [%clk 0:09:30] } 19. Rc1 { [%clk 0:08:20] } 19... Qb7
{ [%clk 0:09:06] } 20. Raa1 { [%clk 0:07:06] } 20... Qxb3 { [%clk 0:08:59] }
21. Rab1 { [%clk 0:07:04] } 21... Qc4 { [%clk 0:08:56] } 22. Be2
{ [%clk 0:06:58] } 22... Qc7 { [%clk 0:08:53] } 23. c4 { [%clk 0:06:38] } 23...
Ne4 { [%clk 0:08:49] } 24. Qf4 { [%clk 0:05:33] } 24... Bxg5 { [%clk 0:08:42] }
25. Qxc7 { [%clk 0:05:29] } 25... Rxc7 { [%clk 0:08:37] } 26. Rc2
{ [%clk 0:05:28] } 26... Nd6 { [%clk 0:08:29] } 27. c5 { [%clk 0:05:26] } 27...
Ne4 { [%clk 0:08:21] } 28. g3 { [%clk 0:04:38] } 28... Rfc8 { [%clk 0:08:01] }
29. Ba6 { [%clk 0:04:23] } 29... Ra8 { [%clk 0:07:52] } 30. f4
{ [%clk 0:04:10] } 30... Be7 { [%clk 0:07:42] } 31. Bd3 { [%clk 0:03:55] }
31... Nxg3 { [%clk 0:07:34] } 32. Kg2 { [%clk 0:03:32] } 32... Nh5
{ [%clk 0:07:30] } 33. Kf3 { [%clk 0:03:27] } 33... Nf6 { [%clk 0:07:22] } 34.
f5 { [%clk 0:03:18] } 34... exf5 { [%clk 0:07:14] } 35. Bxf5 { [%clk 0:03:16] }
35... g6 { [%clk 0:07:11] } 36. Bd3 { [%clk 0:03:01] } 36... Ra3
{ [%clk 0:07:03] } 37. Ke2 { [%clk 0:02:55] } 37... Nh5 { [%clk 0:06:59] } 38.
Rd2 { [%clk 0:01:40] } 38... Nf4+ { [%clk 0:06:53] } 39. Ke3 { [%clk 0:01:31] }
39... Nxh3 { [%clk 0:06:46] } 40. Rh2 { [%clk 0:00:59] } 40... Ng5
{ [%clk 0:06:36] } 41. Rg1 { [%clk 0:00:23] } 41... Ne6 { [%clk 0:06:31] } 42.
Rgh1 { [%clk 0:00:15] } 42... Bg5+ { [%clk 0:06:18] } 43. Kf2
{ [%clk 0:00:09] } 43... Ra2+ { [%clk 0:06:09] } 44. Kg3 { [%clk 0:00:07] }
44... Bf4+ { [%clk 0:06:06] } 45. Kg4 { [%clk 0:00:04] } 45... Rxh2
{ [%clk 0:06:02] } 46. Rxh2 { [%clk 0:00:02] } 46... Bxh2 { [%clk 0:06:00] }
47. Bxg6 { [%clk 0:00:01] } 47... hxg6 { [%clk 0:05:57] } 48. c6
{ [%clk 0:00:01] } 48... Nxd4 { [%clk 0:05:55] } 49. Kh3 { [%clk 0:00:01] }
49... Bd6 { [%clk 0:05:52] } 0-1"
Rated Rapid game,https://lichess.org/ZnyHQAfS,2024.08.01,-,Nixan,Aleksandrmaster1,1-0,2024.08.01,08:42:40,1576,1572,,,C44,Ponziani Opening,600+0,Normal,"1. e4 { [%clk 0:10:00] } 1... e5 { [%clk 0:10:00] } 2. Nf3 { [%clk 0:09:58] }
2... Nc6 { [%clk 0:10:00] } 3. c3 { [%clk 0:09:56] } 3... Bc5
{ [%clk 0:09:58] } 4. d4 { [%clk 0:09:53] } 4... exd4 { [%clk 0:09:57] } 5.
cxd4 { [%clk 0:09:52] } 5... Bb6 { [%clk 0:09:57] } 6. Nc3 { [%clk 0:09:49] }
6... d6 { [%clk 0:09:56] } 7. Bb5 { [%clk 0:09:46] } 7... Bd7
{ [%clk 0:09:53] } 8. O-O { [%clk 0:09:45] } 8... a6 { [%clk 0:09:52] } 9. Bd3
{ [%clk 0:09:43] } 9... Ba5 { [%clk 0:09:51] } 10. Re1 { [%clk 0:09:38] } 10...
b5 { [%clk 0:09:48] } 11. Bd2 { [%clk 0:09:27] } 11... Bg4 { [%clk 0:09:34] }
12. Be2 { [%clk 0:09:05] } 12... Bxf3 { [%clk 0:09:30] } 13. Bxf3
{ [%clk 0:09:02] } 13... Nxd4 { [%clk 0:09:30] } 14. e5 { [%clk 0:08:16] }
14... dxe5 { [%clk 0:09:25] } 15. Rxe5+ { [%clk 0:08:01] } 15... Kf8
{ [%clk 0:09:23] } 16. Nd5 { [%clk 0:07:22] } 16... c6 { [%clk 0:09:20] } 17.
Bxa5 { [%clk 0:07:12] } 17... cxd5 { [%clk 0:09:17] } 18. Bxd8
{ [%clk 0:07:09] } 18... Rxd8 { [%clk 0:09:15] } 19. Qxd4 { [%clk 0:07:06] }
19... Nf6 { [%clk 0:09:12] } 20. Qc5+ { [%clk 0:06:49] } 20... Kg8
{ [%clk 0:09:10] } 21. Bxd5 { [%clk 0:06:23] } 21... h6 { [%clk 0:09:06] } 22.
Bxf7+ { [%clk 0:06:07] } 22... Kxf7 { [%clk 0:09:04] } 23. Qc7+
{ [%clk 0:05:58] } 23... Rd7 { [%clk 0:09:03] } 24. Qc3 { [%clk 0:05:19] }
24... Rhd8 { [%clk 0:09:00] } 25. Ree1 { [%clk 0:04:54] } 25... Nd5
{ [%clk 0:08:47] } 26. Qf3+ { [%clk 0:04:41] } 26... Kg8 { [%clk 0:08:43] } 27.
Rad1 { [%clk 0:04:24] } 27... Nf6 { [%clk 0:08:39] } 28. Rxd7
{ [%clk 0:04:18] } 28... Rxd7 { [%clk 0:08:38] } 29. h3 { [%clk 0:04:02] }
29... Rc7 { [%clk 0:08:35] } 30. Qa8+ { [%clk 0:03:50] } 30... Kh7
{ [%clk 0:08:32] } 31. Qxa6 { [%clk 0:03:39] } 31... b4 { [%clk 0:08:30] } 32.
Qd3+ { [%clk 0:03:30] } 32... Kg8 { [%clk 0:08:28] } 33. a3 { [%clk 0:03:16] }
33... bxa3 { [%clk 0:08:26] } 34. bxa3 { [%clk 0:03:09] } 34... Nh5
{ [%clk 0:08:20] } 35. Re8+ { [%clk 0:03:05] } 35... Kf7 { [%clk 0:08:16] } 36.
Re5 { [%clk 0:02:23] } 36... Nf4 { [%clk 0:08:11] } 37. Qf3 { [%clk 0:02:04] }
37... g6 { [%clk 0:08:09] } 38. Qxf4+ { [%clk 0:02:00] } 38... Kg7
{ [%clk 0:08:07] } 39. Qd4 { [%clk 0:01:48] } 39... Rc1+ { [%clk 0:08:03] } 40.
Kh2 { [%clk 0:01:45] } 40... Rd1 { [%clk 0:08:03] } 41. Qxd1 { [%clk 0:01:39] }
1-0"
Rated Rapid game,https://lichess.org/9utjofY8,2024.08.01,-,rdushu,Bauernopfer88,0-1,2024.08.01,08:42:40,1607,1652,,,B12,"Caro-Kann Defense: Advance Variation, Short Variation",600+0,Normal,"1. e4 { [%clk 0:10:00] } 1... c6 { [%clk 0:10:00] } 2. d4 { [%clk 0:09:58] }
2... d5 { [%clk 0:09:59] } 3. e5 { [%clk 0:09:57] } 3... Bf5 { [%clk 0:09:58] }
4. Nf3 { [%clk 0:09:44] } 4... e6 { [%clk 0:09:54] } 5. c3 { [%clk 0:09:44] }
5... Ne7 { [%clk 0:09:50] } 6. h3 { [%clk 0:09:40] } 6... Ng6
{ [%clk 0:09:49] } 7. g4 { [%clk 0:09:39] } 7... Be4 { [%clk 0:09:44] } 8. Be2
{ [%clk 0:09:38] } 8... c5 { [%clk 0:09:40] } 9. Nbd2 { [%clk 0:09:35] } 9...
Qb6 { [%clk 0:09:31] } 10. Nxe4 { [%clk 0:09:30] } 10... dxe4
{ [%clk 0:09:30] } 11. Nd2 { [%clk 0:09:28] } 11... cxd4 { [%clk 0:09:25] } 12.
Nc4 { [%clk 0:09:27] } 12... Qc7 { [%clk 0:09:00] } 13. cxd4 { [%clk 0:09:23] }
13... Bb4+ { [%clk 0:08:46] } 14. Bd2 { [%clk 0:09:21] } 14... Bxd2+
{ [%clk 0:08:25] } 15. Qxd2 { [%clk 0:09:19] } 15... O-O { [%clk 0:08:18] } 16.
Rc1 { [%clk 0:09:15] } 16... Nc6 { [%clk 0:08:15] } 17. Nd6 { [%clk 0:09:14] }
17... f5 { [%clk 0:07:57] } 18. gxf5 { [%clk 0:09:08] } 18... exf5
{ [%clk 0:07:54] } 19. Bc4+ { [%clk 0:09:05] } 19... Kh8 { [%clk 0:07:44] } 20.
Qg5 { [%clk 0:08:51] } 20... Qa5+ { [%clk 0:07:25] } 21. Rc3 { [%clk 0:08:37] }
21... Nxd4 { [%clk 0:07:03] } 22. Qe3 { [%clk 0:08:15] } 22... Nf3+
{ [%clk 0:06:32] } 23. Ke2 { [%clk 0:07:59] } 23... Ngxe5 { [%clk 0:06:25] }
24. Bb3 { [%clk 0:07:40] } 24... Qa6+ { [%clk 0:06:18] } 25. Rc4
{ [%clk 0:07:24] } 25... Nxc4 { [%clk 0:06:13] } 26. Bxc4 { [%clk 0:07:23] }
26... Qxd6 { [%clk 0:06:06] } 27. Qg5 { [%clk 0:07:16] } 0-1"
Rated Rapid game,https://lichess.org/v4toPShQ,2024.08.01,-,Abosaid_14,shafe_01,1-0,2024.08.01,08:42:40,1355,1413,,,C44,Scotch Game: Lolli Variation,600+0,Time forfeit,"1. e4 { [%clk 0:10:00] } 1... e5 { [%clk 0:10:00] } 2. Nf3 { [%clk 0:09:59] }
2... Nc6 { [%clk 0:09:58] } 3. d4 { [%clk 0:09:58] } 3... Nxd4
{ [%clk 0:09:56] } 4. Nxd4 { [%clk 0:09:56] } 4... exd4 { [%clk 0:09:56] } 5.
Qxd4 { [%clk 0:09:55] } 5... Ne7 { [%clk 0:09:51] } 6. Bg5 { [%clk 0:09:53] }
6... f6 { [%clk 0:09:46] } 7. Bf4 { [%clk 0:09:50] } 7... Nc6
{ [%clk 0:09:44] } 8. Qd2 { [%clk 0:09:31] } 8... g5 { [%clk 0:09:04] } 9. Be3
{ [%clk 0:09:23] } 1-0"
Rated Rapid game,https://lichess.org/gkab4wa7,2024.08.01,-,Luap5454,AAAnikaqartveli1,1-0,2024.08.01,08:42:40,1789,1794,,,C21,Center Game,600+0,Normal,"1. e4 { [%clk 0:10:00] } 1... e5 { [%clk 0:10:00] } 2. d4 { [%clk 0:09:59] }
2... exd4 { [%clk 0:09:58] } 3. Qxd4 { [%clk 0:09:59] } 3... Qf6
{ [%clk 0:09:56] } 4. Be3 { [%clk 0:09:55] } 4... Nc6 { [%clk 0:09:51] } 5. Qc3
{ [%clk 0:09:47] } 5... Qxc3+ { [%clk 0:09:49] } 6. Nxc3 { [%clk 0:09:43] }
6... Bb4 { [%clk 0:09:47] } 7. Ne2 { [%clk 0:09:37] } 7... d6
{ [%clk 0:09:46] } 8. a3 { [%clk 0:09:34] } 8... Bxc3+ { [%clk 0:09:41] } 9.
Nxc3 { [%clk 0:09:32] } 9... Nf6 { [%clk 0:09:35] } 10. O-O-O
{ [%clk 0:09:26] } 10... O-O { [%clk 0:09:32] } 11. h4 { [%clk 0:09:15] } 11...
h6 { [%clk 0:09:29] } 12. Be2 { [%clk 0:09:13] } 12... Re8 { [%clk 0:09:19] }
13. f3 { [%clk 0:09:03] } 13... a6 { [%clk 0:09:12] } 14. g4 { [%clk 0:08:50] }
14... b5 { [%clk 0:08:56] } 15. g5 { [%clk 0:08:43] } 15... hxg5
{ [%clk 0:08:53] } 16. Bxg5 { [%clk 0:08:41] } 16... Nh7 { [%clk 0:08:51] } 17.
Be3 { [%clk 0:08:37] } 17... g6 { [%clk 0:08:37] } 18. h5 { [%clk 0:08:34] }
18... g5 { [%clk 0:08:32] } 19. f4 { [%clk 0:08:27] } 19... g4
{ [%clk 0:08:03] } 20. Rdg1 { [%clk 0:08:23] } 20... f5 { [%clk 0:08:02] } 21.
Bd3 { [%clk 0:08:07] } 21... Nf6 { [%clk 0:07:57] } 22. e5 { [%clk 0:07:36] }
22... dxe5 { [%clk 0:07:48] } 23. fxe5 { [%clk 0:07:33] } 23... Rxe5
{ [%clk 0:07:47] } 24. Bf4 { [%clk 0:07:22] } 24... Rd5 { [%clk 0:07:16] } 25.
Nxd5 { [%clk 0:07:18] } 25... Nxd5 { [%clk 0:07:15] } 26. Bg5
{ [%clk 0:07:03] } 26... b4 { [%clk 0:07:00] } 27. axb4 { [%clk 0:07:01] }
27... Ndxb4 { [%clk 0:06:59] } 28. Bc4+ { [%clk 0:06:59] } 28... Kg7
{ [%clk 0:06:56] } 29. h6+ { [%clk 0:06:56] } 29... Kg6 { [%clk 0:06:54] } 30.
Bf4 { [%clk 0:06:54] } 30... Bb7 { [%clk 0:06:44] } 31. Rh2 { [%clk 0:06:45] }
31... Kh7 { [%clk 0:06:36] } 32. Bxc7 { [%clk 0:06:42] } 32... Ne7
{ [%clk 0:06:26] } 33. Be5 { [%clk 0:06:35] } 33... Be4 { [%clk 0:06:22] } 34.
Bd6 { [%clk 0:06:09] } 34... Nec6 { [%clk 0:05:53] } 35. Bxb4
{ [%clk 0:06:07] } 35... Nxb4 { [%clk 0:05:51] } 36. Re1 { [%clk 0:05:55] }
36... Rc8 { [%clk 0:05:49] } 37. Bb3 { [%clk 0:05:50] } 37... a5
{ [%clk 0:05:46] } 38. Rd1 { [%clk 0:05:41] } 38... a4 { [%clk 0:05:45] } 39.
Bxa4 { [%clk 0:05:38] } 39... Nd3+ { [%clk 0:05:35] } 40. Kb1
{ [%clk 0:05:13] } 40... Nc5 { [%clk 0:05:34] } 41. Bd7 { [%clk 0:05:04] }
41... Rc7 { [%clk 0:05:27] } 42. Bb5 { [%clk 0:04:55] } 42... g3
{ [%clk 0:04:47] } 43. Rh3 { [%clk 0:04:34] } 43... g2 { [%clk 0:04:35] } 44.
Bd3 { [%clk 0:04:12] } 44... Nxd3 { [%clk 0:04:22] } 45. cxd3
{ [%clk 0:04:12] } 45... Rd7 { [%clk 0:04:10] } 46. Kc1 { [%clk 0:04:06] }
46... Bxd3 { [%clk 0:04:05] } 47. Rg3 { [%clk 0:03:51] } 47... Rc7+
{ [%clk 0:04:03] } 48. Kd2 { [%clk 0:03:42] } 48... Bf1 { [%clk 0:03:58] } 49.
b4 { [%clk 0:03:21] } 49... Kxh6 { [%clk 0:03:51] } 50. Rb1 { [%clk 0:03:18] }
50... Rg7 { [%clk 0:03:43] } 51. Rbb3 { [%clk 0:03:13] } 51... Rxg3
{ [%clk 0:03:39] } 52. Rxg3 { [%clk 0:03:11] } 52... f4 { [%clk 0:03:39] } 53.
Rg4 { [%clk 0:03:06] } 53... Kh5 { [%clk 0:03:34] } 54. Rg8 { [%clk 0:03:02] }
54... f3 { [%clk 0:03:32] } 55. Ke3 { [%clk 0:03:01] } 55... Be2
{ [%clk 0:03:27] } 56. Kf2 { [%clk 0:02:54] } 56... Kh6 { [%clk 0:03:23] } 57.
Rb8 { [%clk 0:02:48] } 57... Kh5 { [%clk 0:03:19] } 58. b5 { [%clk 0:02:46] }
58... Kh4 { [%clk 0:03:16] } 59. b6 { [%clk 0:02:45] } 59... Kh3
{ [%clk 0:03:15] } 60. Rh8+ { [%clk 0:02:40] } 60... Kg4 { [%clk 0:03:12] } 61.
b7 { [%clk 0:02:39] } 61... Kf4 { [%clk 0:02:56] } 62. b8=Q+ { [%clk 0:02:37] }
62... Ke4 { [%clk 0:02:55] } 63. Re8+ { [%clk 0:02:34] } 63... Kd3
{ [%clk 0:02:53] } 64. Qd6+ { [%clk 0:02:31] } 64... Kc2 { [%clk 0:02:52] } 65.
Rc8+ { [%clk 0:02:30] } 65... Kb3 { [%clk 0:02:49] } 66. Qb6+
{ [%clk 0:02:29] } 1-0"
Rated Rapid game,https://lichess.org/NKDrxkjv,2024.08.01,-,Astru09,zafernergiz,1-0,2024.08.01,08:42:40,1809,1807,,,D01,Rapport-Jobava System,600+0,Normal,"1. d4 { [%eval 0.16] [%clk 0:10:00] } 1... d5 { [%eval 0.23] [%clk 0:10:00] }
2. Nc3 { [%eval -0.08] [%clk 0:09:55] } 2... Nf6 { [%eval 0.0] [%clk 0:09:59] }
3. Bf4 { [%eval -0.04] [%clk 0:09:54] } 3... Bf5
{ [%eval 0.11] [%clk 0:09:58] } 4. e3 { [%eval 0.05] [%clk 0:09:52] } 4... e6
{ [%eval 0.06] [%clk 0:09:57] } 5. f3 { [%eval -0.22] [%clk 0:09:51] } 5... Bd6
{ [%eval 0.0] [%clk 0:09:56] } 6. Bxd6 { [%eval -0.09] [%clk 0:09:47] } 6...
Qxd6 { [%eval -0.03] [%clk 0:09:55] } 7. g4 { [%eval -0.03] [%clk 0:09:46] }
7... Bg6 { [%eval -0.11] [%clk 0:09:53] } 8. h4 $6
{ [%eval -0.67] [%clk 0:09:44] } 8... h6 $6 { [%eval 0.02] [%clk 0:09:50] } 9.
Bd3 { [%eval -0.32] [%clk 0:09:42] } 9... Bxd3 { [%eval -0.19] [%clk 0:09:48] }
10. Qxd3 { [%eval -0.45] [%clk 0:09:41] } 10... Nbd7
{ [%eval 0.0] [%clk 0:09:27] } 11. O-O-O { [%eval 0.0] [%clk 0:09:33] } 11...
c5 { [%eval 0.46] [%clk 0:09:14] } 12. Nge2 { [%eval 0.23] [%clk 0:09:30] }
12... a6 { [%eval 0.57] [%clk 0:08:36] } 13. e4 $6
{ [%eval 0.0] [%clk 0:09:03] } 13... Nb6 $4 { [%eval 4.04] [%clk 0:07:18] } 14.
e5 { [%eval 4.05] [%clk 0:08:57] } 14... c4 { [%eval 4.42] [%clk 0:07:10] } 15.
Qe3 { [%eval 4.67] [%clk 0:08:53] } 15... Nxg4 { [%eval 4.41] [%clk 0:06:42] }
16. fxg4 { [%eval 4.35] [%clk 0:08:42] } 16... Qb4
{ [%eval 4.69] [%clk 0:06:39] } 17. a3 { [%eval 4.57] [%clk 0:08:26] } 17...
Qa5 { [%eval 5.27] [%clk 0:06:18] } 18. Rhf1 { [%eval 5.12] [%clk 0:08:17] }
18... Rf8 { [%eval 5.57] [%clk 0:06:09] } 19. g5
{ [%eval 5.57] [%clk 0:08:13] } 19... O-O-O { [%eval 5.57] [%clk 0:05:59] } 20.
gxh6 { [%eval 5.79] [%clk 0:08:10] } 20... gxh6 { [%eval 5.54] [%clk 0:05:57] }
21. Qxh6 { [%eval 5.57] [%clk 0:08:09] } 21... Na4
{ [%eval 5.46] [%clk 0:05:25] } 22. Nxa4 { [%eval 5.35] [%clk 0:08:05] } 22...
Qxa4 { [%eval 5.34] [%clk 0:05:23] } 23. Qh7 { [%eval 5.18] [%clk 0:08:01] }
23... b5 { [%eval 6.26] [%clk 0:05:08] } 24. Rxf7
{ [%eval 6.04] [%clk 0:07:53] } 24... Rxf7 { [%eval 6.32] [%clk 0:05:05] } 25.
Qxf7 { [%eval 6.33] [%clk 0:07:51] } 25... b4 { [%eval 6.63] [%clk 0:05:04] }
26. Qxe6+ { [%eval 6.6] [%clk 0:07:49] } 26... Rd7
{ [%eval 8.74] [%clk 0:04:55] } 27. h5 $2 { [%eval 5.81] [%clk 0:06:48] } 27...
bxa3 { [%eval 6.01] [%clk 0:04:50] } 28. bxa3 { [%eval 6.06] [%clk 0:06:47] }
28... Qxa3+ { [%eval 6.24] [%clk 0:04:48] } 29. Kd2
{ [%eval 6.37] [%clk 0:06:46] } 29... Qb4+ { [%eval 6.33] [%clk 0:04:36] } 30.
Nc3 { [%eval 6.62] [%clk 0:06:42] } 30... Qf8 { [%eval 8.25] [%clk 0:04:29] }
31. Qxa6+ { [%eval 7.2] [%clk 0:06:38] } 31... Rb7
{ [%eval 7.01] [%clk 0:04:15] } 32. Qc6+ { [%eval 6.59] [%clk 0:06:32] } 32...
Kb8 { [%eval 6.68] [%clk 0:04:08] } 33. Qd6+ { [%eval 6.66] [%clk 0:06:23] }
33... Qxd6 { [%eval 6.85] [%clk 0:04:05] } 34. exd6
{ [%eval 6.98] [%clk 0:06:23] } 34... Rd7 { [%eval 6.68] [%clk 0:04:03] } 35.
Nxd5 { [%eval 7.04] [%clk 0:06:16] } 35... Rxd6 { [%eval 6.7] [%clk 0:04:02] }
36. Nc3 { [%eval 5.51] [%clk 0:06:13] } 36... Rxd4+
{ [%eval 5.17] [%clk 0:03:59] } 37. Ke3 { [%eval 4.93] [%clk 0:06:11] } 37...
Rh4 { [%eval 4.6] [%clk 0:03:55] } 38. Rd5 { [%eval 5.21] [%clk 0:06:09] }
38... Kb7 { [%eval 6.3] [%clk 0:03:46] } 39. Ne2 { [%eval 6.0] [%clk 0:06:01] }
39... Kc6 { [%eval 6.34] [%clk 0:03:43] } 40. Ra5
{ [%eval 5.53] [%clk 0:05:56] } 40... Rh3+ { [%eval 5.48] [%clk 0:03:25] } 41.
Kf4 { [%eval 5.51] [%clk 0:05:50] } 41... Rh2 { [%eval 5.54] [%clk 0:03:17] }
42. Nd4+ { [%eval 5.65] [%clk 0:05:44] } 42... Kb6
{ [%eval 5.42] [%clk 0:03:14] } 43. Re5 { [%eval 6.0] [%clk 0:05:41] } 43...
Rd2 { [%eval 5.83] [%clk 0:03:09] } 44. Ke3 { [%eval 5.78] [%clk 0:05:23] }
44... Rh2 { [%eval 5.85] [%clk 0:03:00] } 45. Re6+
{ [%eval 5.14] [%clk 0:05:18] } 45... Kc5 { [%eval 5.21] [%clk 0:02:52] } 46.
h6 { [%eval 4.99] [%clk 0:05:17] } 46... Rh3+ { [%eval 5.52] [%clk 0:02:47] }
47. Nf3 { [%eval 5.46] [%clk 0:05:08] } 47... Kb4
{ [%eval 5.54] [%clk 0:02:39] } 48. Kf4 { [%eval 5.68] [%clk 0:05:04] } 48...
Kc3 { [%eval 5.89] [%clk 0:02:36] } 49. Ng5 { [%eval 5.01] [%clk 0:04:45] }
49... Rh4+ { [%eval 5.51] [%clk 0:02:12] } 50. Kg3
{ [%eval 5.54] [%clk 0:04:42] } 50... Rh1 { [%eval 5.61] [%clk 0:02:08] } 51.
h7 { [%eval 5.54] [%clk 0:04:33] } 51... Kxc2 { [%eval 6.81] [%clk 0:02:04] }
52. Nh3 { [%eval 8.36] [%clk 0:04:30] } 1-0"
Rated Rapid game,https://lichess.org/1uLJx8WX,2024.08.01,-,DrAjayDakre,KKR404,0-1,2024.08.01,08:42:40,1473,1439,,,B10,Caro-Kann Defense: Breyer Variation,600+0,Normal,"1. e4 { [%clk 0:10:00] } 1... c6 { [%clk 0:10:00] } 2. d3 { [%clk 0:09:59] }
2... d5 { [%clk 0:10:00] } 3. exd5 { [%clk 0:09:58] } 3... cxd5
{ [%clk 0:10:00] } 4. Qf3 { [%clk 0:09:56] } 4... e5 { [%clk 0:09:57] } 5. Be2
{ [%clk 0:09:55] } 5... Nf6 { [%clk 0:09:55] } 6. h3 { [%clk 0:09:54] } 6...
Bb4+ { [%clk 0:09:37] } 7. c3 { [%clk 0:09:52] } 7... Bc5 { [%clk 0:09:34] } 8.
Bg5 { [%clk 0:09:46] } 8... h6 { [%clk 0:09:33] } 9. Bxf6 { [%clk 0:09:45] }
9... Qxf6 { [%clk 0:09:31] } 10. Qxf6 { [%clk 0:09:43] } 10... gxf6
{ [%clk 0:09:30] } 11. Nf3 { [%clk 0:09:42] } 11... Nc6 { [%clk 0:09:27] } 12.
a4 { [%clk 0:09:40] } 12... Be6 { [%clk 0:09:24] } 13. b4 { [%clk 0:09:38] }
13... Bd6 { [%clk 0:09:19] } 14. b5 { [%clk 0:09:36] } 14... Na5
{ [%clk 0:09:15] } 15. O-O { [%clk 0:09:32] } 15... O-O-O { [%clk 0:09:10] }
16. Nbd2 { [%clk 0:09:30] } 16... Kb8 { [%clk 0:09:07] } 17. Rab1
{ [%clk 0:09:08] } 17... Rc8 { [%clk 0:08:59] } 18. c4 { [%clk 0:08:59] } 18...
dxc4 { [%clk 0:08:56] } 19. dxc4 { [%clk 0:08:57] } 19... Nxc4
{ [%clk 0:08:55] } 20. Bxc4 { [%clk 0:08:55] } 20... Bxc4 { [%clk 0:08:51] }
21. Nxc4 { [%clk 0:08:53] } 21... Rxc4 { [%clk 0:08:50] } 22. a5
{ [%clk 0:08:45] } 22... Rhc8 { [%clk 0:08:25] } 23. b6 { [%clk 0:08:42] }
23... axb6 { [%clk 0:08:15] } 24. axb6 { [%clk 0:08:40] } 24... Bc5
{ [%clk 0:08:13] } 25. Rb3 { [%clk 0:08:37] } 25... Rc6 { [%clk 0:08:06] } 26.
Rfb1 { [%clk 0:08:34] } 26... Rc2 { [%clk 0:07:54] } 27. Kh1 { [%clk 0:08:19] }
27... Bxf2 { [%clk 0:07:46] } 28. Ne1 { [%clk 0:07:59] } 28... Rc1
{ [%clk 0:07:40] } 29. Rxc1 { [%clk 0:07:56] } 29... Rxc1 { [%clk 0:07:39] }
30. Kh2 { [%clk 0:07:50] } 30... Rxe1 { [%clk 0:07:35] } 31. Rf3
{ [%clk 0:07:48] } 31... Bg1+ { [%clk 0:07:23] } 32. Kg3 { [%clk 0:07:46] }
32... Bxb6 { [%clk 0:07:23] } 33. Rxf6 { [%clk 0:07:45] } 33... e4
{ [%clk 0:07:11] } 34. Rxb6 { [%clk 0:07:42] } 34... Kc7 { [%clk 0:07:07] } 35.
Rxh6 { [%clk 0:07:40] } 35... b5 { [%clk 0:07:02] } 36. Kf2 { [%clk 0:07:38] }
36... Rc1 { [%clk 0:06:58] } 37. Ke3 { [%clk 0:07:36] } 37... Re1+
{ [%clk 0:06:57] } 38. Kd2 { [%clk 0:07:34] } 38... Rg1 { [%clk 0:06:53] } 39.
g4 { [%clk 0:07:33] } 39... Rg2+ { [%clk 0:06:45] } 40. Ke3 { [%clk 0:07:32] }
40... b4 { [%clk 0:06:41] } 41. Kxe4 { [%clk 0:07:31] } 41... b3
{ [%clk 0:06:41] } 42. Rh5 { [%clk 0:06:59] } 42... Rh2 { [%clk 0:06:30] } 43.
Rb5 { [%clk 0:06:57] } 43... Rxh3 { [%clk 0:06:27] } 44. Rxb3
{ [%clk 0:06:55] } 44... Rxb3 { [%clk 0:06:26] } 0-1"
Rated Rapid game,https://lichess.org/weLIT18W,2024.08.01,-,hsyn_bll,LS1991,0-1,2024.08.01,08:42:40,1702,1748,,,A10,English Opening: Anglo-Scandinavian Defense,600+0,Normal,"1. c4 { [%clk 0:10:00] } 1... d5 { [%clk 0:10:00] } 2. cxd5 { [%clk 0:09:58] }
2... Qxd5 { [%clk 0:09:59] } 3. Nf3 { [%clk 0:09:57] } 3... h6
{ [%clk 0:09:56] } 4. g3 { [%clk 0:09:56] } 4... Nf6 { [%clk 0:09:55] } 5. Bg2
{ [%clk 0:09:55] } 5... Qd8 { [%clk 0:09:53] } 6. Nc3 { [%clk 0:09:53] } 6...
a6 { [%clk 0:09:52] } 7. d3 { [%clk 0:09:52] } 7... Nc6 { [%clk 0:09:51] } 8.
O-O { [%clk 0:09:51] } 8... e6 { [%clk 0:09:49] } 9. a3 { [%clk 0:09:50] } 9...
Bd6 { [%clk 0:09:48] } 10. Qc2 { [%clk 0:09:49] } 10... h5 { [%clk 0:09:45] }
11. e3 { [%clk 0:09:48] } 11... Nh7 { [%clk 0:09:43] } 12. b4
{ [%clk 0:09:47] } 12... g5 { [%clk 0:09:41] } 13. Ne4 { [%clk 0:09:42] } 13...
h4 { [%clk 0:09:35] } 14. Bb2 { [%clk 0:09:38] } 14... Rg8 { [%clk 0:09:33] }
15. d4 { [%clk 0:09:29] } 15... hxg3 { [%clk 0:09:31] } 16. fxg3
{ [%clk 0:09:27] } 16... g4 { [%clk 0:09:30] } 17. Nfg5 { [%clk 0:09:20] }
17... Nxg5 { [%clk 0:09:27] } 18. Nxd6+ { [%clk 0:09:14] } 18... cxd6
{ [%clk 0:09:25] } 19. d5 { [%clk 0:09:13] } 19... Ne5 { [%clk 0:09:14] } 20.
dxe6 { [%clk 0:09:05] } 20... Bxe6 { [%clk 0:09:11] } 21. Rad1
{ [%clk 0:09:03] } 21... Rc8 { [%clk 0:09:09] } 22. Qb1 { [%clk 0:08:56] }
22... Nef3+ { [%clk 0:09:04] } 23. Bxf3 { [%clk 0:08:53] } 23... Nxf3+
{ [%clk 0:09:02] } 24. Kh1 { [%clk 0:08:50] } 24... Qb6 { [%clk 0:08:43] } 25.
Bd4 { [%clk 0:08:45] } 25... Qc6 { [%clk 0:08:33] } 26. Rc1 { [%clk 0:08:42] }
26... Qd5 { [%clk 0:08:22] } 27. e4 { [%clk 0:08:33] } 27... Qxd4
{ [%clk 0:08:14] } 28. Rxc8+ { [%clk 0:08:31] } 28... Bxc8 { [%clk 0:08:12] }
29. b5 { [%clk 0:08:29] } 0-1"
Rated Rapid game,https://lichess.org/wMEu8IVs,2024.08.01,-,Josete32,RaySuperSonic_X_1234,0-1,2024.08.01,08:42:36,1020,935,,,B10,Caro-Kann Defense: Breyer Variation,600+0,Normal,"1. e4 { [%clk 0:10:00] } 1... c6 { [%clk 0:10:00] } 2. d3 { [%clk 0:09:59] }
2... d5 { [%clk 0:09:59] } 3. Be2 { [%clk 0:09:57] } 3... dxe4
{ [%clk 0:09:58] } 4. dxe4 { [%clk 0:09:55] } 4... Qxd1+ { [%clk 0:09:53] } 5.
Kxd1 { [%clk 0:09:54] } 5... Nf6 { [%clk 0:09:45] } 6. Nf3 { [%clk 0:09:53] }
6... Nxe4 { [%clk 0:09:40] } 7. Rf1 { [%clk 0:09:47] } 7... Bf5
{ [%clk 0:09:27] } 8. Nc3 { [%clk 0:09:46] } 8... Nxc3+ { [%clk 0:09:24] } 9.
bxc3 { [%clk 0:09:45] } 9... e6 { [%clk 0:09:20] } 10. Bf4 { [%clk 0:09:33] }
10... Ba3 { [%clk 0:09:08] } 11. h3 { [%clk 0:09:29] } 11... Bb2
{ [%clk 0:09:05] } 12. Rb1 { [%clk 0:09:27] } 12... Bxc3 { [%clk 0:09:03] } 13.
Rxb7 { [%clk 0:09:25] } 13... O-O { [%clk 0:08:57] } 14. Be5 { [%clk 0:09:20] }
14... Rd8+ { [%clk 0:08:54] } 0-1"
Rated Rapid game,https://lichess.org/TglQw7BH,2024.08.01,-,furedux,Kamran6060,1-0,2024.08.01,08:42:36,1733,1767,,,A40,Queen's Pawn Game: Modern Defense,600+0,Normal,"1. d4 { [%eval 0.16] [%clk 0:10:00] } 1... g6 { [%eval 0.44] [%clk 0:10:00] }
2. c4 { [%eval 0.29] [%clk 0:09:55] } 2... Bg7 { [%eval 0.59] [%clk 0:09:58] }
3. Nf3 { [%eval 0.32] [%clk 0:09:46] } 3... d6 { [%eval 0.59] [%clk 0:09:54] }
4. Nc3 { [%eval 0.4] [%clk 0:09:40] } 4... e5 { [%eval 0.6] [%clk 0:09:45] } 5.
e4 { [%eval 0.3] [%clk 0:09:03] } 5... exd4 { [%eval 0.6] [%clk 0:09:39] } 6.
Nxd4 { [%eval 0.62] [%clk 0:08:58] } 6... Ne7 { [%eval 0.61] [%clk 0:09:32] }
7. Be2 { [%eval 0.6] [%clk 0:08:38] } 7... Nbc6 { [%eval 0.64] [%clk 0:09:26] }
8. Be3 { [%eval 0.45] [%clk 0:08:24] } 8... Ne5 $6
{ [%eval 1.21] [%clk 0:09:06] } 9. O-O { [%eval 1.1] [%clk 0:07:12] } 9... f5
$2 { [%eval 2.15] [%clk 0:09:03] } 10. f4 $2 { [%eval 1.08] [%clk 0:06:13] }
10... N5c6 { [%eval 1.19] [%clk 0:08:25] } 11. exf5
{ [%eval 0.76] [%clk 0:05:56] } 11... Bxf5 { [%eval 1.16] [%clk 0:08:10] } 12.
Bf3 { [%eval 1.14] [%clk 0:05:03] } 12... Qd7 { [%eval 1.26] [%clk 0:07:57] }
13. Bf2 { [%eval 0.93] [%clk 0:04:33] } 13... O-O-O
{ [%eval 1.18] [%clk 0:07:49] } 14. Rc1 $6 { [%eval 0.43] [%clk 0:04:10] }
14... d5 $4 { [%eval 4.23] [%clk 0:07:16] } 15. cxd5 $2
{ [%eval 2.3] [%clk 0:03:46] } 15... Nxd4 { [%eval 2.2] [%clk 0:06:53] } 16.
Bxd4 { [%eval 2.26] [%clk 0:03:40] } 16... Bxd4+
{ [%eval 2.24] [%clk 0:06:50] } 17. Qxd4 { [%eval 2.22] [%clk 0:03:37] } 17...
Kb8 { [%eval 2.19] [%clk 0:06:16] } 18. a4 $6 { [%eval 1.45] [%clk 0:03:07] }
18... h5 $4 { [%eval 5.92] [%clk 0:06:06] } 19. Nb5
{ [%eval 6.04] [%clk 0:02:50] } 19... b6 $2 { [%eval 9.01] [%clk 0:05:46] } 20.
Rxc7 { [%eval 8.44] [%clk 0:02:38] } 20... Qxc7 { [%eval 9.25] [%clk 0:05:10] }
21. Nxc7 { [%eval 8.93] [%clk 0:02:33] } 21... Kxc7 $2
{ [%eval #19] [%clk 0:05:04] } 22. Rc1+ { [%eval 17.2] [%clk 0:02:16] } 22...
Kb7 $6 { [%eval #6] [%clk 0:05:02] } 23. d6+ { [%eval #5] [%clk 0:02:09] }
23... Kb8 { [%eval #4] [%clk 0:04:55] } 24. a5 $6
{ [%eval 11.7] [%clk 0:01:49] } 24... Nc8 $6 { [%eval #3] [%clk 0:04:33] } 25.
axb6 { [%eval #4] [%clk 0:01:30] } 25... Nxb6 { [%eval #4] [%clk 0:04:22] } 26.
Rc6 { [%eval #5] [%clk 0:01:15] } 26... Rh7 { [%eval #4] [%clk 0:03:56] } 27.
Rxb6+ { [%eval #3] [%clk 0:01:04] } 27... axb6 { [%eval #3] [%clk 0:03:54] }
28. Qxb6+ { [%eval #2] [%clk 0:01:00] } 28... Kc8 { [%eval #2] [%clk 0:03:49] }
29. Qc6+ { [%eval #1] [%clk 0:00:25] } 29... Rc7 { [%eval #1] [%clk 0:02:45] }
30. Qxc7# { [%clk 0:00:07] } 1-0"
Rated Rapid game,https://lichess.org/HXDtq5jY,2024.08.01,-,tzuhaha,volkanbalci,0-1,2024.08.01,08:42:36,1903,2032,,,A05,Zukertort Opening: Nimzo-Larsen Variation,600+0,Normal,"1. Nf3 { [%clk 0:10:00] } 1... Nf6 { [%clk 0:10:00] } 2. b3 { [%clk 0:09:57] }
2... e6 { [%clk 0:09:57] } 3. Bb2 { [%clk 0:09:55] } 3... Be7
{ [%clk 0:09:56] } 4. d4 { [%clk 0:09:52] } 4... O-O { [%clk 0:09:54] } 5. e3
{ [%clk 0:09:51] } 5... d5 { [%clk 0:09:50] } 6. Bd3 { [%clk 0:09:47] } 6... b6
{ [%clk 0:09:44] } 7. c4 { [%clk 0:09:45] } 7... Ba6 { [%clk 0:09:38] } 8. O-O
{ [%clk 0:09:41] } 8... c6 { [%clk 0:09:24] } 9. Qc2 { [%clk 0:09:36] } 9...
Nbd7 { [%clk 0:09:20] } 10. Rd1 { [%clk 0:09:34] } 10... Rc8 { [%clk 0:09:17] }
11. Nc3 { [%clk 0:09:27] } 11... h6 { [%clk 0:08:54] } 12. Rac1
{ [%clk 0:09:14] } 12... Re8 { [%clk 0:08:32] } 13. Ne5 { [%clk 0:08:54] }
13... Nxe5 { [%clk 0:07:58] } 14. dxe5 { [%clk 0:08:52] } 14... Nd7
{ [%clk 0:07:56] } 15. f4 { [%clk 0:08:39] } 15... Bc5 { [%clk 0:07:46] } 16.
Qe2 { [%clk 0:07:53] } 16... Qh4 { [%clk 0:07:23] } 17. Kh1 { [%clk 0:06:51] }
17... g5 { [%clk 0:06:36] } 18. cxd5 { [%clk 0:06:37] } 18... Bxd3
{ [%clk 0:06:27] } 19. Qxd3 { [%clk 0:06:37] } 19... cxd5 { [%clk 0:06:12] }
20. f5 { [%clk 0:06:30] } 20... Nxe5 { [%clk 0:05:57] } 21. Qf1
{ [%clk 0:06:04] } 21... Ng4 { [%clk 0:05:52] } 22. h3 { [%clk 0:05:44] } 22...
Nxe3 { [%clk 0:05:43] } 23. Qd3 { [%clk 0:05:21] } 23... Nxf5
{ [%clk 0:05:14] } 24. g4 { [%clk 0:05:07] } 24... Ne3 { [%clk 0:04:55] } 25.
Rd2 { [%clk 0:04:41] } 25... Qxh3+ { [%clk 0:04:33] } 26. Rh2
{ [%clk 0:04:39] } 26... Qf3+ { [%clk 0:04:31] } 27. Kg1 { [%clk 0:04:29] }
27... Nxg4+ { [%clk 0:04:11] } 28. Rf2 { [%clk 0:04:26] } 28... Qxf2+
{ [%clk 0:04:07] } 0-1"
Rated Rapid game,https://lichess.org/4SHZeKzh,2024.08.01,-,Donner128,skullcrush,1-0,2024.08.01,08:42:36,1292,1353,,,C50,"Italian Game: Giuoco Pianissimo, Normal",600+0,Normal,"1. e4 { [%clk 0:10:00] } 1... e5 { [%clk 0:10:00] } 2. Bc4 { [%clk 0:09:57] }
2... Nc6 { [%clk 0:09:54] } 3. Nf3 { [%clk 0:09:55] } 3... Bc5
{ [%clk 0:09:51] } 4. d3 { [%clk 0:09:49] } 4... Nf6 { [%clk 0:09:50] } 5. Ng5
{ [%clk 0:09:47] } 5... O-O { [%clk 0:09:49] } 6. Bxf7+ { [%clk 0:09:42] } 6...
Rxf7 { [%clk 0:09:47] } 7. Nxf7 { [%clk 0:09:40] } 7... Kxf7 { [%clk 0:09:46] }
8. Qf3 { [%clk 0:09:39] } 8... Nd4 { [%clk 0:09:43] } 9. Qd1 { [%clk 0:09:29] }
9... d6 { [%clk 0:09:08] } 10. O-O { [%clk 0:09:00] } 10... Ng4
{ [%clk 0:08:51] } 11. c3 { [%clk 0:08:54] } 11... Qh4 { [%clk 0:08:23] } 12.
h3 { [%clk 0:08:40] } 12... Nxf2 { [%clk 0:07:29] } 13. Rxf2+
{ [%clk 0:08:19] } 13... Nf3+ { [%clk 0:07:21] } 14. Qxf3+ { [%clk 0:08:15] }
14... Qf6 { [%clk 0:07:06] } 15. Qh5+ { [%clk 0:08:12] } 15... g6
{ [%clk 0:07:05] } 16. Qxh7+ { [%clk 0:07:53] } 16... Ke6 { [%clk 0:07:04] }
17. Qg8+ { [%clk 0:07:36] } 17... Kd7 { [%clk 0:06:51] } 18. d4
{ [%clk 0:07:20] } 1-0"
Rated Rapid game,https://lichess.org/4mQXdAzX,2024.08.01,-,kursat2424,POETApatu,1/2-1/2,2024.08.01,08:42:36,1034,1036,,,A01,Nimzo-Larsen Attack: Modern Variation,600+0,Normal,"1. b3 { [%clk 0:10:00] } 1... e5 { [%clk 0:10:00] } 2. Bb2 { [%clk 0:09:59] }
2... Nc6 { [%clk 0:09:47] } 3. g3 { [%clk 0:09:53] } 3... Nf6
{ [%clk 0:09:45] } 4. Bg2 { [%clk 0:09:52] } 4... d5 { [%clk 0:09:42] } 5. d3
{ [%clk 0:09:34] } 5... Be7 { [%clk 0:09:29] } 6. h4 { [%clk 0:09:30] } 6...
O-O { [%clk 0:09:23] } 7. Qc1 { [%clk 0:09:16] } 7... Ng4 { [%clk 0:09:16] } 8.
f3 { [%clk 0:09:06] } 8... Nh6 { [%clk 0:08:58] } 9. c4 { [%clk 0:08:59] } 9...
dxc4 { [%clk 0:08:32] } 10. bxc4 { [%clk 0:08:55] } 10... Bb4+
{ [%clk 0:08:27] } 11. Bc3 { [%clk 0:08:53] } 11... Bxc3+ { [%clk 0:08:25] }
12. Nxc3 { [%clk 0:08:52] } 12... Bf5 { [%clk 0:08:08] } 13. e4
{ [%clk 0:08:49] } 13... Qd7 { [%clk 0:07:45] } 14. exf5 { [%clk 0:08:42] }
14... Qxf5 { [%clk 0:07:44] } 15. Ne4 { [%clk 0:08:25] } 15... Nd4
{ [%clk 0:07:33] } 16. g4 { [%clk 0:08:18] } 16... Qe6 { [%clk 0:07:12] } 17.
Ng5 { [%clk 0:08:08] } 17... Qg6 { [%clk 0:06:59] } 18. h5 { [%clk 0:08:02] }
18... Qxd3 { [%clk 0:06:53] } 19. Qd2 { [%clk 0:07:34] } 19... Qxc4
{ [%clk 0:06:34] } 20. Rc1 { [%clk 0:07:22] } 20... Qd5 { [%clk 0:06:10] } 21.
f4 { [%clk 0:07:09] } 21... Nxg4 { [%clk 0:05:58] } 22. Bxd5 { [%clk 0:07:06] }
22... Rae8 { [%clk 0:05:12] } 23. Rxc7 { [%clk 0:06:54] } 23... exf4+
{ [%clk 0:05:07] } 24. Be4 { [%clk 0:06:37] } 24... h6 { [%clk 0:04:38] } 25.
Qxf4 { [%clk 0:05:45] } 25... f5 { [%clk 0:04:01] } 26. Rc4 { [%clk 0:04:52] }
26... Rxe4+ { [%clk 0:03:33] } 27. Qxe4 { [%clk 0:04:45] } 27... fxe4
{ [%clk 0:03:31] } 28. Rxd4 { [%clk 0:04:42] } 28... Nf2 { [%clk 0:03:19] } 29.
Rh2 { [%clk 0:04:28] } 29... Nd3+ { [%clk 0:03:11] } 30. Ke2 { [%clk 0:04:25] }
30... Nf4+ { [%clk 0:02:54] } 31. Ke3 { [%clk 0:04:19] } 31... hxg5
{ [%clk 0:02:19] } 32. Rxe4 { [%clk 0:04:16] } 32... b5 { [%clk 0:02:05] } 33.
Nh3 { [%clk 0:03:54] } 33... Nd5+ { [%clk 0:01:56] } 34. Kd4 { [%clk 0:03:50] }
34... Nf6 { [%clk 0:01:41] } 35. Ng1 { [%clk 0:03:27] } 35... b4
{ [%clk 0:01:20] } 36. Rf2 { [%clk 0:03:06] } 36... Nxe4 { [%clk 0:01:05] } 37.
Rxf8+ { [%clk 0:03:02] } 37... Kxf8 { [%clk 0:01:01] } 38. Kxe4
{ [%clk 0:03:01] } 38... a5 { [%clk 0:00:57] } 39. Ne2 { [%clk 0:02:59] } 39...
a4 { [%clk 0:00:56] } 40. Nc1 { [%clk 0:02:57] } 40... a3 { [%clk 0:00:50] }
41. Kf5 { [%clk 0:02:55] } 41... Kf7 { [%clk 0:00:45] } 42. Kxg5
{ [%clk 0:02:54] } 42... b3 { [%clk 0:00:37] } 43. Nxb3 { [%clk 0:02:52] }
43... Kg8 { [%clk 0:00:29] } 44. Nd4 { [%clk 0:02:51] } 44... Kh7
{ [%clk 0:00:27] } 45. Nf5 { [%clk 0:02:50] } 45... Kg8 { [%clk 0:00:24] } 46.
Kg6 { [%clk 0:02:46] } 46... Kh8 { [%clk 0:00:22] } 47. Nxg7 { [%clk 0:02:45] }
47... Kg8 { [%clk 0:00:20] } 48. h6 { [%clk 0:02:44] } 48... Kh8
{ [%clk 0:00:19] } 49. h7 { [%clk 0:02:43] } 1/2-1/2"
Rated Rapid game,https://lichess.org/PYbbcgpv,2024.08.01,-,Delgira_one_love,bhasi123m,1-0,2024.08.01,08:42:36,1170,1201,,,B12,Caro-Kann Defense,600+0,Normal,"1. d4 { [%clk 0:10:00] } 1... c6 { [%clk 0:10:00] } 2. e4 { [%clk 0:09:58] }
2... Qa5+ { [%clk 0:09:58] } 3. Qd2 { [%clk 0:09:51] } 3... Qxd2+
{ [%clk 0:09:56] } 4. Bxd2 { [%clk 0:09:50] } 4... e6 { [%clk 0:09:55] } 5. Nf3
{ [%clk 0:09:48] } 5... f6 { [%clk 0:09:53] } 6. Bd3 { [%clk 0:09:44] } 6... b5
{ [%clk 0:09:50] } 7. Be3 { [%clk 0:09:42] } 7... Ba6 { [%clk 0:09:48] } 8. O-O
{ [%clk 0:09:31] } 8... Nh6 { [%clk 0:09:45] } 9. Bxh6 { [%clk 0:09:24] } 9...
gxh6 { [%clk 0:09:43] } 10. e5 { [%clk 0:09:18] } 10... f5 { [%clk 0:09:40] }
11. Nbd2 { [%clk 0:09:07] } 11... c5 { [%clk 0:09:38] } 12. dxc5
{ [%clk 0:09:02] } 12... Bxc5 { [%clk 0:09:36] } 13. Nb3 { [%clk 0:08:59] }
13... Bf8 { [%clk 0:09:28] } 14. a4 { [%clk 0:08:54] } 14... b4
{ [%clk 0:09:25] } 15. Rfd1 { [%clk 0:08:43] } 15... Bxd3 { [%clk 0:09:23] }
16. cxd3 { [%clk 0:08:41] } 16... a5 { [%clk 0:09:19] } 17. d4
{ [%clk 0:08:37] } 17... Bg7 { [%clk 0:09:03] } 18. Nc5 { [%clk 0:08:33] }
18... Na6 { [%clk 0:08:54] } 19. Nb7 { [%clk 0:08:23] } 19... Bf8
{ [%clk 0:08:37] } 20. Nxa5 { [%clk 0:08:16] } 20... Nc7 { [%clk 0:08:35] } 21.
Nb7 { [%clk 0:08:14] } 21... Nd5 { [%clk 0:08:33] } 22. Nd6+ { [%clk 0:07:59] }
22... Bxd6 { [%clk 0:08:31] } 23. exd6 { [%clk 0:07:57] } 23... Kf7
{ [%clk 0:08:30] } 24. Ne5+ { [%clk 0:07:54] } 24... Kf6 { [%clk 0:08:27] } 25.
Nxd7+ { [%clk 0:07:52] } 25... Kg5 { [%clk 0:08:24] } 26. Nc5
{ [%clk 0:07:47] } 26... Rhe8 { [%clk 0:07:57] } 27. a5 { [%clk 0:07:37] }
27... e5 { [%clk 0:07:48] } 28. dxe5 { [%clk 0:07:33] } 28... Rxe5
{ [%clk 0:07:46] } 29. d7 { [%clk 0:07:31] } 29... Rd8 { [%clk 0:07:44] } 30.
a6 { [%clk 0:07:27] } 30... Nf4 { [%clk 0:07:41] } 31. Nb7 { [%clk 0:07:21] }
31... Ra8 { [%clk 0:07:12] } 32. d8=Q+ { [%clk 0:07:12] } 32... Rxd8
{ [%clk 0:07:11] } 33. Nxd8 { [%clk 0:07:10] } 33... Ne2+ { [%clk 0:07:09] }
34. Kf1 { [%clk 0:07:06] } 34... Nf4 { [%clk 0:06:59] } 35. Nf7+
{ [%clk 0:07:04] } 35... Kf6 { [%clk 0:06:55] } 36. Nxe5 { [%clk 0:07:03] }
36... Kxe5 { [%clk 0:06:54] } 37. a7 { [%clk 0:07:00] } 1-0"
Rated Rapid game,https://lichess.org/UjkeMxr0,2024.08.01,-,mata3075,EvaMaleeva,1-0,2024.08.01,08:42:36,2314,2170,,,C25,Vienna Game: Paulsen Variation,600+0,Normal,"1. e4 { [%clk 0:10:00] } 1... e5 { [%clk 0:10:00] } 2. Nc3 { [%clk 0:09:55] }
2... Nc6 { [%clk 0:09:59] } 3. g3 { [%clk 0:09:54] } 3... d6 { [%clk 0:09:58] }
4. Bg2 { [%clk 0:09:51] } 4... Nf6 { [%clk 0:09:56] } 5. d3 { [%clk 0:09:50] }
5... h6 { [%clk 0:09:54] } 6. Nge2 { [%clk 0:09:49] } 6... Be7
{ [%clk 0:09:48] } 7. O-O { [%clk 0:09:47] } 7... O-O { [%clk 0:09:41] } 8. h3
{ [%clk 0:09:43] } 8... Nh7 { [%clk 0:09:39] } 9. f4 { [%clk 0:09:41] } 9...
exf4 { [%clk 0:09:37] } 10. Nxf4 { [%clk 0:09:37] } 10... Bf6
{ [%clk 0:09:33] } 11. Kh2 { [%clk 0:09:32] } 11... Be5 { [%clk 0:09:28] } 12.
Nce2 { [%clk 0:09:28] } 12... Ng5 { [%clk 0:09:13] } 13. d4 { [%clk 0:09:24] }
13... Bxf4 { [%clk 0:09:04] } 14. Nxf4 { [%clk 0:09:20] } 14... Re8
{ [%clk 0:08:55] } 15. Re1 { [%clk 0:09:14] } 15... Qf6 { [%clk 0:08:47] } 16.
Nd5 { [%clk 0:09:11] } 16... Qf2 { [%clk 0:08:30] } 17. Be3 { [%clk 0:08:58] }
17... Qf6 { [%clk 0:07:32] } 18. Nxf6+ { [%clk 0:08:55] } 18... gxf6
{ [%clk 0:07:30] } 19. h4 { [%clk 0:08:50] } 19... Nxe4 { [%clk 0:07:28] } 20.
Bxh6 { [%clk 0:08:48] } 20... Nf2 { [%clk 0:07:19] } 21. Rxe8+
{ [%clk 0:08:44] } 21... Kh7 { [%clk 0:07:18] } 22. Qh5 { [%clk 0:08:43] }
22... Bg4 { [%clk 0:07:09] } 23. Qxf7+ { [%clk 0:08:34] } 23... Kxh6
{ [%clk 0:07:05] } 24. Rxa8 { [%clk 0:08:26] } 24... Bf5 { [%clk 0:06:50] } 25.
Rh8+ { [%clk 0:08:21] } 25... Bh7 { [%clk 0:06:36] } 26. Rxh7#
{ [%clk 0:08:21] } 1-0"
Rated Rapid game,https://lichess.org/r02Z5ij2,2024.08.01,-,sartono81,Botyinho,1/2-1/2,2024.08.01,08:42:36,1521,1397,,,B06,Modern Defense,600+0,Time forfeit,"1. e4 { [%clk 0:10:00] } 1... g6 { [%clk 0:10:00] } 2. Bc4 { [%clk 0:09:51] }
2... d6 { [%clk 0:09:59] } 3. Qf3 { [%clk 0:09:43] } 3... e6 { [%clk 0:09:58] }
4. Nh3 { [%clk 0:09:38] } 4... Bg7 { [%clk 0:09:55] } 5. O-O { [%clk 0:09:16] }
5... Nf6 { [%clk 0:09:47] } 1/2-1/2"
Rated Rapid game,https://lichess.org/2ZdHi1Pf,2024.08.01,-,Aishwarywaretwar,ErolErcan46,1-0,2024.08.01,08:42:36,1848,1799,,,C50,"Italian Game: Giuoco Pianissimo, Normal",600+0,Normal,"1. e4 { [%clk 0:10:00] } 1... e5 { [%clk 0:10:00] } 2. Nf3 { [%clk 0:09:59] }
2... Nc6 { [%clk 0:09:58] } 3. Bc4 { [%clk 0:09:59] } 3... Bc5
{ [%clk 0:09:56] } 4. d3 { [%clk 0:09:56] } 4... Nf6 { [%clk 0:09:54] } 5. h3
{ [%clk 0:09:53] } 5... O-O { [%clk 0:09:53] } 6. c3 { [%clk 0:09:51] } 6... a6
{ [%clk 0:09:50] } 7. a4 { [%clk 0:09:50] } 7... b6 { [%clk 0:09:48] } 8. O-O
{ [%clk 0:09:45] } 8... Bb7 { [%clk 0:09:47] } 9. b4 { [%clk 0:09:41] } 9...
Be7 { [%clk 0:09:45] } 10. Be3 { [%clk 0:09:38] } 10... d6 { [%clk 0:09:39] }
11. Nbd2 { [%clk 0:09:37] } 11... Qd7 { [%clk 0:09:28] } 12. Qb3
{ [%clk 0:09:28] } 12... Nd8 { [%clk 0:09:26] } 13. b5 { [%clk 0:09:25] } 13...
a5 { [%clk 0:09:24] } 14. Qc2 { [%clk 0:09:09] } 14... h6 { [%clk 0:09:19] }
15. d4 { [%clk 0:09:05] } 15... exd4 { [%clk 0:09:14] } 16. cxd4
{ [%clk 0:09:05] } 16... d5 { [%clk 0:09:09] } 17. e5 { [%clk 0:09:01] } 17...
dxc4 { [%clk 0:09:07] } 18. exf6 { [%clk 0:08:59] } 18... Bxf6
{ [%clk 0:09:05] } 19. Qxc4 { [%clk 0:08:55] } 19... Ne6 { [%clk 0:09:00] } 20.
Nb3 { [%clk 0:08:42] } 20... Rfd8 { [%clk 0:08:55] } 21. Rad1
{ [%clk 0:08:37] } 21... Bd5 { [%clk 0:08:52] } 22. Qc3 { [%clk 0:08:34] }
22... Rac8 { [%clk 0:08:40] } 23. Nc1 { [%clk 0:08:30] } 23... Bb7
{ [%clk 0:08:34] } 24. Ne5 { [%clk 0:08:16] } 24... Bxe5 { [%clk 0:08:27] } 25.
dxe5 { [%clk 0:08:16] } 25... Qxd1 { [%clk 0:08:23] } 26. Rxd1
{ [%clk 0:08:12] } 26... Rxd1+ { [%clk 0:08:23] } 27. Kh2 { [%clk 0:08:10] }
27... Kh7 { [%clk 0:07:59] } 28. Qc2+ { [%clk 0:08:04] } 28... Be4
{ [%clk 0:07:40] } 29. Qxd1 { [%clk 0:08:01] } 29... f5 { [%clk 0:07:32] } 30.
Ne2 { [%clk 0:07:52] } 30... f4 { [%clk 0:07:28] } 31. Bc1 { [%clk 0:07:48] }
31... f3 { [%clk 0:07:25] } 32. Ng3 { [%clk 0:07:42] } 32... Bb7
{ [%clk 0:07:11] } 33. gxf3 { [%clk 0:07:37] } 33... Ng5 { [%clk 0:07:10] } 34.
Bxg5 { [%clk 0:07:32] } 34... hxg5 { [%clk 0:07:10] } 35. Qd3+
{ [%clk 0:07:27] } 35... g6 { [%clk 0:07:08] } 36. Nh5 { [%clk 0:07:21] } 36...
Kh6 { [%clk 0:07:05] } 37. Nf6 { [%clk 0:07:19] } 37... Rf8 { [%clk 0:06:51] }
38. Qd7 { [%clk 0:07:16] } 38... Rh8 { [%clk 0:06:35] } 39. Ng4+
{ [%clk 0:07:02] } 39... Kh5 { [%clk 0:06:33] } 40. Nf6+ { [%clk 0:06:55] }
40... Kh6 { [%clk 0:06:31] } 41. Qxc7 { [%clk 0:06:52] } 41... Bxf3
{ [%clk 0:06:30] } 42. Qxb6 { [%clk 0:06:48] } 42... g4 { [%clk 0:06:21] } 43.
Nxg4+ { [%clk 0:06:42] } 43... Bxg4 { [%clk 0:06:18] } 44. hxg4
{ [%clk 0:06:42] } 44... Kg5+ { [%clk 0:06:17] } 45. Kg3 { [%clk 0:06:39] }
45... Rc8 { [%clk 0:06:10] } 46. Qf6+ { [%clk 0:06:37] } 46... Kh6
{ [%clk 0:06:08] } 47. e6 { [%clk 0:06:28] } 47... Re8 { [%clk 0:06:01] } 48.
e7 { [%clk 0:06:27] } 48... Rxe7 { [%clk 0:05:48] } 49. Qxe7 { [%clk 0:06:24] }
49... g5 { [%clk 0:05:45] } 50. Qf6+ { [%clk 0:06:20] } 50... Kh7
{ [%clk 0:05:44] } 51. Qxg5 { [%clk 0:06:18] } 51... Kh8 { [%clk 0:05:43] } 52.
Qe7 { [%clk 0:06:15] } 52... Kg8 { [%clk 0:05:42] } 53. g5 { [%clk 0:06:14] }
53... Kh8 { [%clk 0:05:41] } 54. g6 { [%clk 0:06:14] } 54... Kg8
{ [%clk 0:05:40] } 55. Qf7+ { [%clk 0:06:13] } 55... Kh8 { [%clk 0:05:39] } 56.
Qh7# { [%clk 0:06:12] } 1-0"
Rated Rapid game,https://lichess.org/EzQrAQuM,2024.08.01,-,ozy23,mina7177,0-1,2024.08.01,08:42:36,1064,1141,,,B07,Pirc Defense,600+0,Normal,"1. e4 { [%eval 0.15] [%clk 0:10:00] } 1... d6 { [%eval 0.45] [%clk 0:10:00] }
2. d4 { [%eval 0.47] [%clk 0:09:57] } 2... Nf6 { [%eval 0.42] [%clk 0:09:59] }
3. Nc3 { [%eval 0.4] [%clk 0:09:54] } 3... g6 { [%eval 0.63] [%clk 0:09:57] }
4. f3 { [%eval 0.42] [%clk 0:09:31] } 4... Bg7 { [%eval 0.56] [%clk 0:09:55] }
5. d5 $6 { [%eval -0.39] [%clk 0:09:06] } 5... O-O
{ [%eval -0.51] [%clk 0:09:51] } 6. Bc4 { [%eval -0.52] [%clk 0:08:58] } 6...
c6 { [%eval -0.54] [%clk 0:09:19] } 7. Nge2 { [%eval -0.86] [%clk 0:08:51] }
7... cxd5 { [%eval -0.5] [%clk 0:09:15] } 8. exd5
{ [%eval -0.5] [%clk 0:08:46] } 8... Nbd7 { [%eval -0.32] [%clk 0:08:40] } 9.
O-O { [%eval -0.55] [%clk 0:08:29] } 9... Ne5 { [%eval -0.4] [%clk 0:08:37] }
10. Bb3 { [%eval -0.34] [%clk 0:08:22] } 10... Qb6+
{ [%eval -0.26] [%clk 0:07:57] } 11. Kh1 { [%eval -0.27] [%clk 0:08:13] } 11...
Bf5 $6 { [%eval 0.29] [%clk 0:07:22] } 12. f4 { [%eval 0.05] [%clk 0:08:02] }
12... Neg4 { [%eval 0.09] [%clk 0:07:13] } 13. h3 $4
{ [%eval -3.26] [%clk 0:07:22] } 13... Nf2+ { [%eval -3.18] [%clk 0:07:06] }
14. Rxf2 { [%eval -3.11] [%clk 0:07:12] } 14... Qxf2
{ [%eval -3.18] [%clk 0:07:03] } 15. Nd4 { [%eval -3.79] [%clk 0:06:09] } 15...
Ne4 $6 { [%eval -2.91] [%clk 0:06:47] } 16. Nxf5
{ [%eval -2.85] [%clk 0:05:58] } 16... Ng3+ $4 { [%eval 4.18] [%clk 0:06:22] }
17. Nxg3 { [%eval 4.04] [%clk 0:05:45] } 17... Qxg3
{ [%eval 4.13] [%clk 0:06:20] } 18. Bd2 { [%eval 4.14] [%clk 0:05:26] } 18...
e5 $2 { [%eval 5.62] [%clk 0:06:05] } 19. fxe5 $2
{ [%eval 3.29] [%clk 0:05:17] } 19... Bxe5 { [%eval 3.11] [%clk 0:06:01] } 20.
Qe1 $4 { [%eval #-1] [%clk 0:04:56] } 20... Qh2# { [%clk 0:05:56] } 0-1"
Rated Rapid game,https://lichess.org/5pDRvCyw,2024.08.01,-,Ahmedtaher_5,sinisaaa,1-0,2024.08.01,08:42:36,2246,2296,,,D00,"Queen's Pawn Game: Accelerated London System, Steinitz Countergambit",600+0,Normal,"1. d4 { [%eval 0.16] [%clk 0:10:00] } 1... d5 { [%eval 0.23] [%clk 0:10:00] }
2. Bf4 { [%eval 0.02] [%clk 0:09:56] } 2... c5 { [%eval 0.06] [%clk 0:09:57] }
3. e3 { [%eval 0.0] [%clk 0:09:55] } 3... Nc6 { [%eval 0.05] [%clk 0:09:56] }
4. Nf3 { [%eval 0.07] [%clk 0:09:54] } 4... Nf6 { [%eval 0.15] [%clk 0:09:55] }
5. a3 { [%eval -0.17] [%clk 0:09:45] } 5... Bf5 $2
{ [%eval 0.88] [%clk 0:09:50] } 6. dxc5 { [%eval 0.93] [%clk 0:09:39] } 6... a5
{ [%eval 1.32] [%clk 0:09:47] } 7. Bb5 { [%eval 1.47] [%clk 0:09:36] } 7... e6
{ [%eval 1.67] [%clk 0:09:44] } 8. Bxc6+ $2 { [%eval -0.14] [%clk 0:09:33] }
8... bxc6 { [%eval -0.14] [%clk 0:09:42] } 9. Nd4
{ [%eval -0.17] [%clk 0:09:30] } 9... Bxc5 { [%eval -0.2] [%clk 0:09:33] } 10.
Nxc6 $2 { [%eval -2.62] [%clk 0:09:25] } 10... Qb6
{ [%eval -2.83] [%clk 0:09:28] } 11. Nd4 { [%eval -2.53] [%clk 0:08:59] } 11...
Bxd4 $2 { [%eval -0.21] [%clk 0:09:22] } 12. Qxd4
{ [%eval -0.24] [%clk 0:08:55] } 12... Qxd4 { [%eval -0.22] [%clk 0:09:21] }
13. exd4 { [%eval -0.27] [%clk 0:08:54] } 13... Bxc2
{ [%eval -0.21] [%clk 0:09:20] } 14. Nc3 { [%eval -0.3] [%clk 0:08:45] } 14...
Bd3 { [%eval 0.23] [%clk 0:09:13] } 15. Kd2 { [%eval 0.11] [%clk 0:08:42] }
15... Bc4 { [%eval 0.1] [%clk 0:09:10] } 16. b4 { [%eval 0.15] [%clk 0:08:38] }
16... axb4 { [%eval 0.2] [%clk 0:08:55] } 17. axb4
{ [%eval 0.22] [%clk 0:08:38] } 17... Kd7 { [%eval 0.19] [%clk 0:08:52] } 18.
Ra5 { [%eval 0.04] [%clk 0:08:31] } 18... Rxa5 { [%eval 0.04] [%clk 0:08:47] }
19. bxa5 { [%eval 0.0] [%clk 0:08:31] } 19... Ra8
{ [%eval 0.0] [%clk 0:08:44] } 20. Ra1 { [%eval 0.02] [%clk 0:08:30] } 20...
Kc6 { [%eval 0.0] [%clk 0:08:35] } 21. Be5 { [%eval 0.0] [%clk 0:08:21] } 21...
Ne8 { [%eval 0.13] [%clk 0:08:28] } 22. Kc2 { [%eval 0.0] [%clk 0:07:46] }
22... f6 { [%eval 0.0] [%clk 0:08:25] } 23. Bg3 { [%eval 0.0] [%clk 0:07:45] }
23... Nc7 { [%eval 0.08] [%clk 0:08:15] } 24. Bxc7
{ [%eval 0.0] [%clk 0:07:43] } 24... Kxc7 { [%eval 0.04] [%clk 0:08:14] } 25.
Kb2 { [%eval -0.26] [%clk 0:07:36] } 25... Rb8+
{ [%eval -0.03] [%clk 0:08:11] } 26. Kc2 { [%eval -0.01] [%clk 0:07:33] } 26...
Rb4 { [%eval 0.12] [%clk 0:07:53] } 27. Kd2 $6 { [%eval -0.49] [%clk 0:06:58] }
27... e5 $6 { [%eval 0.16] [%clk 0:07:49] } 28. dxe5
{ [%eval -0.01] [%clk 0:06:55] } 28... fxe5 { [%eval 0.0] [%clk 0:07:49] } 29.
Re1 $6 { [%eval -0.58] [%clk 0:06:49] } 29... e4 $6
{ [%eval 0.04] [%clk 0:07:41] } 30. Ke3 { [%eval 0.0] [%clk 0:06:43] } 30...
Rb3 { [%eval 0.0] [%clk 0:07:29] } 31. Kd4 { [%eval 0.01] [%clk 0:06:37] }
31... Kc6 $2 { [%eval 2.44] [%clk 0:07:22] } 32. Ra1
{ [%eval 2.39] [%clk 0:06:09] } 32... Ba6 { [%eval 3.06] [%clk 0:07:20] } 33.
g3 $2 { [%eval 0.27] [%clk 0:05:46] } 33... Rb4+
{ [%eval 0.51] [%clk 0:07:12] } 34. Ke5 { [%eval 0.52] [%clk 0:05:36] } 34...
Rb2 $2 { [%eval 3.37] [%clk 0:07:00] } 35. Nxd5 $2
{ [%eval 0.53] [%clk 0:05:19] } 35... Rxf2 { [%eval 0.36] [%clk 0:06:42] } 36.
Rb1 { [%eval 0.11] [%clk 0:04:45] } 36... Bd3 { [%eval 0.18] [%clk 0:06:30] }
37. Rb6+ { [%eval 0.12] [%clk 0:04:40] } 37... Kc5
{ [%eval 0.12] [%clk 0:06:14] } 38. h4 { [%eval 0.0] [%clk 0:04:26] } 38... e3
{ [%eval 0.0] [%clk 0:06:04] } 39. Nxe3 { [%eval 0.0] [%clk 0:04:20] } 39...
Re2 { [%eval 0.0] [%clk 0:06:03] } 40. Kf4 { [%eval 0.0] [%clk 0:04:17] } 40...
Ra2 { [%eval 0.06] [%clk 0:06:01] } 41. Rb7 { [%eval -0.03] [%clk 0:04:08] }
41... Ra4+ { [%eval 0.0] [%clk 0:05:53] } 42. Kg5
{ [%eval 0.0] [%clk 0:03:26] } 42... h6+ { [%eval 0.06] [%clk 0:05:44] } 43.
Kh5 { [%eval 0.01] [%clk 0:03:24] } 43... Re4 { [%eval 0.09] [%clk 0:05:16] }
44. Ng2 { [%eval -0.17] [%clk 0:02:56] } 44... Be2+
{ [%eval 0.02] [%clk 0:05:11] } 45. Kg6 { [%eval -0.14] [%clk 0:02:49] } 45...
Rg4+ { [%eval -0.02] [%clk 0:05:10] } 46. Kh7 { [%eval -0.03] [%clk 0:02:36] }
46... Bd3+ { [%eval -0.04] [%clk 0:04:55] } 47. Kh8
{ [%eval -0.09] [%clk 0:02:33] } 47... g5 { [%eval -0.03] [%clk 0:04:46] } 48.
hxg5 { [%eval 0.1] [%clk 0:02:32] } 48... hxg5 { [%eval 0.13] [%clk 0:04:42] }
49. Ne1 { [%eval 0.04] [%clk 0:02:08] } 49... Be4
{ [%eval 0.35] [%clk 0:04:33] } 50. a6 { [%eval 0.04] [%clk 0:02:01] } 50...
Bxb7 $4 { [%eval 5.23] [%clk 0:04:26] } 51. axb7
{ [%eval 5.14] [%clk 0:02:00] } 51... Rb4 { [%eval 6.59] [%clk 0:04:24] } 52.
Nd3+ { [%eval 6.69] [%clk 0:01:59] } 52... Kc6 { [%eval 6.51] [%clk 0:04:22] }
53. Nxb4+ { [%eval 6.92] [%clk 0:01:58] } 53... Kxb7
{ [%eval 6.88] [%clk 0:04:21] } 54. Kg7 { [%eval 6.62] [%clk 0:01:57] } 54...
Kc7 { [%eval 6.62] [%clk 0:04:21] } 55. Kg6 { [%eval 6.61] [%clk 0:01:56] }
55... g4 { [%eval 6.57] [%clk 0:04:19] } 56. Kg5
{ [%eval 6.57] [%clk 0:01:55] } 56... Kd6 { [%eval 6.64] [%clk 0:04:18] } 57.
Kxg4 { [%eval 6.66] [%clk 0:01:55] } 57... Ke6 { [%eval 6.7] [%clk 0:04:17] }
58. Kg5 { [%eval 68.88] [%clk 0:01:53] } 58... Kf7
{ [%eval 67.17] [%clk 0:04:17] } 59. Kh6 { [%eval 20.32] [%clk 0:01:52] } 59...
Kg8 $6 { [%eval #18] [%clk 0:04:15] } 60. g4 { [%eval 23.05] [%clk 0:01:51] }
60... Kh8 $6 { [%eval #13] [%clk 0:04:15] } 61. Nd3
{ [%eval #12] [%clk 0:01:49] } 61... Kg8 { [%eval #12] [%clk 0:04:15] } 62. Kg6
{ [%eval #11] [%clk 0:01:47] } 62... Kh8 { [%eval #8] [%clk 0:04:15] } 63. Kf6
{ [%eval #9] [%clk 0:01:46] } 63... Kg8 { [%eval #9] [%clk 0:04:15] } 64. Ke7
{ [%eval #10] [%clk 0:01:45] } 64... Kg7 { [%eval #10] [%clk 0:04:13] } 65. Ne5
{ [%eval #9] [%clk 0:01:43] } 65... Kh6 { [%eval #8] [%clk 0:04:12] } 66. Kf8
{ [%eval #12] [%clk 0:01:43] } 66... Kg5 { [%eval #12] [%clk 0:04:11] } 67. Kg7
{ [%eval #11] [%clk 0:01:37] } 67... Kf4 { [%eval #11] [%clk 0:04:09] } 68. Kf6
{ [%eval #10] [%clk 0:01:33] } 68... Ke4 { [%eval #10] [%clk 0:04:06] } 69. g5
{ [%eval #9] [%clk 0:01:32] } 69... Kd5 { [%eval #9] [%clk 0:04:06] } 70. g6
{ [%eval #8] [%clk 0:01:32] } 70... Ke4 { [%eval #8] [%clk 0:04:05] } 71. g7
{ [%eval #7] [%clk 0:01:32] } 71... Kd5 { [%eval #6] [%clk 0:04:05] } 72. g8=Q+
{ [%eval #5] [%clk 0:01:29] } 72... Ke4 { [%eval #5] [%clk 0:04:05] } 73. Nd7
{ [%eval #7] [%clk 0:01:27] } 73... Kf4 { [%eval #5] [%clk 0:04:02] } 74. Qg5+
{ [%eval #5] [%clk 0:01:25] } 74... Ke4 { [%eval #5] [%clk 0:03:57] } 75. Qf5+
{ [%eval #6] [%clk 0:01:24] } 75... Kd4 { [%eval #6] [%clk 0:03:55] } 76. Qe5+
{ [%eval #7] [%clk 0:01:23] } 76... Kc4 { [%eval #7] [%clk 0:03:54] } 77. Nb6+
{ [%eval #6] [%clk 0:01:21] } 77... Kb4 { [%eval #5] [%clk 0:03:49] } 78. Qc7
{ [%eval #4] [%clk 0:01:20] } 78... Kb5 { [%eval #4] [%clk 0:03:48] } 79. Nd5
{ [%eval #3] [%clk 0:01:16] } 79... Ka6 { [%eval #1] [%clk 0:03:44] } 80. Qb6#
{ [%clk 0:01:15] } 1-0"
Rated Rapid game,https://lichess.org/P8Swis7b,2024.08.01,-,Hlulanie,Dima1957,0-1,2024.08.01,08:42:44,1767,1809,,,C20,King's Pawn Game: Leonardis Variation,600+0,Normal,"1. e4 { [%clk 0:10:00] } 1... e5 { [%clk 0:10:00] } 2. d3 { [%clk 0:09:58] }
2... Nc6 { [%clk 0:09:57] } 3. Nf3 { [%clk 0:09:57] } 3... Bc5
{ [%clk 0:09:54] } 4. Be2 { [%clk 0:09:54] } 4... h6 { [%clk 0:09:52] } 5. O-O
{ [%clk 0:09:48] } 5... d6 { [%clk 0:09:49] } 6. c3 { [%clk 0:09:38] } 6... Nf6
{ [%clk 0:09:41] } 7. b3 { [%clk 0:09:32] } 7... a6 { [%clk 0:09:37] } 8. Bb2
{ [%clk 0:09:28] } 8... Qe7 { [%clk 0:09:25] } 9. Nbd2 { [%clk 0:09:21] } 9...
O-O { [%clk 0:09:16] } 10. Rb1 { [%clk 0:09:04] } 10... d5 { [%clk 0:08:58] }
11. exd5 { [%clk 0:08:35] } 11... Nxd5 { [%clk 0:08:54] } 12. d4
{ [%clk 0:08:22] } 12... exd4 { [%clk 0:08:48] } 13. cxd4 { [%clk 0:08:17] }
13... Bd6 { [%clk 0:08:42] } 14. Nc4 { [%clk 0:08:01] } 14... Bf5
{ [%clk 0:08:23] } 15. Ra1 { [%clk 0:07:49] } 15... Ba3 { [%clk 0:08:05] } 16.
Bxa3 { [%clk 0:07:32] } 16... Qf6 { [%clk 0:07:43] } 17. Bxf8
{ [%clk 0:07:22] } 17... Rxf8 { [%clk 0:07:32] } 18. Nce5 { [%clk 0:07:12] }
18... Nc3 { [%clk 0:06:38] } 19. Qd2 { [%clk 0:06:48] } 19... Ne4
{ [%clk 0:06:17] } 20. Qe3 { [%clk 0:06:12] } 20... Nb4 { [%clk 0:06:05] } 21.
Nd7 { [%clk 0:04:46] } 21... Qd6 { [%clk 0:05:38] } 22. Nxf8 { [%clk 0:04:33] }
22... Kxf8 { [%clk 0:05:35] } 23. Bc4 { [%clk 0:04:07] } 23... Nc2
{ [%clk 0:05:25] } 24. Qe2 { [%clk 0:03:28] } 24... Nxa1 { [%clk 0:05:11] } 25.
Rxa1 { [%clk 0:03:25] } 25... Kg8 { [%clk 0:04:14] } 26. Rd1 { [%clk 0:02:37] }
26... Kh7 { [%clk 0:04:02] } 27. Re1 { [%clk 0:02:08] } 27... Bg6
{ [%clk 0:03:09] } 28. Ne5 { [%clk 0:01:59] } 28... Nc3 { [%clk 0:02:27] } 29.
Qe3 { [%clk 0:01:30] } 29... Nd5 { [%clk 0:02:19] } 30. Bxd5 { [%clk 0:01:24] }
30... Qxd5 { [%clk 0:02:15] } 31. Nxg6 { [%clk 0:01:23] } 31... fxg6
{ [%clk 0:02:12] } 32. Qe7 { [%clk 0:01:13] } 32... Qa5 { [%clk 0:01:57] } 33.
Qc5 { [%clk 0:00:59] } 33... Qxe1# { [%clk 0:01:52] } 0-1"
Rated Rapid game,https://lichess.org/2bL9Mj1Y,2024.08.01,-,wirghach,Jesus_gonzalez58,1-0,2024.08.01,08:42:44,2070,1984,,,C41,Philidor Defense,600+0,Normal,"1. e4 { [%clk 0:10:00] } 1... e5 { [%clk 0:10:00] } 2. Nf3 { [%clk 0:09:59] }
2... d6 { [%clk 0:09:59] } 3. Bc4 { [%clk 0:09:58] } 3... h6 { [%clk 0:09:58] }
4. d3 { [%clk 0:09:57] } 4... Nf6 { [%clk 0:09:56] } 5. Nc3 { [%clk 0:09:55] }
5... c6 { [%clk 0:09:54] } 6. a3 { [%clk 0:09:52] } 6... Be7 { [%clk 0:09:53] }
7. Be3 { [%clk 0:09:49] } 7... Nbd7 { [%clk 0:09:50] } 8. Ba2
{ [%clk 0:09:48] } 8... a5 { [%clk 0:09:47] } 9. Qd2 { [%clk 0:09:45] } 9... a4
{ [%clk 0:09:44] } 10. h3 { [%clk 0:09:42] } 10... Nf8 { [%clk 0:09:42] } 11.
d4 { [%clk 0:09:28] } 11... Qc7 { [%clk 0:09:39] } 12. d5 { [%clk 0:09:17] }
12... Ng6 { [%clk 0:09:35] } 13. g4 { [%clk 0:08:54] } 13... Bd7
{ [%clk 0:09:32] } 14. O-O-O { [%clk 0:08:13] } 14... c5 { [%clk 0:09:14] } 15.
g5 { [%clk 0:08:07] } 15... Nh5 { [%clk 0:09:04] } 16. gxh6 { [%clk 0:08:02] }
16... gxh6 { [%clk 0:08:50] } 17. Bxh6 { [%clk 0:07:41] } 17... Nhf4
{ [%clk 0:08:42] } 18. Bxf4 { [%clk 0:07:39] } 18... Nxf4 { [%clk 0:08:38] }
19. h4 { [%clk 0:07:35] } 19... b5 { [%clk 0:08:22] } 20. Ng5
{ [%clk 0:07:32] } 20... b4 { [%clk 0:08:01] } 21. Ne2 { [%clk 0:05:38] } 21...
Nh5 { [%clk 0:07:57] } 22. axb4 { [%clk 0:05:24] } 22... cxb4
{ [%clk 0:07:50] } 23. Qxb4 { [%clk 0:05:22] } 23... O-O { [%clk 0:07:14] } 24.
Rdg1 { [%clk 0:05:17] } 24... Kh8 { [%clk 0:07:11] } 25. Qd2 { [%clk 0:05:06] }
25... Rab8 { [%clk 0:06:56] } 26. Ne6 { [%clk 0:04:57] } 1-0"
Rated Rapid game,https://lichess.org/9Cih46Nc,2024.08.01,-,thevorontsov,ferdinando51,1-0,2024.08.01,08:42:44,1559,1565,,,C00,French Defense: St. George Defense,600+0,Time forfeit,"1. e4 { [%clk 0:10:00] } 1... e6 { [%clk 0:10:00] } 2. d4 { [%clk 0:09:59] }
2... a6 { [%clk 0:09:58] } 3. Nf3 { [%clk 0:09:57] } 3... h6 { [%clk 0:09:56] }
4. Bc4 { [%clk 0:09:38] } 4... d6 { [%clk 0:09:48] } 5. O-O { [%clk 0:09:24] }
5... Qe7 { [%clk 0:09:44] } 6. Re1 { [%clk 0:09:00] } 6... Bd7
{ [%clk 0:09:39] } 7. Nc3 { [%clk 0:08:58] } 7... b5 { [%clk 0:09:35] } 8. Bb3
{ [%clk 0:08:56] } 8... a5 { [%clk 0:09:27] } 9. a3 { [%clk 0:08:35] } 9... a4
{ [%clk 0:09:22] } 10. Ba2 { [%clk 0:08:33] } 10... c6 { [%clk 0:09:01] } 11.
d5 { [%clk 0:08:30] } 11... e5 { [%clk 0:08:57] } 12. dxc6 { [%clk 0:08:23] }
12... Nxc6 { [%clk 0:08:51] } 13. Nxb5 { [%clk 0:08:15] } 13... Bg4
{ [%clk 0:08:31] } 14. Bd5 { [%clk 0:08:07] } 14... Ra6 { [%clk 0:08:12] } 15.
Bxf7+ { [%clk 0:07:53] } 15... Kxf7 { [%clk 0:08:07] } 16. Nxe5+
{ [%clk 0:07:40] } 16... Nxe5 { [%clk 0:07:46] } 17. f3 { [%clk 0:07:26] }
17... Be6 { [%clk 0:07:33] } 18. Bf4 { [%clk 0:07:21] } 18... Kf6
{ [%clk 0:07:19] } 19. Qd4 { [%clk 0:07:03] } 19... g5 { [%clk 0:07:13] } 20.
Bg3 { [%clk 0:06:39] } 20... Bc4 { [%clk 0:06:54] } 21. Bxe5+
{ [%clk 0:06:09] } 21... Qxe5 { [%clk 0:06:36] } 22. Qxc4 { [%clk 0:06:04] }
22... Bg7 { [%clk 0:06:35] } 23. Rad1 { [%clk 0:05:47] } 23... Bf8
{ [%clk 0:06:03] } 24. Nc7 { [%clk 0:05:24] } 24... Ra5 { [%clk 0:05:42] } 25.
Ne8+ { [%clk 0:05:14] } 25... Qxe8 { [%clk 0:05:37] } 26. Qc3+
{ [%clk 0:05:09] } 26... Qe5 { [%clk 0:05:29] } 27. Qc7 { [%clk 0:04:59] }
27... h5 { [%clk 0:05:10] } 28. Qd8+ { [%clk 0:04:48] } 28... Be7
{ [%clk 0:05:05] } 29. Rxd6+ { [%clk 0:04:33] } 29... Qxd6 { [%clk 0:04:53] }
30. Qxa5 { [%clk 0:04:30] } 30... Bd8 { [%clk 0:04:39] } 31. Qf5+
{ [%clk 0:04:16] } 31... Kg7 { [%clk 0:04:36] } 32. e5 { [%clk 0:04:10] } 32...
Qc5+ { [%clk 0:04:24] } 33. Kh1 { [%clk 0:03:56] } 33... Nh6 { [%clk 0:04:20] }
34. Qd7+ { [%clk 0:03:49] } 34... Kg6 { [%clk 0:03:58] } 35. e6
{ [%clk 0:03:38] } 35... Nf5 { [%clk 0:03:47] } 36. Qf7+ { [%clk 0:03:33] }
36... Kh6 { [%clk 0:03:40] } 37. e7 { [%clk 0:03:23] } 37... Qf2
{ [%clk 0:03:19] } 38. Qf6+ { [%clk 0:03:14] } 38... Kh7 { [%clk 0:03:04] } 39.
Qxf5+ { [%clk 0:03:13] } 39... Kh6 { [%clk 0:02:55] } 40. Qe6+
{ [%clk 0:03:08] } 40... Kg7 { [%clk 0:02:43] } 41. Qe5+ { [%clk 0:02:41] }
41... Kg6 { [%clk 0:02:31] } 42. e8=Q+ { [%clk 0:02:27] } 42... Rxe8
{ [%clk 0:02:28] } 43. Qxe8+ { [%clk 0:02:26] } 43... Kg7 { [%clk 0:02:22] }
44. Qd7+ { [%clk 0:02:21] } 44... Kg6 { [%clk 0:02:04] } 45. Re6+
{ [%clk 0:02:16] } 45... Bf6 { [%clk 0:02:01] } 46. Qe8+ { [%clk 0:02:09] }
46... Kf5 { [%clk 0:01:58] } 47. Rxf6+ { [%clk 0:01:45] } 47... Kxf6
{ [%clk 0:01:55] } 48. Qf8+ { [%clk 0:01:38] } 48... Kg6 { [%clk 0:01:43] } 49.
Qe8+ { [%clk 0:01:29] } 49... Kf6 { [%clk 0:01:38] } 50. Qd8+
{ [%clk 0:01:26] } 50... Kg6 { [%clk 0:01:35] } 51. Qd6+ { [%clk 0:01:22] }
51... Kg7 { [%clk 0:01:28] } 52. Qe5+ { [%clk 0:01:17] } 52... Kg6
{ [%clk 0:01:25] } 53. Qe6+ { [%clk 0:01:15] } 53... Kg7 { [%clk 0:01:23] } 54.
h4 { [%clk 0:01:05] } 54... gxh4 { [%clk 0:01:18] } 55. Qd7+ { [%clk 0:00:59] }
55... Kg6 { [%clk 0:01:15] } 56. Qxa4 { [%clk 0:00:52] } 56... h3
{ [%clk 0:01:07] } 57. gxh3 { [%clk 0:00:46] } 57... Qxf3+ { [%clk 0:01:05] }
58. Kh2 { [%clk 0:00:43] } 58... Qf2+ { [%clk 0:01:00] } 59. Kh1
{ [%clk 0:00:40] } 59... Qf3+ { [%clk 0:00:55] } 60. Kh2 { [%clk 0:00:39] }
60... Qf2+ { [%clk 0:00:50] } 61. Kh1 { [%clk 0:00:38] } 61... Qe1+
{ [%clk 0:00:45] } 62. Kg2 { [%clk 0:00:37] } 62... Qe2+ { [%clk 0:00:40] } 63.
Kg3 { [%clk 0:00:35] } 63... Qe5+ { [%clk 0:00:36] } 64. Kf3 { [%clk 0:00:32] }
64... Qf5+ { [%clk 0:00:32] } 65. Qf4 { [%clk 0:00:29] } 65... Qxf4+
{ [%clk 0:00:28] } 66. Kxf4 { [%clk 0:00:29] } 66... Kf6 { [%clk 0:00:27] } 67.
a4 { [%clk 0:00:28] } 67... Ke6 { [%clk 0:00:25] } 68. a5 { [%clk 0:00:28] }
68... Kd6 { [%clk 0:00:24] } 69. b4 { [%clk 0:00:28] } 69... Kc6
{ [%clk 0:00:23] } 70. c3 { [%clk 0:00:28] } 70... Kb5 { [%clk 0:00:22] } 71.
Ke4 { [%clk 0:00:28] } 71... Ka6 { [%clk 0:00:19] } 72. Kd4 { [%clk 0:00:28] }
72... Kb5 { [%clk 0:00:17] } 73. Kd3 { [%clk 0:00:25] } 73... Ka6
{ [%clk 0:00:15] } 74. Kc4 { [%clk 0:00:25] } 74... Kb7 { [%clk 0:00:13] } 75.
Kb5 { [%clk 0:00:23] } 75... Ka7 { [%clk 0:00:12] } 76. c4 { [%clk 0:00:22] }
76... Kb7 { [%clk 0:00:10] } 77. c5 { [%clk 0:00:21] } 77... h4
{ [%clk 0:00:07] } 78. Kc4 { [%clk 0:00:20] } 78... Kc6 { [%clk 0:00:05] } 79.
b5+ { [%clk 0:00:18] } 79... Kb7 { [%clk 0:00:04] } 80. Kd5 { [%clk 0:00:17] }
80... Ka7 { [%clk 0:00:02] } 81. Kc6 { [%clk 0:00:16] } 1-0"
Rated Rapid game,https://lichess.org/Jc6vBETB,2024.08.01,-,matteocoals,SJF92,0-1,2024.08.01,08:42:44,1109,1212,,,C50,Italian Game: Paris Defense,600+0,Normal,"1. e4 { [%clk 0:10:00] } 1... e5 { [%clk 0:10:00] } 2. Nf3 { [%clk 0:09:43] }
2... Nc6 { [%clk 0:09:55] } 3. Bc4 { [%clk 0:09:36] } 3... d6
{ [%clk 0:09:50] } 4. Ng5 { [%clk 0:09:23] } 4... Qxg5 { [%clk 0:09:44] } 0-1"
Rated Rapid game,https://lichess.org/f0nliVRH,2024.08.01,-,crysbrucee,Loco_Luc,0-1,2024.08.01,08:42:44,1864,1846,,,D00,Queen's Pawn Game,600+0,Normal,"1. d4 { [%clk 0:10:00] } 1... d5 { [%clk 0:10:00] } 2. c3 { [%clk 0:09:59] }
2... c5 { [%clk 0:09:56] } 3. Bf4 { [%clk 0:09:58] } 3... cxd4
{ [%clk 0:09:53] } 4. cxd4 { [%clk 0:09:57] } 4... Nc6 { [%clk 0:09:50] } 5. e3
{ [%clk 0:09:56] } 5... Qb6 { [%clk 0:09:46] } 6. b3 { [%clk 0:09:51] } 6... g6
{ [%clk 0:09:42] } 7. Nf3 { [%clk 0:09:49] } 7... Bg7 { [%clk 0:09:40] } 8. Bd3
{ [%clk 0:09:47] } 8... Nf6 { [%clk 0:09:35] } 9. Nbd2 { [%clk 0:09:44] } 9...
Nh5 { [%clk 0:09:31] } 10. Bg3 { [%clk 0:09:36] } 10... O-O { [%clk 0:09:26] }
11. O-O { [%clk 0:09:31] } 11... Nxg3 { [%clk 0:09:25] } 12. fxg3
{ [%clk 0:09:30] } 12... e5 { [%clk 0:09:21] } 13. dxe5 { [%clk 0:09:25] }
13... Qxe3+ { [%clk 0:09:19] } 14. Kh1 { [%clk 0:09:10] } 14... Qxd3
{ [%clk 0:09:17] } 15. Rc1 { [%clk 0:08:49] } 15... Bg4 { [%clk 0:09:01] } 16.
Nb1 { [%clk 0:08:37] } 16... Qxd1 { [%clk 0:08:58] } 17. Rcxd1
{ [%clk 0:08:36] } 17... d4 { [%clk 0:08:52] } 18. Nbd2 { [%clk 0:08:30] }
18... Nxe5 { [%clk 0:08:40] } 19. h3 { [%clk 0:08:13] } 19... Nxf3
{ [%clk 0:08:30] } 20. Nxf3 { [%clk 0:08:11] } 20... Bxf3 { [%clk 0:08:29] }
21. gxf3 { [%clk 0:08:09] } 21... Rfe8 { [%clk 0:08:27] } 22. Rc1
{ [%clk 0:07:59] } 22... Re2 { [%clk 0:08:17] } 23. Rc7 { [%clk 0:07:56] }
23... b6 { [%clk 0:08:14] } 24. f4 { [%clk 0:07:49] } 24... Rxa2
{ [%clk 0:08:10] } 25. f5 { [%clk 0:07:48] } 25... Be5 { [%clk 0:08:02] } 26.
fxg6 { [%clk 0:07:43] } 26... Bxc7 { [%clk 0:08:00] } 0-1"
Rated Rapid game,https://lichess.org/mjoxoDaz,2024.08.01,-,iksnzae,rom4ik87,1-0,2024.08.01,08:42:44,932,967,,,C20,King's Pawn Game: Beyer Gambit,600+0,Normal,"1. e4 { [%clk 0:10:00] } 1... e5 { [%clk 0:10:00] } 2. d4 { [%clk 0:09:57] }
2... d5 { [%clk 0:09:58] } 3. Nc3 { [%clk 0:09:52] } 3... Qe7
{ [%clk 0:09:52] } 4. Nxd5 { [%clk 0:09:50] } 4... Qe6 { [%clk 0:09:37] } 5.
Nxc7+ { [%clk 0:09:48] } 5... Ke7 { [%clk 0:09:26] } 6. Nxe6 { [%clk 0:09:46] }
6... fxe6 { [%clk 0:09:25] } 1-0"
Rated Rapid game,https://lichess.org/INbiHUJB,2024.08.01,-,Kronusss,IauInConsiderare,1-0,2024.08.01,08:42:44,1387,1270,,,C23,Bishop's Opening: Boi Variation,600+0,Normal,"1. e4 { [%clk 0:10:00] } 1... e5 { [%clk 0:10:00] } 2. Bc4 { [%clk 0:09:57] }
2... Bc5 { [%clk 0:09:57] } 3. d3 { [%clk 0:09:54] } 3... Nf6
{ [%clk 0:09:55] } 4. f4 { [%clk 0:09:50] } 4... d6 { [%clk 0:09:50] } 5. Nc3
{ [%clk 0:09:48] } 5... Bd4 { [%clk 0:09:40] } 6. Bd2 { [%clk 0:09:46] } 6...
Ng4 { [%clk 0:09:36] } 7. Nh3 { [%clk 0:09:30] } 7... Qf6 { [%clk 0:09:32] } 8.
f5 { [%clk 0:09:26] } 8... Qh4+ { [%clk 0:09:26] } 9. Kf1 { [%clk 0:09:11] }
9... Nf2 { [%clk 0:09:19] } 10. Bg5 { [%clk 0:08:59] } 10... Qxg5
{ [%clk 0:08:37] } 11. Nxg5 { [%clk 0:08:48] } 11... Nxd1 { [%clk 0:08:33] }
12. Rxd1 { [%clk 0:08:47] } 12... O-O { [%clk 0:08:25] } 13. Nd5
{ [%clk 0:08:40] } 13... Na6 { [%clk 0:08:13] } 14. Ne7+ { [%clk 0:08:29] }
14... Kh8 { [%clk 0:08:07] } 15. Nxf7+ { [%clk 0:08:27] } 15... Rxf7
{ [%clk 0:08:05] } 16. Bxf7 { [%clk 0:08:25] } 16... Bd7 { [%clk 0:07:59] } 17.
c3 { [%clk 0:08:23] } 17... Be3 { [%clk 0:07:57] } 18. h4 { [%clk 0:08:09] }
18... Rf8 { [%clk 0:07:55] } 19. Bh5 { [%clk 0:07:57] } 19... g6
{ [%clk 0:07:45] } 20. Bxg6 { [%clk 0:07:49] } 20... hxg6 { [%clk 0:07:43] }
21. Nxg6+ { [%clk 0:07:49] } 21... Kg7 { [%clk 0:07:37] } 22. Nxf8
{ [%clk 0:07:49] } 22... Kxf8 { [%clk 0:07:36] } 23. g4 { [%clk 0:07:46] }
23... Be8 { [%clk 0:07:34] } 24. g5 { [%clk 0:07:43] } 24... Bh5
{ [%clk 0:07:32] } 25. g6 { [%clk 0:07:36] } 25... Bxd1 { [%clk 0:07:29] } 26.
h5 { [%clk 0:07:32] } 26... Bh6 { [%clk 0:07:26] } 27. Kg2 { [%clk 0:07:23] }
27... Kg7 { [%clk 0:07:16] } 28. Kg3 { [%clk 0:07:11] } 28... Nc5
{ [%clk 0:07:05] } 29. Rxd1 { [%clk 0:07:09] } 29... Nd7 { [%clk 0:07:03] } 30.
d4 { [%clk 0:07:02] } 30... Nf6 { [%clk 0:06:59] } 31. Kf3 { [%clk 0:06:55] }
31... Nxh5 { [%clk 0:06:56] } 32. Rh1 { [%clk 0:06:52] } 32... Nf4
{ [%clk 0:06:50] } 33. dxe5 { [%clk 0:06:45] } 33... dxe5 { [%clk 0:06:48] }
34. Rd1 { [%clk 0:06:39] } 34... Nh5 { [%clk 0:06:30] } 35. Rd7+
{ [%clk 0:06:31] } 35... Kf6 { [%clk 0:06:25] } 36. Rh7 { [%clk 0:06:19] }
36... Kg5 { [%clk 0:06:03] } 37. Rxc7 { [%clk 0:06:13] } 37... Nf6
{ [%clk 0:05:58] } 38. Rxb7 { [%clk 0:06:09] } 38... Ne8 { [%clk 0:05:52] } 39.
Re7 { [%clk 0:06:04] } 39... Nd6 { [%clk 0:05:50] } 40. Rxe5 { [%clk 0:06:01] }
40... Kf6 { [%clk 0:05:47] } 41. Re6+ { [%clk 0:05:58] } 41... Kg7
{ [%clk 0:05:44] } 42. Rxd6 { [%clk 0:05:58] } 1-0"
Rated Rapid game,https://lichess.org/lWHlZC1N,2024.08.01,-,Yy64,capybar007,0-1,2024.08.01,08:42:44,1946,1889,,,C24,Bishop's Opening: Berlin Defense,600+0,Normal,"1. e4 { [%clk 0:10:00] } 1... e5 { [%clk 0:10:00] } 2. Bc4 { [%clk 0:09:48] }
2... Nf6 { [%clk 0:09:47] } 3. d3 { [%clk 0:09:46] } 3... Bc5
{ [%clk 0:09:41] } 4. c3 { [%clk 0:09:42] } 4... O-O { [%clk 0:09:37] } 5. Nf3
{ [%clk 0:09:40] } 5... d6 { [%clk 0:09:33] } 6. Nbd2 { [%clk 0:09:32] } 6...
Bg4 { [%clk 0:09:31] } 7. Qb3 { [%clk 0:09:28] } 7... Bb6 { [%clk 0:09:24] } 8.
Ng5 { [%clk 0:09:25] } 8... Bh5 { [%clk 0:09:09] } 9. O-O { [%clk 0:09:00] }
9... c6 { [%clk 0:09:06] } 10. Qc2 { [%clk 0:08:46] } 10... d5
{ [%clk 0:09:04] } 11. exd5 { [%clk 0:08:41] } 11... cxd5 { [%clk 0:09:03] }
12. Bb3 { [%clk 0:08:39] } 12... h6 { [%clk 0:09:00] } 13. Ngf3
{ [%clk 0:08:28] } 13... Bg6 { [%clk 0:08:58] } 14. Nxe5 { [%clk 0:08:09] }
14... Qd6 { [%clk 0:08:53] } 15. Nxg6 { [%clk 0:08:05] } 15... fxg6
{ [%clk 0:08:53] } 16. d4 { [%clk 0:07:56] } 16... Nbd7 { [%clk 0:08:47] } 17.
Qxg6 { [%clk 0:07:53] } 17... Rae8 { [%clk 0:08:44] } 18. Nf3
{ [%clk 0:07:48] } 18... Ne4 { [%clk 0:08:42] } 19. Re1 { [%clk 0:07:36] }
19... Qxg6 { [%clk 0:08:40] } 0-1"
Rated Rapid game,https://lichess.org/8fxnS0GZ,2024.08.01,-,kai11x,mattof,1-0,2024.08.01,08:42:44,1629,1643,,,C50,Italian Game: Anti-Fried Liver Defense,600+0,Normal,"1. e4 { [%clk 0:10:00] } 1... e5 { [%clk 0:10:00] } 2. Nf3 { [%clk 0:09:59] }
2... Nc6 { [%clk 0:09:58] } 3. Bc4 { [%clk 0:09:58] } 3... h6
{ [%clk 0:09:57] } 4. c3 { [%clk 0:09:57] } 4... Bc5 { [%clk 0:09:50] } 5. d4
{ [%clk 0:09:56] } 5... exd4 { [%clk 0:09:48] } 6. cxd4 { [%clk 0:09:55] } 6...
Bb6 { [%clk 0:09:46] } 7. e5 { [%clk 0:09:50] } 7... a6 { [%clk 0:09:45] } 8.
O-O { [%clk 0:09:47] } 8... g5 { [%clk 0:09:38] } 9. Nc3 { [%clk 0:09:43] }
9... Nge7 { [%clk 0:09:24] } 10. Qb3 { [%clk 0:09:40] } 10... Rf8
{ [%clk 0:09:18] } 11. h4 { [%clk 0:09:34] } 11... Bxd4 { [%clk 0:09:15] } 12.
hxg5 { [%clk 0:09:21] } 12... Bxc3 { [%clk 0:08:52] } 13. bxc3
{ [%clk 0:09:04] } 13... h5 { [%clk 0:08:46] } 14. Nh4 { [%clk 0:08:53] } 14...
d6 { [%clk 0:08:42] } 15. g6 { [%clk 0:08:33] } 15... Nxg6 { [%clk 0:08:35] }
16. Nxg6 { [%clk 0:08:29] } 16... fxg6 { [%clk 0:08:33] } 17. Bh6
{ [%clk 0:08:26] } 17... Na5 { [%clk 0:08:18] } 18. Qa4+ { [%clk 0:08:24] }
18... Nc6 { [%clk 0:08:15] } 19. Bxf8 { [%clk 0:08:18] } 19... Kxf8
{ [%clk 0:08:04] } 20. Qc2 { [%clk 0:08:10] } 20... Bf5 { [%clk 0:07:59] } 21.
Qd2 { [%clk 0:08:07] } 21... Nxe5 { [%clk 0:07:33] } 22. Qh6+
{ [%clk 0:08:05] } 22... Ke8 { [%clk 0:07:24] } 23. Bb3 { [%clk 0:07:55] }
23... Qe7 { [%clk 0:06:39] } 24. Rfe1 { [%clk 0:07:50] } 24... Kd7
{ [%clk 0:06:36] } 25. Rad1 { [%clk 0:07:28] } 25... Ng4 { [%clk 0:06:30] } 26.
Rxe7+ { [%clk 0:07:24] } 26... Kxe7 { [%clk 0:06:28] } 1-0"
Rated Rapid game,https://lichess.org/Hkq1tqJu,2024.08.01,-,Nurnajah333,lxca_blnn,1-0,2024.08.01,08:42:44,799,784,,,C57,"Italian Game: Two Knights Defense, Knight Attack, Normal Variation",600+0,Normal,"1. e4 { [%clk 0:10:00] } 1... e5 { [%clk 0:10:00] } 2. Bc4 { [%clk 0:09:58] }
2... Nf6 { [%clk 0:09:51] } 3. Nf3 { [%clk 0:09:52] } 3... Nc6
{ [%clk 0:09:47] } 4. Ng5 { [%clk 0:09:51] } 4... d5 { [%clk 0:09:41] } 5. exd5
{ [%clk 0:09:50] } 5... Nxd5 { [%clk 0:09:34] } 6. Qf3 { [%clk 0:09:44] } 6...
f6 { [%clk 0:09:30] } 7. Bxd5 { [%clk 0:09:39] } 7... fxg5 { [%clk 0:09:29] }
8. Qf7# { [%clk 0:09:37] } 1-0"
Rated Rapid game,https://lichess.org/9B4Q4caL,2024.08.01,-,Chipon2324,bungrayana,1-0,2024.08.01,08:42:44,1652,1656,,,C41,Philidor Defense,600+0,Normal,"1. e4 { [%clk 0:10:00] } 1... e5 { [%clk 0:10:00] } 2. Nf3 { [%clk 0:09:59] }
2... d6 { [%clk 0:09:59] } 3. c3 { [%clk 0:09:58] } 3... c6 { [%clk 0:09:53] }
4. Bc4 { [%clk 0:09:58] } 4... Qf6 { [%clk 0:09:51] } 5. O-O { [%clk 0:09:52] }
5... Be7 { [%clk 0:09:49] } 6. d4 { [%clk 0:09:49] } 6... Bg4
{ [%clk 0:09:42] } 7. h3 { [%clk 0:09:39] } 7... Bxf3 { [%clk 0:09:40] } 8.
gxf3 { [%clk 0:09:26] } 8... exd4 { [%clk 0:09:37] } 9. cxd4 { [%clk 0:09:24] }
9... Nd7 { [%clk 0:09:34] } 10. Qb3 { [%clk 0:09:05] } 10... b5
{ [%clk 0:09:30] } 11. Be2 { [%clk 0:09:01] } 11... h6 { [%clk 0:09:26] } 12.
Kh2 { [%clk 0:08:59] } 12... Bd8 { [%clk 0:09:23] } 13. Rg1 { [%clk 0:08:55] }
13... Qxd4 { [%clk 0:09:12] } 14. Be3 { [%clk 0:08:29] } 14... Qf6
{ [%clk 0:08:56] } 15. Qd1 { [%clk 0:07:40] } 15... g5 { [%clk 0:08:40] } 16.
Bd4 { [%clk 0:07:34] } 16... Ne5 { [%clk 0:08:37] } 17. Qd2 { [%clk 0:06:08] }
17... a6 { [%clk 0:07:57] } 18. Qc3 { [%clk 0:05:33] } 18... Qe6
{ [%clk 0:07:03] } 19. Nd2 { [%clk 0:05:17] } 19... Bf6 { [%clk 0:06:57] } 20.
Bxe5 { [%clk 0:05:12] } 20... dxe5 { [%clk 0:06:47] } 21. Rac1
{ [%clk 0:04:59] } 21... Rc8 { [%clk 0:06:43] } 22. Nb3 { [%clk 0:04:56] }
22... Qd7 { [%clk 0:06:12] } 23. Nc5 { [%clk 0:04:47] } 23... Qa7
{ [%clk 0:06:01] } 24. Rgd1 { [%clk 0:04:21] } 24... Rd8 { [%clk 0:05:25] } 25.
Rxd8+ { [%clk 0:04:12] } 25... Kxd8 { [%clk 0:05:13] } 26. Qd3+
{ [%clk 0:04:01] } 26... Kc8 { [%clk 0:04:56] } 27. Qd6 { [%clk 0:03:55] }
27... Be7 { [%clk 0:04:46] } 28. Qxc6+ { [%clk 0:03:39] } 28... Qc7
{ [%clk 0:04:43] } 29. Qxa6+ { [%clk 0:03:23] } 29... Kb8 { [%clk 0:04:38] }
30. Qxb5+ { [%clk 0:03:16] } 30... Ka8 { [%clk 0:04:34] } 31. Qa6+
{ [%clk 0:02:51] } 31... Kb8 { [%clk 0:04:29] } 32. Nd7+ { [%clk 0:02:25] }
32... Qxd7 { [%clk 0:04:19] } 33. Qb6+ { [%clk 0:01:55] } 33... Ka8
{ [%clk 0:04:01] } 34. Rc7 { [%clk 0:01:48] } 34... Qxc7 { [%clk 0:03:31] } 35.
Qxc7 { [%clk 0:01:45] } 35... f6 { [%clk 0:03:14] } 36. Ba6 { [%clk 0:01:41] }
36... Bd8 { [%clk 0:03:09] } 37. Qb7# { [%clk 0:01:39] } 1-0"
Rated Rapid game,https://lichess.org/JOpckERT,2024.08.01,-,MJASSER2030,mudassarsaeed202,1-0,2024.08.01,08:42:44,1760,1727,,,B06,Modern Defense,600+0,Normal,"1. e4 { [%clk 0:10:00] } 1... g6 { [%clk 0:10:00] } 2. Bc4 { [%clk 0:09:59] }
2... Bg7 { [%clk 0:09:59] } 3. d3 { [%clk 0:09:57] } 3... e5 { [%clk 0:09:58] }
4. Nc3 { [%clk 0:09:54] } 4... Nf6 { [%clk 0:09:57] } 5. h3 { [%clk 0:09:52] }
5... O-O { [%clk 0:09:56] } 6. Be3 { [%clk 0:09:48] } 6... c6
{ [%clk 0:09:56] } 7. Qd2 { [%clk 0:09:46] } 7... d5 { [%clk 0:09:54] } 8. exd5
{ [%clk 0:09:45] } 8... Nxd5 { [%clk 0:09:50] } 9. Bxd5 { [%clk 0:09:33] } 9...
cxd5 { [%clk 0:09:48] } 10. Bh6 { [%clk 0:09:29] } 10... Bxh6
{ [%clk 0:09:35] } 11. Qxh6 { [%clk 0:09:28] } 11... d4 { [%clk 0:09:29] } 12.
Ne4 { [%clk 0:09:27] } 12... Bf5 { [%clk 0:09:25] } 13. f3 { [%clk 0:09:21] }
13... Bxe4 { [%clk 0:09:21] } 14. fxe4 { [%clk 0:09:20] } 14... Nc6
{ [%clk 0:09:15] } 15. h4 { [%clk 0:09:17] } 15... Nb4 { [%clk 0:09:11] } 16.
O-O-O { [%clk 0:09:10] } 16... Nxa2+ { [%clk 0:09:09] } 17. Kb1
{ [%clk 0:09:08] } 17... Qa5 { [%clk 0:09:08] } 18. h5 { [%clk 0:09:01] } 18...
Nb4 { [%clk 0:09:00] } 19. hxg6 { [%clk 0:08:44] } 19... Qa2+
{ [%clk 0:08:57] } 20. Kc1 { [%clk 0:08:43] } 20... Nxd3+ { [%clk 0:03:31] }
21. Rxd3 { [%clk 0:08:21] } 21... Qa1+ { [%clk 0:03:05] } 22. Kd2
{ [%clk 0:08:15] } 22... Qa5+ { [%clk 0:03:02] } 23. Ke2 { [%clk 0:08:05] } 1-0"
Rated Rapid game,https://lichess.org/rf5nLO03,2024.08.01,-,HMarkhank2,LucasTea10,0-1,2024.08.01,08:42:46,1073,1079,,,C00,French Defense: Knight Variation,600+0,Normal,"1. e4 { [%clk 0:10:00] } 1... e6 { [%clk 0:10:00] } 2. Nf3 { [%clk 0:09:59] }
2... d6 { [%clk 0:10:00] } 3. e5 { [%clk 0:09:57] } 3... Nd7 { [%clk 0:10:00] }
4. Bb5 { [%clk 0:09:53] } 4... a6 { [%clk 0:09:52] } 5. Bxd7+
{ [%clk 0:09:51] } 5... Bxd7 { [%clk 0:09:51] } 6. Nc3 { [%clk 0:09:50] } 6...
d5 { [%clk 0:09:40] } 7. d4 { [%clk 0:09:47] } 7... b5 { [%clk 0:09:37] } 8.
O-O { [%clk 0:09:45] } 8... Rc8 { [%clk 0:09:25] } 9. a3 { [%clk 0:09:44] }
9... c5 { [%clk 0:09:23] } 10. b4 { [%clk 0:09:44] } 10... cxd4
{ [%clk 0:09:06] } 11. Nxd4 { [%clk 0:09:39] } 11... Rxc3 { [%clk 0:08:57] }
12. Bb2 { [%clk 0:09:33] } 12... Rc4 { [%clk 0:08:47] } 13. f4
{ [%clk 0:09:21] } 13... Be7 { [%clk 0:08:24] } 14. f5 { [%clk 0:09:11] } 14...
Qc7 { [%clk 0:08:06] } 15. fxe6 { [%clk 0:09:07] } 15... Bxe6
{ [%clk 0:08:05] } 16. Nxe6 { [%clk 0:09:06] } 16... fxe6 { [%clk 0:07:55] }
17. Qh5+ { [%clk 0:09:01] } 17... Kd7 { [%clk 0:07:37] } 18. Qg4
{ [%clk 0:09:01] } 18... Rxg4 { [%clk 0:07:08] } 19. Rf7 { [%clk 0:08:57] }
19... Qb6+ { [%clk 0:06:44] } 0-1"
Rated Rapid game,https://lichess.org/Y2blYmFK,2024.08.01,-,petrovich142,YASSER170,0-1,2024.08.01,08:42:48,2008,1989,,,A11,English Opening: Caro-Kann Defensive System,600+0,Normal,"1. c4 { [%clk 0:10:00] } 1... c6 { [%clk 0:10:00] } 2. Nc3 { [%clk 0:09:56] }
2... d5 { [%clk 0:10:00] } 3. cxd5 { [%clk 0:09:54] } 3... cxd5
{ [%clk 0:10:00] } 4. d4 { [%clk 0:09:53] } 4... Nc6 { [%clk 0:10:00] } 5. Nf3
{ [%clk 0:09:47] } 5... Nf6 { [%clk 0:10:00] } 6. Bg5 { [%clk 0:09:45] } 6...
e6 { [%clk 0:09:57] } 7. e3 { [%clk 0:09:43] } 7... Be7 { [%clk 0:09:56] } 8.
Bb5 { [%clk 0:09:40] } 8... a6 { [%clk 0:09:55] } 9. Ba4 { [%clk 0:09:38] }
9... b5 { [%clk 0:09:54] } 10. Bc2 { [%clk 0:09:35] } 10... Bb7
{ [%clk 0:09:52] } 11. a3 { [%clk 0:09:33] } 11... Na5 { [%clk 0:09:50] } 12.
b3 { [%clk 0:09:24] } 12... O-O { [%clk 0:09:47] } 13. O-O { [%clk 0:09:21] }
13... Rc8 { [%clk 0:09:45] } 14. Bxf6 { [%clk 0:09:18] } 14... Bxf6
{ [%clk 0:09:42] } 15. Qd2 { [%clk 0:09:16] } 15... Qc7 { [%clk 0:09:40] } 16.
Rac1 { [%clk 0:08:51] } 16... Qxc3 { [%clk 0:08:52] } 17. Qxc3
{ [%clk 0:08:47] } 17... Rxc3 { [%clk 0:08:52] } 18. Bxh7+ { [%clk 0:08:43] }
18... Kxh7 { [%clk 0:08:52] } 19. Rxc3 { [%clk 0:08:40] } 19... Re8
{ [%clk 0:08:46] } 20. Ne5 { [%clk 0:08:27] } 20... Bxe5 { [%clk 0:08:43] } 21.
dxe5 { [%clk 0:08:25] } 21... d4 { [%clk 0:08:40] } 22. exd4 { [%clk 0:08:23] }
22... Bd5 { [%clk 0:08:38] } 23. b4 { [%clk 0:08:04] } 23... Nc4
{ [%clk 0:08:37] } 24. f4 { [%clk 0:08:02] } 24... g6 { [%clk 0:08:19] } 25. g4
{ [%clk 0:07:58] } 25... Rg8 { [%clk 0:08:09] } 26. Kf2 { [%clk 0:07:39] }
26... Nd2 { [%clk 0:08:07] } 27. Rfc1 { [%clk 0:07:35] } 27... Ne4+
{ [%clk 0:08:05] } 0-1"
Rated Rapid game,https://lichess.org/60sPpjit,2024.08.01,-,Dechesswann,Senachess88,1-0,2024.08.01,08:42:48,1300,1219,,,D20,Queen's Gambit Accepted,600+0,Normal,"1. d4 { [%clk 0:10:00] } 1... d5 { [%clk 0:10:00] } 2. c4 { [%clk 0:09:58] }
2... dxc4 { [%clk 0:09:58] } 3. Nc3 { [%clk 0:09:57] } 3... Nf6
{ [%clk 0:09:55] } 4. Qa4+ { [%clk 0:09:37] } 4... Bd7 { [%clk 0:09:51] } 5.
Qxc4 { [%clk 0:09:36] } 5... Nc6 { [%clk 0:09:48] } 6. e3 { [%clk 0:09:34] }
6... Be6 { [%clk 0:09:42] } 7. Qe2 { [%clk 0:09:31] } 7... Qd6
{ [%clk 0:09:35] } 8. a3 { [%clk 0:09:05] } 8... O-O-O { [%clk 0:09:33] } 9. b4
{ [%clk 0:09:04] } 9... Bd5 { [%clk 0:09:26] } 10. Nxd5 { [%clk 0:08:41] }
10... Nxd5 { [%clk 0:09:24] } 11. Nf3 { [%clk 0:08:31] } 11... Nb8
{ [%clk 0:09:24] } 12. Ne5 { [%clk 0:08:24] } 12... Qe6 { [%clk 0:09:14] } 13.
g3 { [%clk 0:07:53] } 13... Nc6 { [%clk 0:09:08] } 14. Nxc6 { [%clk 0:07:43] }
14... Qxc6 { [%clk 0:09:05] } 15. Bg2 { [%clk 0:07:43] } 15... e6
{ [%clk 0:08:56] } 16. O-O { [%clk 0:07:38] } 16... Qd7 { [%clk 0:08:51] } 17.
Qf3 { [%clk 0:07:26] } 17... Re8 { [%clk 0:08:45] } 18. e4 { [%clk 0:07:17] }
18... Nb6 { [%clk 0:08:40] } 19. e5 { [%clk 0:07:08] } 19... Nc4
{ [%clk 0:08:38] } 20. Qxb7+ { [%clk 0:07:05] } 20... Kd8 { [%clk 0:08:33] }
21. Bg5+ { [%clk 0:06:56] } 21... Be7 { [%clk 0:08:30] } 22. Bxe7+
{ [%clk 0:06:39] } 22... Rxe7 { [%clk 0:08:29] } 23. Bc6 { [%clk 0:06:22] }
23... Qc8 { [%clk 0:08:20] } 24. Rfc1 { [%clk 0:06:05] } 24... Nd2
{ [%clk 0:08:06] } 25. Qxc8+ { [%clk 0:05:37] } 25... Kxc8 { [%clk 0:08:03] }
26. Rd1 { [%clk 0:05:27] } 26... Nb3 { [%clk 0:08:01] } 27. Rab1
{ [%clk 0:05:22] } 27... Nxd4 { [%clk 0:07:59] } 28. Rxd4 { [%clk 0:05:14] }
28... Rd8 { [%clk 0:07:47] } 29. Rbd1 { [%clk 0:05:09] } 29... Kb8
{ [%clk 0:07:38] } 30. Rxd8# { [%clk 0:05:02] } 1-0"
Rated Rapid game,https://lichess.org/F9YbD4aH,2024.08.01,-,HONEY_LIN,tolik-43,1-0,2024.08.01,08:42:48,744,755,,,C40,King's Pawn Game: Damiano Defense,600+0,Time forfeit,"1. e4 { [%clk 0:10:00] } 1... e5 { [%clk 0:10:00] } 2. Nf3 { [%clk 0:09:58] }
2... f6 { [%clk 0:09:50] } 3. d4 { [%clk 0:09:46] } 3... exd4
{ [%clk 0:09:29] } 4. Qxd4 { [%clk 0:09:44] } 4... Nc6 { [%clk 0:09:19] } 5.
Qd1 { [%clk 0:09:36] } 5... g5 { [%clk 0:08:26] } 6. Bb5 { [%clk 0:09:17] }
6... Nge7 { [%clk 0:07:49] } 7. O-O { [%clk 0:08:55] } 7... a6
{ [%clk 0:07:35] } 8. Bxc6 { [%clk 0:08:36] } 8... Nxc6 { [%clk 0:07:26] } 9.
Be3 { [%clk 0:08:23] } 9... d6 { [%clk 0:07:15] } 10. Nc3 { [%clk 0:08:20] }
10... Be6 { [%clk 0:07:02] } 11. a4 { [%clk 0:08:10] } 11... Bg7
{ [%clk 0:06:28] } 12. Rb1 { [%clk 0:07:56] } 12... O-O { [%clk 0:05:50] } 13.
b4 { [%clk 0:07:53] } 13... b5 { [%clk 0:05:39] } 14. axb5 { [%clk 0:07:49] }
14... axb5 { [%clk 0:05:30] } 15. Nxb5 { [%clk 0:07:48] } 15... Bc4
{ [%clk 0:05:00] } 16. Re1 { [%clk 0:07:36] } 16... Bxb5 { [%clk 0:04:44] } 17.
Nd4 { [%clk 0:07:24] } 17... Nxd4 { [%clk 0:04:31] } 18. Bxd4
{ [%clk 0:07:22] } 18... Re8 { [%clk 0:04:15] } 19. Rc1 { [%clk 0:07:15] }
19... Re6 { [%clk 0:03:29] } 20. c4 { [%clk 0:07:09] } 20... Ba4
{ [%clk 0:02:54] } 21. Qg4 { [%clk 0:06:40] } 21... Qe7 { [%clk 0:02:05] } 22.
b5 { [%clk 0:06:29] } 22... Re8 { [%clk 0:00:56] } 23. Ra1 { [%clk 0:06:05] }
23... Bc2 { [%clk 0:00:33] } 24. Ra7 { [%clk 0:05:42] } 24... Bxe4
{ [%clk 0:00:16] } 25. Rxe4 { [%clk 0:05:37] } 25... Rxe4 { [%clk 0:00:10] }
26. Qxe4 { [%clk 0:05:28] } 26... Qxe4 { [%clk 0:00:07] } 27. f3
{ [%clk 0:05:04] } 1-0"
Rated Rapid game,https://lichess.org/hMDyXypd,2024.08.01,-,RaF-1948,oddbwar,1-0,2024.08.01,08:42:48,1391,1356,,,A43,Benoni Defense: Benoni Gambit Accepted,600+0,Normal,"1. d4 { [%clk 0:10:00] } 1... c5 { [%clk 0:10:00] } 2. dxc5 { [%clk 0:09:58] }
2... e6 { [%clk 0:09:56] } 3. e3 { [%clk 0:09:53] } 3... Bxc5
{ [%clk 0:09:54] } 4. Nf3 { [%clk 0:09:45] } 4... Nf6 { [%clk 0:09:52] } 5. Be2
{ [%clk 0:09:41] } 5... d5 { [%clk 0:09:47] } 6. c3 { [%clk 0:09:35] } 6... a6
{ [%clk 0:09:45] } 7. b3 { [%clk 0:09:30] } 7... b5 { [%clk 0:09:41] } 8. Bb2
{ [%clk 0:09:24] } 8... Ne4 { [%clk 0:09:37] } 9. Nbd2 { [%clk 0:09:19] } 9...
Nxd2 { [%clk 0:09:26] } 10. Qxd2 { [%clk 0:09:13] } 10... Bb7
{ [%clk 0:09:20] } 11. O-O { [%clk 0:09:09] } 11... Nc6 { [%clk 0:09:13] } 12.
Nd4 { [%clk 0:09:01] } 12... Nxd4 { [%clk 0:08:59] } 13. exd4
{ [%clk 0:08:58] } 13... Bd6 { [%clk 0:08:58] } 14. Bf3 { [%clk 0:08:54] }
14... Bc7 { [%clk 0:08:55] } 15. g3 { [%clk 0:08:42] } 15... Qf6
{ [%clk 0:08:49] } 16. Kg2 { [%clk 0:08:27] } 16... O-O-O { [%clk 0:08:37] }
17. c4 { [%clk 0:08:20] } 17... bxc4 { [%clk 0:08:34] } 18. bxc4
{ [%clk 0:08:16] } 18... dxc4 { [%clk 0:08:31] } 19. Bxb7+ { [%clk 0:08:08] }
19... Kxb7 { [%clk 0:08:26] } 20. d5 { [%clk 0:08:01] } 20... Qg6
{ [%clk 0:08:14] } 21. Qb4+ { [%clk 0:07:37] } 21... Kc8 { [%clk 0:08:02] } 22.
Qxc4 { [%clk 0:07:33] } 22... Rxd5 { [%clk 0:07:39] } 23. Qxa6+
{ [%clk 0:07:28] } 23... Kd7 { [%clk 0:07:36] } 24. Rad1 { [%clk 0:07:17] }
24... Rxd1 { [%clk 0:07:34] } 25. Rxd1+ { [%clk 0:07:14] } 25... Ke7
{ [%clk 0:07:21] } 26. Ba3+ { [%clk 0:07:10] } 26... Kf6 { [%clk 0:07:18] } 27.
Bb2+ { [%clk 0:07:00] } 27... Be5 { [%clk 0:07:14] } 28. Bxe5+
{ [%clk 0:06:57] } 28... Kxe5 { [%clk 0:07:12] } 29. Qa5+ { [%clk 0:06:45] }
29... Kf6 { [%clk 0:07:09] } 30. Qc3+ { [%clk 0:06:38] } 30... Ke7
{ [%clk 0:07:05] } 31. Qd3 { [%clk 0:06:27] } 31... Qxd3 { [%clk 0:06:54] } 32.
Rxd3 { [%clk 0:06:24] } 32... Rd8 { [%clk 0:06:44] } 33. Ra3 { [%clk 0:06:13] }
33... f5 { [%clk 0:06:40] } 34. Ra7+ { [%clk 0:06:05] } 34... Rd7
{ [%clk 0:06:37] } 35. Rxd7+ { [%clk 0:05:48] } 35... Kxd7 { [%clk 0:06:35] }
36. h4 { [%clk 0:05:43] } 36... e5 { [%clk 0:06:22] } 37. Kf3
{ [%clk 0:05:40] } 37... Kc6 { [%clk 0:06:16] } 38. Ke3 { [%clk 0:05:34] }
38... Kb5 { [%clk 0:06:00] } 39. f3 { [%clk 0:05:14] } 39... Kb4
{ [%clk 0:05:57] } 40. Kd3 { [%clk 0:05:10] } 40... Ka3 { [%clk 0:05:53] } 41.
Kc4 { [%clk 0:05:08] } 41... Kxa2 { [%clk 0:05:51] } 42. Kd5 { [%clk 0:05:06] }
42... g6 { [%clk 0:05:42] } 43. Kxe5 { [%clk 0:05:03] } 43... Kb3
{ [%clk 0:05:40] } 44. Kf6 { [%clk 0:04:59] } 44... Kc4 { [%clk 0:05:37] } 45.
Kg7 { [%clk 0:04:54] } 45... Kd3 { [%clk 0:05:35] } 46. Kxh7 { [%clk 0:04:53] }
46... Ke3 { [%clk 0:05:34] } 47. Kxg6 { [%clk 0:04:51] } 47... f4
{ [%clk 0:05:29] } 48. gxf4 { [%clk 0:04:47] } 48... Kxf4 { [%clk 0:05:28] }
49. h5 { [%clk 0:04:46] } 49... Kxf3 { [%clk 0:05:27] } 50. h6
{ [%clk 0:04:44] } 50... Ke4 { [%clk 0:05:27] } 51. h7 { [%clk 0:04:43] } 51...
Ke5 { [%clk 0:05:27] } 52. h8=Q+ { [%clk 0:04:39] } 52... Ke6
{ [%clk 0:05:27] } 53. Qf6+ { [%clk 0:04:36] } 53... Kd5 { [%clk 0:05:20] } 54.
Kf5 { [%clk 0:04:33] } 1-0"
Rated Rapid game,https://lichess.org/CJxGv1nU,2024.08.01,-,Vedanshkatikela2023,amtaylor0789,0-1,2024.08.01,08:42:48,1454,1474,,,C20,King's Pawn Game: Leonardis Variation,600+0,Normal,"1. e4 { [%clk 0:10:00] } 1... e5 { [%clk 0:10:00] } 2. d3 { [%clk 0:09:58] }
2... Nc6 { [%clk 0:09:56] } 3. a3 { [%clk 0:09:58] } 3... Bc5
{ [%clk 0:09:54] } 4. h3 { [%clk 0:09:55] } 4... d6 { [%clk 0:09:53] } 5. f3
{ [%clk 0:09:50] } 5... Be6 { [%clk 0:09:44] } 6. Ne2 { [%clk 0:09:28] } 6...
Qe7 { [%clk 0:09:41] } 7. Qd2 { [%clk 0:09:19] } 7... O-O-O { [%clk 0:09:39] }
8. Qd1 { [%clk 0:09:04] } 8... Nf6 { [%clk 0:09:32] } 9. Bg5 { [%clk 0:09:00] }
9... h6 { [%clk 0:09:30] } 10. Bxf6 { [%clk 0:08:48] } 10... Qxf6
{ [%clk 0:09:30] } 11. Qd2 { [%clk 0:08:45] } 11... a6 { [%clk 0:09:15] } 12.
Nbc3 { [%clk 0:08:43] } 12... Qe7 { [%clk 0:09:05] } 13. Nd5 { [%clk 0:08:36] }
13... Qe8 { [%clk 0:08:50] } 14. O-O-O { [%clk 0:08:24] } 14... f6
{ [%clk 0:08:42] } 15. Kb1 { [%clk 0:08:22] } 15... Qf7 { [%clk 0:08:39] } 16.
Nec3 { [%clk 0:07:41] } 16... g5 { [%clk 0:08:30] } 17. Na4 { [%clk 0:07:38] }
17... b5 { [%clk 0:08:24] } 18. Nxc5 { [%clk 0:07:36] } 18... dxc5
{ [%clk 0:08:24] } 19. Qc3 { [%clk 0:07:27] } 19... Bxd5 { [%clk 0:07:56] } 20.
exd5 { [%clk 0:07:23] } 20... Rxd5 { [%clk 0:07:51] } 21. Be2
{ [%clk 0:07:21] } 21... Nb8 { [%clk 0:07:25] } 22. Qb3 { [%clk 0:06:59] }
22... Rhd8 { [%clk 0:07:19] } 23. c4 { [%clk 0:06:54] } 23... Rd4
{ [%clk 0:06:59] } 24. cxb5 { [%clk 0:06:50] } 24... Qxb3 { [%clk 0:06:58] }
0-1"
Rated Rapid game,https://lichess.org/oLonCZ8V,2024.08.01,-,V_1311,Zochell,1/2-1/2,2024.08.01,08:42:48,1338,1319,,,B40,Sicilian Defense: French Variation,600+0,Normal,"1. e4 { [%clk 0:10:00] } 1... e6 { [%clk 0:10:00] } 2. Nf3 { [%clk 0:09:59] }
2... c5 { [%clk 0:09:58] } 3. Bc4 { [%clk 0:09:57] } 3... g6 { [%clk 0:09:57] }
4. a3 { [%clk 0:09:55] } 4... Bg7 { [%clk 0:09:56] } 5. Nc3 { [%clk 0:09:50] }
5... Ne7 { [%clk 0:09:54] } 6. d4 { [%clk 0:09:43] } 6... cxd4
{ [%clk 0:09:48] } 7. Nxd4 { [%clk 0:09:41] } 7... Nbc6 { [%clk 0:09:47] } 8.
Nxc6 { [%clk 0:09:38] } 8... Nxc6 { [%clk 0:09:47] } 9. h4 { [%clk 0:09:31] }
9... O-O { [%clk 0:09:45] } 10. Bg5 { [%clk 0:09:29] } 10... f6
{ [%clk 0:09:35] } 11. Bf4 { [%clk 0:09:22] } 11... a6 { [%clk 0:09:24] } 12.
Bd6 { [%clk 0:09:20] } 12... Re8 { [%clk 0:09:19] } 13. O-O { [%clk 0:09:10] }
13... b5 { [%clk 0:09:16] } 14. Ba2 { [%clk 0:09:07] } 14... Kh8
{ [%clk 0:09:11] } 15. b4 { [%clk 0:08:45] } 15... f5 { [%clk 0:09:08] } 16.
Rb1 { [%clk 0:08:36] } 16... Bxc3 { [%clk 0:09:05] } 17. Rb3 { [%clk 0:08:27] }
17... Bg7 { [%clk 0:09:00] } 18. exf5 { [%clk 0:08:20] } 18... exf5
{ [%clk 0:08:59] } 19. Qd5 { [%clk 0:07:57] } 19... Bb7 { [%clk 0:08:55] } 20.
Qf7 { [%clk 0:07:55] } 20... Ne5 { [%clk 0:08:37] } 21. Bxe5 { [%clk 0:07:49] }
21... Rxe5 { [%clk 0:08:30] } 22. Re3 { [%clk 0:07:36] } 22... Rxe3
{ [%clk 0:08:22] } 23. fxe3 { [%clk 0:07:34] } 23... Qc7 { [%clk 0:08:10] } 24.
e4 { [%clk 0:07:21] } 24... Qc6 { [%clk 0:07:59] } 25. Bd5 { [%clk 0:07:15] }
25... Qb6+ { [%clk 0:07:38] } 26. Kh1 { [%clk 0:07:12] } 26... Bxd5
{ [%clk 0:07:36] } 27. exd5 { [%clk 0:07:11] } 27... Rf8 { [%clk 0:07:25] } 28.
Qxd7 { [%clk 0:07:09] } 28... Qd4 { [%clk 0:07:14] } 29. Re1 { [%clk 0:06:59] }
29... Qf4 { [%clk 0:06:57] } 30. Re8 { [%clk 0:06:52] } 30... Qc1+
{ [%clk 0:06:39] } 31. Kh2 { [%clk 0:06:49] } 31... Qf4+ { [%clk 0:06:36] } 32.
g3 { [%clk 0:06:43] } 32... Qf2+ { [%clk 0:06:31] } 33. Kh3 { [%clk 0:06:42] }
33... Qf1+ { [%clk 0:06:27] } 34. Kh2 { [%clk 0:06:38] } 34... Qf2+
{ [%clk 0:06:23] } 35. Kh3 { [%clk 0:06:37] } 35... Qf1+ { [%clk 0:06:16] } 36.
Kh2 { [%clk 0:06:35] } 36... Qf2+ { [%clk 0:06:02] } 1/2-1/2"
Rated Rapid game,https://lichess.org/16wu57HY,2024.08.01,-,JeejaMenon,mavideniz16,1-0,2024.08.01,08:42:48,803,788,,,C20,"King's Pawn Game: Wayward Queen Attack, Kiddie Countergambit",600+0,Normal,"1. e4 { [%eval 0.15] [%clk 0:10:00] } 1... e5 { [%eval 0.21] [%clk 0:10:00] }
2. Qh5 { [%eval -0.26] [%clk 0:09:59] } 2... Nf6
{ [%eval -0.04] [%clk 0:09:57] } 3. Qxe5+ { [%eval -0.09] [%clk 0:09:57] } 3...
Be7 { [%eval -0.03] [%clk 0:09:50] } 4. Qg5 $6 { [%eval -0.82] [%clk 0:09:56] }
4... h6 $2 { [%eval 0.97] [%clk 0:09:48] } 5. Qxg7
{ [%eval 0.93] [%clk 0:09:54] } 5... Rf8 $2 { [%eval 2.98] [%clk 0:09:44] } 6.
Qxh6 $6 { [%eval 2.15] [%clk 0:09:51] } 6... Rg8
{ [%eval 2.71] [%clk 0:09:42] } 7. Bc4 $6 { [%eval 1.97] [%clk 0:09:45] } 7...
Nc6 { [%eval 1.85] [%clk 0:09:35] } 8. Nf3 $6 { [%eval 0.9] [%clk 0:09:29] }
8... d6 $2 { [%eval 2.55] [%clk 0:08:56] } 9. O-O $2
{ [%eval 1.12] [%clk 0:09:27] } 9... Bg4 { [%eval 0.92] [%clk 0:08:52] } 10.
Qf4 { [%eval 1.28] [%clk 0:09:09] } 10... Qd7 { [%eval 1.34] [%clk 0:08:48] }
11. Ng5 $2 { [%eval -0.08] [%clk 0:08:42] } 11... O-O-O
{ [%eval -0.01] [%clk 0:04:01] } 12. Bxf7 $2 { [%eval -2.34] [%clk 0:08:19] }
12... Rgf8 $4 { [%eval 2.5] [%clk 0:03:57] } 13. Be6 $4
{ [%eval -3.07] [%clk 0:08:10] } 13... Qxe6 $4 { [%eval 3.11] [%clk 0:03:50] }
14. Nxe6 { [%eval 2.83] [%clk 0:08:09] } 14... Rde8 $4
{ [%eval 6.76] [%clk 0:03:37] } 15. Nxf8 { [%eval 6.58] [%clk 0:08:06] } 15...
Bxf8 { [%eval 8.25] [%clk 0:03:35] } 16. Qxf6 { [%eval 8.11] [%clk 0:07:58] }
16... Be7 { [%eval 8.22] [%clk 0:03:31] } 17. Qf7
{ [%eval 8.13] [%clk 0:07:49] } 17... Rd8 { [%eval 8.4] [%clk 0:03:27] } 18.
Nc3 { [%eval 8.34] [%clk 0:07:45] } 18... Nd4 { [%eval 9.34] [%clk 0:03:25] }
19. Nd5 { [%eval 9.03] [%clk 0:07:38] } 19... Ne2+
{ [%eval 9.94] [%clk 0:03:23] } 20. Kh1 { [%eval 9.79] [%clk 0:07:33] } 20...
Bh4 $2 { [%eval #1] [%clk 0:03:13] } 21. Ne7+ $2
{ [%eval 8.75] [%clk 0:07:28] } 21... Kb8 { [%eval 9.26] [%clk 0:03:08] } 22.
Ng6 { [%eval 9.25] [%clk 0:07:16] } 22... Bg5 { [%eval 9.46] [%clk 0:03:00] }
23. Ne7 { [%eval 8.18] [%clk 0:06:51] } 23... Rh8
{ [%eval 9.6] [%clk 0:02:54] } 24. Qg7 { [%eval 9.54] [%clk 0:06:43] } 24...
Rh4 $2 { [%eval #2] [%clk 0:02:32] } 25. Qxg5 $6
{ [%eval 11.23] [%clk 0:06:31] } 25... Rh7 $6 { [%eval #2] [%clk 0:02:00] } 26.
Qg8+ { [%eval #1] [%clk 0:06:15] } 26... Bc8 { [%eval #1] [%clk 0:01:53] } 27.
Qxh7 $6 { [%eval 12.83] [%clk 0:06:12] } 27... Nxc1 $6
{ [%eval #7] [%clk 0:01:48] } 28. Qg8 { [%eval #6] [%clk 0:06:08] } 28... a6
{ [%eval #6] [%clk 0:01:41] } 29. Qxc8+ { [%eval #5] [%clk 0:06:05] } 29... Ka7
{ [%eval #5] [%clk 0:01:38] } 30. Raxc1 $6 { [%eval 18.34] [%clk 0:06:03] }
30... Kb6 $6 { [%eval #6] [%clk 0:01:35] } 31. Nd5+
{ [%eval #5] [%clk 0:05:50] } 31... Ka7 { [%eval #5] [%clk 0:01:31] } 32. Qxc7
{ [%eval #4] [%clk 0:05:46] } 32... Ka8 { [%eval #3] [%clk 0:01:29] } 33. Qxd6
{ [%eval #4] [%clk 0:05:42] } 33... Ka7 { [%eval #4] [%clk 0:01:27] } 34. Qb6+
{ [%eval #4] [%clk 0:05:36] } 34... Kb8 { [%eval #4] [%clk 0:01:26] } 35. Qc7+
{ [%eval #3] [%clk 0:05:29] } 35... Ka7 { [%eval #3] [%clk 0:01:25] } 36. c4
{ [%eval #3] [%clk 0:05:21] } 36... Ka8 { [%eval #3] [%clk 0:01:22] } 37. c5
{ [%eval #2] [%clk 0:05:20] } 37... Ka7 { [%eval #2] [%clk 0:01:19] } 38. c6
{ [%eval #1] [%clk 0:05:19] } 38... Ka8 { [%eval #1] [%clk 0:01:17] } 39. cxb7+
{ [%eval #1] [%clk 0:05:18] } 39... Ka7 { [%eval #1] [%clk 0:01:15] } 40. b8=Q#
{ [%clk 0:05:15] } 1-0"
Rated Rapid game,https://lichess.org/p9kQrEPz,2024.08.01,-,KikkiHiiri69,jaykied,0-1,2024.08.01,08:42:48,1028,1098,,,A00,Hungarian Opening,600+0,Time forfeit,"1. g3 { [%eval 0.12] [%clk 0:10:00] } 1... b6 { [%eval 0.48] [%clk 0:10:00] }
2. Nc3 { [%eval 0.0] [%clk 0:09:51] } 2... Bb7 { [%eval 0.3] [%clk 0:09:58] }
3. Nf3 { [%eval 0.01] [%clk 0:09:45] } 3... d5 { [%eval 0.2] [%clk 0:09:49] }
4. e3 { [%eval -0.31] [%clk 0:09:39] } 4... Nf6
{ [%eval -0.21] [%clk 0:09:48] } 5. Bb5+ $6 { [%eval -0.76] [%clk 0:09:21] }
5... c6 { [%eval -0.46] [%clk 0:09:37] } 6. Bd3
{ [%eval -0.78] [%clk 0:09:08] } 6... e5 $2 { [%eval 0.54] [%clk 0:09:34] } 7.
Nxe5 { [%eval 0.54] [%clk 0:09:03] } 7... d4 $2 { [%eval 1.74] [%clk 0:09:22] }
8. Ne4 { [%eval 1.18] [%clk 0:08:52] } 8... dxe3
{ [%eval 1.39] [%clk 0:09:09] } 9. dxe3 { [%eval 1.35] [%clk 0:08:39] } 9...
Bb4+ { [%eval 1.41] [%clk 0:09:01] } 10. c3 { [%eval 1.66] [%clk 0:08:36] }
10... Bd6 { [%eval 1.94] [%clk 0:08:52] } 11. Nxd6+
{ [%eval 1.92] [%clk 0:08:29] } 11... Qxd6 { [%eval 1.98] [%clk 0:08:46] } 12.
Nc4 { [%eval 1.89] [%clk 0:07:45] } 12... Qe6 { [%eval 1.87] [%clk 0:08:25] }
13. O-O { [%eval 1.68] [%clk 0:07:21] } 13... Ne4 $2
{ [%eval 3.22] [%clk 0:08:08] } 14. Qf3 $2 { [%eval 1.26] [%clk 0:07:01] }
14... c5 $4 { [%eval 5.24] [%clk 0:07:58] } 15. b4 $4
{ [%eval -0.33] [%clk 0:06:43] } 15... Nd2 $4 { [%eval 6.9] [%clk 0:07:51] }
16. Qxb7 { [%eval 6.93] [%clk 0:06:32] } 16... Nxf1
{ [%eval 7.11] [%clk 0:07:49] } 17. Kxf1 $2 { [%eval 4.38] [%clk 0:06:29] }
17... O-O { [%eval 4.25] [%clk 0:07:20] } 18. Qxa8
{ [%eval 4.43] [%clk 0:06:17] } 18... Nc6 { [%eval 4.22] [%clk 0:07:10] } 19.
Qb7 { [%eval 4.3] [%clk 0:06:14] } 19... Rd8 $2 { [%eval 5.63] [%clk 0:06:56] }
20. Bc2 $2 { [%eval 3.54] [%clk 0:05:48] } 20... Qxc4+
{ [%eval 3.21] [%clk 0:06:38] } 21. Kg2 { [%eval 3.11] [%clk 0:05:15] } 21...
Qd5+ $2 { [%eval 4.98] [%clk 0:06:34] } 22. Kg1 { [%eval 4.26] [%clk 0:05:11] }
22... Rb8 { [%eval 4.36] [%clk 0:06:22] } 23. Qa6
{ [%eval 4.2] [%clk 0:04:20] } 23... cxb4 { [%eval 4.39] [%clk 0:06:20] } 24.
Qe2 { [%eval 4.01] [%clk 0:03:56] } 24... bxc3 { [%eval 4.0] [%clk 0:06:06] }
25. f4 $2 { [%eval 2.96] [%clk 0:03:11] } 25... Nb4
{ [%eval 3.55] [%clk 0:05:56] } 26. a3 $2 { [%eval 2.27] [%clk 0:02:08] } 26...
Nxc2 { [%eval 2.11] [%clk 0:05:38] } 27. Qxc2 { [%eval 2.12] [%clk 0:02:07] }
27... Re8 $2 { [%eval 3.32] [%clk 0:05:31] } 28. Qxc3
{ [%eval 3.36] [%clk 0:02:03] } 28... Qd1+ { [%eval 3.34] [%clk 0:05:29] } 29.
Kf2 { [%eval 3.62] [%clk 0:01:56] } 29... Qh1 $2
{ [%eval 5.97] [%clk 0:05:08] } 30. Bb2 $4 { [%eval 1.95] [%clk 0:01:50] }
30... Qxh2+ { [%eval 1.97] [%clk 0:05:06] } 31. Kf3
{ [%eval 1.91] [%clk 0:01:47] } 31... Qh5+ { [%eval 2.05] [%clk 0:04:58] } 32.
Kg2 { [%eval 2.01] [%clk 0:01:44] } 32... Qd5+ $2
{ [%eval 3.36] [%clk 0:04:52] } 33. Kf1 $4 { [%eval -0.06] [%clk 0:01:37] }
33... Qf3+ { [%eval 0.0] [%clk 0:04:50] } 34. Ke1 $4
{ [%eval -6.48] [%clk 0:01:35] } 34... Rxe3+ { [%eval -6.25] [%clk 0:04:38] }
35. Kd2 $4 { [%eval #-3] [%clk 0:01:13] } 35... Qf2+ $4
{ [%eval -6.37] [%clk 0:04:26] } 36. Kc1 { [%eval -6.44] [%clk 0:01:07] } 36...
Rxc3+ { [%eval -6.36] [%clk 0:04:15] } 37. Bxc3
{ [%eval -6.15] [%clk 0:01:05] } 37... Qf1+ { [%eval -5.96] [%clk 0:04:14] }
38. Kb2 { [%eval -6.06] [%clk 0:01:00] } 38... Qf2+
{ [%eval -5.96] [%clk 0:04:10] } 39. Kb3 { [%eval -5.83] [%clk 0:00:55] } 39...
f5 { [%eval -4.96] [%clk 0:04:04] } 40. Rd1 { [%eval -4.83] [%clk 0:00:10] }
40... Qxg3 { [%eval -4.92] [%clk 0:03:49] } 41. Rd7
{ [%eval -5.79] [%clk 0:00:07] } 41... Qxf4 $2 { [%eval -4.45] [%clk 0:03:42] }
42. Rd8+ { [%eval -5.28] [%clk 0:00:04] } 42... Kf7
{ [%eval -5.08] [%clk 0:03:41] } 0-1"
Rated Rapid game,https://lichess.org/TAQeStcb,2024.08.01,-,megalasquez,mikhail_mike,1-0,2024.08.01,08:42:48,1233,1269,,,A01,Nimzo-Larsen Attack: Graz Attack,600+0,Normal,"1. b3 { [%clk 0:10:00] } 1... d5 { [%clk 0:10:00] } 2. Ba3 { [%clk 0:10:00] }
2... Nc6 { [%clk 0:09:57] } 3. c3 { [%clk 0:09:57] } 3... Nf6
{ [%clk 0:09:55] } 4. d4 { [%clk 0:09:55] } 4... e5 { [%clk 0:09:53] } 5. Bxf8
{ [%clk 0:09:53] } 5... Kxf8 { [%clk 0:09:51] } 6. dxe5 { [%clk 0:09:52] } 6...
Nxe5 { [%clk 0:09:50] } 7. e3 { [%clk 0:09:42] } 7... Ke7 { [%clk 0:09:47] } 8.
c4 { [%clk 0:09:35] } 8... dxc4 { [%clk 0:09:45] } 9. Qxd8+ { [%clk 0:09:32] }
9... Rxd8 { [%clk 0:09:43] } 10. bxc4 { [%clk 0:09:30] } 10... Ne4
{ [%clk 0:09:34] } 11. Na3 { [%clk 0:09:21] } 11... Nc3 { [%clk 0:09:31] } 12.
g3 { [%clk 0:09:15] } 12... Bg4 { [%clk 0:09:22] } 13. Be2 { [%clk 0:08:45] }
13... Bxe2 { [%clk 0:09:18] } 14. Nxe2 { [%clk 0:08:44] } 14... Nf3+
{ [%clk 0:09:17] } 15. Kf1 { [%clk 0:08:36] } 15... Nxe2 { [%clk 0:09:04] } 16.
Kxe2 { [%clk 0:08:34] } 16... Ne5 { [%clk 0:09:03] } 17. Rad1
{ [%clk 0:08:31] } 17... c5 { [%clk 0:08:59] } 18. Rxd8 { [%clk 0:08:29] }
18... Rxd8 { [%clk 0:08:57] } 19. f4 { [%clk 0:08:22] } 19... Ng4
{ [%clk 0:08:55] } 20. h4 { [%clk 0:08:12] } 20... Ke6 { [%clk 0:08:50] } 21.
Nb5 { [%clk 0:08:01] } 21... Kf5 { [%clk 0:08:38] } 22. Nxa7 { [%clk 0:07:50] }
22... Ke4 { [%clk 0:08:37] } 23. Rb1 { [%clk 0:07:32] } 23... Nxe3
{ [%clk 0:08:35] } 24. Rxb7 { [%clk 0:07:27] } 24... Nxc4 { [%clk 0:08:33] }
25. Rxf7 { [%clk 0:07:20] } 25... Rd2+ { [%clk 0:08:31] } 26. Ke1
{ [%clk 0:07:10] } 26... Kf3 { [%clk 0:08:29] } 27. Rxg7 { [%clk 0:06:57] }
27... Rxa2 { [%clk 0:08:26] } 28. f5 { [%clk 0:06:53] } 28... Ne3
{ [%clk 0:08:25] } 29. Nc6 { [%clk 0:06:41] } 29... Nc2+ { [%clk 0:08:23] } 30.
Kd1 { [%clk 0:06:34] } 30... Nb4 { [%clk 0:08:21] } 31. Nxb4 { [%clk 0:06:30] }
31... cxb4 { [%clk 0:08:20] } 32. f6 { [%clk 0:06:29] } 32... b3
{ [%clk 0:08:15] } 33. Rb7 { [%clk 0:06:26] } 33... b2 { [%clk 0:08:07] } 34.
f7 { [%clk 0:06:18] } 34... Ke3 { [%clk 0:08:05] } 35. f8=Q { [%clk 0:05:52] }
35... Ra1+ { [%clk 0:08:03] } 36. Kc2 { [%clk 0:05:50] } 36... b1=B+
{ [%clk 0:07:56] } 37. Kb2 { [%clk 0:05:36] } 37... Ra2+ { [%clk 0:07:50] } 38.
Kxb1 { [%clk 0:05:33] } 38... Re2 { [%clk 0:07:45] } 39. Re7+
{ [%clk 0:05:31] } 39... Kd2 { [%clk 0:07:43] } 40. Rxe2+ { [%clk 0:05:29] }
40... Kxe2 { [%clk 0:07:42] } 41. g4 { [%clk 0:05:25] } 1-0"
Rated Rapid game,https://lichess.org/noVbnOjr,2024.08.01,-,Tangosbaliuag44,alfaberat,0-1,2024.08.01,08:42:48,1985,1966,,,D35,Queen's Gambit Declined: Normal Defense,600+0,Normal,"1. d4 { [%clk 0:10:00] } 1... d5 { [%clk 0:10:00] } 2. c4 { [%clk 0:09:58] }
2... e6 { [%clk 0:09:59] } 3. Nc3 { [%clk 0:09:51] } 3... Nf6
{ [%clk 0:09:58] } 4. e3 { [%clk 0:09:50] } 4... Bb4 { [%clk 0:09:57] } 5. Bd2
{ [%clk 0:09:48] } 5... c5 { [%clk 0:09:55] } 6. Nf3 { [%clk 0:09:46] } 6...
cxd4 { [%clk 0:09:53] } 7. exd4 { [%clk 0:09:45] } 7... Nc6 { [%clk 0:09:51] }
8. c5 { [%clk 0:09:39] } 8... b6 { [%clk 0:09:49] } 9. Bb5 { [%clk 0:09:22] }
9... Bd7 { [%clk 0:09:46] } 10. Bxc6 { [%clk 0:09:12] } 10... Bxc6
{ [%clk 0:09:43] } 11. Ne5 { [%clk 0:09:10] } 11... Qc7 { [%clk 0:09:21] } 12.
cxb6 { [%clk 0:09:03] } 12... axb6 { [%clk 0:09:17] } 13. O-O
{ [%clk 0:08:56] } 13... O-O { [%clk 0:09:06] } 14. a3 { [%clk 0:08:36] } 14...
Bd6 { [%clk 0:08:59] } 15. f4 { [%clk 0:08:13] } 15... Nd7 { [%clk 0:08:49] }
16. Rc1 { [%clk 0:07:58] } 16... f6 { [%clk 0:08:38] } 17. Nxc6
{ [%clk 0:07:54] } 17... Qxc6 { [%clk 0:08:35] } 18. Ne4 { [%clk 0:07:40] }
18... Nc5 { [%clk 0:08:03] } 19. dxc5 { [%clk 0:07:34] } 19... bxc5
{ [%clk 0:07:58] } 20. Nxd6 { [%clk 0:07:16] } 20... Qxd6 { [%clk 0:07:55] }
21. b4 { [%clk 0:06:25] } 21... Rxa3 { [%clk 0:07:40] } 22. bxc5
{ [%clk 0:06:24] } 22... Qc6 { [%clk 0:07:34] } 23. Bb4 { [%clk 0:06:13] }
23... Ra2 { [%clk 0:07:31] } 24. Qb3 { [%clk 0:06:08] } 24... Rfa8
{ [%clk 0:07:25] } 25. Rfd1 { [%clk 0:05:44] } 25... Re2 { [%clk 0:07:18] } 26.
f5 { [%clk 0:05:20] } 26... Raa2 { [%clk 0:07:03] } 27. Rd2 { [%clk 0:04:04] }
27... Raxd2 { [%clk 0:06:55] } 28. Bxd2 { [%clk 0:04:03] } 28... Rxd2
{ [%clk 0:06:53] } 29. Qe3 { [%clk 0:03:58] } 29... Ra2 { [%clk 0:06:06] } 30.
fxe6 { [%clk 0:03:56] } 30... d4 { [%clk 0:05:50] } 31. Qb3 { [%clk 0:03:42] }
31... Qxg2# { [%clk 0:05:45] } 0-1"
Rated Rapid game,https://lichess.org/S3eXMrm4,2024.08.01,-,Ravi_amat,Duckhoinguyen,1-0,2024.08.01,08:42:48,1925,1895,,,D04,"Queen's Pawn Game: Colle System, Anti-Colle",600+0,Normal,"1. d4 { [%clk 0:10:00] } 1... d5 { [%clk 0:10:00] } 2. e3 { [%clk 0:09:59] }
2... Nf6 { [%clk 0:09:58] } 3. Nf3 { [%clk 0:09:58] } 3... Bf5
{ [%clk 0:09:56] } 4. Nbd2 { [%clk 0:09:55] } 4... e6 { [%clk 0:09:54] } 5. a3
{ [%clk 0:09:53] } 5... Bd6 { [%clk 0:09:53] } 6. c4 { [%clk 0:09:53] } 6... c6
{ [%clk 0:09:48] } 7. c5 { [%clk 0:09:51] } 7... Bc7 { [%clk 0:09:43] } 8. b4
{ [%clk 0:09:50] } 8... O-O { [%clk 0:09:40] } 9. Bb2 { [%clk 0:09:49] } 9...
Be4 { [%clk 0:09:28] } 10. Be2 { [%clk 0:09:48] } 10... Bxf3 { [%clk 0:09:26] }
11. Nxf3 { [%clk 0:09:46] } 11... Nbd7 { [%clk 0:09:25] } 12. O-O
{ [%clk 0:09:45] } 12... h6 { [%clk 0:09:23] } 13. Ne5 { [%clk 0:09:42] } 13...
Nxe5 { [%clk 0:09:09] } 14. dxe5 { [%clk 0:09:41] } 14... Nd7
{ [%clk 0:08:54] } 15. f4 { [%clk 0:09:40] } 15... b6 { [%clk 0:08:51] } 16.
Bd4 { [%clk 0:09:25] } 16... bxc5 { [%clk 0:08:45] } 17. bxc5
{ [%clk 0:09:24] } 17... Rb8 { [%clk 0:08:41] } 18. Bd3 { [%clk 0:09:22] }
18... Re8 { [%clk 0:08:22] } 19. Bc2 { [%clk 0:09:20] } 19... f6
{ [%clk 0:08:21] } 20. Qd3 { [%clk 0:09:18] } 20... f5 { [%clk 0:08:10] } 21.
Qe2 { [%clk 0:09:16] } 21... g5 { [%clk 0:08:07] } 22. Qh5 { [%clk 0:09:10] }
22... Kg7 { [%clk 0:08:02] } 23. Rf3 { [%clk 0:09:05] } 23... g4
{ [%clk 0:07:47] } 24. Rg3 { [%clk 0:09:02] } 24... Qe7 { [%clk 0:07:45] } 25.
Bxf5 { [%clk 0:08:44] } 25... exf5 { [%clk 0:07:41] } 26. Qxf5
{ [%clk 0:08:38] } 26... Qe6 { [%clk 0:07:04] } 27. Rxg4+ { [%clk 0:08:35] }
27... Kh8 { [%clk 0:07:01] } 28. Qh5 { [%clk 0:08:21] } 28... Rg8
{ [%clk 0:06:56] } 29. Rh4 { [%clk 0:08:18] } 29... Kh7 { [%clk 0:06:40] } 30.
f5 { [%clk 0:08:15] } 30... Qe8 { [%clk 0:06:35] } 31. Qxh6# { [%clk 0:08:12] }
1-0"
Rated Rapid game,https://lichess.org/mjek7LOR,2024.08.01,-,N-u-r-i-k,thisgameisfreeforyou,1-0,2024.08.01,08:42:52,1953,2024,,,C33,King's Gambit Accepted: Polerio Gambit,600+0,Time forfeit,"1. e4 { [%clk 0:10:00] } 1... e5 { [%clk 0:10:00] } 2. f4 { [%clk 0:09:58] }
2... exf4 { [%clk 0:09:54] } 3. d4 { [%clk 0:09:57] } 3... Qh4+
{ [%clk 0:09:40] } 4. Ke2 { [%clk 0:09:46] } 4... Nf6 { [%clk 0:08:56] } 5. Nf3
{ [%clk 0:09:42] } 5... Qg4 { [%clk 0:08:39] } 6. Nc3 { [%clk 0:09:31] } 6...
Bb4 { [%clk 0:08:35] } 7. h3 { [%clk 0:09:27] } 7... Qg3 { [%clk 0:08:20] } 8.
e5 { [%clk 0:09:06] } 8... Nh5 { [%clk 0:07:53] } 9. Nd5 { [%clk 0:08:42] }
9... Ba5 { [%clk 0:07:38] } 10. b4 { [%clk 0:07:50] } 10... Bb6
{ [%clk 0:07:27] } 11. c4 { [%clk 0:07:41] } 11... c6 { [%clk 0:07:18] } 12.
Nc3 { [%clk 0:07:03] } 12... O-O { [%clk 0:06:47] } 13. c5 { [%clk 0:07:00] }
13... Bc7 { [%clk 0:06:45] } 14. Ne4 { [%clk 0:06:57] } 14... Qg6
{ [%clk 0:06:39] } 15. Qd3 { [%clk 0:06:35] } 15... d5 { [%clk 0:06:18] } 16.
cxd6 { [%clk 0:06:29] } 16... Bf5 { [%clk 0:05:50] } 17. Nh4 { [%clk 0:05:46] }
17... Ng3+ { [%clk 0:04:47] } 18. Qxg3 { [%clk 0:04:43] } 18... fxg3
{ [%clk 0:04:04] } 19. Nxg6 { [%clk 0:04:38] } 19... fxg6 { [%clk 0:04:00] }
20. dxc7 { [%clk 0:04:05] } 20... Bxe4 { [%clk 0:03:54] } 21. cxb8=Q
{ [%clk 0:04:01] } 21... Raxb8 { [%clk 0:03:53] } 22. Be3 { [%clk 0:03:53] }
22... Rbd8 { [%clk 0:03:35] } 23. Kd2 { [%clk 0:03:42] } 23... Rf5
{ [%clk 0:03:07] } 24. Bd3 { [%clk 0:03:21] } 24... Bxd3 { [%clk 0:02:54] } 25.
Kxd3 { [%clk 0:03:20] } 25... Rxe5 { [%clk 0:02:52] } 26. Rhf1
{ [%clk 0:03:09] } 26... Re6 { [%clk 0:02:41] } 27. Bf4 { [%clk 0:03:00] }
27... Rde8 { [%clk 0:02:32] } 28. Rf3 { [%clk 0:02:42] } 28... h6
{ [%clk 0:02:23] } 29. Bxg3 { [%clk 0:02:39] } 29... Re2 { [%clk 0:02:20] } 30.
Be5 { [%clk 0:02:10] } 30... Rxg2 { [%clk 0:02:09] } 31. a4 { [%clk 0:02:01] }
31... Rg5 { [%clk 0:01:18] } 32. Raf1 { [%clk 0:01:43] } 32... Rd8
{ [%clk 0:01:14] } 33. Ke4 { [%clk 0:01:34] } 33... Rh5 { [%clk 0:01:02] } 34.
Rg1 { [%clk 0:01:27] } 34... Kh7 { [%clk 0:00:57] } 35. Rf7 { [%clk 0:01:08] }
35... Rh4+ { [%clk 0:00:38] } 36. Rg4 { [%clk 0:01:04] } 36... Rxg4+
{ [%clk 0:00:33] } 37. hxg4 { [%clk 0:01:02] } 37... Rg8 { [%clk 0:00:32] } 38.
Rxb7 { [%clk 0:01:00] } 38... h5 { [%clk 0:00:29] } 39. gxh5 { [%clk 0:00:52] }
39... gxh5 { [%clk 0:00:29] } 40. Rxa7 { [%clk 0:00:45] } 40... h4
{ [%clk 0:00:22] } 41. Rc7 { [%clk 0:00:41] } 41... h3 { [%clk 0:00:18] } 42.
Rxc6 { [%clk 0:00:39] } 42... Re8 { [%clk 0:00:16] } 43. Rc2 { [%clk 0:00:37] }
43... g5 { [%clk 0:00:14] } 44. Kf5 { [%clk 0:00:32] } 44... Kh6
{ [%clk 0:00:09] } 45. Rh2 { [%clk 0:00:30] } 45... Rf8+ { [%clk 0:00:08] } 46.
Ke4 { [%clk 0:00:25] } 46... g4 { [%clk 0:00:06] } 47. b5 { [%clk 0:00:22] }
47... Kh5 { [%clk 0:00:04] } 48. b6 { [%clk 0:00:21] } 48... Re8
{ [%clk 0:00:02] } 49. b7 { [%clk 0:00:19] } 49... Kh4 { [%clk 0:00:01] } 50.
b8=Q { [%clk 0:00:13] } 1-0"
Rated Rapid game,https://lichess.org/sLGCJEey,2024.08.01,-,Riri_247,cyberPUMA,1-0,2024.08.01,08:42:52,1254,1263,,,C24,Bishop's Opening: Berlin Defense,600+0,Normal,"1. e4 { [%clk 0:10:00] } 1... e5 { [%clk 0:10:00] } 2. Bc4 { [%clk 0:09:57] }
2... Nf6 { [%clk 0:09:58] } 3. d3 { [%clk 0:09:21] } 3... Bc5
{ [%clk 0:09:55] } 4. Nf3 { [%clk 0:09:19] } 4... d6 { [%clk 0:09:51] } 5. O-O
{ [%clk 0:09:18] } 5... Bg4 { [%clk 0:09:49] } 6. Nc3 { [%clk 0:09:17] } 6...
O-O { [%clk 0:09:47] } 7. Nd5 { [%clk 0:09:15] } 7... c6 { [%clk 0:09:43] } 8.
Nxf6+ { [%clk 0:09:13] } 8... Qxf6 { [%clk 0:09:41] } 9. a3 { [%clk 0:09:05] }
9... d5 { [%clk 0:09:39] } 10. exd5 { [%clk 0:09:04] } 10... cxd5
{ [%clk 0:09:38] } 11. Bxd5 { [%clk 0:09:01] } 11... Nc6 { [%clk 0:09:34] } 12.
Bg5 { [%clk 0:08:20] } 12... Qf5 { [%clk 0:09:28] } 13. Be4 { [%clk 0:08:13] }
13... Qe6 { [%clk 0:09:10] } 14. b4 { [%clk 0:08:05] } 14... h6
{ [%clk 0:09:02] } 15. Bd2 { [%clk 0:07:51] } 15... Bb6 { [%clk 0:08:58] } 16.
c4 { [%clk 0:07:47] } 16... Nd4 { [%clk 0:08:52] } 17. Qe1 { [%clk 0:07:28] }
17... Nc2 { [%clk 0:08:47] } 18. Qc1 { [%clk 0:07:22] } 18... Nxa1
{ [%clk 0:08:44] } 19. Qxa1 { [%clk 0:07:20] } 19... f5 { [%clk 0:08:29] } 20.
Bd5 { [%clk 0:07:13] } 20... Bd4 { [%clk 0:08:22] } 21. Bxe6+
{ [%clk 0:07:11] } 21... Kh7 { [%clk 0:08:19] } 22. Nxd4 { [%clk 0:07:09] }
22... exd4 { [%clk 0:08:18] } 23. Qxd4 { [%clk 0:07:05] } 23... Rad8
{ [%clk 0:08:15] } 24. Qxa7 { [%clk 0:06:58] } 24... Rxd3 { [%clk 0:08:11] }
25. Be3 { [%clk 0:06:41] } 25... Rfd8 { [%clk 0:08:05] } 26. Bxf5+
{ [%clk 0:06:36] } 26... Bxf5 { [%clk 0:08:03] } 27. h3 { [%clk 0:06:18] }
27... Rd1 { [%clk 0:07:54] } 28. Rxd1 { [%clk 0:06:06] } 28... Rxd1+
{ [%clk 0:07:54] } 29. Kh2 { [%clk 0:06:02] } 29... h5 { [%clk 0:07:50] } 30.
Qxb7 { [%clk 0:05:58] } 30... h4 { [%clk 0:07:47] } 31. c5 { [%clk 0:05:54] }
31... Ra1 { [%clk 0:07:37] } 32. Qa7 { [%clk 0:05:48] } 32... Be4
{ [%clk 0:07:30] } 33. b5 { [%clk 0:05:41] } 33... Rd1 { [%clk 0:07:27] } 34.
c6 { [%clk 0:05:37] } 34... Rd6 { [%clk 0:07:24] } 35. c7 { [%clk 0:05:33] }
35... Rg6 { [%clk 0:07:23] } 36. g4 { [%clk 0:05:28] } 36... hxg3+
{ [%clk 0:07:21] } 37. fxg3 { [%clk 0:05:26] } 37... Rf6 { [%clk 0:07:13] } 38.
Kg1 { [%clk 0:05:18] } 38... Bd3 { [%clk 0:07:08] } 39. Kh2 { [%clk 0:04:45] }
39... Be4 { [%clk 0:06:57] } 40. g4 { [%clk 0:04:41] } 40... Rf1
{ [%clk 0:06:54] } 41. Kg3 { [%clk 0:04:38] } 41... Rf3+ { [%clk 0:06:51] } 42.
Kh4 { [%clk 0:04:33] } 42... g5+ { [%clk 0:06:43] } 43. Bxg5 { [%clk 0:04:27] }
43... Rxh3+ { [%clk 0:06:38] } 1-0"
Rated Rapid game,https://lichess.org/7G5oE4WT,2024.08.01,-,confirm83,Ahmad-muhsen,1-0,2024.08.01,08:42:52,1785,1812,,,A45,"Indian Defense: Paleface Attack, Blackmar-Diemer Gambit Deferred",600+0,Normal,"1. d4 { [%clk 0:10:00] } 1... d5 { [%clk 0:10:00] } 2. e4 { [%clk 0:09:59] }
2... Nf6 { [%clk 0:09:59] } 3. f3 { [%clk 0:09:51] } 3... Nc6
{ [%clk 0:09:57] } 4. Bb5 { [%clk 0:09:45] } 4... Bd7 { [%clk 0:09:55] } 5. Nc3
{ [%clk 0:09:44] } 5... a6 { [%clk 0:09:54] } 6. Ba4 { [%clk 0:09:37] } 6... b5
{ [%clk 0:09:52] } 7. Bb3 { [%clk 0:09:36] } 7... e6 { [%clk 0:09:31] } 8. e5
{ [%clk 0:09:28] } 8... Ng8 { [%clk 0:09:23] } 9. Be3 { [%clk 0:09:23] } 9...
f6 { [%clk 0:09:21] } 10. f4 { [%clk 0:09:21] } 10... Be7 { [%clk 0:09:16] }
11. Nf3 { [%clk 0:09:19] } 11... fxe5 { [%clk 0:09:13] } 12. fxe5
{ [%clk 0:09:18] } 12... Nh6 { [%clk 0:08:59] } 13. O-O { [%clk 0:09:16] }
13... Nf5 { [%clk 0:08:57] } 14. Bf2 { [%clk 0:09:14] } 14... O-O
{ [%clk 0:08:49] } 15. Ne2 { [%clk 0:09:09] } 15... Bh4 { [%clk 0:08:36] } 16.
c3 { [%clk 0:09:03] } 16... Qe7 { [%clk 0:08:18] } 17. Bc2 { [%clk 0:08:59] }
17... Bxf2+ { [%clk 0:08:13] } 18. Kxf2 { [%clk 0:08:56] } 18... Qf7
{ [%clk 0:07:50] } 19. Bxf5 { [%clk 0:08:40] } 19... Qxf5 { [%clk 0:07:47] }
20. Kg1 { [%clk 0:08:39] } 20... Be8 { [%clk 0:07:40] } 21. Ng3
{ [%clk 0:08:25] } 21... Qg6 { [%clk 0:07:26] } 22. Rf2 { [%clk 0:08:23] }
22... Qh6 { [%clk 0:07:23] } 23. Qe2 { [%clk 0:08:16] } 23... Bh5
{ [%clk 0:07:22] } 24. Raf1 { [%clk 0:08:10] } 24... Bg4 { [%clk 0:06:52] } 25.
Qd3 { [%clk 0:08:01] } 25... Rf4 { [%clk 0:06:15] } 26. Ne2 { [%clk 0:07:54] }
26... Bf5 { [%clk 0:05:57] } 27. Qd2 { [%clk 0:07:47] } 27... Rg4
{ [%clk 0:04:38] } 28. h3 { [%clk 0:07:39] } 28... Qxh3 { [%clk 0:04:19] } 29.
Ng5 { [%clk 0:07:19] } 29... Qh5 { [%clk 0:03:51] } 30. Nf3 { [%clk 0:06:57] }
30... Rf8 { [%clk 0:03:42] } 31. Nf4 { [%clk 0:06:38] } 31... Qh6
{ [%clk 0:03:33] } 32. Nh2 { [%clk 0:06:10] } 32... Rh4 { [%clk 0:03:23] } 33.
Nh3 { [%clk 0:06:00] } 33... Qxd2 { [%clk 0:03:09] } 34. Rxd2
{ [%clk 0:05:58] } 34... Bxh3 { [%clk 0:03:08] } 35. gxh3 { [%clk 0:05:55] }
35... Rxh3 { [%clk 0:03:02] } 36. Rxf8+ { [%clk 0:05:53] } 36... Kxf8
{ [%clk 0:03:01] } 37. Rf2+ { [%clk 0:05:48] } 37... Kg8 { [%clk 0:02:58] } 38.
Kg2 { [%clk 0:05:45] } 38... Rh5 { [%clk 0:02:44] } 39. Nf3 { [%clk 0:05:43] }
39... Ne7 { [%clk 0:02:37] } 40. Kf1 { [%clk 0:05:41] } 40... Nf5
{ [%clk 0:02:28] } 41. Ke2 { [%clk 0:05:39] } 41... h6 { [%clk 0:02:17] } 42.
Kd2 { [%clk 0:05:33] } 42... g5 { [%clk 0:02:14] } 43. Rg2 { [%clk 0:05:29] }
43... Rh3 { [%clk 0:02:02] } 44. Ng1 { [%clk 0:05:14] } 44... Rh5
{ [%clk 0:01:44] } 45. Ne2 { [%clk 0:05:11] } 45... Kh7 { [%clk 0:01:41] } 46.
Kc2 { [%clk 0:05:05] } 46... Kg6 { [%clk 0:01:38] } 47. Kd2 { [%clk 0:05:01] }
47... Rh4 { [%clk 0:01:28] } 48. Ng3 { [%clk 0:04:59] } 48... Nxg3
{ [%clk 0:01:25] } 49. Rxg3 { [%clk 0:04:57] } 49... h5 { [%clk 0:01:25] } 50.
Kc2 { [%clk 0:04:53] } 50... Rg4 { [%clk 0:01:21] } 51. Rf3 { [%clk 0:04:52] }
51... Rf4 { [%clk 0:01:20] } 52. Rg3 { [%clk 0:04:51] } 52... h4
{ [%clk 0:01:18] } 53. Rg2 { [%clk 0:04:49] } 53... g4 { [%clk 0:01:17] } 54.
Kb3 { [%clk 0:04:46] } 54... a5 { [%clk 0:01:12] } 55. a4 { [%clk 0:04:44] }
55... c6 { [%clk 0:01:09] } 56. axb5 { [%clk 0:04:41] } 56... cxb5
{ [%clk 0:01:07] } 57. Ka3 { [%clk 0:04:40] } 57... h3 { [%clk 0:01:06] } 58.
Rh2 { [%clk 0:04:35] } 58... Kh5 { [%clk 0:01:04] } 59. b4 { [%clk 0:04:33] }
59... a4 { [%clk 0:01:01] } 60. Re2 { [%clk 0:04:27] } 60... g3
{ [%clk 0:00:59] } 61. c4 { [%clk 0:04:25] } 61... dxc4 { [%clk 0:00:57] } 62.
d5 { [%clk 0:04:24] } 62... exd5 { [%clk 0:00:56] } 63. e6 { [%clk 0:04:23] }
63... g2 { [%clk 0:00:55] } 64. e7 { [%clk 0:04:22] } 64... g1=Q
{ [%clk 0:00:48] } 65. e8=Q+ { [%clk 0:04:20] } 65... Qg6 { [%clk 0:00:42] }
66. Re5+ { [%clk 0:04:14] } 66... Kh6 { [%clk 0:00:39] } 67. Qh8+
{ [%clk 0:04:09] } 67... Qh7 { [%clk 0:00:38] } 68. Re6+ { [%clk 0:03:52] }
68... Kg5 { [%clk 0:00:34] } 69. Qxh7 { [%clk 0:03:48] } 69... Rf3+
{ [%clk 0:00:33] } 70. Kb2 { [%clk 0:03:43] } 70... Rb3+ { [%clk 0:00:31] } 71.
Kc1 { [%clk 0:03:39] } 71... Kf4 { [%clk 0:00:24] } 72. Qh4+ { [%clk 0:03:35] }
72... Kf3 { [%clk 0:00:22] } 73. Qxh3+ { [%clk 0:03:33] } 73... Kf2
{ [%clk 0:00:21] } 74. Rf6+ { [%clk 0:03:30] } 74... Ke2 { [%clk 0:00:19] } 75.
Re6+ { [%clk 0:03:25] } 75... Kf2 { [%clk 0:00:18] } 76. Qh2+
{ [%clk 0:03:24] } 76... Kf3 { [%clk 0:00:16] } 77. Rf6+ { [%clk 0:03:22] }
77... Ke4 { [%clk 0:00:14] } 78. Qe2+ { [%clk 0:03:20] } 78... Re3
{ [%clk 0:00:12] } 79. Re6+ { [%clk 0:03:19] } 1-0"
Rated Rapid game,https://lichess.org/H89hVMm7,2024.08.01,-,RONERO54,dreamadam,1-0,2024.08.01,08:42:52,1691,1710,,,A10,English Opening,600+0,Normal,"1. c4 { [%eval 0.12] [%clk 0:10:00] } 1... b6 { [%eval 0.4] [%clk 0:10:00] } 2.
d3 { [%eval 0.08] [%clk 0:09:58] } 2... Bb7 { [%eval 0.1] [%clk 0:09:58] } 3.
e4 { [%eval 0.07] [%clk 0:09:56] } 3... e6 { [%eval 0.35] [%clk 0:09:42] } 4.
Nc3 { [%eval 0.28] [%clk 0:09:55] } 4... d6 { [%eval 0.69] [%clk 0:09:24] } 5.
Nf3 { [%eval 0.17] [%clk 0:09:54] } 5... f6 $2 { [%eval 1.84] [%clk 0:09:20] }
6. Be3 { [%eval 1.83] [%clk 0:09:50] } 6... Ne7 { [%eval 1.81] [%clk 0:09:17] }
7. h3 { [%eval 1.45] [%clk 0:09:48] } 7... Nd7 { [%eval 1.9] [%clk 0:09:16] }
8. Nd4 $6 { [%eval 1.06] [%clk 0:09:41] } 8... e5 $2
{ [%eval 3.25] [%clk 0:09:05] } 9. Ne6 { [%eval 3.16] [%clk 0:09:38] } 9... Qc8
$2 { [%eval 4.59] [%clk 0:09:01] } 10. Nxf8 $4 { [%eval 0.7] [%clk 0:09:30] }
10... Nxf8 { [%eval 0.66] [%clk 0:08:59] } 11. Nd5
{ [%eval 0.72] [%clk 0:09:28] } 11... Nxd5 $6 { [%eval 1.3] [%clk 0:08:56] }
12. cxd5 { [%eval 1.28] [%clk 0:09:26] } 12... f5
{ [%eval 1.86] [%clk 0:08:49] } 13. f4 $2 { [%eval 0.25] [%clk 0:09:19] } 13...
fxe4 $2 { [%eval 2.69] [%clk 0:08:43] } 14. dxe4
{ [%eval 2.59] [%clk 0:09:17] } 14... exf4 { [%eval 2.32] [%clk 0:08:27] } 15.
Bxf4 $2 { [%eval 1.1] [%clk 0:09:14] } 15... Qd7
{ [%eval 1.09] [%clk 0:08:21] } 16. Bd3 { [%eval 0.59] [%clk 0:09:13] } 16...
O-O-O $6 { [%eval 1.52] [%clk 0:08:18] } 17. O-O
{ [%eval 1.31] [%clk 0:09:11] } 17... Ng6 { [%eval 1.45] [%clk 0:08:15] } 18.
Bg5 { [%eval 0.93] [%clk 0:09:05] } 18... Rde8 $6
{ [%eval 1.74] [%clk 0:08:12] } 19. a3 $6 { [%eval 0.97] [%clk 0:08:58] } 19...
Kb8 { [%eval 1.02] [%clk 0:08:10] } 20. b4 $6 { [%eval 0.33] [%clk 0:08:56] }
20... a6 { [%eval 0.7] [%clk 0:08:08] } 21. Qe2 $2
{ [%eval -0.84] [%clk 0:08:51] } 21... b5 $2 { [%eval 1.84] [%clk 0:07:59] }
22. Qc2 { [%eval 1.83] [%clk 0:07:43] } 22... Ne5
{ [%eval 1.85] [%clk 0:07:54] } 23. Be2 { [%eval 2.07] [%clk 0:07:17] } 23...
h6 { [%eval 2.09] [%clk 0:07:50] } 24. Bf4 { [%eval 1.69] [%clk 0:07:14] }
24... g5 { [%eval 1.8] [%clk 0:07:44] } 25. Bxe5
{ [%eval 2.01] [%clk 0:07:12] } 25... Rxe5 { [%eval 1.63] [%clk 0:07:37] } 26.
Bh5 { [%eval 1.08] [%clk 0:07:03] } 26... g4 $2 { [%eval 2.13] [%clk 0:07:16] }
27. Bxg4 { [%eval 2.15] [%clk 0:07:01] } 27... Qe7
{ [%eval 2.71] [%clk 0:07:08] } 28. Bf5 $6 { [%eval 1.92] [%clk 0:06:54] }
28... Qg5 $6 { [%eval 2.61] [%clk 0:06:40] } 29. a4
{ [%eval 2.59] [%clk 0:06:43] } 29... Rf8 $2 { [%eval 3.9] [%clk 0:06:23] } 30.
axb5 { [%eval 3.95] [%clk 0:06:39] } 30... axb5 { [%eval 3.83] [%clk 0:06:19] }
31. Qa2 { [%eval 3.91] [%clk 0:06:33] } 31... Bxd5 $4
{ [%eval #1] [%clk 0:05:37] } 32. Qa7# { [%clk 0:06:24] } 1-0"
Rated Rapid game,https://lichess.org/D53GWf9u,2024.08.01,-,Elsan2000,DAVID_HIRU,1-0,2024.08.01,08:42:52,1950,1837,,,C55,"Italian Game: Two Knights Defense, Modern Bishop's Opening",600+0,Normal,"1. e4 { [%clk 0:10:00] } 1... e5 { [%clk 0:10:00] } 2. Nf3 { [%clk 0:09:59] }
2... Nc6 { [%clk 0:09:59] } 3. Bc4 { [%clk 0:09:58] } 3... Nf6
{ [%clk 0:09:48] } 4. d3 { [%clk 0:09:56] } 4... h6 { [%clk 0:09:45] } 5. Nc3
{ [%clk 0:09:54] } 5... d6 { [%clk 0:09:43] } 6. h3 { [%clk 0:09:53] } 6... Be7
{ [%clk 0:09:41] } 7. Be3 { [%clk 0:09:52] } 7... O-O { [%clk 0:09:38] } 8. a3
{ [%clk 0:09:51] } 8... Bd7 { [%clk 0:09:33] } 9. Qd2 { [%clk 0:09:49] } 9...
Nh7 { [%clk 0:08:57] } 10. Nh2 { [%clk 0:09:22] } 10... Bg5 { [%clk 0:06:51] }
11. O-O-O { [%clk 0:09:11] } 11... Bxe3 { [%clk 0:05:01] } 12. fxe3
{ [%clk 0:09:08] } 12... a6 { [%clk 0:04:59] } 13. g4 { [%clk 0:09:03] } 13...
b5 { [%clk 0:04:55] } 14. Ba2 { [%clk 0:09:01] } 14... Rb8 { [%clk 0:04:32] }
15. Nd5 { [%clk 0:08:55] } 15... Ne7 { [%clk 0:04:26] } 16. Rdf1
{ [%clk 0:08:49] } 16... Nxd5 { [%clk 0:04:25] } 17. Bxd5 { [%clk 0:08:46] }
17... c6 { [%clk 0:04:23] } 18. Ba2 { [%clk 0:08:45] } 18... a5
{ [%clk 0:04:19] } 19. Rf2 { [%clk 0:08:39] } 19... b4 { [%clk 0:04:15] } 20.
a4 { [%clk 0:08:36] } 20... c5 { [%clk 0:04:08] } 21. Bb3 { [%clk 0:08:33] }
21... Qe7 { [%clk 0:04:03] } 22. Rhf1 { [%clk 0:08:31] } 22... Be6
{ [%clk 0:04:01] } 23. d4 { [%clk 0:08:15] } 23... Bxb3 { [%clk 0:03:59] } 24.
cxb3 { [%clk 0:08:14] } 24... exd4 { [%clk 0:03:47] } 25. exd4
{ [%clk 0:08:13] } 25... cxd4 { [%clk 0:03:45] } 26. Qxd4 { [%clk 0:08:11] }
26... Rbc8+ { [%clk 0:03:40] } 27. Kb1 { [%clk 0:08:10] } 27... Nf6
{ [%clk 0:03:32] } 28. Rf4 { [%clk 0:07:02] } 28... Qc7 { [%clk 0:03:27] } 29.
Ka2 { [%clk 0:06:10] } 29... Rfe8 { [%clk 0:03:19] } 30. Rxf6
{ [%clk 0:06:01] } 30... gxf6 { [%clk 0:03:16] } 31. Qxf6 { [%clk 0:06:00] }
31... Re6 { [%clk 0:03:07] } 32. Qf5 { [%clk 0:05:50] } 32... Qc5
{ [%clk 0:03:03] } 33. Qxf7+ { [%clk 0:05:42] } 33... Kh8 { [%clk 0:02:59] }
34. Qxe6 { [%clk 0:05:38] } 1-0"
Rated Rapid game,https://lichess.org/hxk4I76V,2024.08.01,-,Hockles,bilal-faramlli-1,1-0,2024.08.01,08:42:52,1631,1634,,,D02,Queen's Pawn Game: Chigorin Variation,600+0,Normal,"1. d4 { [%clk 0:10:00] } 1... Nc6 { [%clk 0:10:00] } 2. Nf3 { [%clk 0:09:59] }
2... d5 { [%clk 0:09:54] } 3. g3 { [%clk 0:09:58] } 3... Bg4 { [%clk 0:09:51] }
4. Bg2 { [%clk 0:09:56] } 4... e6 { [%clk 0:09:41] } 5. Bf4 { [%clk 0:09:47] }
5... Qd7 { [%clk 0:09:27] } 6. O-O { [%clk 0:09:43] } 6... h5
{ [%clk 0:09:23] } 7. c4 { [%clk 0:09:36] } 7... h4 { [%clk 0:09:19] } 8. Ne5
{ [%clk 0:09:23] } 8... Nxe5 { [%clk 0:09:17] } 9. dxe5 { [%clk 0:09:22] } 9...
Bc5 { [%clk 0:08:44] } 10. cxd5 { [%clk 0:09:19] } 10... O-O-O
{ [%clk 0:08:34] } 11. Qb3 { [%clk 0:09:08] } 11... Bxe2 { [%clk 0:07:56] } 12.
Re1 { [%clk 0:08:49] } 12... hxg3 { [%clk 0:07:19] } 13. dxe6
{ [%clk 0:08:46] } 13... gxf2+ { [%clk 0:07:05] } 14. Kh1 { [%clk 0:08:45] }
14... fxe1=Q+ { [%clk 0:06:41] } 15. Bf1 { [%clk 0:08:43] } 15... Qf2
{ [%clk 0:06:37] } 16. Nd2 { [%clk 0:08:34] } 16... Qxd2 { [%clk 0:06:26] } 17.
Bg2 { [%clk 0:08:27] } 17... Qdxf4 { [%clk 0:06:19] } 18. Qxb7#
{ [%clk 0:08:25] } 1-0"
Rated Rapid game,https://lichess.org/Tu52cEXA,2024.08.01,-,v_almaszadeh,Henry-Tal,1-0,2024.08.01,08:42:52,2034,2034,,,D00,Queen's Pawn Game: Mason Attack,600+0,Normal,"1. f4 { [%clk 0:10:00] } 1... d5 { [%clk 0:10:00] } 2. d4 { [%clk 0:09:59] }
2... Bg4 { [%clk 0:09:58] } 3. Nd2 { [%clk 0:09:53] } 3... e6
{ [%clk 0:09:56] } 4. Ngf3 { [%clk 0:09:51] } 4... Bxf3 { [%clk 0:09:51] } 5.
Nxf3 { [%clk 0:09:47] } 5... Nf6 { [%clk 0:09:48] } 6. e3 { [%clk 0:09:45] }
6... Bb4+ { [%clk 0:09:45] } 7. c3 { [%clk 0:09:44] } 7... Ba5
{ [%clk 0:09:43] } 8. Bd3 { [%clk 0:09:43] } 8... O-O { [%clk 0:09:41] } 9. O-O
{ [%clk 0:09:42] } 9... Nbd7 { [%clk 0:09:40] } 10. Ng5 { [%clk 0:09:41] }
10... h6 { [%clk 0:09:37] } 11. Nf3 { [%clk 0:09:37] } 11... Bb6
{ [%clk 0:09:30] } 12. Ne5 { [%clk 0:09:35] } 12... c5 { [%clk 0:09:29] } 13.
a3 { [%clk 0:09:31] } 13... Rc8 { [%clk 0:09:27] } 14. Qe2 { [%clk 0:09:27] }
14... cxd4 { [%clk 0:09:25] } 15. exd4 { [%clk 0:09:26] } 15... Bc7
{ [%clk 0:09:21] } 16. Be3 { [%clk 0:09:20] } 16... Bd6 { [%clk 0:09:19] } 17.
Bc2 { [%clk 0:08:59] } 17... Nb6 { [%clk 0:09:09] } 18. Qd3 { [%clk 0:08:50] }
18... Ne4 { [%clk 0:09:03] } 19. Rae1 { [%clk 0:08:41] } 19... Qh4
{ [%clk 0:09:01] } 20. Bc1 { [%clk 0:08:32] } 20... Nc4 { [%clk 0:08:40] } 21.
Rxe4 { [%clk 0:08:17] } 21... dxe4 { [%clk 0:08:32] } 22. Qxe4
{ [%clk 0:08:14] } 22... f5 { [%clk 0:08:27] } 23. Qe2 { [%clk 0:08:05] } 23...
Nxe5 { [%clk 0:08:25] } 24. fxe5 { [%clk 0:07:56] } 24... Be7
{ [%clk 0:08:21] } 25. Bb3 { [%clk 0:07:48] } 25... Bg5 { [%clk 0:08:10] } 26.
Bxe6+ { [%clk 0:07:43] } 26... Kh8 { [%clk 0:08:07] } 27. Bxc8
{ [%clk 0:07:38] } 27... Bxc1 { [%clk 0:07:53] } 28. Bxb7 { [%clk 0:07:26] }
28... f4 { [%clk 0:07:45] } 29. e6 { [%clk 0:07:14] } 29... Be3+
{ [%clk 0:07:42] } 30. Kh1 { [%clk 0:07:11] } 30... Rf5 { [%clk 0:07:33] } 31.
d5 { [%clk 0:06:59] } 31... Rh5 { [%clk 0:07:30] } 32. h3 { [%clk 0:06:55] }
32... Qg3 { [%clk 0:07:23] } 33. Qxh5 { [%clk 0:06:47] } 1-0"
Rated Rapid game,https://lichess.org/MVbRdFMK,2024.08.01,-,basit12345,Nkatshaprince29,1-0,2024.08.01,08:42:52,1667,1679,,,D20,"Queen's Gambit Accepted: Central Variation, McDonnell Defense",600+0,Normal,"1. d4 { [%clk 0:10:00] } 1... d5 { [%clk 0:10:00] } 2. c4 { [%clk 0:09:58] }
2... dxc4 { [%clk 0:09:58] } 3. e4 { [%clk 0:09:54] } 3... e5
{ [%clk 0:09:55] } 4. d5 { [%clk 0:09:47] } 4... Qh4 { [%clk 0:09:49] } 5. Nc3
{ [%clk 0:09:34] } 5... Bb4 { [%clk 0:09:47] } 6. Qf3 { [%clk 0:09:20] } 6...
Bxc3+ { [%clk 0:09:38] } 7. bxc3 { [%clk 0:09:20] } 7... Bg4 { [%clk 0:09:36] }
8. Qe3 { [%clk 0:09:09] } 8... Qf6 { [%clk 0:09:28] } 9. f3 { [%clk 0:09:00] }
9... Bh5 { [%clk 0:09:23] } 10. Bxc4 { [%clk 0:08:55] } 10... Ne7
{ [%clk 0:09:19] } 11. Qc5 { [%clk 0:08:07] } 11... c6 { [%clk 0:09:13] } 12.
Ba3 { [%clk 0:08:01] } 12... Nd7 { [%clk 0:09:07] } 13. Qb4 { [%clk 0:07:53] }
13... cxd5 { [%clk 0:08:50] } 14. Bb5 { [%clk 0:07:37] } 14... dxe4
{ [%clk 0:08:40] } 15. Rd1 { [%clk 0:07:34] } 15... O-O { [%clk 0:08:23] } 16.
Rxd7 { [%clk 0:07:15] } 16... exf3 { [%clk 0:08:21] } 17. gxf3
{ [%clk 0:06:22] } 17... Bxf3 { [%clk 0:08:18] } 18. Nxf3 { [%clk 0:06:21] }
18... Qxf3 { [%clk 0:08:17] } 19. Rf1 { [%clk 0:06:19] } 19... Qe3+
{ [%clk 0:08:11] } 20. Be2 { [%clk 0:06:16] } 20... Nc6 { [%clk 0:08:05] } 21.
Qxf8+ { [%clk 0:05:47] } 21... Rxf8 { [%clk 0:08:00] } 22. Bxf8
{ [%clk 0:05:44] } 22... Kxf8 { [%clk 0:07:58] } 23. Rfxf7+ { [%clk 0:05:43] }
23... Ke8 { [%clk 0:07:55] } 24. Rxb7 { [%clk 0:05:24] } 24... Qxc3+
{ [%clk 0:07:53] } 25. Kf2 { [%clk 0:05:22] } 25... Qd4+ { [%clk 0:07:46] } 26.
Ke1 { [%clk 0:05:18] } 26... Qg1+ { [%clk 0:07:29] } 27. Kd2 { [%clk 0:05:14] }
27... Qxh2 { [%clk 0:07:20] } 28. Rxg7 { [%clk 0:05:12] } 28... Qf4+
{ [%clk 0:07:10] } 29. Ke1 { [%clk 0:05:08] } 29... Qc1+ { [%clk 0:07:02] } 30.
Kf2 { [%clk 0:05:07] } 30... Qc5+ { [%clk 0:06:57] } 31. Ke1 { [%clk 0:04:56] }
31... Qg1+ { [%clk 0:06:53] } 32. Kd2 { [%clk 0:04:53] } 32... Qd4+
{ [%clk 0:06:46] } 33. Ke1 { [%clk 0:04:50] } 33... Qa1+ { [%clk 0:06:43] } 34.
Kf2 { [%clk 0:04:48] } 34... Qd4+ { [%clk 0:06:40] } 35. Ke1 { [%clk 0:04:36] }
35... Qh4+ { [%clk 0:06:33] } 36. Kd1 { [%clk 0:04:30] } 36... Qa4+
{ [%clk 0:06:29] } 37. Ke1 { [%clk 0:04:19] } 37... Qa5+ { [%clk 0:06:24] } 38.
Kf1 { [%clk 0:04:15] } 38... Qd5 { [%clk 0:06:14] } 39. Rxh7 { [%clk 0:03:59] }
39... Qg8 { [%clk 0:05:58] } 40. Bb5 { [%clk 0:03:42] } 40... Qf8+
{ [%clk 0:05:51] } 41. Ke2 { [%clk 0:03:17] } 41... Kd8 { [%clk 0:05:28] } 42.
Rhd7+ { [%clk 0:03:05] } 42... Ke8 { [%clk 0:05:21] } 43. Bxc6
{ [%clk 0:03:03] } 43... Qb4 { [%clk 0:04:52] } 44. Rxb4 { [%clk 0:02:56] } 1-0"
Rated Rapid game,https://lichess.org/yyEHvA6c,2024.08.01,-,vickmod,MikachevMA,0-1,2024.08.01,08:42:52,1617,1614,,,A10,English Opening: Anglo-Scandinavian Defense,600+0,Normal,"1. c4 { [%clk 0:10:00] } 1... d5 { [%clk 0:10:00] } 2. Nc3 { [%clk 0:10:00] }
2... d4 { [%clk 0:09:59] } 3. Nb5 { [%clk 0:09:57] } 3... a6 { [%clk 0:09:57] }
4. Nxd4 { [%clk 0:09:55] } 4... Qxd4 { [%clk 0:09:56] } 5. e3
{ [%clk 0:09:54] } 5... Qd8 { [%clk 0:09:54] } 6. Ne2 { [%clk 0:09:52] } 6...
e5 { [%clk 0:09:53] } 7. Qa4+ { [%clk 0:09:50] } 7... Bd7 { [%clk 0:09:50] } 8.
Qb3 { [%clk 0:09:49] } 8... Be6 { [%clk 0:09:48] } 9. Qxb7 { [%clk 0:09:46] }
9... Nd7 { [%clk 0:09:39] } 10. b3 { [%clk 0:09:41] } 10... Rb8
{ [%clk 0:09:32] } 11. Qxa6 { [%clk 0:09:39] } 11... Nc5 { [%clk 0:09:31] } 12.
Qc6+ { [%clk 0:09:36] } 12... Nd7 { [%clk 0:09:30] } 13. g3 { [%clk 0:09:32] }
13... Rb6 { [%clk 0:09:29] } 14. Qf3 { [%clk 0:09:30] } 14... Ngf6
{ [%clk 0:09:25] } 15. h3 { [%clk 0:09:28] } 15... e4 { [%clk 0:09:24] } 16.
Qg2 { [%clk 0:09:11] } 16... h6 { [%clk 0:09:22] } 17. f3 { [%clk 0:09:09] }
17... Ne5 { [%clk 0:09:15] } 18. fxe4 { [%clk 0:09:06] } 18... Nd3+
{ [%clk 0:09:14] } 19. Kd1 { [%clk 0:09:03] } 19... Bc5 { [%clk 0:09:04] } 20.
Nd4 { [%clk 0:09:02] } 20... Bxd4 { [%clk 0:08:59] } 21. exd4
{ [%clk 0:09:01] } 21... Qxd4 { [%clk 0:08:58] } 22. Rb1 { [%clk 0:08:59] }
22... Nf2+ { [%clk 0:08:53] } 23. Ke2 { [%clk 0:08:54] } 23... Nxh1
{ [%clk 0:08:50] } 24. Qxh1 { [%clk 0:08:54] } 24... Nxe4 { [%clk 0:08:46] }
25. d3 { [%clk 0:08:52] } 25... Nxg3+ { [%clk 0:08:44] } 0-1"
Rated Rapid tournament https://lichess.org/tournament/pas468Wf,https://lichess.org/dzDG6GzX,2024.08.01,-,Nyamkaa,Pskov-Rulit,0-1,2024.08.01,08:42:53,1838,2304,,,C24,Bishop's Opening: Vienna Hybrid,600+0,Normal,"1. e4 { [%clk 0:05:00] } 1... e5 { [%clk 0:05:00] } 2. Bc4 { [%clk 0:04:58] }
2... Nf6 { [%clk 0:04:59] } 3. Nc3 { [%clk 0:04:56] } 3... Nc6
{ [%clk 0:04:57] } 4. d3 { [%clk 0:04:55] } 4... Na5 { [%clk 0:04:55] } 5. Bg5
{ [%clk 0:04:53] } 5... Nxc4 { [%clk 0:04:54] } 6. dxc4 { [%clk 0:04:53] } 6...
Bb4 { [%clk 0:04:53] } 7. Bxf6 { [%clk 0:04:51] } 7... Qxf6 { [%clk 0:04:52] }
8. Qf3 { [%clk 0:04:50] } 8... Qxf3 { [%clk 0:04:46] } 9. Nxf3
{ [%clk 0:04:50] } 9... Bxc3+ { [%clk 0:04:45] } 10. bxc3 { [%clk 0:04:49] }
10... d6 { [%clk 0:04:44] } 11. h3 { [%clk 0:04:48] } 11... b6
{ [%clk 0:04:42] } 12. O-O { [%clk 0:04:40] } 12... Be6 { [%clk 0:04:40] } 13.
Nd2 { [%clk 0:04:35] } 13... Kd7 { [%clk 0:04:36] } 14. f4 { [%clk 0:04:34] }
14... f6 { [%clk 0:04:34] } 15. fxe5 { [%clk 0:04:30] } 15... fxe5
{ [%clk 0:04:33] } 16. Rf3 { [%clk 0:04:27] } 16... Raf8 { [%clk 0:04:31] } 17.
Raf1 { [%clk 0:04:26] } 17... Ke7 { [%clk 0:04:30] } 18. Rxf8
{ [%clk 0:04:24] } 18... Rxf8 { [%clk 0:04:29] } 19. Rxf8 { [%clk 0:04:23] }
19... Kxf8 { [%clk 0:04:29] } 20. Kf2 { [%clk 0:04:23] } 20... Ke7
{ [%clk 0:04:28] } 21. Ke3 { [%clk 0:04:22] } 21... Kd7 { [%clk 0:04:27] } 22.
Kd3 { [%clk 0:04:21] } 22... Kc6 { [%clk 0:04:27] } 23. Nb3 { [%clk 0:04:12] }
23... Kd7 { [%clk 0:04:11] } 24. Nd2 { [%clk 0:04:09] } 24... Ke7
{ [%clk 0:04:09] } 25. a4 { [%clk 0:04:05] } 25... a5 { [%clk 0:04:07] } 26.
Nf3 { [%clk 0:03:58] } 26... Bd7 { [%clk 0:04:03] } 27. Ng5 { [%clk 0:03:46] }
27... h6 { [%clk 0:04:00] } 28. Nf3 { [%clk 0:03:42] } 28... Bxa4
{ [%clk 0:03:59] } 29. g4 { [%clk 0:03:41] } 29... Bd7 { [%clk 0:03:51] } 30.
g5 { [%clk 0:03:40] } 30... Bxh3 { [%clk 0:03:48] } 31. gxh6 { [%clk 0:03:39] }
31... gxh6 { [%clk 0:03:48] } 32. Nh4 { [%clk 0:03:37] } 32... Kf6
{ [%clk 0:03:46] } 0-1"
Rated Rapid tournament https://lichess.org/tournament/pas468Wf,https://lichess.org/CYMSGMmx,2024.08.01,-,tsogtgerel,Baadbaatar,1-0,2024.08.01,08:42:53,2194,1758,,,D31,Queen's Gambit Declined: Queen's Knight Variation,600+0,Normal,"1. d4 { [%clk 0:05:00] } 1... d5 { [%clk 0:10:00] } 2. c4 { [%clk 0:04:58] }
2... e6 { [%clk 0:09:59] } 3. Nc3 { [%clk 0:04:57] } 3... Bb4
{ [%clk 0:09:57] } 4. Qb3 { [%clk 0:04:55] } 4... Bxc3+ { [%clk 0:09:51] } 5.
bxc3 { [%clk 0:04:53] } 5... dxc4 { [%clk 0:09:47] } 6. Qxc4 { [%clk 0:04:52] }
6... Nf6 { [%clk 0:09:38] } 7. Ba3 { [%clk 0:04:48] } 7... Nc6
{ [%clk 0:09:23] } 8. e3 { [%clk 0:04:43] } 8... Qd5 { [%clk 0:09:16] } 9. Qd3
{ [%clk 0:04:41] } 9... Qa5 { [%clk 0:08:44] } 10. Bb2 { [%clk 0:04:38] } 10...
O-O { [%clk 0:08:35] } 11. Nf3 { [%clk 0:04:36] } 11... Rd8 { [%clk 0:08:20] }
12. Qc2 { [%clk 0:04:32] } 12... b6 { [%clk 0:05:39] } 13. Bd3
{ [%clk 0:04:26] } 13... Ba6 { [%clk 0:05:28] } 14. O-O { [%clk 0:04:23] }
14... Bxd3 { [%clk 0:05:13] } 15. Qxd3 { [%clk 0:04:21] } 15... Qh5
{ [%clk 0:05:10] } 16. e4 { [%clk 0:04:14] } 16... Ng4 { [%clk 0:04:50] } 17.
h3 { [%clk 0:04:09] } 17... Nge5 { [%clk 0:04:33] } 18. Nxe5 { [%clk 0:04:06] }
18... Nxe5 { [%clk 0:04:30] } 19. Qg3 { [%clk 0:04:01] } 19... Nc4
{ [%clk 0:04:05] } 20. Bc1 { [%clk 0:03:58] } 20... c5 { [%clk 0:03:49] } 21.
dxc5 { [%clk 0:03:48] } 21... Rd1 { [%clk 0:03:43] } 22. Rxd1
{ [%clk 0:03:25] } 22... Qxd1+ { [%clk 0:03:41] } 23. Kh2 { [%clk 0:03:24] }
23... Nd2 { [%clk 0:03:27] } 24. Bxd2 { [%clk 0:03:13] } 24... Qxa1
{ [%clk 0:03:16] } 25. c6 { [%clk 0:03:10] } 25... Qxa2 { [%clk 0:03:07] } 26.
Bh6 { [%clk 0:03:08] } 26... g6 { [%clk 0:03:05] } 27. Qe5 { [%clk 0:03:04] }
1-0"
Rated Rapid game,https://lichess.org/5jWkhx5q,2024.08.01,-,xelil969,Rayoh_Bee,1-0,2024.08.01,08:42:54,1627,1684,,,C40,King's Pawn Game: Busch-Gass Gambit,600+0,Normal,"1. e4 { [%clk 0:10:00] } 1... e5 { [%clk 0:10:00] } 2. Nf3 { [%clk 0:09:58] }
2... Bc5 { [%clk 0:09:59] } 3. Nc3 { [%clk 0:09:35] } 3... Nf6
{ [%clk 0:09:57] } 4. Bc4 { [%clk 0:09:21] } 4... O-O { [%clk 0:09:56] } 5. d3
{ [%clk 0:09:20] } 5... d6 { [%clk 0:09:52] } 6. Bg5 { [%clk 0:09:06] } 6... h6
{ [%clk 0:09:41] } 7. Bh4 { [%clk 0:09:03] } 7... Re8 { [%clk 0:09:39] } 8. O-O
{ [%clk 0:08:46] } 8... c6 { [%clk 0:09:37] } 9. a3 { [%clk 0:08:35] } 9... a6
{ [%clk 0:09:34] } 10. b4 { [%clk 0:08:33] } 10... Ba7 { [%clk 0:09:33] } 11.
Re1 { [%clk 0:08:28] } 11... Be6 { [%clk 0:09:31] } 12. Bxe6 { [%clk 0:08:11] }
12... Rxe6 { [%clk 0:09:30] } 13. d4 { [%clk 0:08:07] } 13... Nbd7
{ [%clk 0:09:26] } 14. d5 { [%clk 0:08:05] } 14... cxd5 { [%clk 0:09:23] } 15.
exd5 { [%clk 0:07:56] } 15... Re8 { [%clk 0:09:19] } 16. Ne4 { [%clk 0:07:50] }
16... Kf8 { [%clk 0:09:07] } 17. Bxf6 { [%clk 0:07:39] } 17... Nxf6
{ [%clk 0:09:05] } 18. Nh4 { [%clk 0:07:27] } 18... Nxe4 { [%clk 0:08:55] } 19.
Rxe4 { [%clk 0:07:25] } 19... Qf6 { [%clk 0:08:48] } 20. Nf3 { [%clk 0:07:09] }
20... Rac8 { [%clk 0:08:32] } 21. Rc1 { [%clk 0:07:03] } 21... Rc4
{ [%clk 0:08:26] } 22. Rxc4 { [%clk 0:06:58] } 22... e4 { [%clk 0:08:15] } 23.
Nd4 { [%clk 0:06:37] } 23... b6 { [%clk 0:07:58] } 24. Nc6 { [%clk 0:06:28] }
24... b5 { [%clk 0:07:48] } 25. Nxa7 { [%clk 0:06:09] } 25... bxc4
{ [%clk 0:07:45] } 26. Nc6 { [%clk 0:06:06] } 26... Qb2 { [%clk 0:07:18] } 27.
Ra1 { [%clk 0:05:45] } 27... Qc3 { [%clk 0:07:02] } 28. Nd4 { [%clk 0:05:21] }
28... e3 { [%clk 0:06:58] } 29. f3 { [%clk 0:05:16] } 29... e2
{ [%clk 0:06:47] } 30. Nxe2 { [%clk 0:04:30] } 30... Qe3+ { [%clk 0:06:44] }
31. Kf1 { [%clk 0:04:28] } 31... f5 { [%clk 0:06:30] } 32. Ng3
{ [%clk 0:03:52] } 32... f4 { [%clk 0:06:22] } 33. Ne4 { [%clk 0:03:41] } 33...
Qb6 { [%clk 0:06:03] } 34. c3 { [%clk 0:03:35] } 34... g5 { [%clk 0:05:56] }
35. Qd4 { [%clk 0:03:32] } 35... Qxd4 { [%clk 0:05:33] } 36. cxd4
{ [%clk 0:03:30] } 36... Ke7 { [%clk 0:05:31] } 37. Rc1 { [%clk 0:03:23] }
37... Rc8 { [%clk 0:05:28] } 38. Ke2 { [%clk 0:03:21] } 38... a5
{ [%clk 0:05:03] } 39. Kd2 { [%clk 0:03:09] } 39... axb4 { [%clk 0:04:58] } 40.
axb4 { [%clk 0:03:07] } 40... Ra8 { [%clk 0:04:44] } 41. Nc3 { [%clk 0:02:54] }
41... Rb8 { [%clk 0:04:33] } 42. b5 { [%clk 0:02:49] } 42... h5
{ [%clk 0:04:18] } 43. g3 { [%clk 0:02:44] } 43... fxg3 { [%clk 0:04:09] } 44.
hxg3 { [%clk 0:02:42] } 44... Rf8 { [%clk 0:04:07] } 45. Rf1 { [%clk 0:02:38] }
45... g4 { [%clk 0:04:04] } 46. f4 { [%clk 0:02:36] } 46... Kf6
{ [%clk 0:03:46] } 47. Ne4+ { [%clk 0:02:30] } 47... Ke7 { [%clk 0:03:40] } 48.
Kc3 { [%clk 0:02:24] } 48... Rc8 { [%clk 0:03:31] } 49. Ra1 { [%clk 0:02:18] }
49... Kd7 { [%clk 0:03:23] } 50. Ra4 { [%clk 0:02:14] } 50... Re8
{ [%clk 0:03:20] } 51. Nf6+ { [%clk 0:02:10] } 1-0"
Rated Rapid game,https://lichess.org/iJcHDNDE,2024.08.01,-,maninder1994,Paniko_29,1-0,2024.08.01,08:42:54,679,659,,,A00,Ware Opening,600+0,Normal,"1. a4 { [%eval -0.23] [%clk 0:10:00] } 1... b6 { [%eval 0.09] [%clk 0:10:00] }
2. Ra3 $6 { [%eval -0.62] [%clk 0:09:59] } 2... Ba6
{ [%eval -0.26] [%clk 0:09:55] } 3. Nf3 { [%eval -0.38] [%clk 0:09:56] } 3...
e6 { [%eval -0.2] [%clk 0:09:51] } 4. Nc3 $2 { [%eval -2.8] [%clk 0:09:51] }
4... Bxa3 { [%eval -2.84] [%clk 0:09:44] } 5. bxa3
{ [%eval -2.74] [%clk 0:09:49] } 5... Nf6 { [%eval -2.79] [%clk 0:09:27] } 6.
Nd4 $6 { [%eval -3.54] [%clk 0:09:41] } 6... O-O
{ [%eval -3.59] [%clk 0:09:22] } 7. f3 { [%eval -4.26] [%clk 0:09:33] } 7...
Nd5 $2 { [%eval -2.94] [%clk 0:09:15] } 8. g3 $2
{ [%eval -3.97] [%clk 0:09:24] } 8... Nxc3 { [%eval -3.78] [%clk 0:09:13] } 9.
dxc3 { [%eval -3.85] [%clk 0:09:20] } 9... e5 { [%eval -3.44] [%clk 0:09:01] }
10. Nf5 { [%eval -3.33] [%clk 0:09:14] } 10... Re8
{ [%eval -3.1] [%clk 0:08:56] } 11. h4 { [%eval -2.96] [%clk 0:09:08] } 11...
e4 $2 { [%eval -0.59] [%clk 0:08:44] } 12. Bg5 { [%eval -0.61] [%clk 0:08:57] }
12... f6 { [%eval -0.81] [%clk 0:08:42] } 13. Bf4 $2
{ [%eval -2.32] [%clk 0:08:42] } 13... e3 $4 { [%eval 4.09] [%clk 0:08:30] }
14. Bxe3 $4 { [%eval -2.16] [%clk 0:08:36] } 14... Rxe3 $2
{ [%eval 0.72] [%clk 0:08:27] } 15. Nxe3 { [%eval 0.55] [%clk 0:08:30] } 15...
Qe8 $4 { [%eval 5.96] [%clk 0:08:26] } 16. Qd5+ { [%eval 5.96] [%clk 0:08:14] }
16... Kf8 { [%eval 5.96] [%clk 0:08:17] } 17. Qxa8
{ [%eval 5.88] [%clk 0:08:12] } 17... Qxe3 { [%eval 5.91] [%clk 0:08:15] } 18.
Qxb8+ { [%eval 5.89] [%clk 0:08:05] } 18... Ke7 { [%eval 5.81] [%clk 0:08:13] }
19. Qxc7 { [%eval 5.42] [%clk 0:07:56] } 19... Qc1+
{ [%eval 6.41] [%clk 0:08:11] } 20. Kf2 { [%eval 6.43] [%clk 0:07:51] } 20...
Qxc2 { [%eval 6.94] [%clk 0:08:06] } 21. Qxa7 { [%eval 7.07] [%clk 0:07:40] }
21... Bc4 { [%eval 7.18] [%clk 0:07:54] } 22. Qxb6
{ [%eval 7.24] [%clk 0:07:31] } 22... Qxc3 { [%eval 7.96] [%clk 0:07:41] } 23.
Qb1 { [%eval 6.56] [%clk 0:07:06] } 23... h5 { [%eval 7.84] [%clk 0:07:37] }
24. Bg2 $2 { [%eval 4.98] [%clk 0:06:58] } 24... f5 $4
{ [%eval 8.04] [%clk 0:07:34] } 25. Rc1 { [%eval 7.34] [%clk 0:06:55] } 25...
Qxc1 { [%eval 9.62] [%clk 0:07:19] } 26. Qxc1 { [%eval 9.36] [%clk 0:06:54] }
26... Bd5 { [%eval 10.1] [%clk 0:07:14] } 27. a5
{ [%eval 10.02] [%clk 0:06:49] } 27... Bb7 { [%eval 10.09] [%clk 0:07:06] } 28.
Qc5+ { [%eval 10.01] [%clk 0:06:40] } 28... Ke6
{ [%eval 10.11] [%clk 0:07:04] } 29. Qb6+ { [%eval 10.78] [%clk 0:06:36] }
29... Bc6 { [%eval 70.63] [%clk 0:07:01] } 30. f4
{ [%eval 10.21] [%clk 0:06:28] } 30... g6 $6 { [%eval #9] [%clk 0:06:34] } 31.
Bxc6 { [%eval 11.16] [%clk 0:06:17] } 31... Kd6 $6
{ [%eval #6] [%clk 0:06:29] } 32. Qb5 { [%eval #6] [%clk 0:06:04] } 32... dxc6
{ [%eval #6] [%clk 0:06:25] } 33. Qb6 { [%eval #6] [%clk 0:05:59] } 33... g5
{ [%eval #6] [%clk 0:06:21] } 34. hxg5 { [%eval #7] [%clk 0:05:56] } 34... h4
{ [%eval #6] [%clk 0:06:17] } 35. gxh4 { [%eval #6] [%clk 0:05:55] } 35... Kd7
{ [%eval #5] [%clk 0:06:06] } 36. g6 { [%eval #4] [%clk 0:05:53] } 36... Ke8
{ [%eval #3] [%clk 0:06:04] } 37. g7 { [%eval #5] [%clk 0:05:52] } 37... Kf7
{ [%eval #5] [%clk 0:06:03] } 38. Qb7+ { [%eval #4] [%clk 0:05:47] } 38... Kg8
{ [%eval #4] [%clk 0:05:57] } 39. a6 { [%eval #4] [%clk 0:05:33] } 39... Kh7
{ [%eval #3] [%clk 0:05:49] } 40. a7 { [%eval #3] [%clk 0:05:31] } 40... c5
{ [%eval #2] [%clk 0:05:45] } 41. a8=Q { [%eval #2] [%clk 0:05:28] } 41... c4
{ [%eval #2] [%clk 0:05:44] } 42. Qc7 { [%eval #2] [%clk 0:05:23] } 42... c3
{ [%eval #2] [%clk 0:05:41] } 43. Qxc3 { [%eval #2] [%clk 0:05:22] } 43... Kg6
{ [%eval #2] [%clk 0:05:38] } 44. Qe8+ { [%eval #2] [%clk 0:05:18] } 44... Kh6
{ [%eval #2] [%clk 0:05:30] } 45. Qf6+ { [%eval #1] [%clk 0:05:09] } 45... Kh7
{ [%eval #1] [%clk 0:05:27] } 46. g8=Q# { [%clk 0:05:04] } 1-0"
Rated Rapid game,https://lichess.org/SDBlgMkY,2024.08.01,-,valera1155pro,Kumarmanglam118,0-1,2024.08.01,08:42:54,2292,2423,,,C44,Scotch Game: Benima Defense,600+0,Normal,"1. e4 { [%clk 0:10:00] } 1... e5 { [%clk 0:10:00] } 2. Nf3 { [%clk 0:09:58] }
2... Nc6 { [%clk 0:09:54] } 3. d4 { [%clk 0:09:58] } 3... exd4
{ [%clk 0:09:52] } 4. Bc4 { [%clk 0:09:57] } 4... Be7 { [%clk 0:09:51] } 5. c3
{ [%clk 0:09:56] } 5... d3 { [%clk 0:09:46] } 6. Qb3 { [%clk 0:09:53] } 6...
Na5 { [%clk 0:09:45] } 7. Bxf7+ { [%clk 0:09:51] } 7... Kf8 { [%clk 0:09:45] }
8. Qa4 { [%clk 0:09:45] } 8... Kxf7 { [%clk 0:09:43] } 9. Qxa5
{ [%clk 0:09:43] } 9... d6 { [%clk 0:09:29] } 10. Qd5+ { [%clk 0:09:40] } 10...
Be6 { [%clk 0:09:19] } 11. Qxd3 { [%clk 0:09:38] } 11... h6 { [%clk 0:09:16] }
12. O-O { [%clk 0:09:37] } 12... Nf6 { [%clk 0:09:13] } 13. e5
{ [%clk 0:09:33] } 13... Ng4 { [%clk 0:09:06] } 14. exd6 { [%clk 0:09:28] }
14... Bxd6 { [%clk 0:09:03] } 15. Qb5 { [%clk 0:09:22] } 15... Rb8
{ [%clk 0:08:53] } 16. Be3 { [%clk 0:09:18] } 16... a6 { [%clk 0:08:50] } 17.
Qe2 { [%clk 0:09:15] } 17... Re8 { [%clk 0:08:45] } 18. h3 { [%clk 0:09:13] }
18... Nxe3 { [%clk 0:08:43] } 19. fxe3 { [%clk 0:09:10] } 19... Kg8
{ [%clk 0:08:42] } 20. Nbd2 { [%clk 0:09:07] } 20... c5 { [%clk 0:08:29] } 21.
e4 { [%clk 0:09:01] } 21... Bf4 { [%clk 0:07:31] } 22. Nc4 { [%clk 0:08:49] }
22... b5 { [%clk 0:07:20] } 23. Ne3 { [%clk 0:08:44] } 23... Qb6
{ [%clk 0:07:15] } 24. Nh4 { [%clk 0:08:29] } 24... Bg5 { [%clk 0:07:07] } 25.
Nf3 { [%clk 0:08:16] } 25... Bf4 { [%clk 0:07:00] } 26. Nh4 { [%clk 0:08:12] }
26... Bc7 { [%clk 0:06:55] } 27. Nhf5 { [%clk 0:08:00] } 27... Kh7
{ [%clk 0:06:00] } 28. Qg4 { [%clk 0:07:55] } 28... Be5 { [%clk 0:05:57] } 29.
Nd5 { [%clk 0:07:51] } 29... Qa7 { [%clk 0:05:16] } 30. c4 { [%clk 0:07:13] }
30... g6 { [%clk 0:05:06] } 31. Qh4 { [%clk 0:07:01] } 31... gxf5
{ [%clk 0:05:01] } 32. Rxf5 { [%clk 0:06:47] } 32... Bxf5 { [%clk 0:04:54] }
33. exf5 { [%clk 0:06:46] } 33... bxc4 { [%clk 0:04:47] } 34. f6
{ [%clk 0:06:43] } 34... Bd4+ { [%clk 0:04:37] } 35. Kh2 { [%clk 0:06:33] }
35... Qf7 { [%clk 0:04:33] } 36. Nf4 { [%clk 0:06:13] } 36... Qxf6
{ [%clk 0:04:28] } 37. Qg4 { [%clk 0:06:03] } 37... Be5 { [%clk 0:04:24] } 38.
g3 { [%clk 0:06:01] } 38... Bxf4 { [%clk 0:04:22] } 39. gxf4 { [%clk 0:06:00] }
39... Rxb2+ { [%clk 0:04:21] } 40. Kg3 { [%clk 0:05:58] } 40... Rg8
{ [%clk 0:04:19] } 0-1"
Rated Rapid game,https://lichess.org/qG2xMyVW,2024.08.01,-,schlati,Abdallah81,0-1,2024.08.01,08:42:54,1556,1640,,,C51,"Italian Game: Evans Gambit, McDonnell Defense",600+0,Normal,"1. e4 { [%clk 0:10:00] } 1... e5 { [%clk 0:10:00] } 2. Nf3 { [%clk 0:09:59] }
2... Nc6 { [%clk 0:09:59] } 3. Bc4 { [%clk 0:09:59] } 3... Bc5
{ [%clk 0:09:59] } 4. b4 { [%clk 0:09:57] } 4... Bxb4 { [%clk 0:09:54] } 5. c3
{ [%clk 0:09:31] } 5... Bc5 { [%clk 0:09:52] } 6. d4 { [%clk 0:09:30] } 6...
exd4 { [%clk 0:09:52] } 7. cxd4 { [%clk 0:09:30] } 7... Bb4+ { [%clk 0:09:51] }
8. Nbd2 { [%clk 0:09:29] } 8... Nf6 { [%clk 0:09:45] } 9. O-O
{ [%clk 0:09:24] } 9... Bxd2 { [%clk 0:09:33] } 10. Bxd2 { [%clk 0:09:14] }
10... Nxe4 { [%clk 0:09:30] } 11. Re1 { [%clk 0:09:12] } 11... d5
{ [%clk 0:09:20] } 12. Bf1 { [%clk 0:08:59] } 12... O-O { [%clk 0:09:18] } 13.
Bf4 { [%clk 0:08:52] } 13... Bg4 { [%clk 0:09:13] } 14. h3 { [%clk 0:08:49] }
14... Bxf3 { [%clk 0:08:56] } 15. Qxf3 { [%clk 0:08:31] } 15... Nxd4
{ [%clk 0:08:53] } 16. Qg4 { [%clk 0:08:18] } 16... Nc2 { [%clk 0:08:44] } 17.
Bh6 { [%clk 0:08:15] } 17... Qf6 { [%clk 0:08:23] } 18. Rxe4 { [%clk 0:08:10] }
18... Nxa1 { [%clk 0:07:49] } 19. Bxg7 { [%clk 0:08:06] } 19... Qxg7
{ [%clk 0:07:44] } 20. Qxg7+ { [%clk 0:08:00] } 20... Kxg7 { [%clk 0:07:43] }
0-1"
Rated Rapid game,https://lichess.org/8REQ8kfO,2024.08.01,-,Joerg_Peter22,abobus1234,1-0,2024.08.01,08:42:54,1137,1115,,,B00,"Nimzowitsch Defense: Kennedy Variation, Linksspringer Variation",600+0,Normal,"1. e4 { [%clk 0:10:00] } 1... e5 { [%clk 0:10:00] } 2. d4 { [%clk 0:09:58] }
2... Nc6 { [%clk 0:09:50] } 3. d5 { [%clk 0:09:53] } 3... Nd4
{ [%clk 0:09:47] } 4. c3 { [%clk 0:09:49] } 4... c5 { [%clk 0:09:33] } 5. cxd4
{ [%clk 0:09:48] } 5... cxd4 { [%clk 0:09:32] } 6. Nf3 { [%clk 0:09:39] } 6...
d6 { [%clk 0:09:25] } 7. Bb5+ { [%clk 0:09:33] } 7... Bd7 { [%clk 0:09:23] } 8.
Bxd7+ { [%clk 0:09:32] } 8... Qxd7 { [%clk 0:09:22] } 9. O-O { [%clk 0:09:32] }
9... O-O-O { [%clk 0:09:20] } 10. Qc2+ { [%clk 0:09:29] } 10... Kb8
{ [%clk 0:09:18] } 11. Bd2 { [%clk 0:09:25] } 11... Qb5 { [%clk 0:09:08] } 12.
Na3 { [%clk 0:09:19] } 12... Rc8 { [%clk 0:08:48] } 13. Nxb5 { [%clk 0:09:07] }
13... Rxc2 { [%clk 0:08:46] } 14. Bb4 { [%clk 0:08:39] } 14... Rxb2
{ [%clk 0:08:43] } 15. a3 { [%clk 0:08:30] } 15... Be7 { [%clk 0:08:33] } 16.
Rac1 { [%clk 0:08:25] } 16... g5 { [%clk 0:08:24] } 17. Ne1 { [%clk 0:08:18] }
17... g4 { [%clk 0:08:20] } 18. Nd3 { [%clk 0:08:14] } 18... Re2
{ [%clk 0:08:09] } 19. Rfe1 { [%clk 0:08:04] } 19... Rxe1+ { [%clk 0:08:05] }
20. Rxe1 { [%clk 0:08:00] } 20... Nf6 { [%clk 0:07:59] } 21. Nxd6
{ [%clk 0:07:58] } 21... Bxd6 { [%clk 0:07:55] } 22. Bxd6+ { [%clk 0:07:57] }
22... Ka8 { [%clk 0:07:53] } 23. Bxe5 { [%clk 0:07:56] } 23... Rc8
{ [%clk 0:07:45] } 24. Bxf6 { [%clk 0:07:54] } 24... Rc3 { [%clk 0:07:43] } 25.
Nf4 { [%clk 0:07:38] } 25... Rxa3 { [%clk 0:07:39] } 26. Bxd4
{ [%clk 0:07:36] } 26... Ra4 { [%clk 0:07:37] } 27. Rc1 { [%clk 0:07:23] }
27... b6 { [%clk 0:07:32] } 28. Rd1 { [%clk 0:07:01] } 28... f5
{ [%clk 0:07:26] } 29. e5 { [%clk 0:06:53] } 29... Ra5 { [%clk 0:07:18] } 30.
d6 { [%clk 0:06:50] } 30... Kb7 { [%clk 0:07:13] } 31. d7 { [%clk 0:06:46] }
31... Kc7 { [%clk 0:07:12] } 32. Bc3 { [%clk 0:06:44] } 32... Kd8
{ [%clk 0:07:09] } 33. Ne6+ { [%clk 0:06:42] } 33... Ke7 { [%clk 0:07:02] } 34.
d8=Q+ { [%clk 0:06:40] } 34... Kxe6 { [%clk 0:07:01] } 35. Qd6+
{ [%clk 0:06:38] } 35... Kf7 { [%clk 0:07:00] } 36. Qf6+ { [%clk 0:06:33] }
36... Ke8 { [%clk 0:06:55] } 37. Bxa5 { [%clk 0:06:32] } 37... bxa5
{ [%clk 0:06:53] } 38. Ra1 { [%clk 0:06:30] } 38... h5 { [%clk 0:06:49] } 39.
Rxa5 { [%clk 0:06:29] } 39... f4 { [%clk 0:06:46] } 40. Rxa7 { [%clk 0:06:27] }
40... f3 { [%clk 0:06:44] } 41. Qh8# { [%clk 0:06:26] } 1-0"
Rated Rapid game,https://lichess.org/qqRN7i4T,2024.08.01,-,jayquimson,Sergei_bn800Nikolaev,1-0,2024.08.01,08:42:54,2172,2066,,,A16,"English Opening: Anglo-Indian Defense, Queen's Knight Variation",600+0,Normal,"1. c4 { [%eval 0.12] [%clk 0:10:00] } 1... Nf6 { [%eval 0.21] [%clk 0:10:00] }
2. Nc3 { [%eval 0.08] [%clk 0:09:59] } 2... g6 { [%eval 0.43] [%clk 0:09:58] }
3. g3 { [%eval 0.21] [%clk 0:09:57] } 3... Bg7 { [%eval 0.22] [%clk 0:09:57] }
4. Bg2 { [%eval 0.12] [%clk 0:09:56] } 4... O-O { [%eval 0.3] [%clk 0:09:55] }
5. Nf3 { [%eval 0.21] [%clk 0:09:55] } 5... c6 { [%eval 0.3] [%clk 0:09:54] }
6. O-O { [%eval 0.21] [%clk 0:09:53] } 6... d6 { [%eval 0.37] [%clk 0:09:49] }
7. d4 { [%eval 0.39] [%clk 0:09:50] } 7... Qc7 { [%eval 0.73] [%clk 0:09:45] }
8. Bg5 { [%eval 0.57] [%clk 0:09:37] } 8... Nbd7 { [%eval 0.6] [%clk 0:09:16] }
9. Rc1 { [%eval 0.47] [%clk 0:09:34] } 9... a6 { [%eval 0.83] [%clk 0:09:10] }
10. e4 { [%eval 0.76] [%clk 0:09:26] } 10... e5 { [%eval 0.76] [%clk 0:09:09] }
11. dxe5 { [%eval 0.4] [%clk 0:09:17] } 11... Nxe5
{ [%eval 0.43] [%clk 0:09:06] } 12. Nxe5 { [%eval 0.42] [%clk 0:09:11] } 12...
dxe5 { [%eval 0.41] [%clk 0:09:05] } 13. c5 $6 { [%eval -0.19] [%clk 0:09:09] }
13... Be6 { [%eval -0.12] [%clk 0:08:58] } 14. Qd2
{ [%eval -0.41] [%clk 0:09:05] } 14... Nd7 { [%eval 0.11] [%clk 0:08:53] } 15.
Qd6 { [%eval -0.07] [%clk 0:08:59] } 15... Qa5 { [%eval 0.07] [%clk 0:08:30] }
16. a3 $2 { [%eval -1.0] [%clk 0:08:26] } 16... Qxc5
{ [%eval -0.93] [%clk 0:08:26] } 17. Qxc5 { [%eval -0.95] [%clk 0:08:19] }
17... Nxc5 { [%eval -1.0] [%clk 0:08:24] } 18. Be7
{ [%eval -1.08] [%clk 0:08:18] } 18... Nb3 { [%eval -1.0] [%clk 0:08:10] } 19.
Bxf8 { [%eval -0.98] [%clk 0:08:16] } 19... Nxc1 $4
{ [%eval 4.08] [%clk 0:07:56] } 20. Bxg7 { [%eval 4.14] [%clk 0:08:14] } 20...
Kxg7 { [%eval 3.91] [%clk 0:07:49] } 21. Rxc1 { [%eval 4.03] [%clk 0:08:11] }
1-0"
Rated Rapid game,https://lichess.org/uoCY3Z8h,2024.08.01,-,yedfa,Adewale75,1-0,2024.08.01,08:42:54,1996,1987,,,B12,Caro-Kann Defense: Maróczy Variation,600+0,Normal,"1. e4 { [%eval 0.15] [%clk 0:10:00] } 1... c6 { [%eval 0.26] [%clk 0:10:00] }
2. d4 { [%eval 0.28] [%clk 0:09:58] } 2... d5 { [%eval 0.3] [%clk 0:09:59] } 3.
f3 { [%eval 0.05] [%clk 0:09:58] } 3... a6 { [%eval 0.31] [%clk 0:09:58] } 4.
Bd3 { [%eval -0.12] [%clk 0:09:52] } 4... g6 { [%eval 0.41] [%clk 0:09:56] } 5.
Nc3 { [%eval 0.32] [%clk 0:09:38] } 5... Bg7 { [%eval 0.32] [%clk 0:09:51] } 6.
Nge2 { [%eval 0.32] [%clk 0:09:36] } 6... e6 { [%eval 0.79] [%clk 0:09:49] } 7.
O-O { [%eval 0.5] [%clk 0:09:34] } 7... Ne7 { [%eval 0.48] [%clk 0:09:47] } 8.
Be3 { [%eval 0.02] [%clk 0:09:27] } 8... O-O { [%eval 0.14] [%clk 0:09:46] } 9.
e5 { [%eval -0.18] [%clk 0:09:26] } 9... Nd7 $6 { [%eval 0.54] [%clk 0:09:40] }
10. f4 { [%eval 0.57] [%clk 0:09:25] } 10... b6 { [%eval 0.76] [%clk 0:09:35] }
11. g4 $2 { [%eval -1.05] [%clk 0:09:14] } 11... c5
{ [%eval -0.83] [%clk 0:09:34] } 12. Ng3 $6 { [%eval -1.4] [%clk 0:09:07] }
12... Qc7 $6 { [%eval -0.42] [%clk 0:09:27] } 13. Nce2 $6
{ [%eval -1.19] [%clk 0:08:58] } 13... cxd4 $2 { [%eval 0.78] [%clk 0:09:25] }
14. Nxd4 { [%eval 0.76] [%clk 0:08:53] } 14... Nc5
{ [%eval 0.73] [%clk 0:09:21] } 15. c3 { [%eval 0.35] [%clk 0:08:33] } 15...
Nxd3 { [%eval 0.55] [%clk 0:09:17] } 16. Qxd3 { [%eval 0.52] [%clk 0:08:33] }
16... Nc6 { [%eval 0.92] [%clk 0:09:16] } 17. Rf2
{ [%eval 0.57] [%clk 0:08:07] } 17... Nxd4 $6 { [%eval 1.36] [%clk 0:09:15] }
18. Bxd4 { [%eval 1.12] [%clk 0:08:05] } 18... a5
{ [%eval 1.68] [%clk 0:09:14] } 19. Qe3 { [%eval 1.22] [%clk 0:07:47] } 19...
Rb8 $2 { [%eval 2.9] [%clk 0:09:12] } 20. Raf1 $2
{ [%eval 1.14] [%clk 0:07:38] } 20... Ba6 { [%eval 1.28] [%clk 0:09:09] } 21.
Re1 { [%eval 1.13] [%clk 0:07:31] } 21... b5 $2 { [%eval 2.52] [%clk 0:09:05] }
22. a3 $2 { [%eval 1.3] [%clk 0:07:24] } 22... b4
{ [%eval 1.21] [%clk 0:09:02] } 23. axb4 { [%eval 1.33] [%clk 0:07:23] } 23...
axb4 { [%eval 1.05] [%clk 0:09:01] } 24. f5 { [%eval 1.33] [%clk 0:07:16] }
24... bxc3 $6 { [%eval 2.28] [%clk 0:08:59] } 25. bxc3 $6
{ [%eval 1.5] [%clk 0:07:15] } 25... Bc4 $2 { [%eval 3.58] [%clk 0:08:57] } 26.
f6 { [%eval 3.58] [%clk 0:06:43] } 26... Bh8 { [%eval 3.53] [%clk 0:08:55] }
27. Qh6 { [%eval 4.26] [%clk 0:06:42] } 27... Rb3
{ [%eval 4.85] [%clk 0:08:45] } 28. Ne2 $2 { [%eval 2.75] [%clk 0:05:45] }
28... Rfb8 $2 { [%eval 4.83] [%clk 0:08:39] } 29. Nf4 $2
{ [%eval 3.45] [%clk 0:05:27] } 29... Rb1 { [%eval 3.41] [%clk 0:08:33] } 30.
Rxb1 { [%eval 3.21] [%clk 0:05:17] } 30... Rxb1+
{ [%eval 3.26] [%clk 0:08:31] } 31. Kg2 { [%eval 3.41] [%clk 0:05:15] } 31...
Qb7 $2 { [%eval 5.78] [%clk 0:08:28] } 32. Nh3 { [%eval 6.23] [%clk 0:05:12] }
32... Rb2 $4 { [%eval #8] [%clk 0:08:23] } 33. Ng5
{ [%eval #7] [%clk 0:05:05] } 33... Rxf2+ { [%eval #7] [%clk 0:08:13] } 34.
Bxf2 { [%eval #6] [%clk 0:05:03] } 1-0"
Rated Rapid game,https://lichess.org/Zz8tYWuc,2024.08.01,-,EmreErdem0344,iliko9,1-0,2024.08.01,08:42:54,1831,1814,,,C41,Philidor Defense,600+0,Normal,"1. e4 { [%clk 0:10:00] } 1... e5 { [%clk 0:10:00] } 2. Nf3 { [%clk 0:09:59] }
2... d6 { [%clk 0:09:59] } 3. Bc4 { [%clk 0:09:58] } 3... h6 { [%clk 0:09:57] }
4. d4 { [%clk 0:09:56] } 4... exd4 { [%clk 0:09:56] } 5. Nxd4
{ [%clk 0:09:56] } 5... Be7 { [%clk 0:09:54] } 6. Nc3 { [%clk 0:09:50] } 6...
c6 { [%clk 0:09:53] } 7. O-O { [%clk 0:09:45] } 7... Nf6 { [%clk 0:09:51] } 8.
Qf3 { [%clk 0:09:36] } 8... O-O { [%clk 0:09:48] } 9. Qg3 { [%clk 0:09:32] }
9... Kh8 { [%clk 0:09:46] } 10. Nf5 { [%clk 0:09:11] } 10... Bxf5
{ [%clk 0:09:43] } 11. exf5 { [%clk 0:09:09] } 11... d5 { [%clk 0:09:42] } 12.
Bd3 { [%clk 0:09:07] } 12... Nbd7 { [%clk 0:09:41] } 13. Bf4 { [%clk 0:08:59] }
13... Nc5 { [%clk 0:09:39] } 14. Rad1 { [%clk 0:08:48] } 14... Nh5
{ [%clk 0:09:27] } 15. Qf3 { [%clk 0:08:38] } 15... Nxf4 { [%clk 0:09:26] } 16.
Qxf4 { [%clk 0:08:38] } 16... Bg5 { [%clk 0:09:24] } 17. Qf3 { [%clk 0:08:25] }
17... Qd6 { [%clk 0:09:15] } 18. h3 { [%clk 0:07:56] } 18... Rad8
{ [%clk 0:09:11] } 19. Rfe1 { [%clk 0:07:44] } 19... b5 { [%clk 0:09:05] } 20.
Bf1 { [%clk 0:07:37] } 20... b4 { [%clk 0:09:01] } 21. Ne2 { [%clk 0:07:29] }
21... Rfe8 { [%clk 0:08:44] } 22. Ng3 { [%clk 0:07:27] } 22... Rxe1
{ [%clk 0:08:42] } 23. Rxe1 { [%clk 0:07:27] } 23... a5 { [%clk 0:08:34] } 24.
Bd3 { [%clk 0:07:00] } 24... Rf8 { [%clk 0:08:02] } 25. Ne2 { [%clk 0:06:37] }
25... Nd7 { [%clk 0:07:27] } 26. Nd4 { [%clk 0:06:11] } 26... c5
{ [%clk 0:07:23] } 27. Nb3 { [%clk 0:06:07] } 27... c4 { [%clk 0:07:21] } 28.
Bxc4 { [%clk 0:06:01] } 28... dxc4 { [%clk 0:07:19] } 29. Rd1
{ [%clk 0:06:00] } 29... Qc7 { [%clk 0:07:13] } 30. Nxa5 { [%clk 0:05:54] }
30... Qxa5 { [%clk 0:07:07] } 31. Rxd7 { [%clk 0:05:48] } 31... Qxa2
{ [%clk 0:07:04] } 32. b3 { [%clk 0:05:42] } 32... Qxc2 { [%clk 0:07:01] } 33.
bxc4 { [%clk 0:05:38] } 33... Qxc4 { [%clk 0:07:00] } 34. Qb7
{ [%clk 0:05:32] } 34... Qc1+ { [%clk 0:06:56] } 35. Kh2 { [%clk 0:05:31] }
35... Bf4+ { [%clk 0:06:55] } 36. g3 { [%clk 0:05:30] } 36... Be5
{ [%clk 0:06:47] } 37. Qxb4 { [%clk 0:05:23] } 37... Qc2 { [%clk 0:06:15] } 38.
Qxf8+ { [%clk 0:05:19] } 38... Kh7 { [%clk 0:06:12] } 39. Qa8
{ [%clk 0:03:55] } 39... Qxf2+ { [%clk 0:06:05] } 40. Qg2 { [%clk 0:03:53] }
40... Qxf5 { [%clk 0:06:04] } 41. Rd2 { [%clk 0:03:43] } 41... g5
{ [%clk 0:05:48] } 42. Ra2 { [%clk 0:03:40] } 42... h5 { [%clk 0:05:44] } 43.
Qc2 { [%clk 0:03:38] } 43... Qxc2+ { [%clk 0:05:39] } 44. Rxc2
{ [%clk 0:03:38] } 44... h4 { [%clk 0:05:36] } 45. Kg2 { [%clk 0:03:34] } 45...
Bxg3 { [%clk 0:05:29] } 46. Rc6 { [%clk 0:03:21] } 46... Kg7 { [%clk 0:05:25] }
47. Kf3 { [%clk 0:03:20] } 47... f6 { [%clk 0:05:22] } 48. Kg4
{ [%clk 0:03:17] } 48... Kg6 { [%clk 0:05:09] } 49. Ra6 { [%clk 0:03:03] }
49... Be5 { [%clk 0:04:59] } 50. Ra8 { [%clk 0:02:58] } 50... f5+
{ [%clk 0:04:56] } 51. Kf3 { [%clk 0:02:56] } 51... Kh5 { [%clk 0:04:22] } 52.
Ra5 { [%clk 0:02:53] } 52... Kg6 { [%clk 0:04:07] } 53. Rxe5 { [%clk 0:02:51] }
53... f4 { [%clk 0:04:01] } 54. Kg4 { [%clk 0:02:48] } 54... Kf6
{ [%clk 0:04:00] } 55. Rxg5 { [%clk 0:02:47] } 1-0"
Rated Rapid game,https://lichess.org/CujgPn5F,2024.08.01,-,Pavel_Blokhin,Rodionenkov,1-0,2024.08.01,08:42:54,1782,1796,,,D00,Queen's Pawn Game: Accelerated London System,600+0,Normal,"1. d4 { [%clk 0:10:00] } 1... d5 { [%clk 0:10:00] } 2. Bf4 { [%clk 0:09:44] }
2... f6 { [%clk 0:09:09] } 3. e3 { [%clk 0:09:17] } 3... g6 { [%clk 0:08:59] }
4. Bd3 { [%clk 0:09:15] } 4... e5 { [%clk 0:08:52] } 5. dxe5 { [%clk 0:09:14] }
5... Nc6 { [%clk 0:08:39] } 6. exf6 { [%clk 0:09:12] } 6... Qxf6
{ [%clk 0:08:29] } 7. Nc3 { [%clk 0:09:09] } 7... g5 { [%clk 0:08:03] } 8. Nxd5
{ [%clk 0:09:04] } 8... Qf7 { [%clk 0:07:22] } 9. Nxc7+ { [%clk 0:08:53] } 9...
Kd8 { [%clk 0:07:11] } 10. Nxa8 { [%clk 0:08:49] } 10... gxf4
{ [%clk 0:07:09] } 11. exf4 { [%clk 0:08:46] } 11... Bd6 { [%clk 0:06:49] } 12.
Nf3 { [%clk 0:08:31] } 12... Nf6 { [%clk 0:06:46] } 13. O-O { [%clk 0:08:30] }
13... Bg4 { [%clk 0:06:43] } 14. Be2 { [%clk 0:08:23] } 14... Ke7
{ [%clk 0:06:14] } 15. Ng5 { [%clk 0:08:19] } 15... Qh5 { [%clk 0:06:04] } 16.
Bxg4 { [%clk 0:08:15] } 16... Qxg4 { [%clk 0:05:33] } 17. Re1+
{ [%clk 0:08:10] } 17... Kd7 { [%clk 0:05:27] } 18. Nf7 { [%clk 0:07:52] }
18... Qxd1 { [%clk 0:05:06] } 19. Raxd1 { [%clk 0:07:51] } 19... Rxa8
{ [%clk 0:05:00] } 20. Rxd6+ { [%clk 0:07:49] } 20... Kc7 { [%clk 0:04:58] }
1-0"
Rated Rapid game,https://lichess.org/v4mZs90i,2024.08.01,-,Hossam8396,Lehathy_31,1-0,2024.08.01,08:42:54,807,851,,,C47,Four Knights Game: Scotch Variation Accepted,600+0,Normal,"1. e4 { [%clk 0:10:00] } 1... e5 { [%clk 0:10:00] } 2. Nf3 { [%clk 0:09:59] }
2... Nf6 { [%clk 0:09:55] } 3. Nc3 { [%clk 0:09:56] } 3... Nc6
{ [%clk 0:09:51] } 4. d4 { [%clk 0:09:55] } 4... exd4 { [%clk 0:09:45] } 5.
Nxd4 { [%clk 0:09:53] } 5... Bc5 { [%clk 0:09:36] } 6. Nxc6 { [%clk 0:09:46] }
6... dxc6 { [%clk 0:09:31] } 7. Be3 { [%clk 0:09:42] } 7... Qe7
{ [%clk 0:09:15] } 8. Bxc5 { [%clk 0:09:40] } 8... Qxc5 { [%clk 0:09:11] } 9.
Qd2 { [%clk 0:09:37] } 9... O-O { [%clk 0:09:04] } 10. O-O-O { [%clk 0:09:36] }
10... Qe5 { [%clk 0:08:50] } 11. Qd8 { [%clk 0:09:34] } 11... Ne8
{ [%clk 0:08:27] } 12. Qd2 { [%clk 0:09:18] } 12... Bg4 { [%clk 0:08:20] } 13.
Be2 { [%clk 0:09:16] } 13... Nf6 { [%clk 0:08:12] } 14. Bxg4 { [%clk 0:09:12] }
14... Nxg4 { [%clk 0:08:09] } 15. h3 { [%clk 0:09:04] } 15... Rad8
{ [%clk 0:08:06] } 16. Qe2 { [%clk 0:09:00] } 16... g6 { [%clk 0:07:55] } 17.
hxg4 { [%clk 0:08:58] } 17... Rxd1+ { [%clk 0:07:35] } 18. Qxd1
{ [%clk 0:08:56] } 18... Qf4+ { [%clk 0:07:28] } 19. Qd2 { [%clk 0:08:53] }
19... Qf6 { [%clk 0:07:20] } 20. f3 { [%clk 0:08:49] } 20... Qd6
{ [%clk 0:07:13] } 21. Qxd6 { [%clk 0:08:47] } 21... cxd6 { [%clk 0:07:09] }
22. Rg1 { [%clk 0:08:45] } 22... Rd8 { [%clk 0:07:06] } 23. Ne2
{ [%clk 0:08:38] } 23... c5 { [%clk 0:07:01] } 24. Nf4 { [%clk 0:08:37] } 24...
c4 { [%clk 0:06:57] } 25. Nd5 { [%clk 0:08:35] } 25... Rc8 { [%clk 0:06:54] }
26. Ne7+ { [%clk 0:08:33] } 1-0"
Rated Rapid game,https://lichess.org/7RLAMUaG,2024.08.01,-,sushantbs,RMonteiro3009,0-1,2024.08.01,08:42:55,1456,1412,,,A30,English Opening: Symmetrical Variation,600+0,Normal,"1. c4 { [%clk 0:10:00] } 1... c5 { [%clk 0:10:00] } 2. Nf3 { [%clk 0:09:48] }
2... f6 { [%clk 0:09:59] } 3. b3 { [%clk 0:09:09] } 3... e5 { [%clk 0:09:56] }
4. Bb2 { [%clk 0:08:44] } 4... d6 { [%clk 0:09:55] } 5. Nc3 { [%clk 0:08:41] }
5... a6 { [%clk 0:09:44] } 6. g3 { [%clk 0:08:37] } 6... Bd7 { [%clk 0:09:42] }
7. Bg2 { [%clk 0:08:33] } 7... Nc6 { [%clk 0:09:40] } 8. Nd5 { [%clk 0:08:24] }
8... Rb8 { [%clk 0:09:34] } 9. a4 { [%clk 0:08:16] } 9... Be6
{ [%clk 0:09:33] } 10. e4 { [%clk 0:08:06] } 10... Bxd5 { [%clk 0:09:32] } 11.
exd5 { [%clk 0:08:03] } 11... Nb4 { [%clk 0:09:30] } 12. O-O { [%clk 0:07:55] }
12... a5 { [%clk 0:09:29] } 13. Nh4 { [%clk 0:07:47] } 13... g6
{ [%clk 0:09:27] } 14. f4 { [%clk 0:07:44] } 14... Nd3 { [%clk 0:09:23] } 15.
Qc2 { [%clk 0:07:34] } 15... Nxb2 { [%clk 0:09:21] } 16. Qxb2
{ [%clk 0:07:28] } 16... Be7 { [%clk 0:09:11] } 17. fxe5 { [%clk 0:07:25] }
17... dxe5 { [%clk 0:09:06] } 18. d3 { [%clk 0:07:17] } 18... Qd6
{ [%clk 0:08:58] } 19. Qf2 { [%clk 0:06:21] } 19... f5 { [%clk 0:08:47] } 20.
g4 { [%clk 0:06:10] } 20... Bxh4 { [%clk 0:08:43] } 21. Qxh4 { [%clk 0:06:05] }
21... f4 { [%clk 0:08:37] } 22. Be4 { [%clk 0:05:16] } 22... Qe7
{ [%clk 0:08:25] } 23. g5 { [%clk 0:05:10] } 23... Qd6 { [%clk 0:08:04] } 24.
Ra2 { [%clk 0:04:29] } 24... Ne7 { [%clk 0:08:00] } 25. Qh6 { [%clk 0:04:21] }
25... Kd7 { [%clk 0:07:50] } 26. Bf3 { [%clk 0:04:09] } 26... Nf5
{ [%clk 0:07:44] } 27. Bg4 { [%clk 0:00:54] } 27... Kc7 { [%clk 0:07:37] } 28.
Bxf5 { [%clk 0:00:50] } 28... gxf5 { [%clk 0:07:36] } 29. Qxd6+
{ [%clk 0:00:48] } 29... Kxd6 { [%clk 0:07:35] } 30. Rg2 { [%clk 0:00:43] }
30... Rbg8 { [%clk 0:07:33] } 31. h4 { [%clk 0:00:41] } 31... h6
{ [%clk 0:07:29] } 32. g6 { [%clk 0:00:38] } 32... Rg7 { [%clk 0:07:27] } 33.
Rff2 { [%clk 0:00:33] } 33... Rhg8 { [%clk 0:07:23] } 34. Rd2
{ [%clk 0:00:29] } 34... Rxg6 { [%clk 0:07:21] } 35. Rxg6+ { [%clk 0:00:27] }
35... Rxg6+ { [%clk 0:07:19] } 36. Kf2 { [%clk 0:00:25] } 36... Rg4
{ [%clk 0:07:17] } 37. Kf3 { [%clk 0:00:21] } 37... Rxh4 { [%clk 0:07:16] } 38.
Rg2 { [%clk 0:00:17] } 38... Rg4 { [%clk 0:07:02] } 39. Rxg4 { [%clk 0:00:13] }
39... fxg4+ { [%clk 0:07:01] } 40. Kxg4 { [%clk 0:00:12] } 40... h5+
{ [%clk 0:06:59] } 41. Kxh5 { [%clk 0:00:11] } 41... f3 { [%clk 0:06:58] } 42.
Kg4 { [%clk 0:00:10] } 42... f2 { [%clk 0:06:57] } 0-1"
Rated Rapid game,https://lichess.org/i3OoTazn,2024.08.01,-,jacques_le_premier,pkpanday,1/2-1/2,2024.08.01,08:42:58,1506,1424,,,C44,Scotch Game: Lolli Variation,600+0,Normal,"1. e4 { [%clk 0:10:00] } 1... e5 { [%clk 0:10:00] } 2. Nf3 { [%clk 0:09:59] }
2... Nc6 { [%clk 0:09:58] } 3. d4 { [%clk 0:09:58] } 3... exd4
{ [%clk 0:09:56] } 4. Nxd4 { [%clk 0:09:58] } 4... Nxd4 { [%clk 0:09:55] } 5.
Qxd4 { [%clk 0:09:58] } 5... c6 { [%clk 0:09:43] } 6. Nc3 { [%clk 0:09:55] }
6... Qf6 { [%clk 0:09:39] } 7. Qxf6 { [%clk 0:09:50] } 7... Nxf6
{ [%clk 0:09:38] } 8. Be3 { [%clk 0:09:45] } 8... Bb4 { [%clk 0:09:35] } 9. Bd4
{ [%clk 0:09:40] } 9... d5 { [%clk 0:09:24] } 10. e5 { [%clk 0:09:32] } 10...
Ne4 { [%clk 0:09:22] } 11. O-O-O { [%clk 0:09:19] } 11... Bxc3
{ [%clk 0:09:16] } 12. Bxc3 { [%clk 0:09:06] } 12... Nxf2 { [%clk 0:09:15] }
13. Be2 { [%clk 0:08:55] } 13... Nxd1 { [%clk 0:09:10] } 14. Rxd1
{ [%clk 0:08:54] } 14... Be6 { [%clk 0:09:07] } 15. h3 { [%clk 0:08:51] } 15...
O-O { [%clk 0:09:05] } 16. Rd4 { [%clk 0:08:45] } 16... h6 { [%clk 0:09:01] }
17. g4 { [%clk 0:08:36] } 17... c5 { [%clk 0:08:47] } 18. Rf4
{ [%clk 0:08:13] } 18... d4 { [%clk 0:08:43] } 19. Bd2 { [%clk 0:08:08] } 19...
Bxa2 { [%clk 0:08:39] } 20. b3 { [%clk 0:07:55] } 20... Rac8 { [%clk 0:08:22] }
21. Bc4 { [%clk 0:07:52] } 21... a6 { [%clk 0:08:08] } 22. h4
{ [%clk 0:07:49] } 22... b5 { [%clk 0:08:06] } 23. Bd5 { [%clk 0:07:44] } 23...
c4 { [%clk 0:08:01] } 24. g5 { [%clk 0:07:33] } 24... hxg5 { [%clk 0:07:51] }
25. hxg5 { [%clk 0:07:25] } 25... g6 { [%clk 0:07:48] } 26. e6
{ [%clk 0:07:23] } 26... fxe6 { [%clk 0:07:28] } 27. Bxe6+ { [%clk 0:07:21] }
27... Kg7 { [%clk 0:07:24] } 28. Bxc8 { [%clk 0:07:18] } 28... Rxc8
{ [%clk 0:07:24] } 29. Rxd4 { [%clk 0:07:08] } 29... cxb3 { [%clk 0:07:21] }
30. Rd7+ { [%clk 0:07:05] } 30... Kg8 { [%clk 0:07:15] } 31. Kb2
{ [%clk 0:07:01] } 31... Rxc2+ { [%clk 0:07:06] } 32. Ka1 { [%clk 0:06:52] }
32... Rc5 { [%clk 0:06:49] } 33. Ra7 { [%clk 0:06:39] } 33... Rd5
{ [%clk 0:06:37] } 34. Ra8+ { [%clk 0:06:16] } 34... Kf7 { [%clk 0:06:35] } 35.
Ra7+ { [%clk 0:06:13] } 35... Ke6 { [%clk 0:06:26] } 36. Ba5 { [%clk 0:05:55] }
36... Rxg5 { [%clk 0:06:17] } 37. Rxa6+ { [%clk 0:05:51] } 37... Kf5
{ [%clk 0:06:15] } 38. Rb6 { [%clk 0:05:47] } 38... Kg4 { [%clk 0:06:10] } 39.
Bd2 { [%clk 0:05:40] } 39... Rd5 { [%clk 0:06:02] } 40. Rxg6+
{ [%clk 0:05:35] } 40... Kh5 { [%clk 0:05:58] } 41. Rh6+ { [%clk 0:05:21] }
41... Kg4 { [%clk 0:05:55] } 42. Bc3 { [%clk 0:05:06] } 42... Rd1+
{ [%clk 0:05:50] } 43. Kb2 { [%clk 0:05:03] } 43... Rb1+ { [%clk 0:05:41] } 44.
Ka3 { [%clk 0:05:00] } 44... Rc1 { [%clk 0:05:30] } 45. Bb2 { [%clk 0:04:48] }
45... Rc2 { [%clk 0:05:26] } 46. Rg6+ { [%clk 0:04:43] } 46... Kf5
{ [%clk 0:05:23] } 47. Rb6 { [%clk 0:04:42] } 47... Rc5 { [%clk 0:05:10] } 48.
Kb4 { [%clk 0:04:35] } 48... Rc2 { [%clk 0:05:07] } 49. Rxb5+
{ [%clk 0:04:33] } 49... Ke4 { [%clk 0:05:06] } 50. Ka3 { [%clk 0:04:28] }
50... Kd3 { [%clk 0:05:03] } 51. Rd5+ { [%clk 0:04:22] } 51... Kc4
{ [%clk 0:05:00] } 52. Rd4+ { [%clk 0:04:19] } 52... Kb5 { [%clk 0:04:55] } 53.
Rb4+ { [%clk 0:04:15] } 53... Kc5 { [%clk 0:04:51] } 54. Bd4+
{ [%clk 0:04:05] } 54... Kd5 { [%clk 0:04:47] } 55. Bb2 { [%clk 0:03:56] }
55... Kc5 { [%clk 0:04:39] } 56. Ra4 { [%clk 0:03:43] } 56... Kb5
{ [%clk 0:04:31] } 57. Rb4+ { [%clk 0:03:42] } 57... Ka5 { [%clk 0:04:30] } 58.
Ra4+ { [%clk 0:03:37] } 58... Kb5 { [%clk 0:04:28] } 59. Rb4+
{ [%clk 0:03:35] } 1/2-1/2"
Rated Rapid game,https://lichess.org/DCljbPEb,2024.08.01,-,RunningTarget1,headshotyvz,1-0,2024.08.01,08:42:58,1381,1278,,,B01,Scandinavian Defense: Valencian Variation,600+0,Normal,"1. e4 { [%eval 0.15] [%clk 0:10:00] } 1... d5 { [%eval 0.54] [%clk 0:10:00] }
2. exd5 { [%eval 0.48] [%clk 0:09:58] } 2... Qxd5
{ [%eval 0.45] [%clk 0:10:00] } 3. Nc3 { [%eval 0.55] [%clk 0:09:58] } 3... Qd8
{ [%eval 0.58] [%clk 0:09:59] } 4. Nf3 { [%eval 0.6] [%clk 0:09:55] } 4... Nc6
{ [%eval 0.73] [%clk 0:09:59] } 5. Bd3 { [%eval 0.28] [%clk 0:09:54] } 5... Bg4
{ [%eval 0.38] [%clk 0:09:54] } 6. O-O { [%eval 0.26] [%clk 0:09:48] } 6...
Bxf3 $6 { [%eval 0.83] [%clk 0:09:53] } 7. Qxf3 { [%eval 0.84] [%clk 0:09:47] }
7... Nh6 $2 { [%eval 1.86] [%clk 0:09:50] } 8. Re1 $6
{ [%eval 1.04] [%clk 0:09:29] } 8... e6 $2 { [%eval 2.93] [%clk 0:09:46] } 9.
Nd5 $2 { [%eval 0.76] [%clk 0:09:18] } 9... Ne7 $2
{ [%eval 2.03] [%clk 0:09:38] } 10. Nf4 { [%eval 1.96] [%clk 0:09:00] } 10...
c6 { [%eval 2.24] [%clk 0:09:20] } 11. b3 $2 { [%eval 1.2] [%clk 0:08:52] }
11... f6 $4 { [%eval 6.39] [%clk 0:09:15] } 12. Nxe6
{ [%eval 5.86] [%clk 0:08:41] } 12... Qd6 { [%eval 6.68] [%clk 0:09:10] } 13.
Nf4 $2 { [%eval 4.28] [%clk 0:08:36] } 13... Qd4 $2
{ [%eval 5.55] [%clk 0:09:06] } 14. Rb1 { [%eval 4.66] [%clk 0:08:33] } 14...
g5 $2 { [%eval 6.3] [%clk 0:08:44] } 15. Ne6 { [%eval 6.28] [%clk 0:08:31] }
15... Qd5 { [%eval 8.04] [%clk 0:08:38] } 16. Nc7+
{ [%eval 8.13] [%clk 0:08:29] } 16... Kd7 { [%eval 8.88] [%clk 0:08:35] } 17.
Nxd5 { [%eval 8.05] [%clk 0:08:28] } 17... cxd5 { [%eval 9.55] [%clk 0:08:34] }
18. a4 { [%eval 8.76] [%clk 0:08:15] } 18... Nef5
{ [%eval 10.39] [%clk 0:08:33] } 19. Qxd5+ { [%eval 9.55] [%clk 0:08:08] }
19... Bd6 $2 { [%eval #5] [%clk 0:08:29] } 20. Qxb7+
{ [%eval 12.71] [%clk 0:08:06] } 20... Bc7 $6 { [%eval #3] [%clk 0:08:27] } 21.
Bxf5+ $6 { [%eval 11.42] [%clk 0:08:00] } 21... Nxf5
{ [%eval 10.99] [%clk 0:08:24] } 22. Qd5+ { [%eval 9.64] [%clk 0:07:58] } 22...
Nd6 { [%eval 9.41] [%clk 0:08:22] } 23. Ba3 { [%eval 9.5] [%clk 0:07:50] }
23... Rhe8 { [%eval 10.71] [%clk 0:08:17] } 24. Rxe8
{ [%eval 8.91] [%clk 0:07:46] } 24... Rxe8 { [%eval 8.9] [%clk 0:08:17] } 25.
h3 { [%eval 8.2] [%clk 0:07:38] } 25... Re5 { [%eval 8.17] [%clk 0:08:12] } 26.
Qg8 { [%eval 7.87] [%clk 0:07:30] } 26... Re7 { [%eval 8.62] [%clk 0:08:07] }
27. Bxd6 { [%eval 8.6] [%clk 0:07:23] } 27... Bxd6
{ [%eval 8.65] [%clk 0:08:07] } 28. Qa8 { [%eval 8.49] [%clk 0:07:16] } 28...
Ke6 { [%eval 8.91] [%clk 0:08:03] } 29. Re1+ { [%eval 8.88] [%clk 0:07:06] }
29... Kf7 { [%eval 8.89] [%clk 0:08:00] } 30. Rxe7+
{ [%eval 8.86] [%clk 0:07:05] } 30... Kxe7 { [%eval 8.76] [%clk 0:07:58] } 31.
Qxa7+ { [%eval 8.59] [%clk 0:07:01] } 31... Ke6 { [%eval 8.5] [%clk 0:07:58] }
32. Qxh7 { [%eval 8.47] [%clk 0:06:58] } 32... Bf4
{ [%eval 8.85] [%clk 0:07:55] } 33. d3 { [%eval 8.51] [%clk 0:06:46] } 33...
Ke5 { [%eval 8.88] [%clk 0:07:11] } 34. a5 { [%eval 8.6] [%clk 0:06:43] } 34...
Ke6 { [%eval 9.62] [%clk 0:07:06] } 35. a6 { [%eval 9.63] [%clk 0:06:41] }
35... Be5 $2 { [%eval #6] [%clk 0:06:57] } 36. a7 { [%eval #5] [%clk 0:06:37] }
36... Bd4 { [%eval #5] [%clk 0:06:56] } 37. a8=Q { [%eval #4] [%clk 0:06:34] }
37... Bxf2+ { [%eval #4] [%clk 0:06:54] } 38. Kxf2
{ [%eval #3] [%clk 0:06:32] } 38... g4 { [%eval #2] [%clk 0:06:53] } 39. hxg4
{ [%eval #3] [%clk 0:06:28] } 39... f5 { [%eval #3] [%clk 0:06:52] } 40. gxf5+
{ [%eval #2] [%clk 0:06:27] } 40... Kf6 { [%eval #2] [%clk 0:06:51] } 41. Qg6+
{ [%eval #1] [%clk 0:06:13] } 41... Ke5 { [%eval #1] [%clk 0:06:48] } 42. f6
{ [%eval #2] [%clk 0:06:09] } 42... Ke6 { [%eval #2] [%clk 0:06:43] } 43. f7+
{ [%eval #2] [%clk 0:06:06] } 43... Kd7 { [%eval #2] [%clk 0:06:43] } 44. Qa7+
{ [%eval #1] [%clk 0:06:01] } 44... Kd8 { [%eval #1] [%clk 0:06:41] } 45. Qg8#
{ [%clk 0:06:00] } 1-0"
Rated Rapid game,https://lichess.org/uK1WaZZr,2024.08.01,-,PashaKILLER,contumacysg,1-0,2024.08.01,08:42:58,1910,1980,,,D80,Grünfeld Defense,600+0,Normal,"1. d4 { [%clk 0:10:00] } 1... d5 { [%clk 0:10:00] } 2. c4 { [%clk 0:09:58] }
2... Nf6 { [%clk 0:09:59] } 3. Nc3 { [%clk 0:09:52] } 3... g6
{ [%clk 0:09:53] } 4. e3 { [%clk 0:09:51] } 4... Bg7 { [%clk 0:09:51] } 5. cxd5
{ [%clk 0:09:43] } 5... Nxd5 { [%clk 0:09:50] } 6. Bc4 { [%clk 0:09:40] } 6...
Nxc3 { [%clk 0:09:34] } 7. bxc3 { [%clk 0:09:39] } 7... O-O { [%clk 0:09:19] }
8. Ne2 { [%clk 0:09:37] } 8... a6 { [%clk 0:09:11] } 9. a4 { [%clk 0:09:35] }
9... Be6 { [%clk 0:08:57] } 10. Bxe6 { [%clk 0:09:29] } 10... fxe6
{ [%clk 0:08:57] } 11. O-O { [%clk 0:09:28] } 11... Nc6 { [%clk 0:08:53] } 12.
Nf4 { [%clk 0:08:48] } 12... e5 { [%clk 0:08:40] } 13. Qb3+ { [%clk 0:08:28] }
13... Kh8 { [%clk 0:08:37] } 14. Ne6 { [%clk 0:08:27] } 14... Na5
{ [%clk 0:08:30] } 15. Qa2 { [%clk 0:08:25] } 1-0"
Rated Rapid game,https://lichess.org/zXzybQSN,2024.08.01,-,googletoday,MustafaMAlmuslaT,0-1,2024.08.01,08:42:58,2038,2123,,,D85,Grünfeld Defense: Exchange Variation,600+0,Normal,"1. d4 { [%clk 0:10:00] } 1... Nf6 { [%clk 0:10:00] } 2. c4 { [%clk 0:09:58] }
2... g6 { [%clk 0:09:59] } 3. Nc3 { [%clk 0:09:55] } 3... d5 { [%clk 0:09:58] }
4. cxd5 { [%clk 0:09:53] } 4... Nxd5 { [%clk 0:09:57] } 5. e4
{ [%clk 0:09:52] } 5... Nxc3 { [%clk 0:09:56] } 6. bxc3 { [%clk 0:09:51] } 6...
Bg7 { [%clk 0:09:56] } 7. e5 { [%clk 0:09:50] } 7... O-O { [%clk 0:09:53] } 8.
Bc4 { [%clk 0:09:48] } 8... c5 { [%clk 0:09:51] } 9. Ne2 { [%clk 0:09:45] }
9... Nc6 { [%clk 0:09:50] } 10. d5 { [%clk 0:09:33] } 10... Nxe5
{ [%clk 0:09:49] } 11. Bb3 { [%clk 0:09:21] } 11... b5 { [%clk 0:09:43] } 12.
O-O { [%clk 0:09:18] } 12... Bb7 { [%clk 0:09:41] } 13. f4 { [%clk 0:09:08] }
13... Nd7 { [%clk 0:09:34] } 14. Bb2 { [%clk 0:09:02] } 14... Nf6
{ [%clk 0:09:28] } 15. c4 { [%clk 0:09:00] } 15... Qc7 { [%clk 0:08:50] } 16.
cxb5 { [%clk 0:08:55] } 16... Rad8 { [%clk 0:08:47] } 17. Kh1
{ [%clk 0:08:32] } 17... Nxd5 { [%clk 0:08:35] } 18. Bxg7 { [%clk 0:08:20] }
18... Kxg7 { [%clk 0:08:34] } 19. Qc2 { [%clk 0:08:14] } 19... Kg8
{ [%clk 0:08:08] } 20. Rad1 { [%clk 0:08:12] } 20... Ne3 { [%clk 0:08:07] } 21.
Rxd8 { [%clk 0:07:58] } 21... Rxd8 { [%clk 0:08:05] } 22. Qc1
{ [%clk 0:07:48] } 22... Bxg2+ { [%clk 0:08:03] } 23. Kg1 { [%clk 0:07:43] }
23... Bxf1 { [%clk 0:08:02] } 24. Qxe3 { [%clk 0:07:39] } 24... Bxe2
{ [%clk 0:08:01] } 25. Qxe2 { [%clk 0:07:36] } 25... Qxf4 { [%clk 0:07:55] }
26. Qxe7 { [%clk 0:07:25] } 26... Rd2 { [%clk 0:07:47] } 27. Qe8+
{ [%clk 0:07:10] } 27... Kg7 { [%clk 0:07:46] } 28. Qe1 { [%clk 0:07:07] }
28... Qd4+ { [%clk 0:07:44] } 29. Kh1 { [%clk 0:07:02] } 29... Qf2
{ [%clk 0:07:42] } 30. Qxf2 { [%clk 0:07:00] } 30... Rxf2 { [%clk 0:07:42] }
31. Kg1 { [%clk 0:06:46] } 31... Rb2 { [%clk 0:07:41] } 32. h3
{ [%clk 0:06:30] } 32... f5 { [%clk 0:07:38] } 33. Bc4 { [%clk 0:06:23] } 33...
Kf6 { [%clk 0:07:13] } 34. a4 { [%clk 0:06:19] } 34... Kg5 { [%clk 0:07:04] }
35. a5 { [%clk 0:06:15] } 35... Kh4 { [%clk 0:06:33] } 36. Bg8
{ [%clk 0:06:05] } 36... h6 { [%clk 0:06:32] } 37. Bh7 { [%clk 0:06:02] } 37...
Kg3 { [%clk 0:06:27] } 38. Kf1 { [%clk 0:05:59] } 38... Kxh3 { [%clk 0:06:06] }
39. Bxg6 { [%clk 0:05:56] } 39... f4 { [%clk 0:06:06] } 40. Bf5+
{ [%clk 0:05:50] } 40... Kg3 { [%clk 0:06:05] } 41. Bd7 { [%clk 0:05:37] }
41... h5 { [%clk 0:06:02] } 42. Ke1 { [%clk 0:05:34] } 42... h4
{ [%clk 0:06:02] } 43. Kd1 { [%clk 0:05:32] } 43... h3 { [%clk 0:06:00] } 44.
Kc1 { [%clk 0:05:29] } 44... Rb4 { [%clk 0:05:57] } 45. Bc6 { [%clk 0:05:21] }
45... h2 { [%clk 0:05:54] } 46. Kd2 { [%clk 0:05:18] } 46... f3
{ [%clk 0:05:53] } 47. Ke3 { [%clk 0:05:13] } 47... h1=Q { [%clk 0:05:50] } 48.
b6 { [%clk 0:05:08] } 48... axb6 { [%clk 0:05:49] } 49. a6 { [%clk 0:05:03] }
49... Qe1+ { [%clk 0:05:44] } 50. Kd3 { [%clk 0:04:59] } 50... Qe2+
{ [%clk 0:05:41] } 51. Kc3 { [%clk 0:04:56] } 51... Qxa6 { [%clk 0:05:39] } 52.
Bxf3 { [%clk 0:04:42] } 52... Qa3+ { [%clk 0:05:36] } 53. Kd2
{ [%clk 0:04:35] } 53... Rb2+ { [%clk 0:05:34] } 54. Ke1 { [%clk 0:04:14] }
54... Qe3+ { [%clk 0:05:30] } 55. Kd1 { [%clk 0:04:10] } 55... Qd2#
{ [%clk 0:05:29] } 0-1"
Rated Rapid game,https://lichess.org/20ZrYrqi,2024.08.01,-,markusschmidt,Vyacheslav_Amurskiy,1-0,2024.08.01,08:42:58,1964,1946,,,C55,"Italian Game: Two Knights Defense, Modern Bishop's Opening",600+0,Time forfeit,"1. e4 { [%clk 0:10:00] } 1... e5 { [%clk 0:10:00] } 2. Nf3 { [%clk 0:09:58] }
2... Nc6 { [%clk 0:09:55] } 3. Bc4 { [%clk 0:09:56] } 3... Nf6
{ [%clk 0:09:54] } 4. d3 { [%clk 0:09:53] } 4... Be7 { [%clk 0:09:52] } 5. O-O
{ [%clk 0:09:51] } 5... O-O { [%clk 0:09:49] } 6. c3 { [%clk 0:09:45] } 6... d6
{ [%clk 0:09:40] } 7. Re1 { [%clk 0:09:41] } 7... Na5 { [%clk 0:09:27] } 8. Bb5
{ [%clk 0:09:39] } 8... c6 { [%clk 0:09:14] } 9. Ba4 { [%clk 0:09:37] } 9... b5
{ [%clk 0:08:49] } 10. Bc2 { [%clk 0:09:35] } 10... c5 { [%clk 0:08:33] } 11.
d4 { [%clk 0:09:27] } 11... Nc6 { [%clk 0:08:24] } 12. dxe5 { [%clk 0:09:00] }
12... dxe5 { [%clk 0:08:20] } 13. Na3 { [%clk 0:08:44] } 13... a6
{ [%clk 0:08:10] } 14. Be3 { [%clk 0:08:30] } 1-0"
Rated Rapid game,https://lichess.org/ZYsAeAd0,2024.08.01,-,nstsonkov,A57_Knight,1-0,2024.08.01,08:42:58,2181,2182,,,E81,"King's Indian Defense: Sämisch Variation, Normal Defense",600+0,Normal,"1. d4 { [%clk 0:10:00] } 1... Nf6 { [%clk 0:10:00] } 2. c4 { [%clk 0:09:58] }
2... g6 { [%clk 0:09:57] } 3. Nc3 { [%clk 0:09:44] } 3... Bg7
{ [%clk 0:09:56] } 4. e4 { [%clk 0:09:29] } 4... d6 { [%clk 0:09:54] } 5. f3
{ [%clk 0:09:27] } 5... O-O { [%clk 0:09:54] } 6. Be3 { [%clk 0:09:25] } 6...
c6 { [%clk 0:09:34] } 7. Qd2 { [%clk 0:09:21] } 7... Re8 { [%clk 0:09:32] } 8.
O-O-O { [%clk 0:09:14] } 8... Nbd7 { [%clk 0:09:28] } 9. Bd3 { [%clk 0:09:07] }
9... e5 { [%clk 0:09:19] } 10. d5 { [%clk 0:09:03] } 10... cxd5
{ [%clk 0:09:04] } 11. cxd5 { [%clk 0:08:20] } 11... a6 { [%clk 0:08:50] } 12.
g4 { [%clk 0:08:18] } 12... b5 { [%clk 0:08:46] } 13. a3 { [%clk 0:08:09] }
13... Qa5 { [%clk 0:08:42] } 14. Na2 { [%clk 0:08:01] } 14... Qxd2+
{ [%clk 0:08:34] } 15. Rxd2 { [%clk 0:07:56] } 15... Bb7 { [%clk 0:08:33] } 16.
Ne2 { [%clk 0:07:49] } 16... Rac8+ { [%clk 0:08:31] } 17. Kb1
{ [%clk 0:07:48] } 17... Nc5 { [%clk 0:08:29] } 18. Bc2 { [%clk 0:07:46] }
18... a5 { [%clk 0:08:20] } 19. b4 { [%clk 0:07:44] } 19... axb4
{ [%clk 0:08:11] } 20. axb4 { [%clk 0:07:44] } 20... Na6 { [%clk 0:08:06] } 21.
Rc1 { [%clk 0:07:03] } 21... Rc4 { [%clk 0:07:59] } 22. Bb3 { [%clk 0:07:01] }
22... Rxc1+ { [%clk 0:07:55] } 23. Kxc1 { [%clk 0:06:58] } 23... Rc8+
{ [%clk 0:07:54] } 24. Kb2 { [%clk 0:06:56] } 24... h5 { [%clk 0:07:32] } 25.
g5 { [%clk 0:06:52] } 25... Nd7 { [%clk 0:07:31] } 26. Nec3 { [%clk 0:06:46] }
26... Nc7 { [%clk 0:07:27] } 27. h4 { [%clk 0:06:22] } 27... Ba6
{ [%clk 0:07:15] } 28. Nc1 { [%clk 0:05:54] } 28... Na8 { [%clk 0:07:13] } 29.
Nd3 { [%clk 0:05:37] } 29... Nab6 { [%clk 0:07:12] } 30. Bxb6
{ [%clk 0:04:33] } 30... Nxb6 { [%clk 0:07:10] } 31. Rc2 { [%clk 0:04:19] }
31... Nc4+ { [%clk 0:07:07] } 32. Bxc4 { [%clk 0:04:16] } 32... bxc4
{ [%clk 0:07:06] } 33. Nc1 { [%clk 0:04:01] } 33... Rb8 { [%clk 0:07:04] } 34.
Ka3 { [%clk 0:03:59] } 34... f6 { [%clk 0:07:00] } 35. Rb2 { [%clk 0:03:55] }
35... Bb5 { [%clk 0:06:58] } 36. Nxb5 { [%clk 0:03:50] } 36... Rxb5
{ [%clk 0:06:57] } 37. Rc2 { [%clk 0:03:49] } 37... fxg5 { [%clk 0:06:55] } 38.
hxg5 { [%clk 0:03:48] } 38... Rb7 { [%clk 0:06:45] } 39. Rxc4
{ [%clk 0:03:46] } 39... Bf8 { [%clk 0:06:44] } 40. Nd3 { [%clk 0:03:09] }
40... Re7 { [%clk 0:06:40] } 41. b5 { [%clk 0:03:04] } 41... Rb7
{ [%clk 0:06:39] } 42. Ka4 { [%clk 0:03:02] } 42... Be7 { [%clk 0:06:38] } 43.
Rc6 { [%clk 0:02:53] } 43... Kf7 { [%clk 0:06:18] } 44. b6 { [%clk 0:02:48] }
44... Rd7 { [%clk 0:06:17] } 45. Rc7 { [%clk 0:02:44] } 45... Ke8
{ [%clk 0:06:14] } 46. b7 { [%clk 0:02:40] } 46... Rxc7 { [%clk 0:06:11] } 47.
b8=Q+ { [%clk 0:02:38] } 47... Kd7 { [%clk 0:06:10] } 48. Qb5+
{ [%clk 0:02:27] } 48... Kc8 { [%clk 0:06:06] } 49. Qe8+ { [%clk 0:02:25] }
49... Kb7 { [%clk 0:06:05] } 50. Qxg6 { [%clk 0:02:20] } 1-0"
Rated Rapid game,https://lichess.org/gZNMQHSb,2024.08.01,-,waldemar12,Sania95,0-1,2024.08.01,08:42:58,2012,1999,,,A00,Hungarian Opening,600+0,Normal,"1. g3 { [%clk 0:10:00] } 1... e5 { [%clk 0:10:00] } 2. c4 { [%clk 0:09:59] }
2... c6 { [%clk 0:09:57] } 3. Nc3 { [%clk 0:09:59] } 3... d5 { [%clk 0:09:55] }
4. cxd5 { [%clk 0:09:57] } 4... cxd5 { [%clk 0:09:54] } 5. Qb3
{ [%clk 0:09:55] } 5... Nf6 { [%clk 0:09:51] } 6. d3 { [%clk 0:09:54] } 6...
Be7 { [%clk 0:09:48] } 7. Bg5 { [%clk 0:09:52] } 7... Be6 { [%clk 0:09:44] } 8.
Qxb7 { [%clk 0:09:49] } 8... Nbd7 { [%clk 0:09:43] } 9. Nf3 { [%clk 0:09:26] }
9... Rb8 { [%clk 0:09:39] } 10. Qxa7 { [%clk 0:09:22] } 10... Rxb2
{ [%clk 0:09:37] } 11. Bxf6 { [%clk 0:09:10] } 11... Nxf6 { [%clk 0:09:32] }
12. Qa4+ { [%clk 0:09:07] } 12... Bd7 { [%clk 0:09:27] } 13. Qa3
{ [%clk 0:09:04] } 13... Bxa3 { [%clk 0:09:24] } 14. Nxe5 { [%clk 0:08:56] }
14... Bb4 { [%clk 0:09:15] } 15. Rc1 { [%clk 0:08:45] } 15... d4
{ [%clk 0:09:13] } 16. Nxd7 { [%clk 0:08:41] } 16... Qxd7 { [%clk 0:09:11] }
0-1"
Rated Rapid game,https://lichess.org/nnKIBiQ9,2024.08.01,-,Bavly-11,nartdictat2000,0-1,2024.08.01,08:42:58,2149,2141,,,C54,"Italian Game: Classical Variation, Giuoco Pianissimo, with d6",600+0,Normal,"1. e4 { [%clk 0:10:00] } 1... e5 { [%clk 0:10:00] } 2. Nf3 { [%clk 0:09:58] }
2... Nc6 { [%clk 0:09:54] } 3. Bc4 { [%clk 0:09:57] } 3... Bc5
{ [%clk 0:09:46] } 4. c3 { [%clk 0:09:55] } 4... Nf6 { [%clk 0:09:43] } 5. d3
{ [%clk 0:09:54] } 5... d6 { [%clk 0:09:42] } 6. Nbd2 { [%clk 0:09:52] } 6...
Bg4 { [%clk 0:09:39] } 7. h3 { [%clk 0:09:51] } 7... Be6 { [%clk 0:09:19] } 8.
Bb3 { [%clk 0:09:48] } 8... O-O { [%clk 0:09:09] } 9. Nf1 { [%clk 0:09:47] }
9... Bxb3 { [%clk 0:08:58] } 10. axb3 { [%clk 0:09:40] } 10... d5
{ [%clk 0:08:55] } 11. Bg5 { [%clk 0:09:33] } 11... dxe4 { [%clk 0:08:53] } 12.
dxe4 { [%clk 0:09:33] } 12... Qxd1+ { [%clk 0:08:51] } 13. Rxd1
{ [%clk 0:09:33] } 13... Nxe4 { [%clk 0:08:49] } 14. Be3 { [%clk 0:09:15] }
14... Bxe3 { [%clk 0:08:44] } 15. fxe3 { [%clk 0:09:15] } 15... Rad8
{ [%clk 0:08:41] } 16. N1d2 { [%clk 0:09:08] } 16... Ng3 { [%clk 0:08:22] } 17.
Rh2 { [%clk 0:09:01] } 17... f5 { [%clk 0:08:20] } 18. Ng5 { [%clk 0:08:47] }
18... Rd6 { [%clk 0:08:04] } 19. Kf2 { [%clk 0:08:39] } 19... f4
{ [%clk 0:08:00] } 20. exf4 { [%clk 0:08:35] } 20... e4 { [%clk 0:07:52] } 21.
Kxg3 { [%clk 0:08:27] } 21... e3 { [%clk 0:07:33] } 22. Nge4 { [%clk 0:08:25] }
22... Rg6+ { [%clk 0:07:21] } 23. Kf3 { [%clk 0:08:15] } 23... exd2
{ [%clk 0:07:13] } 24. Rxd2 { [%clk 0:08:15] } 24... Ne5+ { [%clk 0:07:06] }
25. Kf2 { [%clk 0:08:09] } 25... Rxf4+ { [%clk 0:07:02] } 0-1"
Rated Rapid game,https://lichess.org/kGOAIZ1P,2024.08.01,-,MC-BELATUNG,aykut588,0-1,2024.08.01,08:42:58,2034,2027,,,C45,Scotch Game: Schmidt Variation,600+0,Normal,"1. e4 { [%clk 0:10:00] } 1... e5 { [%clk 0:10:00] } 2. Nf3 { [%clk 0:09:56] }
2... Nc6 { [%clk 0:09:56] } 3. d4 { [%clk 0:09:54] } 3... exd4
{ [%clk 0:09:50] } 4. Nxd4 { [%clk 0:09:53] } 4... Nf6 { [%clk 0:09:45] } 5.
Nxc6 { [%clk 0:09:51] } 5... bxc6 { [%clk 0:09:44] } 6. Bd3 { [%clk 0:09:50] }
6... Bc5 { [%clk 0:09:37] } 7. h3 { [%clk 0:09:47] } 7... O-O
{ [%clk 0:09:34] } 8. Bg5 { [%clk 0:09:45] } 8... Re8 { [%clk 0:09:29] } 9. O-O
{ [%clk 0:09:41] } 9... d5 { [%clk 0:09:25] } 10. Qf3 { [%clk 0:09:33] } 10...
Bd4 { [%clk 0:08:47] } 11. c3 { [%clk 0:09:29] } 11... dxe4 { [%clk 0:08:43] }
12. Bxe4 { [%clk 0:09:23] } 12... Rxe4 { [%clk 0:08:18] } 13. Qxe4
{ [%clk 0:09:20] } 13... Nxe4 { [%clk 0:08:16] } 14. Bxd8 { [%clk 0:09:19] }
14... Bb6 { [%clk 0:08:09] } 15. Bh4 { [%clk 0:09:07] } 15... g5
{ [%clk 0:08:07] } 16. Re1 { [%clk 0:09:02] } 16... Bf5 { [%clk 0:07:58] } 17.
Rxe4 { [%clk 0:08:58] } 17... Bxe4 { [%clk 0:07:57] } 18. Bxg5
{ [%clk 0:08:57] } 18... Re8 { [%clk 0:07:30] } 19. Nd2 { [%clk 0:08:54] }
19... Bd3 { [%clk 0:07:27] } 20. Nf3 { [%clk 0:08:37] } 20... Re2
{ [%clk 0:07:20] } 21. Nd4 { [%clk 0:08:31] } 21... Rxb2 { [%clk 0:07:14] } 22.
Rd1 { [%clk 0:08:24] } 22... Bc4 { [%clk 0:06:58] } 23. Bf6 { [%clk 0:08:21] }
23... Be6 { [%clk 0:06:54] } 24. Kf1 { [%clk 0:07:58] } 24... Bxd4
{ [%clk 0:06:45] } 25. Rxd4 { [%clk 0:07:54] } 25... h5 { [%clk 0:06:30] } 26.
Rh4 { [%clk 0:07:46] } 26... Kh7 { [%clk 0:06:27] } 27. Rxh5+
{ [%clk 0:07:43] } 27... Kg6 { [%clk 0:06:26] } 28. Rb5 { [%clk 0:07:26] }
28... cxb5 { [%clk 0:06:23] } 0-1"
Rated Rapid game,https://lichess.org/Pl4inYai,2024.08.01,-,h9ss,arnav2006,0-1,2024.08.01,08:42:58,1303,1316,,,A40,Horwitz Defense,600+0,Normal,"1. d4 { [%eval 0.16] [%clk 0:10:00] } 1... e6 { [%eval 0.3] [%clk 0:10:00] } 2.
e3 { [%eval 0.1] [%clk 0:09:59] } 2... d5 { [%eval 0.09] [%clk 0:09:59] } 3.
Nf3 { [%eval 0.06] [%clk 0:09:55] } 3... c5 { [%eval 0.17] [%clk 0:09:58] } 4.
dxc5 { [%eval -0.06] [%clk 0:09:53] } 4... Bxc5 { [%eval 0.0] [%clk 0:09:58] }
5. Nc3 { [%eval -0.26] [%clk 0:09:51] } 5... Nc6
{ [%eval -0.21] [%clk 0:09:55] } 6. a3 { [%eval -0.36] [%clk 0:09:49] } 6... a5
{ [%eval 0.17] [%clk 0:09:53] } 7. Bd2 { [%eval -0.17] [%clk 0:09:46] } 7...
Nf6 { [%eval -0.17] [%clk 0:09:49] } 8. b4 $6 { [%eval -1.12] [%clk 0:09:45] }
8... axb4 { [%eval -1.15] [%clk 0:09:47] } 9. axb4
{ [%eval -1.18] [%clk 0:09:45] } 9... Rxa1 { [%eval -1.19] [%clk 0:09:41] } 10.
Qxa1 { [%eval -1.22] [%clk 0:09:41] } 10... Nxb4
{ [%eval -0.7] [%clk 0:09:37] } 11. Qa4+ $6 { [%eval -1.29] [%clk 0:09:36] }
11... Bd7 { [%eval -1.33] [%clk 0:09:22] } 12. Qa5 $4
{ [%eval -8.7] [%clk 0:09:28] } 12... Qxa5 { [%eval -7.93] [%clk 0:09:12] } 0-1"
Rated Rapid game,https://lichess.org/IXO7q0Fi,2024.08.01,-,sleekAlpaca,zavlal,0-1,2024.08.01,08:42:58,1615,1647,,,B30,Sicilian Defense: Old Sicilian,600+0,Normal,"1. e4 { [%eval 0.15] [%clk 0:10:00] } 1... c5 { [%eval 0.25] [%clk 0:10:00] }
2. Nf3 { [%eval 0.22] [%clk 0:09:59] } 2... Nc6 { [%eval 0.31] [%clk 0:09:59] }
3. Bc4 { [%eval 0.06] [%clk 0:09:45] } 3... e6 { [%eval 0.05] [%clk 0:09:58] }
4. d3 { [%eval -0.26] [%clk 0:09:42] } 4... a6 { [%eval 0.09] [%clk 0:09:57] }
5. a4 { [%eval -0.11] [%clk 0:09:39] } 5... Qc7 { [%eval 0.17] [%clk 0:09:56] }
6. g3 { [%eval -0.33] [%clk 0:09:32] } 6... Bd6
{ [%eval -0.17] [%clk 0:09:53] } 7. Qe2 { [%eval -0.3] [%clk 0:09:24] } 7... h6
{ [%eval -0.19] [%clk 0:09:41] } 8. b3 { [%eval -0.46] [%clk 0:08:52] } 8... b6
{ [%eval 0.06] [%clk 0:09:29] } 9. Bb2 { [%eval 0.19] [%clk 0:08:49] } 9... Nf6
$2 { [%eval 1.83] [%clk 0:09:12] } 10. e5 { [%eval 1.73] [%clk 0:08:33] } 10...
Nxe5 { [%eval 1.76] [%clk 0:09:00] } 11. Nxe5 { [%eval 1.64] [%clk 0:08:29] }
11... Bb7 { [%eval 1.69] [%clk 0:08:32] } 12. f3
{ [%eval 1.51] [%clk 0:08:09] } 12... Bxe5 $6 { [%eval 2.27] [%clk 0:08:29] }
13. Bxe5 { [%eval 2.17] [%clk 0:08:06] } 13... d6
{ [%eval 2.25] [%clk 0:08:28] } 14. Bxf6 { [%eval 2.32] [%clk 0:08:03] } 14...
gxf6 { [%eval 2.44] [%clk 0:08:27] } 15. Nd2 $2 { [%eval 0.19] [%clk 0:07:47] }
15... d5 { [%eval 0.16] [%clk 0:08:25] } 16. Bxd5
{ [%eval 0.05] [%clk 0:07:35] } 16... Bxd5 { [%eval 0.16] [%clk 0:08:24] } 17.
O-O-O { [%eval -0.24] [%clk 0:07:28] } 17... O-O-O
{ [%eval 0.21] [%clk 0:08:13] } 18. Nc4 { [%eval 0.01] [%clk 0:07:16] } 18...
h5 { [%eval 0.0] [%clk 0:07:32] } 19. Rhe1 { [%eval 0.05] [%clk 0:07:07] }
19... h4 { [%eval 0.0] [%clk 0:07:27] } 20. g4 { [%eval -0.24] [%clk 0:06:58] }
20... Qf4+ { [%eval 0.06] [%clk 0:07:24] } 21. Kb2
{ [%eval -0.07] [%clk 0:06:54] } 21... Bxf3 { [%eval -0.02] [%clk 0:07:22] }
22. Nxb6+ $2 { [%eval -2.66] [%clk 0:06:38] } 22... Kb7
{ [%eval -2.9] [%clk 0:06:44] } 23. Qf2 { [%eval -3.56] [%clk 0:06:32] } 23...
Kxb6 $4 { [%eval -0.4] [%clk 0:06:37] } 24. Re3
{ [%eval -0.42] [%clk 0:06:18] } 24... Qxe3 { [%eval 0.0] [%clk 0:05:57] } 25.
Qxe3 { [%eval 0.0] [%clk 0:06:16] } 25... Bxd1 { [%eval 0.0] [%clk 0:05:56] }
26. Qe1 $2 { [%eval -1.12] [%clk 0:05:55] } 26... Bxg4
{ [%eval -1.04] [%clk 0:05:48] } 27. Qf1 $2 { [%eval -2.77] [%clk 0:05:54] }
27... f5 { [%eval -2.53] [%clk 0:05:40] } 28. h3
{ [%eval -2.62] [%clk 0:05:52] } 28... Bxh3 { [%eval -2.83] [%clk 0:05:30] }
29. Qxh3 { [%eval -2.8] [%clk 0:05:50] } 29... Rd4 $6
{ [%eval -2.01] [%clk 0:05:21] } 30. Kc3 $2 { [%eval -3.33] [%clk 0:05:46] }
30... Rg4 { [%eval -3.1] [%clk 0:05:18] } 31. Qxg4 $4
{ [%eval -8.51] [%clk 0:05:37] } 31... fxg4 { [%eval -8.23] [%clk 0:05:16] }
32. a5+ { [%eval -9.58] [%clk 0:05:25] } 32... Kxa5
{ [%eval -9.46] [%clk 0:05:15] } 33. d4 $2 { [%eval #-11] [%clk 0:05:22] }
33... cxd4+ { [%eval #-11] [%clk 0:05:11] } 34. Kxd4
{ [%eval #-11] [%clk 0:05:22] } 34... h3 { [%eval #-21] [%clk 0:05:10] } 0-1"
Rated Rapid game,https://lichess.org/JOkqamPs,2024.08.01,-,Stasisn,Rajeshkatta,1-0,2024.08.01,08:43:01,1498,1491,,,C42,Russian Game: Italian Variation,600+0,Normal,"1. e4 { [%clk 0:10:00] } 1... e5 { [%clk 0:10:00] } 2. Bc4 { [%clk 0:09:59] }
2... Nf6 { [%clk 0:09:58] } 3. Nf3 { [%clk 0:09:58] } 3... Bd6
{ [%clk 0:09:56] } 4. Ng5 { [%clk 0:09:56] } 4... O-O { [%clk 0:09:53] } 5. d3
{ [%clk 0:09:54] } 5... Bc5 { [%clk 0:09:49] } 6. Qf3 { [%clk 0:09:38] } 6...
d6 { [%clk 0:09:43] } 7. Nxf7 { [%clk 0:09:31] } 7... Rxf7 { [%clk 0:09:40] }
8. Bxf7+ { [%clk 0:09:30] } 8... Kxf7 { [%clk 0:09:39] } 9. g4
{ [%clk 0:09:29] } 9... Bxg4 { [%clk 0:09:36] } 10. Qg3 { [%clk 0:09:23] }
10... Nbd7 { [%clk 0:09:10] } 11. h3 { [%clk 0:09:18] } 11... Nh5
{ [%clk 0:08:57] } 12. Qxg4 { [%clk 0:09:09] } 12... Nhf6 { [%clk 0:08:38] }
13. Qg3 { [%clk 0:09:03] } 13... Qe7 { [%clk 0:08:32] } 14. Rg1
{ [%clk 0:09:01] } 14... g6 { [%clk 0:08:30] } 15. h4 { [%clk 0:08:53] } 15...
Rg8 { [%clk 0:08:28] } 16. Bg5 { [%clk 0:08:47] } 16... Ke8 { [%clk 0:08:27] }
17. Nc3 { [%clk 0:08:38] } 17... Bb4 { [%clk 0:08:22] } 18. O-O-O
{ [%clk 0:08:34] } 18... Bxc3 { [%clk 0:08:20] } 19. bxc3 { [%clk 0:08:32] }
19... Kd8 { [%clk 0:08:19] } 20. Qe3 { [%clk 0:08:25] } 20... Nc5
{ [%clk 0:08:11] } 21. Qf3 { [%clk 0:08:18] } 21... Kc8 { [%clk 0:07:57] } 22.
Bxf6 { [%clk 0:08:15] } 22... Qd7 { [%clk 0:07:56] } 23. Qg4 { [%clk 0:08:07] }
23... Ne6 { [%clk 0:07:52] } 24. Bg5 { [%clk 0:07:53] } 24... Kb8
{ [%clk 0:07:50] } 25. Kd2 { [%clk 0:07:46] } 25... Re8 { [%clk 0:07:24] } 26.
Rb1 { [%clk 0:07:31] } 26... Qa4 { [%clk 0:07:20] } 27. Rb2 { [%clk 0:07:20] }
27... c5 { [%clk 0:06:58] } 28. Rgb1 { [%clk 0:07:16] } 28... b6
{ [%clk 0:06:55] } 29. Be3 { [%clk 0:06:38] } 29... Nd4 { [%clk 0:06:20] } 30.
Bxd4 { [%clk 0:06:27] } 30... cxd4 { [%clk 0:06:17] } 31. h5 { [%clk 0:06:15] }
31... gxh5 { [%clk 0:06:07] } 32. Qxh5 { [%clk 0:06:13] } 32... Rf8
{ [%clk 0:05:52] } 33. Ke2 { [%clk 0:05:54] } 33... dxc3 { [%clk 0:05:43] } 34.
Rb3 { [%clk 0:05:28] } 34... Qxa2 { [%clk 0:05:35] } 35. Kd1 { [%clk 0:05:07] }
35... Rg8 { [%clk 0:04:49] } 36. Qh2 { [%clk 0:04:31] } 36... Kb7
{ [%clk 0:04:37] } 37. Qxh7+ { [%clk 0:04:18] } 1-0"
Rated Rapid game,https://lichess.org/K3RtP8mQ,2024.08.01,-,ntritsos,VOLIK7,1-0,2024.08.01,08:43:02,1744,1811,,,B01,Scandinavian Defense: Mieses-Kotroc Variation,600+0,Normal,"1. e4 { [%clk 0:10:00] } 1... d5 { [%clk 0:10:00] } 2. exd5 { [%clk 0:09:58] }
2... Qxd5 { [%clk 0:09:59] } 3. Nc3 { [%clk 0:09:57] } 3... Qe6+
{ [%clk 0:09:56] } 4. Be2 { [%clk 0:09:42] } 4... Nc6 { [%clk 0:09:56] } 5. Nf3
{ [%clk 0:09:40] } 5... f6 { [%clk 0:09:53] } 6. O-O { [%clk 0:09:38] } 6...
Bd7 { [%clk 0:09:44] } 7. Re1 { [%clk 0:09:36] } 7... Qf7 { [%clk 0:09:41] } 8.
d4 { [%clk 0:09:30] } 8... O-O-O { [%clk 0:09:11] } 9. Be3 { [%clk 0:09:11] }
9... a6 { [%clk 0:08:40] } 10. a4 { [%clk 0:08:59] } 10... Bg4
{ [%clk 0:08:31] } 11. Qb1 { [%clk 0:08:46] } 11... Bxf3 { [%clk 0:08:24] } 12.
Bxf3 { [%clk 0:08:44] } 12... Nxd4 { [%clk 0:08:23] } 13. Bxd4
{ [%clk 0:08:39] } 13... Rxd4 { [%clk 0:08:21] } 14. b4 { [%clk 0:08:36] }
14... e5 { [%clk 0:08:19] } 15. b5 { [%clk 0:08:34] } 15... a5
{ [%clk 0:07:34] } 16. b6 { [%clk 0:08:28] } 16... Rb4 { [%clk 0:07:30] } 17.
Qd1 { [%clk 0:08:09] } 17... Rxb6 { [%clk 0:07:28] } 18. Nb5 { [%clk 0:07:57] }
18... Bc5 { [%clk 0:05:54] } 19. Rb1 { [%clk 0:06:59] } 19... Ne7
{ [%clk 0:05:40] } 20. Na7+ { [%clk 0:06:35] } 20... Kb8 { [%clk 0:05:37] } 21.
Rxb6 { [%clk 0:06:33] } 21... Bxb6 { [%clk 0:05:34] } 22. Nb5
{ [%clk 0:06:13] } 22... Kc8 { [%clk 0:05:24] } 23. Qd3 { [%clk 0:05:51] }
23... Rd8 { [%clk 0:04:39] } 24. Bxb7+ { [%clk 0:05:38] } 24... Kxb7
{ [%clk 0:04:32] } 25. Qxd8 { [%clk 0:05:36] } 25... Nc6 { [%clk 0:04:11] } 26.
Qd1 { [%clk 0:05:17] } 26... Qc4 { [%clk 0:04:05] } 27. Qe2 { [%clk 0:05:10] }
27... Qxa4 { [%clk 0:03:44] } 28. g3 { [%clk 0:05:03] } 28... Nd4
{ [%clk 0:03:03] } 29. Qe4+ { [%clk 0:04:29] } 29... Ka6 { [%clk 0:02:51] } 30.
Nxd4 { [%clk 0:04:17] } 30... Qxd4 { [%clk 0:02:39] } 31. Qxd4
{ [%clk 0:04:15] } 31... Bxd4 { [%clk 0:02:36] } 32. Re4 { [%clk 0:04:10] }
32... c5 { [%clk 0:01:52] } 33. Kf1 { [%clk 0:04:06] } 33... Kb5
{ [%clk 0:01:48] } 34. Ke2 { [%clk 0:04:05] } 34... Kc4 { [%clk 0:01:48] } 35.
Kd2 { [%clk 0:03:55] } 35... a4 { [%clk 0:01:42] } 36. c3 { [%clk 0:03:53] }
36... Kd5 { [%clk 0:01:38] } 37. Re2 { [%clk 0:03:44] } 37... a3
{ [%clk 0:01:28] } 38. cxd4 { [%clk 0:03:42] } 1-0"
Rated Rapid game,https://lichess.org/54tRm7Jt,2024.08.01,-,Andr1985,hanacaraka,1-0,2024.08.01,08:43:03,1974,1978,,,D02,Queen's Pawn Game: London System,600+0,Time forfeit,"1. d4 { [%clk 0:10:00] } 1... Nf6 { [%clk 0:10:00] } 2. Nf3 { [%clk 0:09:59] }
2... d5 { [%clk 0:09:58] } 3. Bf4 { [%clk 0:09:57] } 3... Bf5
{ [%clk 0:09:57] } 4. e3 { [%clk 0:09:56] } 4... e6 { [%clk 0:09:56] } 5. c3
{ [%clk 0:09:56] } 5... c6 { [%clk 0:09:54] } 6. Bd3 { [%clk 0:09:54] } 6...
Bg6 { [%clk 0:09:52] } 7. Qc2 { [%clk 0:09:53] } 7... Ne4 { [%clk 0:09:47] } 8.
Nbd2 { [%clk 0:09:48] } 8... Nxd2 { [%clk 0:09:44] } 9. Qxd2 { [%clk 0:09:47] }
9... Nd7 { [%clk 0:09:41] } 10. Bxg6 { [%clk 0:09:44] } 10... hxg6
{ [%clk 0:09:40] } 11. Ng5 { [%clk 0:09:40] } 11... Qf6 { [%clk 0:09:36] } 12.
h4 { [%clk 0:09:32] } 12... Nb6 { [%clk 0:09:34] } 13. b3 { [%clk 0:09:30] }
13... Be7 { [%clk 0:09:26] } 14. Be5 { [%clk 0:09:27] } 14... Qf5
{ [%clk 0:09:19] } 15. Bxg7 { [%clk 0:08:48] } 15... Rh5 { [%clk 0:09:16] } 16.
f4 { [%clk 0:08:37] } 16... O-O-O { [%clk 0:09:05] } 17. O-O-O
{ [%clk 0:08:30] } 17... Rg8 { [%clk 0:08:55] } 18. Be5 { [%clk 0:08:19] }
18... f6 { [%clk 0:08:51] } 19. Bxf6 { [%clk 0:07:33] } 19... Bxf6
{ [%clk 0:08:48] } 20. Qe2 { [%clk 0:07:27] } 20... Bxg5 { [%clk 0:08:29] } 21.
hxg5 { [%clk 0:07:25] } 21... Rxh1 { [%clk 0:08:24] } 22. Rxh1
{ [%clk 0:07:25] } 22... Nd7 { [%clk 0:08:17] } 23. Kd2 { [%clk 0:07:04] }
23... Qf8 { [%clk 0:08:10] } 24. Qg4 { [%clk 0:07:00] } 24... Qf7
{ [%clk 0:07:53] } 25. Qh4 { [%clk 0:06:50] } 25... Rg7 { [%clk 0:07:47] } 26.
g4 { [%clk 0:06:43] } 26... Nf8 { [%clk 0:07:44] } 27. Qh8 { [%clk 0:05:51] }
27... Kd7 { [%clk 0:07:35] } 28. Kd3 { [%clk 0:05:37] } 28... Ke7
{ [%clk 0:07:29] } 29. c4 { [%clk 0:05:30] } 29... Rh7 { [%clk 0:07:02] } 30.
Rxh7 { [%clk 0:05:03] } 30... Qxh7 { [%clk 0:07:00] } 31. Qf6+
{ [%clk 0:05:01] } 31... Ke8 { [%clk 0:06:45] } 32. cxd5 { [%clk 0:04:59] }
32... exd5 { [%clk 0:06:36] } 33. Kc3 { [%clk 0:04:50] } 33... Qe7
{ [%clk 0:06:29] } 34. Qe5 { [%clk 0:04:21] } 34... Kf7 { [%clk 0:06:12] } 35.
f5 { [%clk 0:03:54] } 35... gxf5 { [%clk 0:05:57] } 36. Qxf5+
{ [%clk 0:03:50] } 36... Ke8 { [%clk 0:05:48] } 37. Qc8+ { [%clk 0:03:47] }
37... Kf7 { [%clk 0:05:44] } 38. Qf5+ { [%clk 0:03:43] } 38... Kg8
{ [%clk 0:05:42] } 39. Kd3 { [%clk 0:03:28] } 39... a6 { [%clk 0:05:34] } 40.
g6 { [%clk 0:03:17] } 40... Qg7 { [%clk 0:05:26] } 41. e4 { [%clk 0:02:42] }
41... Nxg6 { [%clk 0:05:09] } 42. exd5 { [%clk 0:02:33] } 42... cxd5
{ [%clk 0:04:59] } 43. Qxd5+ { [%clk 0:02:32] } 43... Qf7 { [%clk 0:04:54] }
44. Qd8+ { [%clk 0:02:25] } 44... Kg7 { [%clk 0:04:51] } 45. d5
{ [%clk 0:02:15] } 45... Qf3+ { [%clk 0:04:36] } 46. Kc4 { [%clk 0:02:11] }
46... Qxg4+ { [%clk 0:04:34] } 47. Kc5 { [%clk 0:02:09] } 47... Qg1+
{ [%clk 0:04:08] } 48. Kd6 { [%clk 0:02:01] } 48... Qg3+ { [%clk 0:03:57] } 49.
Kc5 { [%clk 0:01:55] } 49... Qe3+ { [%clk 0:03:48] } 50. Kd6 { [%clk 0:01:52] }
50... b6 { [%clk 0:03:11] } 51. Qd7+ { [%clk 0:01:45] } 51... Kh6
{ [%clk 0:03:10] } 52. Kc7 { [%clk 0:01:32] } 52... b5 { [%clk 0:02:34] } 53.
Kb7 { [%clk 0:01:24] } 53... b4 { [%clk 0:01:50] } 54. Kxa6 { [%clk 0:01:16] }
54... Qe2+ { [%clk 0:01:48] } 55. Ka5 { [%clk 0:01:13] } 55... Qxa2+
{ [%clk 0:01:47] } 56. Kxb4 { [%clk 0:01:12] } 56... Qd2+ { [%clk 0:01:45] }
57. Kb5 { [%clk 0:01:06] } 57... Qd3+ { [%clk 0:01:43] } 58. Ka4
{ [%clk 0:01:03] } 58... Qa6+ { [%clk 0:01:41] } 59. Kb4 { [%clk 0:00:59] }
59... Qb6+ { [%clk 0:01:38] } 60. Qb5 { [%clk 0:00:58] } 60... Qd4+
{ [%clk 0:01:28] } 61. Qc4 { [%clk 0:00:57] } 61... Qd2+ { [%clk 0:01:25] } 62.
Qc3 { [%clk 0:00:56] } 62... Qf4+ { [%clk 0:01:21] } 63. Qc4 { [%clk 0:00:55] }
63... Qd6+ { [%clk 0:01:15] } 64. Qc5 { [%clk 0:00:54] } 64... Qf4+
{ [%clk 0:01:05] } 65. Qc4 { [%clk 0:00:53] } 65... Qd2+ { [%clk 0:00:59] } 66.
Kb5 { [%clk 0:00:50] } 66... Qf4 { [%clk 0:00:50] } 67. b4 { [%clk 0:00:49] }
67... Qb8+ { [%clk 0:00:47] } 68. Ka4 { [%clk 0:00:47] } 68... Qa7+
{ [%clk 0:00:43] } 69. Kb3 { [%clk 0:00:46] } 69... Qe3+ { [%clk 0:00:43] } 70.
Qc3 { [%clk 0:00:45] } 70... Qe7 { [%clk 0:00:26] } 71. Qh3+ { [%clk 0:00:43] }
71... Kg7 { [%clk 0:00:24] } 72. Qc3+ { [%clk 0:00:40] } 72... Kf8
{ [%clk 0:00:20] } 73. Qf3+ { [%clk 0:00:38] } 73... Ke8 { [%clk 0:00:18] } 74.
Qc3 { [%clk 0:00:36] } 74... Ne5 { [%clk 0:00:15] } 75. Qc8+ { [%clk 0:00:34] }
75... Kf7 { [%clk 0:00:13] } 76. Qf5+ { [%clk 0:00:32] } 76... Ke8
{ [%clk 0:00:13] } 77. Qh5+ { [%clk 0:00:30] } 77... Kd7 { [%clk 0:00:12] } 78.
Qh3+ { [%clk 0:00:28] } 78... Kd6 { [%clk 0:00:11] } 79. Qh6+
{ [%clk 0:00:25] } 79... Kxd5 { [%clk 0:00:07] } 80. Qd2+ { [%clk 0:00:22] }
80... Ke6 { [%clk 0:00:06] } 81. Qh6+ { [%clk 0:00:19] } 81... Qf6
{ [%clk 0:00:06] } 82. Qxf6+ { [%clk 0:00:17] } 82... Kxf6 { [%clk 0:00:05] }
83. Ka4 { [%clk 0:00:16] } 83... Ke6 { [%clk 0:00:04] } 84. Kb5
{ [%clk 0:00:14] } 84... Kd7 { [%clk 0:00:04] } 85. Kc5 { [%clk 0:00:13] }
85... Kc8 { [%clk 0:00:03] } 86. Kd6 { [%clk 0:00:13] } 86... Nd7
{ [%clk 0:00:03] } 87. Kc6 { [%clk 0:00:11] } 87... Nb8+ { [%clk 0:00:02] } 88.
Kb6 { [%clk 0:00:09] } 88... Kd7 { [%clk 0:00:01] } 89. b5 { [%clk 0:00:09] }
1-0"
Rated Rapid game,https://lichess.org/qTaS2JuF,2024.08.01,-,Blunder_king-9619,burrin,1-0,2024.08.01,08:43:03,1616,1629,,,D20,Queen's Gambit Accepted: Old Variation,600+0,Normal,"1. d4 { [%clk 0:10:00] } 1... d5 { [%clk 0:10:00] } 2. c4 { [%clk 0:09:59] }
2... dxc4 { [%clk 0:09:58] } 3. e3 { [%clk 0:09:58] } 3... b5
{ [%clk 0:09:41] } 4. a4 { [%clk 0:09:55] } 4... Bd7 { [%clk 0:08:35] } 5. axb5
{ [%clk 0:09:51] } 5... Bxb5 { [%clk 0:08:32] } 6. Nc3 { [%clk 0:09:50] } 6...
c6 { [%clk 0:08:29] } 7. Nxb5 { [%clk 0:09:47] } 7... cxb5 { [%clk 0:08:23] }
8. Qf3 { [%clk 0:09:41] } 8... Nd7 { [%clk 0:08:21] } 9. Qc6 { [%clk 0:09:39] }
9... Nf6 { [%clk 0:07:53] } 10. Qxb5 { [%clk 0:09:36] } 10... e6
{ [%clk 0:07:32] } 11. Bxc4 { [%clk 0:09:34] } 11... Ne4 { [%clk 0:07:26] } 12.
Nf3 { [%clk 0:09:07] } 12... Bd6 { [%clk 0:07:11] } 13. O-O { [%clk 0:09:04] }
13... O-O { [%clk 0:07:10] } 14. Nd2 { [%clk 0:08:51] } 14... Nef6
{ [%clk 0:06:22] } 15. Bd3 { [%clk 0:08:37] } 15... Bxh2+ { [%clk 0:06:04] }
16. Kxh2 { [%clk 0:08:35] } 16... Ng4+ { [%clk 0:06:02] } 17. Kg1
{ [%clk 0:08:33] } 17... Qh4 { [%clk 0:06:01] } 18. Nf3 { [%clk 0:08:19] }
18... Qe7 { [%clk 0:05:49] } 19. e4 { [%clk 0:08:01] } 19... f5
{ [%clk 0:05:41] } 20. exf5 { [%clk 0:07:34] } 20... exf5 { [%clk 0:05:38] }
21. Bxf5 { [%clk 0:07:29] } 21... Ndf6 { [%clk 0:05:36] } 22. Bg5
{ [%clk 0:07:13] } 22... h6 { [%clk 0:05:33] } 23. Bxf6 { [%clk 0:07:08] }
23... Rxf6 { [%clk 0:05:30] } 24. Qd5+ { [%clk 0:07:05] } 24... Kh8
{ [%clk 0:05:27] } 25. Qxa8+ { [%clk 0:07:03] } 25... Rf8 { [%clk 0:05:23] }
26. Qxa7 { [%clk 0:06:57] } 26... Qd6 { [%clk 0:05:11] } 27. Bxg4
{ [%clk 0:06:55] } 1-0"
Rated Rapid game,https://lichess.org/v17iXNCW,2024.08.01,-,momot74,chinez_7,0-1,2024.08.01,08:43:03,1661,1659,,,C44,"Scotch Game: Scotch Gambit, London Defense",600+0,Normal,"1. e4 { [%clk 0:10:00] } 1... e5 { [%clk 0:10:00] } 2. Nf3 { [%clk 0:09:58] }
2... Nc6 { [%clk 0:09:59] } 3. d4 { [%clk 0:09:55] } 3... exd4
{ [%clk 0:09:57] } 4. Bc4 { [%clk 0:09:52] } 4... Bb4+ { [%clk 0:09:48] } 5.
Bd2 { [%clk 0:09:46] } 5... Bxd2+ { [%clk 0:09:46] } 6. Nbxd2
{ [%clk 0:09:46] } 6... Nge7 { [%clk 0:09:40] } 7. Nxd4 { [%clk 0:09:26] } 7...
Nxd4 { [%clk 0:09:38] } 0-1"
Rated Rapid game,https://lichess.org/g9nBMqmh,2024.08.01,-,gimmee,hunter0920,0-1,2024.08.01,08:43:03,1004,1042,,,C41,Philidor Defense,600+0,Normal,"1. e4 { [%clk 0:10:00] } 1... e5 { [%clk 0:10:00] } 2. Nf3 { [%clk 0:09:56] }
2... d6 { [%clk 0:09:59] } 3. Bc4 { [%clk 0:09:48] } 3... Bg4
{ [%clk 0:09:56] } 4. h3 { [%clk 0:09:43] } 4... Bxf3 { [%clk 0:09:55] } 5.
Qxf3 { [%clk 0:09:42] } 5... Nf6 { [%clk 0:09:53] } 6. O-O { [%clk 0:09:34] }
6... Be7 { [%clk 0:09:50] } 7. d3 { [%clk 0:09:18] } 7... Nc6
{ [%clk 0:09:49] } 8. Bg5 { [%clk 0:09:01] } 8... Nd4 { [%clk 0:09:46] } 9. Qe3
{ [%clk 0:08:33] } 9... Nxc2 { [%clk 0:09:43] } 10. Qf3 { [%clk 0:08:04] }
10... Nxa1 { [%clk 0:09:37] } 11. Bxf6 { [%clk 0:08:03] } 11... Bxf6
{ [%clk 0:09:35] } 12. Qh5 { [%clk 0:07:55] } 12... g6 { [%clk 0:09:30] } 13.
Qh6 { [%clk 0:07:47] } 13... Nc2 { [%clk 0:09:20] } 0-1"
Rated Rapid game,https://lichess.org/HtVpGLih,2024.08.01,-,Qpsx,IJEm,1-0,2024.08.01,08:43:03,963,866,,,B00,"Nimzowitsch Defense: Kennedy Variation, Linksspringer Variation",600+0,Time forfeit,"1. e4 { [%clk 0:10:00] } 1... e5 { [%clk 0:10:00] } 2. d4 { [%clk 0:09:53] }
2... Nc6 { [%clk 0:09:54] } 3. d5 { [%clk 0:09:52] } 3... Nd4
{ [%clk 0:09:42] } 4. c3 { [%clk 0:09:46] } 4... c5 { [%clk 0:09:12] } 5. cxd4
{ [%clk 0:09:43] } 5... Qa5+ { [%clk 0:09:09] } 6. Bd2 { [%clk 0:09:38] } 6...
Qb6 { [%clk 0:08:50] } 7. dxe5 { [%clk 0:09:17] } 7... d6 { [%clk 0:08:41] } 8.
Bc3 { [%clk 0:08:57] } 8... dxe5 { [%clk 0:08:16] } 9. Bxe5 { [%clk 0:08:55] }
9... c4 { [%clk 0:08:11] } 10. Bxc4 { [%clk 0:08:52] } 10... Bb4+
{ [%clk 0:08:03] } 11. Nd2 { [%clk 0:08:49] } 11... Bc5 { [%clk 0:07:46] } 12.
Bxg7 { [%clk 0:08:33] } 12... Bxf2+ { [%clk 0:07:43] } 13. Kf1
{ [%clk 0:08:31] } 13... Bxg1 { [%clk 0:07:07] } 14. Rxg1 { [%clk 0:08:22] }
14... Bh3 { [%clk 0:06:45] } 15. gxh3 { [%clk 0:08:13] } 15... Qg6
{ [%clk 0:06:38] } 16. Rxg6 { [%clk 0:08:10] } 16... hxg6 { [%clk 0:06:36] }
17. Bxh8 { [%clk 0:08:09] } 17... Ke7 { [%clk 0:06:29] } 18. Qb3
{ [%clk 0:08:00] } 18... Nh6 { [%clk 0:06:24] } 19. Qxb7+ { [%clk 0:07:58] }
19... Kd6 { [%clk 0:06:22] } 20. Qxa8 { [%clk 0:07:57] } 20... Kc5
{ [%clk 0:06:20] } 21. Qc8+ { [%clk 0:07:54] } 21... Kb4 { [%clk 0:06:16] } 22.
b3 { [%clk 0:07:46] } 1-0"
Rated Rapid game,https://lichess.org/u7hjHshR,2024.08.01,-,officialJoe,BertoLawson,0-1,2024.08.01,08:43:03,2045,2088,,,B01,Scandinavian Defense,600+0,Normal,"1. e4 { [%eval 0.15] [%clk 0:10:00] } 1... d5 { [%eval 0.54] [%clk 0:10:00] }
2. e5 { [%eval 0.0] [%clk 0:09:57] } 2... c5 { [%eval 0.0] [%clk 0:09:56] } 3.
c4 { [%eval -0.53] [%clk 0:09:48] } 3... Nc6 { [%eval -0.53] [%clk 0:09:39] }
4. Nf3 { [%eval -0.58] [%clk 0:09:40] } 4... Bf5 $6
{ [%eval 0.25] [%clk 0:08:58] } 5. cxd5 { [%eval -0.27] [%clk 0:09:35] } 5...
Qxd5 { [%eval -0.17] [%clk 0:08:54] } 6. Nc3 { [%eval -0.29] [%clk 0:09:34] }
6... Qd8 $6 { [%eval 0.55] [%clk 0:08:41] } 7. Bb5
{ [%eval 0.42] [%clk 0:09:33] } 7... e6 { [%eval 0.6] [%clk 0:08:26] } 8. Qa4
$2 { [%eval -0.53] [%clk 0:09:29] } 8... Ne7 { [%eval -0.33] [%clk 0:08:20] }
9. Nh4 $2 { [%eval -1.97] [%clk 0:09:06] } 9... Bg6 $2
{ [%eval -0.78] [%clk 0:08:07] } 10. Nxg6 { [%eval -0.76] [%clk 0:09:04] }
10... hxg6 { [%eval -0.54] [%clk 0:08:07] } 11. Ne4
{ [%eval -0.6] [%clk 0:08:57] } 11... Qd5 { [%eval -0.55] [%clk 0:06:25] } 12.
Nd6+ { [%eval -0.66] [%clk 0:08:41] } 12... Kd7
{ [%eval -0.62] [%clk 0:06:22] } 13. Nxf7 $2 { [%eval -2.27] [%clk 0:08:26] }
13... Qxg2 { [%eval -2.27] [%clk 0:06:12] } 14. Rf1
{ [%eval -2.13] [%clk 0:08:12] } 14... Rxh2 { [%eval -2.41] [%clk 0:06:07] }
15. d3 $2 { [%eval -3.64] [%clk 0:07:58] } 15... Rh1
{ [%eval -3.41] [%clk 0:06:00] } 16. Rxh1 { [%eval -3.84] [%clk 0:07:43] }
16... Qxh1+ { [%eval -3.72] [%clk 0:06:00] } 17. Kd2
{ [%eval -3.89] [%clk 0:07:18] } 17... Qf3 { [%eval -3.67] [%clk 0:05:45] } 18.
Ke1 $6 { [%eval -4.6] [%clk 0:07:12] } 18... Qxf7
{ [%eval -4.6] [%clk 0:05:41] } 19. Be3 { [%eval -4.64] [%clk 0:07:10] } 19...
Nd5 { [%eval -4.36] [%clk 0:05:39] } 20. Rc1 { [%eval -4.91] [%clk 0:06:58] }
20... Nxe3 { [%eval -4.89] [%clk 0:05:35] } 21. fxe3
{ [%eval -4.89] [%clk 0:06:58] } 21... Qf3 { [%eval -4.76] [%clk 0:05:32] } 22.
e4 { [%eval -5.05] [%clk 0:06:23] } 22... Qe3+ { [%eval -4.99] [%clk 0:05:22] }
23. Kd1 { [%eval -4.99] [%clk 0:06:21] } 23... a6
{ [%eval -4.77] [%clk 0:04:42] } 24. Bxc6+ { [%eval -4.94] [%clk 0:06:13] }
24... bxc6 { [%eval -4.78] [%clk 0:04:42] } 25. Kc2
{ [%eval -5.14] [%clk 0:05:53] } 25... Qd4 { [%eval -5.09] [%clk 0:04:37] } 26.
Qb3 { [%eval -5.02] [%clk 0:05:45] } 26... Qb4 { [%eval -5.02] [%clk 0:04:34] }
0-1"
Rated Rapid game,https://lichess.org/xq9tIL1A,2024.08.01,-,mehmetizmir,pastopranno,1-0,2024.08.01,08:43:03,1710,1697,,,B01,Scandinavian Defense: Mieses-Kotroc Variation,600+0,Normal,"1. e4 { [%clk 0:10:00] } 1... d5 { [%clk 0:10:00] } 2. exd5 { [%clk 0:09:58] }
2... Qxd5 { [%clk 0:09:57] } 3. Nf3 { [%clk 0:09:56] } 3... Nf6
{ [%clk 0:09:53] } 4. Be2 { [%clk 0:09:53] } 4... e6 { [%clk 0:09:50] } 5. O-O
{ [%clk 0:09:49] } 5... Be7 { [%clk 0:09:49] } 6. d4 { [%clk 0:09:46] } 6...
O-O { [%clk 0:09:47] } 7. c3 { [%clk 0:09:42] } 7... b6 { [%clk 0:09:30] } 8.
Ne5 { [%clk 0:09:37] } 8... Bb7 { [%clk 0:09:25] } 9. Bf3 { [%clk 0:09:33] }
9... Qxf3 { [%clk 0:08:59] } 10. gxf3 { [%clk 0:09:29] } 10... Bd6
{ [%clk 0:08:58] } 11. Qd3 { [%clk 0:09:07] } 11... Rd8 { [%clk 0:08:36] } 12.
f4 { [%clk 0:09:02] } 12... Nd5 { [%clk 0:08:26] } 13. Qg3 { [%clk 0:08:53] }
13... Ne7 { [%clk 0:08:12] } 14. Nd2 { [%clk 0:08:35] } 14... Nf5
{ [%clk 0:08:10] } 15. Qg5 { [%clk 0:08:29] } 15... Be7 { [%clk 0:08:04] } 16.
Qh5 { [%clk 0:08:19] } 16... Nc6 { [%clk 0:07:41] } 17. Qxf7+
{ [%clk 0:08:16] } 17... Kh8 { [%clk 0:07:39] } 18. Qh5 { [%clk 0:07:56] }
18... Nxe5 { [%clk 0:06:43] } 19. fxe5 { [%clk 0:07:52] } 19... Bc6
{ [%clk 0:06:21] } 20. Nf3 { [%clk 0:07:46] } 20... Be8 { [%clk 0:06:18] } 21.
Qh3 { [%clk 0:07:40] } 21... Bg6 { [%clk 0:05:54] } 22. Bg5 { [%clk 0:07:37] }
22... Bxg5 { [%clk 0:05:49] } 23. Nxg5 { [%clk 0:07:35] } 23... Rf8
{ [%clk 0:05:41] } 24. Nxe6 { [%clk 0:07:30] } 1-0"
Rated Rapid game,https://lichess.org/5vGAq8oC,2024.08.01,-,tientienpham123,top4ik22840,1-0,2024.08.01,08:43:03,1970,1889,,,A45,Indian Defense: Tartakower Attack,600+0,Normal,"1. d4 { [%clk 0:10:00] } 1... Nf6 { [%clk 0:10:00] } 2. g3 { [%clk 0:09:59] }
2... d5 { [%clk 0:09:55] } 3. Bg2 { [%clk 0:09:59] } 3... Nc6
{ [%clk 0:09:52] } 4. c4 { [%clk 0:09:59] } 4... e6 { [%clk 0:09:43] } 5. cxd5
{ [%clk 0:09:52] } 5... Nxd5 { [%clk 0:09:37] } 6. Nc3 { [%clk 0:09:52] } 6...
Bb4 { [%clk 0:09:30] } 7. Qb3 { [%clk 0:09:46] } 7... Nxd4 { [%clk 0:09:13] }
8. Qa4+ { [%clk 0:09:30] } 8... Bd7 { [%clk 0:09:07] } 9. Qd1
{ [%clk 0:09:23] } 9... Qf6 { [%clk 0:08:24] } 10. Bxd5 { [%clk 0:09:09] }
10... exd5 { [%clk 0:08:00] } 11. Bd2 { [%clk 0:09:07] } 11... O-O
{ [%clk 0:07:06] } 12. Nxd5 { [%clk 0:08:40] } 12... Bxd2+ { [%clk 0:06:36] }
13. Qxd2 { [%clk 0:08:40] } 13... Qe5 { [%clk 0:06:07] } 14. Ne7+
{ [%clk 0:08:28] } 14... Kh8 { [%clk 0:05:42] } 15. O-O-O { [%clk 0:07:29] }
15... Nxe2+ { [%clk 0:05:14] } 16. Qxe2 { [%clk 0:06:42] } 16... Qc5+
{ [%clk 0:04:24] } 17. Kb1 { [%clk 0:06:20] } 17... Rae8 { [%clk 0:04:15] } 18.
Rxd7 { [%clk 0:06:10] } 18... Rxe7 { [%clk 0:03:17] } 19. Qxe7
{ [%clk 0:05:49] } 19... Qxe7 { [%clk 0:01:48] } 20. Rxe7 { [%clk 0:05:49] }
20... Rd8 { [%clk 0:01:48] } 21. Nf3 { [%clk 0:05:44] } 21... Kg8
{ [%clk 0:01:43] } 22. Rxc7 { [%clk 0:05:40] } 22... b6 { [%clk 0:01:33] } 23.
Rxa7 { [%clk 0:05:24] } 23... f5 { [%clk 0:01:33] } 24. Re1 { [%clk 0:05:21] }
24... Kf8 { [%clk 0:01:25] } 25. Ree7 { [%clk 0:05:07] } 25... Rd1+
{ [%clk 0:01:17] } 26. Kc2 { [%clk 0:04:56] } 26... Rf1 { [%clk 0:01:11] } 27.
Reb7 { [%clk 0:04:24] } 27... Rxf2+ { [%clk 0:01:09] } 28. Kb3
{ [%clk 0:04:23] } 28... Rxf3+ { [%clk 0:01:09] } 29. Kb4 { [%clk 0:04:21] }
29... Re3 { [%clk 0:00:59] } 30. Ra8+ { [%clk 0:04:15] } 30... Re8
{ [%clk 0:00:59] } 31. Rxe8+ { [%clk 0:04:14] } 31... Kxe8 { [%clk 0:00:59] }
32. Rxg7 { [%clk 0:04:14] } 32... h6 { [%clk 0:00:54] } 33. h4
{ [%clk 0:04:13] } 33... Kf8 { [%clk 0:00:53] } 34. Rb7 { [%clk 0:04:11] }
34... Ke8 { [%clk 0:00:53] } 35. a4 { [%clk 0:04:10] } 35... Kd8
{ [%clk 0:00:52] } 36. Kb5 { [%clk 0:04:09] } 36... Kc8 { [%clk 0:00:52] } 37.
Kxb6 { [%clk 0:04:09] } 37... Kd8 { [%clk 0:00:50] } 38. Kc6 { [%clk 0:04:07] }
38... Ke8 { [%clk 0:00:50] } 39. Kd6 { [%clk 0:04:07] } 39... Kf8
{ [%clk 0:00:49] } 40. Ke6 { [%clk 0:04:06] } 40... Ke8 { [%clk 0:00:49] } 41.
Rb8# { [%clk 0:03:26] } 1-0"
Rated Rapid game,https://lichess.org/P57A4Bps,2024.08.01,-,Gabrielvnzla,Parmono9,1-0,2024.08.01,08:43:03,1670,1680,,,C41,Philidor Defense,600+0,Normal,"1. e4 { [%clk 0:10:00] } 1... e5 { [%clk 0:10:00] } 2. Nf3 { [%clk 0:09:59] }
2... d6 { [%clk 0:10:00] } 3. Bc4 { [%clk 0:09:57] } 3... Be7
{ [%clk 0:10:00] } 4. Nc3 { [%clk 0:09:55] } 4... Nf6 { [%clk 0:10:00] } 5. d3
{ [%clk 0:09:50] } 5... O-O { [%clk 0:10:00] } 6. Nd5 { [%clk 0:09:49] } 6...
c6 { [%clk 0:10:00] } 7. Nxf6+ { [%clk 0:09:44] } 7... Bxf6 { [%clk 0:09:58] }
8. a3 { [%clk 0:09:35] } 8... Be6 { [%clk 0:09:57] } 9. Bxe6 { [%clk 0:09:15] }
9... fxe6 { [%clk 0:09:57] } 10. c3 { [%clk 0:09:15] } 10... d5
{ [%clk 0:09:56] } 11. Be3 { [%clk 0:08:57] } 11... d4 { [%clk 0:09:54] } 12.
cxd4 { [%clk 0:08:52] } 12... exd4 { [%clk 0:09:52] } 13. Bf4
{ [%clk 0:08:41] } 13... e5 { [%clk 0:09:52] } 14. Bxe5 { [%clk 0:08:34] }
14... Bxe5 { [%clk 0:09:50] } 15. Nxe5 { [%clk 0:08:33] } 15... Qf6
{ [%clk 0:09:48] } 16. Nf3 { [%clk 0:08:08] } 16... c5 { [%clk 0:09:48] } 17.
O-O { [%clk 0:08:05] } 17... Nc6 { [%clk 0:09:46] } 18. b4 { [%clk 0:07:40] }
18... b6 { [%clk 0:09:40] } 19. b5 { [%clk 0:07:33] } 19... Ne7
{ [%clk 0:09:35] } 20. a4 { [%clk 0:07:32] } 20... Ng6 { [%clk 0:09:33] } 21.
Qb3+ { [%clk 0:06:24] } 21... Kh8 { [%clk 0:09:31] } 22. Qd5 { [%clk 0:06:22] }
22... Rae8 { [%clk 0:09:25] } 23. Qb7 { [%clk 0:05:59] } 23... Re7
{ [%clk 0:09:19] } 24. Qc6 { [%clk 0:05:23] } 24... Nf4 { [%clk 0:08:53] } 25.
Qxf6 { [%clk 0:05:00] } 25... gxf6 { [%clk 0:08:50] } 26. Rad1
{ [%clk 0:04:57] } 26... Rg7 { [%clk 0:08:47] } 27. g3 { [%clk 0:04:49] } 27...
Rfg8 { [%clk 0:08:46] } 28. Kh1 { [%clk 0:04:31] } 28... Ne2 { [%clk 0:08:44] }
29. Nh4 { [%clk 0:04:10] } 29... Nc3 { [%clk 0:08:37] } 30. Ra1
{ [%clk 0:03:58] } 30... Rg4 { [%clk 0:08:35] } 31. Nf5 { [%clk 0:03:53] }
31... R8g6 { [%clk 0:08:02] } 32. f3 { [%clk 0:03:27] } 32... R4g5
{ [%clk 0:07:55] } 33. f4 { [%clk 0:03:19] } 33... Rg4 { [%clk 0:07:52] } 34.
h3 { [%clk 0:03:05] } 34... Rxg3 { [%clk 0:07:37] } 35. Nxg3 { [%clk 0:03:04] }
35... Rxg3 { [%clk 0:07:35] } 36. Rg1 { [%clk 0:03:03] } 36... Rxh3+
{ [%clk 0:07:30] } 37. Kg2 { [%clk 0:03:02] } 37... Rxd3 { [%clk 0:07:29] } 38.
e5 { [%clk 0:02:46] } 38... fxe5 { [%clk 0:07:23] } 39. fxe5 { [%clk 0:02:45] }
39... Re3 { [%clk 0:07:21] } 40. Rge1 { [%clk 0:02:40] } 40... Nd5
{ [%clk 0:07:03] } 41. Rxe3 { [%clk 0:02:18] } 41... Nxe3+ { [%clk 0:07:00] }
42. Kf3 { [%clk 0:02:13] } 42... Kg7 { [%clk 0:06:57] } 43. Ke4
{ [%clk 0:02:02] } 43... Kf7 { [%clk 0:06:52] } 44. Rh1 { [%clk 0:01:52] }
44... Kg6 { [%clk 0:06:35] } 45. e6 { [%clk 0:01:49] } 45... Nc4
{ [%clk 0:06:27] } 46. e7 { [%clk 0:01:34] } 46... Kf7 { [%clk 0:06:24] } 47.
Rxh7+ { [%clk 0:01:31] } 47... Ke8 { [%clk 0:06:24] } 48. Kd5
{ [%clk 0:01:13] } 48... Ne3+ { [%clk 0:06:09] } 49. Ke6 { [%clk 0:01:05] }
49... Nf5 { [%clk 0:05:47] } 50. Rh8# { [%clk 0:01:02] } 1-0"
Rated Rapid game,https://lichess.org/yCTIHQbI,2024.08.01,-,Crocodilo_do_chess,Blizniak29,1-0,2024.08.01,08:43:03,1768,1834,,,A45,Trompowsky Attack,600+0,Normal,"1. d4 { [%eval 0.16] [%clk 0:10:00] } 1... Nf6 { [%eval 0.17] [%clk 0:10:00] }
2. Bg5 { [%eval 0.0] [%clk 0:09:55] } 2... Ne4 { [%eval 0.18] [%clk 0:09:57] }
3. Bf4 { [%eval 0.2] [%clk 0:09:49] } 3... e5 $6
{ [%eval 0.93] [%clk 0:09:42] } 4. Bxe5 { [%eval 0.57] [%clk 0:09:45] } 4...
Bb4+ $2 { [%eval 2.05] [%clk 0:09:40] } 5. c3 { [%eval 1.93] [%clk 0:09:42] }
5... Ba5 $6 { [%eval 2.72] [%clk 0:09:39] } 6. f3 $6
{ [%eval 1.96] [%clk 0:09:36] } 6... Qh4+ $2 { [%eval 4.47] [%clk 0:09:34] } 7.
g3 { [%eval 4.51] [%clk 0:09:32] } 7... Nxg3 { [%eval 4.76] [%clk 0:09:33] } 8.
Bxg3 { [%eval 4.7] [%clk 0:09:30] } 8... Qf6 { [%eval 4.65] [%clk 0:09:23] } 9.
b4 { [%eval 4.04] [%clk 0:09:19] } 9... Bb6 { [%eval 3.98] [%clk 0:09:20] } 10.
Bg2 { [%eval 3.71] [%clk 0:09:11] } 10... O-O { [%eval 4.04] [%clk 0:09:19] }
11. Nh3 { [%eval 3.89] [%clk 0:09:06] } 11... d5
{ [%eval 3.88] [%clk 0:09:17] } 12. O-O { [%eval 3.99] [%clk 0:09:02] } 12...
Qh6 { [%eval 4.21] [%clk 0:09:08] } 13. Nf4 { [%eval 4.13] [%clk 0:08:57] }
13... Nd7 { [%eval 4.57] [%clk 0:08:58] } 14. Nxd5
{ [%eval 4.76] [%clk 0:08:55] } 14... c6 { [%eval 5.11] [%clk 0:08:52] } 15.
Nxb6 { [%eval 4.87] [%clk 0:08:49] } 15... axb6 { [%eval 4.73] [%clk 0:08:50] }
16. Qd2 { [%eval 4.65] [%clk 0:08:47] } 16... Qg6
{ [%eval 4.64] [%clk 0:08:44] } 17. a4 { [%eval 4.75] [%clk 0:08:40] } 17... c5
{ [%eval 5.06] [%clk 0:08:43] } 18. dxc5 { [%eval 4.42] [%clk 0:08:28] } 18...
bxc5 { [%eval 4.79] [%clk 0:08:42] } 19. bxc5 { [%eval 4.05] [%clk 0:08:27] }
19... Nxc5 { [%eval 4.32] [%clk 0:08:40] } 20. a5 $2
{ [%eval 1.86] [%clk 0:08:21] } 20... Nb3 { [%eval 1.84] [%clk 0:08:39] } 21.
Qa2 { [%eval 1.8] [%clk 0:08:17] } 21... Nxa1 { [%eval 1.76] [%clk 0:08:36] }
22. Qxa1 { [%eval 1.75] [%clk 0:08:17] } 22... f5 $2
{ [%eval 2.99] [%clk 0:08:29] } 23. f4 { [%eval 3.09] [%clk 0:08:10] } 23... h5
{ [%eval 3.38] [%clk 0:08:23] } 24. Kh1 { [%eval 2.73] [%clk 0:07:56] } 24...
Re8 { [%eval 2.68] [%clk 0:08:11] } 25. Re1 { [%eval 2.53] [%clk 0:07:51] }
25... Re3 $6 { [%eval 3.46] [%clk 0:07:56] } 26. c4
{ [%eval 3.48] [%clk 0:07:44] } 26... Rxg3 { [%eval 3.46] [%clk 0:07:54] } 27.
hxg3 { [%eval 3.37] [%clk 0:07:42] } 27... Qxg3 { [%eval 3.41] [%clk 0:07:53] }
28. Rf1 { [%eval 3.18] [%clk 0:07:36] } 28... Be6
{ [%eval 3.53] [%clk 0:07:33] } 29. Qc3 { [%eval 3.47] [%clk 0:07:34] } 29...
Ra6 $4 { [%eval 6.91] [%clk 0:07:21] } 30. Qxg3 { [%eval 6.87] [%clk 0:07:32] }
1-0"
Rated Rapid game,https://lichess.org/b34Qodhb,2024.08.01,-,BaurzhanDosanov,Hufnagel,0-1,2024.08.01,08:43:03,1733,1690,,,D00,Queen's Pawn Game: Accelerated London System,600+0,Normal,"1. d4 { [%clk 0:10:00] } 1... d5 { [%clk 0:10:00] } 2. Bf4 { [%clk 0:09:58] }
2... Nf6 { [%clk 0:09:50] } 3. e3 { [%clk 0:09:56] } 3... e6 { [%clk 0:09:49] }
4. Nd2 { [%clk 0:09:54] } 4... c6 { [%clk 0:09:46] } 5. Bd3 { [%clk 0:09:53] }
5... Qb6 { [%clk 0:09:41] } 6. Rb1 { [%clk 0:09:50] } 6... Nbd7
{ [%clk 0:09:40] } 7. c3 { [%clk 0:09:48] } 7... Be7 { [%clk 0:09:37] } 8. Ngf3
{ [%clk 0:09:46] } 8... O-O { [%clk 0:09:34] } 9. Bg3 { [%clk 0:09:43] } 9...
h6 { [%clk 0:09:31] } 10. Ne5 { [%clk 0:09:41] } 10... Qa5 { [%clk 0:09:18] }
11. a3 { [%clk 0:09:38] } 11... c5 { [%clk 0:08:42] } 12. Ndf3
{ [%clk 0:09:29] } 12... c4 { [%clk 0:08:39] } 13. Bc2 { [%clk 0:09:26] } 13...
Qd8 { [%clk 0:07:52] } 14. Nxd7 { [%clk 0:09:14] } 14... Bxd7
{ [%clk 0:07:47] } 15. Ne5 { [%clk 0:09:12] } 15... Bc6 { [%clk 0:07:42] } 16.
f4 { [%clk 0:09:06] } 16... Ne4 { [%clk 0:07:39] } 17. Qg4 { [%clk 0:08:56] }
17... Nf6 { [%clk 0:07:26] } 18. Qf3 { [%clk 0:08:53] } 18... Ne4
{ [%clk 0:07:18] } 19. Bf2 { [%clk 0:08:35] } 19... Bh4 { [%clk 0:07:11] } 20.
g3 { [%clk 0:08:32] } 20... Be7 { [%clk 0:07:06] } 21. h4 { [%clk 0:08:14] }
21... Kh7 { [%clk 0:07:04] } 22. g4 { [%clk 0:08:10] } 22... f6
{ [%clk 0:07:03] } 23. Nxc6 { [%clk 0:08:03] } 23... bxc6 { [%clk 0:07:01] }
24. Bxe4+ { [%clk 0:08:00] } 24... dxe4 { [%clk 0:06:59] } 25. Qxe4+
{ [%clk 0:08:00] } 25... Kg8 { [%clk 0:06:48] } 26. Qxe6+ { [%clk 0:07:58] }
26... Kh8 { [%clk 0:06:45] } 27. Qxc6 { [%clk 0:07:56] } 27... Rc8
{ [%clk 0:06:41] } 28. Qe4 { [%clk 0:07:46] } 28... Bd6 { [%clk 0:06:17] } 29.
Qg6 { [%clk 0:07:36] } 29... Re8 { [%clk 0:06:11] } 30. O-O { [%clk 0:07:18] }
30... Rg8 { [%clk 0:05:22] } 31. Kg2 { [%clk 0:07:03] } 31... Qc7
{ [%clk 0:05:13] } 32. Rfe1 { [%clk 0:06:47] } 32... Qc6+ { [%clk 0:05:09] }
33. e4 { [%clk 0:06:45] } 33... Bxf4 { [%clk 0:04:58] } 34. Kf3
{ [%clk 0:06:28] } 34... Qc7 { [%clk 0:04:47] } 35. Rh1 { [%clk 0:06:08] }
35... Rce8 { [%clk 0:04:34] } 36. Be3 { [%clk 0:06:00] } 36... Bxe3
{ [%clk 0:04:31] } 37. Kxe3 { [%clk 0:06:00] } 37... Qg3+ { [%clk 0:04:28] }
38. Ke2 { [%clk 0:05:41] } 38... Qd3+ { [%clk 0:04:24] } 39. Kf2
{ [%clk 0:05:36] } 39... Rxe4 { [%clk 0:04:21] } 40. h5 { [%clk 0:05:20] }
40... Qe2+ { [%clk 0:04:16] } 41. Kg3 { [%clk 0:05:17] } 41... Re3+
{ [%clk 0:04:09] } 42. Kh4 { [%clk 0:05:11] } 42... Qf2# { [%clk 0:04:05] } 0-1"
Rated Rapid game,https://lichess.org/bwN22zz2,2024.08.01,-,raja_minyak,Abu_Bakr_1997,1-0,2024.08.01,08:43:03,1937,1886,,,C50,"Italian Game: Classical Variation, Albin Gambit",600+0,Normal,"1. e4 { [%clk 0:10:00] } 1... e5 { [%clk 0:10:00] } 2. Nf3 { [%clk 0:09:59] }
2... Nc6 { [%clk 0:09:58] } 3. Bc4 { [%clk 0:09:57] } 3... Nf6
{ [%clk 0:09:57] } 4. O-O { [%clk 0:09:55] } 4... Bc5 { [%clk 0:09:56] } 5. c3
{ [%clk 0:09:53] } 5... a6 { [%clk 0:09:55] } 6. d4 { [%clk 0:09:52] } 6...
exd4 { [%clk 0:09:50] } 7. cxd4 { [%clk 0:09:51] } 7... Ba7 { [%clk 0:09:50] }
8. e5 { [%clk 0:09:50] } 8... Nh5 { [%clk 0:09:47] } 9. d5 { [%clk 0:09:49] }
9... Ne7 { [%clk 0:09:41] } 10. Ng5 { [%clk 0:09:45] } 10... g6
{ [%clk 0:09:36] } 11. g4 { [%clk 0:09:38] } 11... Ng7 { [%clk 0:09:34] } 12.
Nxf7 { [%clk 0:09:33] } 12... Kxf7 { [%clk 0:09:16] } 13. d6+
{ [%clk 0:09:31] } 13... Ke8 { [%clk 0:09:13] } 14. dxe7 { [%clk 0:09:29] }
14... Qxe7 { [%clk 0:09:12] } 15. Bf4 { [%clk 0:09:21] } 15... Rf8
{ [%clk 0:09:10] } 16. Bg3 { [%clk 0:09:18] } 16... h5 { [%clk 0:09:07] } 17.
Nc3 { [%clk 0:09:11] } 17... d6 { [%clk 0:08:45] } 18. Nd5 { [%clk 0:09:06] }
18... Qd7 { [%clk 0:08:41] } 19. Nf6+ { [%clk 0:09:03] } 19... Rxf6
{ [%clk 0:08:39] } 20. exf6 { [%clk 0:09:02] } 20... Ne6 { [%clk 0:08:32] } 21.
Re1 { [%clk 0:08:59] } 21... Qf7 { [%clk 0:08:17] } 22. g5 { [%clk 0:08:41] }
22... Kf8 { [%clk 0:08:13] } 23. Qe2 { [%clk 0:08:33] } 23... h4
{ [%clk 0:07:38] } 24. Bxh4 { [%clk 0:08:29] } 24... Bd7 { [%clk 0:07:21] } 25.
Bxe6 { [%clk 0:08:26] } 25... Bxe6 { [%clk 0:07:20] } 26. Qxe6
{ [%clk 0:08:25] } 26... Qh7 { [%clk 0:07:14] } 27. Qe7+ { [%clk 0:08:21] }
27... Qxe7 { [%clk 0:07:12] } 28. Rxe7 { [%clk 0:08:16] } 28... Bc5
{ [%clk 0:07:09] } 29. Rh7 { [%clk 0:08:07] } 29... Kg8 { [%clk 0:07:06] } 30.
Rxc7 { [%clk 0:08:05] } 30... b5 { [%clk 0:07:04] } 31. Bg3 { [%clk 0:07:59] }
31... Re8 { [%clk 0:07:00] } 32. f7+ { [%clk 0:07:51] } 32... Kf8
{ [%clk 0:06:56] } 1-0"
Rated Rapid tournament https://lichess.org/tournament/DsgKQQdY,https://lichess.org/CmdKfzs1,2024.08.01,-,lagwagon81,Batu26,1-0,2024.08.01,08:43:04,1984,1899,,,A10,English Opening: Great Snake Variation,600+0,Normal,"1. c4 { [%clk 0:10:00] } 1... g6 { [%clk 0:10:00] } 2. g3 { [%clk 0:09:56] }
2... Bg7 { [%clk 0:10:00] } 3. Bg2 { [%clk 0:09:54] } 3... d6
{ [%clk 0:09:59] } 4. Nc3 { [%clk 0:09:51] } 4... Nd7 { [%clk 0:09:58] } 5. Nf3
{ [%clk 0:09:49] } 5... e5 { [%clk 0:09:57] } 6. O-O { [%clk 0:09:43] } 6...
Ne7 { [%clk 0:09:55] } 7. d4 { [%clk 0:09:36] } 7... O-O { [%clk 0:09:41] } 8.
b3 { [%clk 0:08:36] } 8... Nc6 { [%clk 0:09:31] } 9. d5 { [%clk 0:08:31] } 9...
Ne7 { [%clk 0:09:27] } 10. e4 { [%clk 0:08:28] } 10... h6 { [%clk 0:09:25] }
11. Be3 { [%clk 0:08:25] } 11... f5 { [%clk 0:09:23] } 12. exf5
{ [%clk 0:08:16] } 12... gxf5 { [%clk 0:09:21] } 13. Qc1 { [%clk 0:08:13] }
13... Kh7 { [%clk 0:09:15] } 14. Bg5 { [%clk 0:07:29] } 14... hxg5
{ [%clk 0:09:06] } 15. Nxg5+ { [%clk 0:07:29] } 15... Kg8 { [%clk 0:08:55] }
16. Ne6 { [%clk 0:07:27] } 16... Qe8 { [%clk 0:08:54] } 17. Nxc7
{ [%clk 0:07:13] } 17... Qg6 { [%clk 0:08:50] } 18. Nxa8 { [%clk 0:07:09] }
18... f4 { [%clk 0:08:46] } 19. Nc7 { [%clk 0:06:59] } 19... fxg3
{ [%clk 0:08:41] } 20. fxg3 { [%clk 0:06:54] } 20... Rxf1+ { [%clk 0:08:36] }
21. Qxf1 { [%clk 0:06:52] } 21... Nc5 { [%clk 0:08:34] } 22. Ne6
{ [%clk 0:06:11] } 22... Bxe6 { [%clk 0:08:30] } 23. dxe6 { [%clk 0:06:09] }
23... e4 { [%clk 0:08:27] } 24. Qf7+ { [%clk 0:06:04] } 24... Qxf7
{ [%clk 0:08:23] } 25. exf7+ { [%clk 0:06:04] } 25... Kxf7 { [%clk 0:08:21] }
26. Nxe4 { [%clk 0:06:03] } 26... Bxa1 { [%clk 0:08:18] } 27. Nxd6+
{ [%clk 0:05:58] } 27... Ke6 { [%clk 0:08:15] } 28. Nxb7 { [%clk 0:05:56] }
28... Nxb7 { [%clk 0:08:12] } 29. Bxb7 { [%clk 0:05:54] } 29... Nf5
{ [%clk 0:08:12] } 30. Bc8+ { [%clk 0:05:51] } 30... Kf6 { [%clk 0:08:10] } 31.
Bxf5 { [%clk 0:05:50] } 31... Kxf5 { [%clk 0:08:09] } 32. Kf2
{ [%clk 0:05:44] } 32... Bd4+ { [%clk 0:08:02] } 33. Kf3 { [%clk 0:05:38] }
33... a6 { [%clk 0:07:52] } 34. h4 { [%clk 0:05:31] } 34... Be5
{ [%clk 0:07:44] } 35. g4+ { [%clk 0:05:29] } 35... Kg6 { [%clk 0:07:43] } 36.
Ke4 { [%clk 0:05:25] } 36... Bg3 { [%clk 0:07:41] } 37. h5+ { [%clk 0:05:23] }
37... Kg5 { [%clk 0:07:37] } 38. Kd5 { [%clk 0:05:21] } 38... Bf4
{ [%clk 0:07:28] } 39. Kc6 { [%clk 0:05:18] } 39... Bd2 { [%clk 0:07:23] } 40.
Kb6 { [%clk 0:05:15] } 40... a5 { [%clk 0:07:19] } 41. c5 { [%clk 0:05:14] }
41... Be3 { [%clk 0:07:17] } 42. Kb5 { [%clk 0:05:12] } 42... Kxg4
{ [%clk 0:07:12] } 43. h6 { [%clk 0:05:08] } 43... Bxh6 { [%clk 0:07:07] } 44.
Kb6 { [%clk 0:05:03] } 44... Be3 { [%clk 0:07:03] } 45. Kxa5 { [%clk 0:04:50] }
45... Bxc5 { [%clk 0:07:00] } 46. b4 { [%clk 0:04:50] } 46... Bd6
{ [%clk 0:06:59] } 47. b5 { [%clk 0:04:49] } 47... Kf5 { [%clk 0:06:57] } 48.
b6 { [%clk 0:04:48] } 48... Ke6 { [%clk 0:06:56] } 49. Ka6 { [%clk 0:04:47] }
49... Kd7 { [%clk 0:06:53] } 50. Kb7 { [%clk 0:04:41] } 50... Kd8
{ [%clk 0:06:36] } 51. a4 { [%clk 0:04:33] } 51... Bb4 { [%clk 0:06:30] } 52.
Ka8 { [%clk 0:04:23] } 52... Kd7 { [%clk 0:06:01] } 53. b7 { [%clk 0:04:21] }
53... Bd6 { [%clk 0:05:58] } 54. a5 { [%clk 0:04:13] } 54... Kc6
{ [%clk 0:05:57] } 55. a6 { [%clk 0:04:11] } 55... Kb6 { [%clk 0:05:43] } 56.
a7 { [%clk 0:04:09] } 56... Ka6 { [%clk 0:05:38] } 57. b8=Q { [%clk 0:04:07] }
57... Bxb8 { [%clk 0:05:18] } 58. axb8=Q { [%clk 0:04:04] } 58... Ka5
{ [%clk 0:05:16] } 59. Qb7 { [%clk 0:04:00] } 59... Ka4 { [%clk 0:05:15] } 60.
Kb8 { [%clk 0:04:00] } 60... Ka5 { [%clk 0:05:14] } 61. Kc7 { [%clk 0:04:00] }
61... Ka4 { [%clk 0:05:13] } 62. Kc6 { [%clk 0:04:00] } 62... Ka3
{ [%clk 0:05:12] } 63. Kc5 { [%clk 0:04:00] } 63... Ka2 { [%clk 0:05:12] } 64.
Kc4 { [%clk 0:03:59] } 64... Ka3 { [%clk 0:05:10] } 65. Qb3# { [%clk 0:03:58] }
1-0"
Rated Rapid tournament https://lichess.org/tournament/DsgKQQdY,https://lichess.org/Fot2Eekv,2024.08.01,-,superdhoolai,Pegasus1184_Youtube,1-0,2024.08.01,08:43:04,2140,1904,,,B90,"Sicilian Defense: Najdorf Variation, Lipnitsky Attack",600+0,Normal,"1. e4 { [%clk 0:05:00] } 1... c5 { [%clk 0:10:00] } 2. Nf3 { [%clk 0:04:58] }
2... d6 { [%clk 0:09:58] } 3. d4 { [%clk 0:04:57] } 3... cxd4
{ [%clk 0:09:56] } 4. Nxd4 { [%clk 0:04:56] } 4... Nf6 { [%clk 0:09:55] } 5.
Nc3 { [%clk 0:04:54] } 5... a6 { [%clk 0:09:54] } 6. Bc4 { [%clk 0:04:53] }
6... b5 { [%clk 0:09:49] } 7. Bb3 { [%clk 0:04:48] } 7... Bb7
{ [%clk 0:09:47] } 8. f3 { [%clk 0:04:45] } 8... e6 { [%clk 0:09:44] } 9. Be3
{ [%clk 0:04:43] } 9... Be7 { [%clk 0:09:42] } 10. Qd2 { [%clk 0:04:41] } 10...
O-O { [%clk 0:09:39] } 11. O-O-O { [%clk 0:04:39] } 11... Nbd7
{ [%clk 0:09:36] } 12. g4 { [%clk 0:04:31] } 12... Qc7 { [%clk 0:09:31] } 13.
h4 { [%clk 0:04:26] } 13... Nc5 { [%clk 0:09:19] } 14. h5 { [%clk 0:04:21] }
14... Nxb3+ { [%clk 0:09:12] } 15. axb3 { [%clk 0:04:20] } 15... b4
{ [%clk 0:08:57] } 16. Na4 { [%clk 0:03:52] } 16... a5 { [%clk 0:08:50] } 17.
g5 { [%clk 0:03:49] } 17... Nd7 { [%clk 0:08:42] } 18. g6 { [%clk 0:03:47] }
18... d5 { [%clk 0:08:22] } 19. h6 { [%clk 0:03:35] } 19... Bf6
{ [%clk 0:08:03] } 20. hxg7 { [%clk 0:03:22] } 20... Bxg7 { [%clk 0:07:54] }
21. gxf7+ { [%clk 0:03:05] } 21... Rxf7 { [%clk 0:07:42] } 22. Nxe6
{ [%clk 0:03:03] } 22... Qe5 { [%clk 0:07:35] } 23. Nxg7 { [%clk 0:02:56] }
23... Rxg7 { [%clk 0:07:33] } 24. Bd4 { [%clk 0:02:55] } 24... Qe7
{ [%clk 0:07:18] } 25. Bxg7 { [%clk 0:02:53] } 25... Kxg7 { [%clk 0:07:17] }
26. Qh6+ { [%clk 0:02:46] } 26... Kh8 { [%clk 0:07:15] } 27. Rh3
{ [%clk 0:02:33] } 27... Nf8 { [%clk 0:07:03] } 28. exd5 { [%clk 0:02:25] }
28... Rc8 { [%clk 0:06:55] } 29. d6 { [%clk 0:02:09] } 29... Qe2
{ [%clk 0:06:39] } 30. Qf6+ { [%clk 0:01:59] } 30... Kg8 { [%clk 0:06:34] } 31.
Rg3+ { [%clk 0:00:59] } 31... Ng6 { [%clk 0:06:30] } 32. Rxg6+
{ [%clk 0:00:58] } 32... hxg6 { [%clk 0:06:28] } 33. Qxg6+ { [%clk 0:00:58] }
33... Kf8 { [%clk 0:06:26] } 34. Qf6+ { [%clk 0:00:57] } 34... Ke8
{ [%clk 0:06:23] } 35. d7# { [%clk 0:00:56] } 1-0"
Rated Rapid tournament https://lichess.org/tournament/DsgKQQdY,https://lichess.org/6k6Ibkrm,2024.08.01,-,hONocORokO,UArtem,1-0,2024.08.01,08:43:04,2091,1686,,,D27,"Queen's Gambit Accepted: Classical Defense, Rubinstein Variation",600+0,Normal,"1. d4 { [%clk 0:05:00] } 1... d5 { [%clk 0:10:00] } 2. c4 { [%clk 0:04:58] }
2... dxc4 { [%clk 0:09:58] } 3. Nf3 { [%clk 0:04:55] } 3... Nf6
{ [%clk 0:09:53] } 4. e3 { [%clk 0:04:52] } 4... e6 { [%clk 0:09:52] } 5. Bxc4
{ [%clk 0:04:51] } 5... c5 { [%clk 0:09:51] } 6. O-O { [%clk 0:04:48] } 6... a6
{ [%clk 0:09:48] } 7. a4 { [%clk 0:04:43] } 7... Nc6 { [%clk 0:09:46] } 8. Nc3
{ [%clk 0:04:38] } 8... b6 { [%clk 0:09:39] } 9. d5 { [%clk 0:04:35] } 9...
exd5 { [%clk 0:09:37] } 10. Nxd5 { [%clk 0:04:31] } 10... Nxd5
{ [%clk 0:09:36] } 11. Bxd5 { [%clk 0:04:30] } 11... Bb7 { [%clk 0:09:24] } 12.
Qb3 { [%clk 0:03:54] } 12... Qd7 { [%clk 0:08:54] } 13. Qxb6 { [%clk 0:03:49] }
13... Qxd5 { [%clk 0:08:38] } 14. Qxb7 { [%clk 0:03:46] } 14... Nb4
{ [%clk 0:08:09] } 15. Qxd5 { [%clk 0:03:35] } 15... Nxd5 { [%clk 0:08:09] }
16. e4 { [%clk 0:03:32] } 16... Nc7 { [%clk 0:07:59] } 17. Be3
{ [%clk 0:03:28] } 17... Be7 { [%clk 0:07:56] } 18. Rfc1 { [%clk 0:03:26] }
18... Ne6 { [%clk 0:07:53] } 19. Rc4 { [%clk 0:03:19] } 19... O-O
{ [%clk 0:07:50] } 20. Rac1 { [%clk 0:03:17] } 20... Rac8 { [%clk 0:07:49] }
21. b4 { [%clk 0:03:12] } 21... Rc7 { [%clk 0:07:00] } 22. bxc5
{ [%clk 0:03:04] } 22... Rfc8 { [%clk 0:06:58] } 23. c6 { [%clk 0:02:58] }
23... Nd8 { [%clk 0:06:36] } 24. Nd4 { [%clk 0:02:52] } 24... Bf6
{ [%clk 0:06:28] } 25. Bf4 { [%clk 0:02:48] } 25... Ra7 { [%clk 0:06:19] } 26.
e5 { [%clk 0:02:31] } 26... Be7 { [%clk 0:06:12] } 27. Nf5 { [%clk 0:02:30] }
27... Bf8 { [%clk 0:05:58] } 28. Nd6 { [%clk 0:02:27] } 28... Bxd6
{ [%clk 0:04:50] } 29. exd6 { [%clk 0:02:25] } 29... Ne6 { [%clk 0:04:46] } 30.
d7 { [%clk 0:02:20] } 30... Rf8 { [%clk 0:04:40] } 31. c7 { [%clk 0:02:17] }
31... Nxc7 { [%clk 0:04:06] } 32. Rxc7 { [%clk 0:02:15] } 32... Raa8
{ [%clk 0:04:02] } 33. Rc8 { [%clk 0:02:12] } 33... h6 { [%clk 0:03:53] } 34.
Rxa8 { [%clk 0:02:10] } 1-0"
Rated Rapid tournament https://lichess.org/tournament/DsgKQQdY,https://lichess.org/6hjBcKq7,2024.08.01,-,dushhelllo1234,herrfizzo,0-1,2024.08.01,08:43:04,1418,1766,,,C25,Vienna Game,600+0,Normal,"1. e4 { [%clk 0:10:00] } 1... e5 { [%clk 0:10:00] } 2. Nc3 { [%clk 0:09:55] }
2... f5 { [%clk 0:09:58] } 3. exf5 { [%clk 0:09:53] } 3... Nf6
{ [%clk 0:09:39] } 4. Nf3 { [%clk 0:09:50] } 4... e4 { [%clk 0:09:30] } 5. Qe2
{ [%clk 0:09:49] } 5... d5 { [%clk 0:09:24] } 6. d4 { [%clk 0:09:45] } 6...
Bxf5 { [%clk 0:09:11] } 7. g3 { [%clk 0:09:42] } 7... Be7 { [%clk 0:08:55] } 8.
Ne5 { [%clk 0:09:38] } 8... Nc6 { [%clk 0:08:38] } 9. Nxc6 { [%clk 0:09:35] }
9... bxc6 { [%clk 0:08:38] } 10. Bg2 { [%clk 0:09:33] } 10... O-O
{ [%clk 0:08:28] } 11. O-O { [%clk 0:09:31] } 11... Rb8 { [%clk 0:07:55] } 12.
b3 { [%clk 0:09:25] } 12... Bg4 { [%clk 0:07:38] } 13. Qe3 { [%clk 0:09:21] }
13... Qd7 { [%clk 0:07:20] } 14. Bb2 { [%clk 0:09:15] } 14... Bh3
{ [%clk 0:07:13] } 15. Qe2 { [%clk 0:09:11] } 15... Bxg2 { [%clk 0:07:05] } 16.
Kxg2 { [%clk 0:09:09] } 16... Ng4 { [%clk 0:06:41] } 17. Rad1
{ [%clk 0:08:49] } 17... Rf6 { [%clk 0:06:24] } 18. Rd2 { [%clk 0:08:22] }
18... Rh6 { [%clk 0:06:19] } 19. Rh1 { [%clk 0:08:13] } 19... Rf8
{ [%clk 0:05:47] } 20. Qa6 { [%clk 0:08:03] } 20... Qf5 { [%clk 0:04:56] } 21.
Qxc6 { [%clk 0:07:52] } 21... Rxc6 { [%clk 0:04:51] } 22. h3 { [%clk 0:07:44] }
22... Nxf2 { [%clk 0:04:37] } 23. g4 { [%clk 0:07:44] } 23... Qf3+
{ [%clk 0:04:32] } 24. Kg1 { [%clk 0:07:40] } 24... Qxh1# { [%clk 0:04:14] }
0-1"
Rated Rapid tournament https://lichess.org/tournament/DsgKQQdY,https://lichess.org/d27g7Wp7,2024.08.01,-,Balaraman_Srinivasan,VinayakVinu2015,0-1,2024.08.01,08:43:04,1796,1542,,,C44,Scotch Game: Haxo Gambit,600+0,Normal,"1. e4 { [%eval 0.15] [%clk 0:05:00] } 1... e5 { [%eval 0.21] [%clk 0:10:00] }
2. Nf3 { [%eval 0.11] [%clk 0:04:56] } 2... Nc6 { [%eval 0.19] [%clk 0:09:59] }
3. d4 { [%eval 0.09] [%clk 0:04:55] } 3... exd4 { [%eval 0.13] [%clk 0:09:58] }
4. Bc4 { [%eval -0.02] [%clk 0:04:54] } 4... Bc5
{ [%eval 0.12] [%clk 0:09:55] } 5. c3 { [%eval 0.0] [%clk 0:04:52] } 5... dxc3
$6 { [%eval 0.78] [%clk 0:09:53] } 6. Bxf7+ { [%eval 0.84] [%clk 0:04:49] }
6... Kxf7 { [%eval 0.73] [%clk 0:09:51] } 7. Qd5+
{ [%eval 0.69] [%clk 0:04:48] } 7... Ke8 { [%eval 0.62] [%clk 0:09:48] } 8.
Qh5+ { [%eval 0.98] [%clk 0:04:47] } 8... g6 $6 { [%eval 1.62] [%clk 0:09:47] }
9. Qxc5 { [%eval 1.67] [%clk 0:04:45] } 9... d6 { [%eval 1.58] [%clk 0:09:46] }
10. Qxc3 { [%eval 1.33] [%clk 0:04:44] } 10... Nf6 $2
{ [%eval 2.46] [%clk 0:09:40] } 11. e5 $2 { [%eval 1.25] [%clk 0:04:39] } 11...
Ne4 { [%eval 1.67] [%clk 0:09:37] } 12. Qe3 { [%eval 1.48] [%clk 0:04:34] }
12... Nc5 $2 { [%eval 3.45] [%clk 0:09:29] } 13. exd6+
{ [%eval 3.47] [%clk 0:04:33] } 13... Ne6 { [%eval 3.51] [%clk 0:09:24] } 14.
dxc7 { [%eval 3.44] [%clk 0:04:30] } 14... Qxc7 { [%eval 3.28] [%clk 0:09:22] }
15. Ng5 $2 { [%eval 1.95] [%clk 0:04:27] } 15... Qa5+
{ [%eval 1.98] [%clk 0:09:18] } 16. Bd2 $6 { [%eval 1.32] [%clk 0:04:26] }
16... Qb5 $4 { [%eval 5.61] [%clk 0:09:11] } 17. Nxe6
{ [%eval 5.55] [%clk 0:04:22] } 17... Bxe6 { [%eval 5.47] [%clk 0:09:09] } 18.
Qxe6+ { [%eval 5.56] [%clk 0:04:20] } 18... Ne7 { [%eval 5.76] [%clk 0:09:08] }
19. Bc3 { [%eval 5.14] [%clk 0:04:17] } 19... Rc8
{ [%eval 5.69] [%clk 0:09:02] } 20. Bxh8 $2 { [%eval 2.74] [%clk 0:04:10] }
20... Rc1+ { [%eval 2.83] [%clk 0:08:59] } 21. Kd2
{ [%eval 2.77] [%clk 0:04:09] } 21... Rxh1 { [%eval 2.48] [%clk 0:08:49] } 22.
Nc3 $4 { [%eval -2.49] [%clk 0:04:07] } 22... Qxb2+
{ [%eval -2.51] [%clk 0:08:47] } 23. Kd3 { [%eval -2.53] [%clk 0:04:03] } 23...
Rxa1 { [%eval -2.28] [%clk 0:08:43] } 24. Nd5 $4
{ [%eval -5.44] [%clk 0:03:59] } 24... Rd1+ { [%eval -5.45] [%clk 0:08:40] }
25. Kc4 { [%eval -6.73] [%clk 0:03:55] } 25... Rd4+ $4
{ [%eval 0.0] [%clk 0:08:37] } 26. Bxd4 { [%eval 0.0] [%clk 0:03:52] } 26...
Qxa2+ { [%eval 0.0] [%clk 0:08:34] } 27. Kc5 { [%eval 0.0] [%clk 0:03:50] }
27... b6+ $4 { [%eval 4.67] [%clk 0:08:32] } 28. Kd6
{ [%eval 4.63] [%clk 0:03:47] } 28... Qa3+ { [%eval 5.76] [%clk 0:08:29] } 29.
Ke5 { [%eval 5.51] [%clk 0:03:46] } 29... b5 $4 { [%eval #14] [%clk 0:08:17] }
30. Nf6+ { [%eval #16] [%clk 0:03:28] } 30... Kf8
{ [%eval 9.5] [%clk 0:08:15] } 31. Nxh7+ { [%eval 8.24] [%clk 0:03:15] } 31...
Kg7 $2 { [%eval #5] [%clk 0:08:10] } 32. Ng5 $6
{ [%eval 10.23] [%clk 0:03:08] } 32... b4 $6 { [%eval #3] [%clk 0:08:03] } 33.
Kf4+ { [%eval #3] [%clk 0:03:05] } 33... Kh6 { [%eval #3] [%clk 0:08:00] } 34.
Qh3+ $4 { [%eval 3.52] [%clk 0:03:01] } 34... Qxh3
{ [%eval 3.57] [%clk 0:07:56] } 35. Nxh3 { [%eval 3.55] [%clk 0:02:58] } 35...
b3 { [%eval 3.87] [%clk 0:07:55] } 36. Ng5 { [%eval 3.87] [%clk 0:02:47] }
36... a5 { [%eval 4.26] [%clk 0:07:53] } 37. Ne6
{ [%eval 4.19] [%clk 0:02:45] } 37... a4 { [%eval 4.04] [%clk 0:07:48] } 38. h4
$4 { [%eval -3.07] [%clk 0:02:43] } 38... a3 { [%eval -3.26] [%clk 0:07:46] }
39. g4 $2 { [%eval -4.71] [%clk 0:02:41] } 39... b2
{ [%eval -4.64] [%clk 0:07:43] } 40. g5+ { [%eval -5.03] [%clk 0:02:14] } 40...
Kh5 $4 { [%eval #4] [%clk 0:07:32] } 41. Kg3 { [%eval #3] [%clk 0:02:09] }
41... Nf5+ { [%eval #3] [%clk 0:07:19] } 42. Kh3 { [%eval #2] [%clk 0:01:51] }
42... Nxh4 { [%eval #2] [%clk 0:07:13] } 43. f4 $4
{ [%eval -7.09] [%clk 0:01:47] } 43... Nf5 { [%eval -7.35] [%clk 0:07:08] } 44.
Ng7+ { [%eval -6.86] [%clk 0:01:06] } 0-1"
Rated Rapid tournament https://lichess.org/tournament/DsgKQQdY,https://lichess.org/r6QRB9g8,2024.08.01,-,ahmet87705,Brihat_01,1-0,2024.08.01,08:43:04,1868,1847,,,C01,French Defense: Exchange Variation,600+0,Normal,"1. e4 { [%clk 0:05:00] } 1... e6 { [%clk 0:05:00] } 2. d4 { [%clk 0:04:57] }
2... d5 { [%clk 0:05:00] } 3. exd5 { [%clk 0:04:55] } 3... exd5
{ [%clk 0:04:59] } 4. Nf3 { [%clk 0:04:54] } 4... Nf6 { [%clk 0:04:58] } 5. c4
{ [%clk 0:04:51] } 5... Bb4+ { [%clk 0:04:45] } 6. Bd2 { [%clk 0:04:48] } 6...
Bxd2+ { [%clk 0:04:41] } 7. Nbxd2 { [%clk 0:04:48] } 7... Nc6
{ [%clk 0:04:38] } 8. cxd5 { [%clk 0:04:43] } 8... Qxd5 { [%clk 0:04:36] } 9.
Nb3 { [%clk 0:04:42] } 9... Bg4 { [%clk 0:04:31] } 10. Be2 { [%clk 0:04:36] }
10... O-O { [%clk 0:04:29] } 11. O-O { [%clk 0:04:32] } 11... Rfd8
{ [%clk 0:04:23] } 12. h3 { [%clk 0:04:29] } 12... Bh5 { [%clk 0:04:21] } 13.
Rc1 { [%clk 0:04:13] } 13... Qe4 { [%clk 0:04:15] } 14. Qc2 { [%clk 0:03:55] }
14... Bxf3 { [%clk 0:04:02] } 15. Bxf3 { [%clk 0:03:51] } 15... Qxc2
{ [%clk 0:03:57] } 16. Rxc2 { [%clk 0:03:50] } 16... Nxd4 { [%clk 0:03:56] }
17. Nxd4 { [%clk 0:03:48] } 17... Rxd4 { [%clk 0:03:55] } 18. Rxc7
{ [%clk 0:03:47] } 18... Ra4 { [%clk 0:03:45] } 19. Re1 { [%clk 0:03:40] }
19... Rxa2 { [%clk 0:03:35] } 20. Ree7 { [%clk 0:03:37] } 20... Rf8
{ [%clk 0:03:26] } 21. Rxb7 { [%clk 0:03:34] } 21... a5 { [%clk 0:03:23] } 22.
Be2 { [%clk 0:03:32] } 22... a4 { [%clk 0:03:13] } 23. Bc4 { [%clk 0:03:30] }
23... Ra1+ { [%clk 0:03:11] } 24. Kh2 { [%clk 0:03:28] } 24... Rf1
{ [%clk 0:03:00] } 25. Bxf1 { [%clk 0:03:22] } 25... Nd5 { [%clk 0:02:57] } 26.
Red7 { [%clk 0:03:18] } 26... Nf6 { [%clk 0:02:56] } 27. Rxf7
{ [%clk 0:03:13] } 27... Rxf7 { [%clk 0:02:54] } 28. Bc4 { [%clk 0:03:13] }
28... Kf8 { [%clk 0:02:53] } 29. Rxf7+ { [%clk 0:03:07] } 29... Kg8
{ [%clk 0:02:52] } 30. Rxf6+ { [%clk 0:03:05] } 30... Kh8 { [%clk 0:02:51] }
31. Rf8# { [%clk 0:03:04] } 1-0"
Rated Rapid tournament https://lichess.org/tournament/DsgKQQdY,https://lichess.org/KqUXv6dZ,2024.08.01,-,Albusej,Superanly28,0-1,2024.08.01,08:43:04,1346,1840,,,A00,Van't Kruijs Opening,600+0,Normal,"1. e3 { [%clk 0:10:00] } 1... c6 { [%clk 0:10:00] } 2. b3 { [%clk 0:09:57] }
2... d5 { [%clk 0:09:58] } 3. Bb2 { [%clk 0:09:56] } 3... Bf5
{ [%clk 0:09:57] } 4. g3 { [%clk 0:09:53] } 4... Nf6 { [%clk 0:09:55] } 5. Bg2
{ [%clk 0:09:37] } 5... Nbd7 { [%clk 0:09:52] } 6. Ne2 { [%clk 0:09:32] } 6...
e6 { [%clk 0:09:40] } 7. O-O { [%clk 0:09:05] } 7... Bd6 { [%clk 0:09:34] } 8.
d3 { [%clk 0:08:48] } 8... O-O { [%clk 0:09:28] } 9. Nbc3 { [%clk 0:08:47] }
9... a6 { [%clk 0:09:20] } 10. e4 { [%clk 0:08:32] } 10... Bg6
{ [%clk 0:09:05] } 11. exd5 { [%clk 0:08:13] } 11... cxd5 { [%clk 0:08:57] }
12. Qd2 { [%clk 0:08:05] } 12... h6 { [%clk 0:08:47] } 13. Nf4
{ [%clk 0:07:43] } 13... Bh7 { [%clk 0:08:31] } 14. Na4 { [%clk 0:06:23] }
14... Qc7 { [%clk 0:08:20] } 15. Bd4 { [%clk 0:05:51] } 15... e5
{ [%clk 0:08:05] } 16. Nxd5 { [%clk 0:05:29] } 16... Nxd5 { [%clk 0:08:00] }
17. Bxd5 { [%clk 0:05:11] } 17... exd4 { [%clk 0:07:58] } 0-1"
Rated Rapid tournament https://lichess.org/tournament/DsgKQQdY,https://lichess.org/HhQKthSe,2024.08.01,-,Osipoff47,Archivaldo,1-0,2024.08.01,08:43:04,2084,1600,,,B01,Scandinavian Defense: Modern Variation,600+0,Normal,"1. e4 { [%clk 0:10:00] } 1... d5 { [%clk 0:10:00] } 2. exd5 { [%clk 0:09:58] }
2... Nf6 { [%clk 0:09:54] } 3. Nf3 { [%clk 0:09:56] } 3... Bg4
{ [%clk 0:09:51] } 4. Be2 { [%clk 0:09:54] } 4... e6 { [%clk 0:09:50] } 5. dxe6
{ [%clk 0:09:51] } 5... Bc5 { [%clk 0:09:47] } 6. d3 { [%clk 0:09:49] } 6...
Nc6 { [%clk 0:09:45] } 7. exf7+ { [%clk 0:09:47] } 7... Kxf7 { [%clk 0:09:44] }
8. O-O { [%clk 0:09:44] } 8... Re8 { [%clk 0:09:40] } 9. d4 { [%clk 0:09:34] }
9... Bxf3 { [%clk 0:09:31] } 10. Bc4+ { [%clk 0:09:22] } 10... Bd5
{ [%clk 0:09:24] } 11. Bxd5+ { [%clk 0:09:18] } 11... Qxd5 { [%clk 0:09:14] }
12. dxc5 { [%clk 0:09:16] } 12... Qxc5 { [%clk 0:09:05] } 13. Be3
{ [%clk 0:09:13] } 13... Qb5 { [%clk 0:08:45] } 14. b3 { [%clk 0:09:03] } 14...
Kg8 { [%clk 0:08:35] } 15. c4 { [%clk 0:08:58] } 15... Qe5 { [%clk 0:08:27] }
16. Nd2 { [%clk 0:08:56] } 16... Rad8 { [%clk 0:08:15] } 17. Qc2
{ [%clk 0:08:36] } 17... Nd4 { [%clk 0:07:48] } 18. Bxd4 { [%clk 0:08:31] }
18... Rxd4 { [%clk 0:07:46] } 19. Nf3 { [%clk 0:08:29] } 19... Re4
{ [%clk 0:07:35] } 20. Nxe5 { [%clk 0:08:26] } 20... R4xe5 { [%clk 0:07:32] }
21. h3 { [%clk 0:08:22] } 21... Nh5 { [%clk 0:07:16] } 22. Rad1
{ [%clk 0:08:08] } 22... Nf4 { [%clk 0:07:14] } 23. Rd7 { [%clk 0:08:03] }
23... Re2 { [%clk 0:06:52] } 24. Qf5 { [%clk 0:07:47] } 24... Ng6
{ [%clk 0:06:33] } 25. Qf7+ { [%clk 0:07:42] } 1-0"
Rated Rapid tournament https://lichess.org/tournament/DsgKQQdY,https://lichess.org/8JjGPY4G,2024.08.01,-,Alkmeonid,MahmutFevzi341b,0-1,2024.08.01,08:43:04,1729,1851,,,C44,King's Pawn Game: Tayler Opening,600+0,Normal,"1. e4 { [%clk 0:10:00] } 1... e5 { [%clk 0:10:00] } 2. Nf3 { [%clk 0:09:56] }
2... Nc6 { [%clk 0:09:57] } 3. Be2 { [%clk 0:09:55] } 3... h6
{ [%clk 0:09:56] } 4. d3 { [%clk 0:09:53] } 4... Nf6 { [%clk 0:09:54] } 5. a3
{ [%clk 0:09:52] } 5... d5 { [%clk 0:09:53] } 6. exd5 { [%clk 0:09:49] } 6...
Qxd5 { [%clk 0:09:50] } 7. O-O { [%clk 0:09:48] } 7... Bd6 { [%clk 0:09:48] }
8. Nc3 { [%clk 0:09:46] } 8... Qe6 { [%clk 0:09:44] } 9. Be3 { [%clk 0:09:09] }
9... O-O { [%clk 0:09:42] } 10. d4 { [%clk 0:09:02] } 10... exd4
{ [%clk 0:09:35] } 11. Nxd4 { [%clk 0:09:01] } 11... Nxd4 { [%clk 0:09:33] }
12. Bxd4 { [%clk 0:09:00] } 12... Re8 { [%clk 0:09:28] } 13. Bxf6
{ [%clk 0:08:58] } 13... Qxf6 { [%clk 0:09:25] } 14. Bf3 { [%clk 0:08:57] }
14... Qf4 { [%clk 0:09:17] } 15. g3 { [%clk 0:08:43] } 15... Qf6
{ [%clk 0:08:43] } 16. Bg2 { [%clk 0:08:37] } 16... Rb8 { [%clk 0:08:39] } 17.
Rb1 { [%clk 0:07:56] } 17... b6 { [%clk 0:08:37] } 18. Nb5 { [%clk 0:07:54] }
18... Bb7 { [%clk 0:08:12] } 19. Nxd6 { [%clk 0:07:49] } 19... cxd6
{ [%clk 0:08:10] } 20. Bxb7 { [%clk 0:07:45] } 20... Rxb7 { [%clk 0:08:09] }
21. c3 { [%clk 0:07:44] } 21... Rd7 { [%clk 0:08:02] } 22. Qa4
{ [%clk 0:06:41] } 22... Red8 { [%clk 0:07:59] } 23. Qb3 { [%clk 0:05:26] }
23... d5 { [%clk 0:07:55] } 24. h4 { [%clk 0:05:17] } 24... a5
{ [%clk 0:07:49] } 25. a4 { [%clk 0:05:08] } 25... Rd6 { [%clk 0:07:45] } 26.
Qc2 { [%clk 0:05:06] } 26... Qf3 { [%clk 0:07:28] } 27. b4 { [%clk 0:05:02] }
27... axb4 { [%clk 0:07:23] } 28. Rxb4 { [%clk 0:05:00] } 28... Rg6
{ [%clk 0:07:02] } 29. Rf4 { [%clk 0:04:50] } 29... Qh5 { [%clk 0:06:51] } 30.
Kh2 { [%clk 0:04:43] } 30... Qe5 { [%clk 0:06:37] } 31. Qd2 { [%clk 0:04:32] }
31... Rc6 { [%clk 0:06:17] } 32. Re1 { [%clk 0:04:29] } 32... Qxc3
{ [%clk 0:06:13] } 33. Qe2 { [%clk 0:04:19] } 33... Re6 { [%clk 0:06:05] } 34.
Qxe6 { [%clk 0:03:45] } 34... fxe6 { [%clk 0:06:02] } 35. Rxe6
{ [%clk 0:03:44] } 35... d4 { [%clk 0:05:54] } 36. Re7 { [%clk 0:03:41] } 36...
d3 { [%clk 0:05:47] } 37. Rg4 { [%clk 0:03:39] } 37... d2 { [%clk 0:05:37] }
38. Rgxg7+ { [%clk 0:03:38] } 38... Qxg7 { [%clk 0:05:36] } 0-1"
Rated Rapid tournament https://lichess.org/tournament/DsgKQQdY,https://lichess.org/e9vtlPqJ,2024.08.01,-,GuilleDeLaRosa,ChessPlayer_0001,1-0,2024.08.01,08:43:04,1655,1690,,,C50,"Italian Game: Giuoco Pianissimo, Italian Four Knights Variation",600+0,Normal,"1. e4 { [%clk 0:10:00] } 1... e5 { [%clk 0:10:00] } 2. Nc3 { [%clk 0:09:59] }
2... Nf6 { [%clk 0:09:58] } 3. Nf3 { [%clk 0:09:58] } 3... Nc6
{ [%clk 0:09:56] } 4. Bc4 { [%clk 0:09:56] } 4... Bc5 { [%clk 0:09:54] } 5. d3
{ [%clk 0:09:55] } 5... h6 { [%clk 0:09:51] } 6. O-O { [%clk 0:09:54] } 6...
O-O { [%clk 0:09:47] } 7. Be3 { [%clk 0:09:52] } 7... Bb6 { [%clk 0:09:45] } 8.
Bxb6 { [%clk 0:09:51] } 8... axb6 { [%clk 0:09:43] } 9. d4 { [%clk 0:09:50] }
9... exd4 { [%clk 0:09:32] } 10. Nxd4 { [%clk 0:09:48] } 10... Ne5
{ [%clk 0:09:11] } 11. Bb3 { [%clk 0:09:46] } 11... c5 { [%clk 0:08:59] } 12.
Nf5 { [%clk 0:09:44] } 12... c4 { [%clk 0:08:55] } 13. Ba4 { [%clk 0:09:41] }
13... Nxe4 { [%clk 0:08:44] } 14. Nxe4 { [%clk 0:09:24] } 14... Rxa4
{ [%clk 0:08:39] } 15. c3 { [%clk 0:09:23] } 15... Ra8 { [%clk 0:08:32] } 16.
Qd6 { [%clk 0:09:21] } 16... Ng6 { [%clk 0:08:13] } 17. h4 { [%clk 0:09:15] }
17... Nxh4 { [%clk 0:07:54] } 18. Nxh6+ { [%clk 0:09:13] } 18... gxh6
{ [%clk 0:07:51] } 19. Qxh6 { [%clk 0:09:11] } 19... f5 { [%clk 0:07:07] } 20.
Ng5 { [%clk 0:09:03] } 20... Nf3+ { [%clk 0:06:41] } 21. gxf3
{ [%clk 0:09:00] } 21... Qe7 { [%clk 0:06:30] } 22. f4 { [%clk 0:08:56] } 22...
Qg7 { [%clk 0:06:26] } 23. Qxb6 { [%clk 0:08:52] } 23... Ra6 { [%clk 0:06:00] }
24. Qe3 { [%clk 0:08:48] } 24... Rh6 { [%clk 0:05:39] } 25. Qg3
{ [%clk 0:08:33] } 25... Rg6 { [%clk 0:05:31] } 26. f3 { [%clk 0:08:30] } 26...
d5 { [%clk 0:05:09] } 27. Kf2 { [%clk 0:08:28] } 27... d4 { [%clk 0:05:03] }
28. Rad1 { [%clk 0:08:18] } 28... dxc3 { [%clk 0:04:56] } 29. bxc3
{ [%clk 0:08:16] } 29... Qxc3 { [%clk 0:04:55] } 30. Qh4 { [%clk 0:08:09] }
30... Qb2+ { [%clk 0:04:48] } 31. Kg3 { [%clk 0:08:07] } 31... Qg7
{ [%clk 0:04:40] } 32. Kf2 { [%clk 0:08:01] } 32... Qb2+ { [%clk 0:04:36] } 33.
Kg3 { [%clk 0:08:00] } 33... Qg7 { [%clk 0:04:21] } 34. Rh1 { [%clk 0:07:59] }
34... c3 { [%clk 0:03:57] } 35. Rc1 { [%clk 0:07:51] } 35... Be6
{ [%clk 0:03:50] } 36. Rc2 { [%clk 0:07:46] } 36... b5 { [%clk 0:03:43] } 37.
Rch2 { [%clk 0:07:44] } 37... Rf7 { [%clk 0:03:10] } 38. Qh8+
{ [%clk 0:07:40] } 38... Qxh8 { [%clk 0:03:08] } 39. Rxh8+ { [%clk 0:07:40] }
39... Kg7 { [%clk 0:03:07] } 40. Kf2 { [%clk 0:07:30] } 40... Rxg5
{ [%clk 0:01:42] } 41. fxg5 { [%clk 0:07:25] } 41... Bxa2 { [%clk 0:01:33] }
42. f4 { [%clk 0:07:23] } 42... b4 { [%clk 0:01:24] } 43. R1h7+
{ [%clk 0:07:19] } 43... Kg6 { [%clk 0:01:20] } 44. Rh6+ { [%clk 0:07:17] }
44... Kg7 { [%clk 0:01:18] } 45. g6 { [%clk 0:07:08] } 45... Rf6
{ [%clk 0:00:57] } 46. R8h7+ { [%clk 0:07:05] } 46... Kf8 { [%clk 0:00:56] }
47. g7+ { [%clk 0:06:54] } 47... Ke7 { [%clk 0:00:50] } 48. g8=Q+
{ [%clk 0:06:50] } 48... Kd6 { [%clk 0:00:44] } 49. Rxf6+ { [%clk 0:06:49] }
49... Kc5 { [%clk 0:00:41] } 50. Qxa2 { [%clk 0:06:48] } 50... Kd4
{ [%clk 0:00:34] } 1-0"
Rated Rapid tournament https://lichess.org/tournament/DsgKQQdY,https://lichess.org/l33axd31,2024.08.01,-,chubbychesser1,vffsehen,0-1,2024.08.01,08:43:04,1582,2000,,,B06,Modern Defense,600+0,Time forfeit,"1. e4 { [%clk 0:05:00] } 1... g6 { [%clk 0:05:00] } 2. Bc4 { [%clk 0:04:52] }
2... Bg7 { [%clk 0:04:33] } 3. Bxf7+ { [%clk 0:04:37] } 3... Kxf7
{ [%clk 0:04:31] } 4. Nf3 { [%clk 0:04:37] } 4... d6 { [%clk 0:04:24] } 5. d4
{ [%clk 0:04:36] } 5... h6 { [%clk 0:04:18] } 6. c3 { [%clk 0:04:29] } 6... Nf6
{ [%clk 0:04:14] } 7. e5 { [%clk 0:04:24] } 7... dxe5 { [%clk 0:04:12] } 8.
Qb3+ { [%clk 0:04:17] } 8... Be6 { [%clk 0:04:08] } 9. Nxe5+ { [%clk 0:04:12] }
9... Kg8 { [%clk 0:03:59] } 10. Qxe6+ { [%clk 0:04:10] } 10... Kh7
{ [%clk 0:03:57] } 11. Qf7 { [%clk 0:04:05] } 11... Qe8 { [%clk 0:03:49] } 12.
Qxg7+ { [%clk 0:03:48] } 12... Kxg7 { [%clk 0:03:47] } 13. O-O
{ [%clk 0:00:59] } 13... Nc6 { [%clk 0:03:42] } 14. f4 { [%clk 0:00:53] } 14...
Nxe5 { [%clk 0:03:40] } 15. fxe5 { [%clk 0:00:48] } 15... Ne4
{ [%clk 0:03:38] } 16. Rf4 { [%clk 0:00:41] } 16... Qc6 { [%clk 0:03:35] } 17.
Nd2 { [%clk 0:00:31] } 17... Nxd2 { [%clk 0:03:33] } 18. Bxd2
{ [%clk 0:00:30] } 18... Rhf8 { [%clk 0:03:32] } 19. Rh4 { [%clk 0:00:16] }
19... g5 { [%clk 0:03:30] } 20. Rg4 { [%clk 0:00:11] } 20... Rf5
{ [%clk 0:03:26] } 21. h4 { [%clk 0:00:07] } 21... h5 { [%clk 0:03:22] } 22.
Rxg5+ { [%clk 0:00:01] } 22... Rxg5 { [%clk 0:03:21] } 0-1"
Rated Rapid game,https://lichess.org/17tJujvJ,2024.08.01,-,livelife5,heydarali,1-0,2024.08.01,08:43:05,1632,1630,,,B10,Caro-Kann Defense: Two Knights Attack,600+0,Normal,"1. e4 { [%clk 0:10:00] } 1... c6 { [%clk 0:10:00] } 2. Nf3 { [%clk 0:09:59] }
2... d5 { [%clk 0:09:59] } 3. Nc3 { [%clk 0:09:57] } 3... d4 { [%clk 0:09:49] }
4. Ne2 { [%clk 0:09:56] } 4... c5 { [%clk 0:09:45] } 5. b4 { [%clk 0:09:51] }
5... e6 { [%clk 0:09:32] } 6. bxc5 { [%clk 0:09:33] } 6... Bxc5
{ [%clk 0:09:29] } 7. Ng3 { [%clk 0:09:32] } 7... Nc6 { [%clk 0:09:26] } 8. Bb5
{ [%clk 0:09:31] } 8... a6 { [%clk 0:09:15] } 9. Ba4 { [%clk 0:09:29] } 9... b5
{ [%clk 0:09:13] } 10. Bb3 { [%clk 0:09:28] } 10... Nge7 { [%clk 0:09:05] } 11.
Nh4 { [%clk 0:09:24] } 11... O-O { [%clk 0:09:02] } 12. d3 { [%clk 0:09:08] }
12... Ng6 { [%clk 0:08:42] } 13. Nxg6 { [%clk 0:09:04] } 13... fxg6
{ [%clk 0:08:42] } 14. h4 { [%clk 0:08:37] } 14... Na5 { [%clk 0:08:39] } 15.
h5 { [%clk 0:08:33] } 15... gxh5 { [%clk 0:08:33] } 16. Qxh5 { [%clk 0:08:30] }
16... h6 { [%clk 0:07:49] } 17. Qxc5 { [%clk 0:08:25] } 17... Nxb3
{ [%clk 0:07:40] } 18. axb3 { [%clk 0:08:22] } 18... Qf6 { [%clk 0:07:36] } 19.
O-O { [%clk 0:08:02] } 19... Bb7 { [%clk 0:07:29] } 20. Nh5 { [%clk 0:07:43] }
20... Qf7 { [%clk 0:07:00] } 21. Nf4 { [%clk 0:07:30] } 21... Rac8
{ [%clk 0:06:47] } 22. Qxd4 { [%clk 0:07:25] } 22... Rxc2 { [%clk 0:06:40] }
23. Be3 { [%clk 0:07:18] } 23... Qe7 { [%clk 0:06:04] } 24. Qe5
{ [%clk 0:07:13] } 24... Rc5 { [%clk 0:05:56] } 25. Bxc5 { [%clk 0:07:10] }
25... Qf7 { [%clk 0:05:48] } 26. Bxf8 { [%clk 0:07:08] } 1-0"
Rated Rapid tournament https://lichess.org/tournament/hfavrWA4,https://lichess.org/bs9ITiGt,2024.08.01,-,googlemax,jovan_D,0-1,2024.08.01,08:43:06,1386,1435,,,D00,Queen's Pawn Game: Accelerated London System,600+0,Normal,"1. d4 { [%clk 0:10:00] } 1... d5 { [%clk 0:10:00] } 2. Bf4 { [%clk 0:09:56] }
2... Nc6 { [%clk 0:09:58] } 3. c3 { [%clk 0:09:48] } 3... Bd7
{ [%clk 0:09:53] } 4. e3 { [%clk 0:09:44] } 4... a6 { [%clk 0:09:51] } 5. Nf3
{ [%clk 0:09:40] } 5... Nf6 { [%clk 0:09:50] } 6. h3 { [%clk 0:09:27] } 6... h6
{ [%clk 0:09:43] } 7. Nbd2 { [%clk 0:09:17] } 7... e6 { [%clk 0:09:39] } 8. a3
{ [%clk 0:09:07] } 8... Bd6 { [%clk 0:09:35] } 9. Ne5 { [%clk 0:09:04] } 9...
Nxe5 { [%clk 0:09:33] } 10. dxe5 { [%clk 0:09:02] } 10... Bxe5
{ [%clk 0:09:32] } 11. Bxe5 { [%clk 0:09:00] } 11... O-O { [%clk 0:09:29] } 12.
Bxf6 { [%clk 0:08:56] } 12... Qxf6 { [%clk 0:09:27] } 13. Be2
{ [%clk 0:08:45] } 13... Bc6 { [%clk 0:09:23] } 14. Nf3 { [%clk 0:08:37] }
14... Rad8 { [%clk 0:09:16] } 15. O-O { [%clk 0:08:32] } 15... e5
{ [%clk 0:09:06] } 16. Qc2 { [%clk 0:08:26] } 16... e4 { [%clk 0:09:03] } 17.
Nh2 { [%clk 0:08:24] } 17... Qe5 { [%clk 0:08:43] } 18. f3 { [%clk 0:08:17] }
18... exf3 { [%clk 0:08:41] } 19. Nxf3 { [%clk 0:08:14] } 19... Qg3
{ [%clk 0:08:28] } 20. Qd1 { [%clk 0:07:42] } 20... Bd7 { [%clk 0:08:24] } 21.
Qe1 { [%clk 0:07:37] } 21... Qg6 { [%clk 0:08:16] } 22. Ne5 { [%clk 0:07:33] }
22... Qg5 { [%clk 0:08:08] } 23. Nxd7 { [%clk 0:07:31] } 23... Rxd7
{ [%clk 0:08:06] } 24. Bg4 { [%clk 0:07:17] } 24... Re7 { [%clk 0:07:59] } 25.
Rf3 { [%clk 0:07:00] } 25... h5 { [%clk 0:07:56] } 26. Bxh5 { [%clk 0:06:55] }
26... Qxh5 { [%clk 0:07:52] } 27. g4 { [%clk 0:06:52] } 27... Qh6
{ [%clk 0:07:39] } 28. Qd2 { [%clk 0:06:47] } 28... c6 { [%clk 0:07:35] } 29.
b4 { [%clk 0:06:44] } 29... b5 { [%clk 0:07:32] } 30. Re1 { [%clk 0:06:37] }
30... Qg6 { [%clk 0:07:06] } 31. Kg2 { [%clk 0:05:59] } 31... f5
{ [%clk 0:07:00] } 32. Kg3 { [%clk 0:05:00] } 32... fxg4 { [%clk 0:06:54] } 33.
hxg4 { [%clk 0:04:51] } 33... Rxf3+ { [%clk 0:06:50] } 34. Kxf3
{ [%clk 0:04:48] } 34... Qe4+ { [%clk 0:06:48] } 35. Kg3 { [%clk 0:04:45] }
35... Qe5+ { [%clk 0:06:39] } 36. Kf3 { [%clk 0:04:35] } 36... Rf7+
{ [%clk 0:06:37] } 37. Kg2 { [%clk 0:04:32] } 37... Qe4+ { [%clk 0:06:33] } 38.
Kh3 { [%clk 0:04:29] } 38... Rf3+ { [%clk 0:06:23] } 39. Kh4 { [%clk 0:04:27] }
39... Qh7+ { [%clk 0:06:14] } 40. Kg5 { [%clk 0:04:25] } 40... Qh6#
{ [%clk 0:06:00] } 0-1"
Rated Rapid tournament https://lichess.org/tournament/hfavrWA4,https://lichess.org/iDsMO0Yt,2024.08.01,-,David2016a,spica27,1-0,2024.08.01,08:43:06,1386,1286,,,B00,"Nimzowitsch Defense: Kennedy Variation, Linksspringer Variation",600+0,Normal,"1. e4 { [%clk 0:10:00] } 1... Nc6 { [%clk 0:10:00] } 2. d4 { [%clk 0:09:58] }
2... e5 { [%clk 0:09:43] } 3. d5 { [%clk 0:09:56] } 3... Nd4 { [%clk 0:09:40] }
4. Nf3 { [%clk 0:09:49] } 4... Nxf3+ { [%clk 0:09:35] } 5. Qxf3
{ [%clk 0:09:49] } 5... Bc5 { [%clk 0:09:25] } 6. Bc4 { [%clk 0:09:44] } 6...
Nf6 { [%clk 0:09:22] } 7. Bg5 { [%clk 0:09:39] } 7... d6 { [%clk 0:09:09] } 8.
Bxf6 { [%clk 0:09:30] } 8... Qxf6 { [%clk 0:09:06] } 9. Qxf6 { [%clk 0:09:29] }
9... gxf6 { [%clk 0:09:05] } 10. O-O { [%clk 0:09:27] } 10... Rg8
{ [%clk 0:09:00] } 11. Nc3 { [%clk 0:09:21] } 11... Bh3 { [%clk 0:08:56] } 12.
g3 { [%clk 0:09:19] } 12... Bxf1 { [%clk 0:08:52] } 13. Kxf1 { [%clk 0:09:17] }
13... O-O-O { [%clk 0:08:42] } 14. Rd1 { [%clk 0:09:09] } 14... h5
{ [%clk 0:08:21] } 15. Rd3 { [%clk 0:09:03] } 15... Rg7 { [%clk 0:08:16] } 16.
Rf3 { [%clk 0:09:00] } 16... Rg6 { [%clk 0:08:10] } 17. a3 { [%clk 0:08:54] }
17... a6 { [%clk 0:08:03] } 18. b4 { [%clk 0:08:51] } 18... Bb6
{ [%clk 0:07:56] } 19. a4 { [%clk 0:08:49] } 19... Rdg8 { [%clk 0:07:29] } 20.
a5 { [%clk 0:08:39] } 20... Bd4 { [%clk 0:07:23] } 21. Na4 { [%clk 0:08:33] }
21... Rg4 { [%clk 0:07:07] } 22. Rxf6 { [%clk 0:08:26] } 22... Rxe4
{ [%clk 0:06:46] } 23. b5 { [%clk 0:08:20] } 23... c6 { [%clk 0:06:29] } 24.
bxc6 { [%clk 0:08:06] } 24... bxc6 { [%clk 0:06:14] } 25. Bxa6+
{ [%clk 0:07:57] } 25... Kd8 { [%clk 0:06:02] } 26. Rxd6+ { [%clk 0:07:44] }
26... Ke7 { [%clk 0:05:54] } 27. Rxc6 { [%clk 0:07:38] } 27... h4
{ [%clk 0:05:33] } 28. d6+ { [%clk 0:07:03] } 28... Kd7 { [%clk 0:05:27] } 29.
Bb5 { [%clk 0:06:58] } 29... Rc8 { [%clk 0:05:16] } 30. Nb6+ { [%clk 0:06:19] }
30... Bxb6 { [%clk 0:04:55] } 31. Rxb6+ { [%clk 0:06:09] } 31... Kd8
{ [%clk 0:04:42] } 32. d7 { [%clk 0:06:03] } 32... Rxc2 { [%clk 0:04:37] } 33.
Rb8+ { [%clk 0:05:59] } 33... Ke7 { [%clk 0:04:21] } 34. d8=Q+
{ [%clk 0:05:56] } 34... Ke6 { [%clk 0:04:18] } 35. Qd7+ { [%clk 0:05:45] }
35... Kf6 { [%clk 0:04:13] } 36. Rb6+ { [%clk 0:05:35] } 36... Kg7
{ [%clk 0:03:57] } 37. Rb7 { [%clk 0:05:28] } 37... Rc1+ { [%clk 0:03:53] } 38.
Kg2 { [%clk 0:05:26] } 38... hxg3 { [%clk 0:03:38] } 39. hxg3
{ [%clk 0:05:20] } 39... Kf6 { [%clk 0:03:17] } 40. Qxf7+ { [%clk 0:05:17] }
40... Kg5 { [%clk 0:03:15] } 41. Qg7+ { [%clk 0:05:08] } 41... Kf5
{ [%clk 0:03:10] } 42. Bd7# { [%clk 0:05:03] } 1-0"
Rated Rapid tournament https://lichess.org/tournament/hfavrWA4,https://lichess.org/fxrz94AQ,2024.08.01,-,Fiscier,vaishnav032015,1-0,2024.08.01,08:43:06,1241,1382,,,C23,Bishop's Opening,600+0,Normal,"1. e4 { [%clk 0:10:00] } 1... e5 { [%clk 0:10:00] } 2. Bc4 { [%clk 0:09:56] }
2... Nc6 { [%clk 0:09:59] } 3. d3 { [%clk 0:09:52] } 3... Bc5
{ [%clk 0:09:55] } 4. c3 { [%clk 0:09:44] } 4... Qf6 { [%clk 0:09:47] } 5. Nf3
{ [%clk 0:09:39] } 5... Nge7 { [%clk 0:09:35] } 6. Bg5 { [%clk 0:09:25] } 6...
Qg6 { [%clk 0:09:22] } 7. Nbd2 { [%clk 0:09:14] } 7... f6 { [%clk 0:09:18] } 8.
Be3 { [%clk 0:08:29] } 8... Qxg2 { [%clk 0:08:54] } 9. Rg1 { [%clk 0:08:27] }
9... Qh3 { [%clk 0:08:42] } 10. Bxc5 { [%clk 0:08:04] } 10... d6
{ [%clk 0:08:39] } 11. Be3 { [%clk 0:07:45] } 11... Bg4 { [%clk 0:08:34] } 12.
Qe2 { [%clk 0:07:22] } 12... Ng6 { [%clk 0:08:27] } 13. O-O-O
{ [%clk 0:07:18] } 13... Bxf3 { [%clk 0:08:22] } 14. Nxf3 { [%clk 0:07:03] }
14... Qd7 { [%clk 0:08:17] } 15. d4 { [%clk 0:06:46] } 15... exd4
{ [%clk 0:08:13] } 16. Nxd4 { [%clk 0:06:42] } 16... Nxd4 { [%clk 0:08:08] }
17. Bxd4 { [%clk 0:06:40] } 17... Nf4 { [%clk 0:07:47] } 18. Qg4
{ [%clk 0:06:37] } 18... Qxg4 { [%clk 0:07:28] } 19. Rxg4 { [%clk 0:06:33] }
19... g5 { [%clk 0:07:22] } 20. Bxf6 { [%clk 0:06:22] } 20... Rf8
{ [%clk 0:07:14] } 21. Bxg5 { [%clk 0:06:19] } 21... Ng6 { [%clk 0:06:26] } 22.
f4 { [%clk 0:05:51] } 22... h6 { [%clk 0:06:16] } 23. Bxh6 { [%clk 0:05:46] }
23... Rg8 { [%clk 0:06:15] } 24. Be2 { [%clk 0:05:29] } 24... O-O-O
{ [%clk 0:06:03] } 25. Bc4 { [%clk 0:05:03] } 25... Ne5 { [%clk 0:05:40] } 26.
Rxg8 { [%clk 0:04:57] } 26... Nxc4 { [%clk 0:05:38] } 27. Rxd8+
{ [%clk 0:04:49] } 27... Kxd8 { [%clk 0:05:33] } 28. f5 { [%clk 0:04:33] } 1-0"
Rated Rapid tournament https://lichess.org/tournament/hfavrWA4,https://lichess.org/MPuR3IJO,2024.08.01,-,Marie190109,willie265,1/2-1/2,2024.08.01,08:43:06,1424,1453,,,C64,Ruy Lopez: Classical Variation,600+0,Normal,"1. e4 { [%clk 0:10:00] } 1... e5 { [%clk 0:10:00] } 2. Nf3 { [%clk 0:09:58] }
2... Nc6 { [%clk 0:09:58] } 3. Bb5 { [%clk 0:09:57] } 3... Bc5
{ [%clk 0:09:55] } 4. Nxe5 { [%clk 0:09:52] } 4... Nxe5 { [%clk 0:09:46] } 5.
d4 { [%clk 0:09:50] } 5... Bb6 { [%clk 0:09:29] } 6. dxe5 { [%clk 0:09:46] }
6... Ne7 { [%clk 0:09:24] } 7. O-O { [%clk 0:09:44] } 7... O-O
{ [%clk 0:09:20] } 8. Nc3 { [%clk 0:09:42] } 8... d6 { [%clk 0:09:19] } 9. exd6
{ [%clk 0:09:40] } 9... cxd6 { [%clk 0:09:13] } 10. Nd5 { [%clk 0:09:34] }
10... Nc6 { [%clk 0:09:09] } 11. Bxc6 { [%clk 0:09:32] } 11... bxc6
{ [%clk 0:09:07] } 12. Nxb6 { [%clk 0:09:30] } 12... axb6 { [%clk 0:09:07] }
13. Bf4 { [%clk 0:09:28] } 13... Qf6 { [%clk 0:09:02] } 14. Qxd6
{ [%clk 0:09:18] } 14... Qxb2 { [%clk 0:08:58] } 15. Qxc6 { [%clk 0:09:08] }
15... Ba6 { [%clk 0:08:56] } 16. Rfb1 { [%clk 0:08:46] } 16... Qd4
{ [%clk 0:08:46] } 17. Be3 { [%clk 0:08:29] } 17... Qe5 { [%clk 0:08:41] } 18.
Qxb6 { [%clk 0:08:00] } 18... h6 { [%clk 0:08:34] } 19. Qd4 { [%clk 0:07:57] }
19... Qe6 { [%clk 0:08:31] } 20. Rb6 { [%clk 0:07:51] } 20... Qc8
{ [%clk 0:08:22] } 21. Rab1 { [%clk 0:07:45] } 21... Be2 { [%clk 0:08:18] } 22.
c3 { [%clk 0:06:35] } 22... Rd8 { [%clk 0:08:11] } 23. Qb4 { [%clk 0:06:20] }
23... Rd1+ { [%clk 0:07:59] } 24. Rxd1 { [%clk 0:06:16] } 24... Bxd1
{ [%clk 0:07:59] } 25. Qc5 { [%clk 0:06:03] } 25... Qd8 { [%clk 0:07:56] } 26.
Qd4 { [%clk 0:05:52] } 26... Qxd4 { [%clk 0:07:47] } 27. Bxd4
{ [%clk 0:05:49] } 27... Rxa2 { [%clk 0:07:46] } 28. c4 { [%clk 0:05:41] }
28... Bb3 { [%clk 0:07:45] } 29. h3 { [%clk 0:05:26] } 29... Bxc4
{ [%clk 0:07:42] } 30. Rb8+ { [%clk 0:05:21] } 30... Kh7 { [%clk 0:07:35] } 31.
Kh2 { [%clk 0:05:13] } 31... f6 { [%clk 0:07:30] } 32. f4 { [%clk 0:05:10] }
32... Re2 { [%clk 0:07:23] } 33. e5 { [%clk 0:05:07] } 33... fxe5
{ [%clk 0:07:19] } 34. fxe5 { [%clk 0:05:05] } 34... Kg6 { [%clk 0:07:17] } 35.
Rb6+ { [%clk 0:05:03] } 35... Kf5 { [%clk 0:07:15] } 36. e6 { [%clk 0:04:45] }
36... Rxe6 { [%clk 0:07:12] } 37. Rxe6 { [%clk 0:04:43] } 37... Kxe6
{ [%clk 0:07:12] } 38. Bxg7 { [%clk 0:04:42] } 38... h5 { [%clk 0:07:10] } 39.
Kg3 { [%clk 0:04:39] } 39... Kf5 { [%clk 0:07:09] } 40. Kh4 { [%clk 0:04:38] }
40... Kg6 { [%clk 0:07:08] } 41. Bd4 { [%clk 0:04:34] } 41... Bd5
{ [%clk 0:07:05] } 42. g4 { [%clk 0:04:32] } 42... hxg4 { [%clk 0:07:04] } 43.
hxg4 { [%clk 0:04:31] } 43... Be6 { [%clk 0:07:03] } 44. g5 { [%clk 0:04:29] }
44... Bf5 { [%clk 0:07:00] } 45. Bf6 { [%clk 0:04:26] } 45... Be4
{ [%clk 0:06:58] } 46. Be7 { [%clk 0:04:24] } 46... Bf5 { [%clk 0:06:57] }
1/2-1/2"
Rated Rapid tournament https://lichess.org/tournament/hfavrWA4,https://lichess.org/tzCuBqtB,2024.08.01,-,HeinzKerze,matraca20,0-1,2024.08.01,08:43:06,1129,1186,,,C44,King's Knight Opening: Normal Variation,600+0,Normal,"1. e4 { [%clk 0:10:00] } 1... e5 { [%clk 0:10:00] } 2. Nf3 { [%clk 0:09:58] }
2... Nc6 { [%clk 0:09:59] } 3. d3 { [%clk 0:09:56] } 3... Nf6
{ [%clk 0:09:57] } 4. Bg5 { [%clk 0:09:54] } 4... h6 { [%clk 0:09:54] } 5. Bxf6
{ [%clk 0:09:52] } 5... Qxf6 { [%clk 0:09:52] } 6. Nc3 { [%clk 0:09:51] } 6...
Bc5 { [%clk 0:09:48] } 7. a3 { [%clk 0:09:49] } 7... d6 { [%clk 0:09:46] } 8.
Nd5 { [%clk 0:09:48] } 8... Qd8 { [%clk 0:09:44] } 9. c3 { [%clk 0:09:46] }
9... Bg4 { [%clk 0:09:42] } 10. b4 { [%clk 0:09:44] } 10... Bb6
{ [%clk 0:09:38] } 11. b5 { [%clk 0:09:40] } 11... Ne7 { [%clk 0:09:35] } 12.
c4 { [%clk 0:09:37] } 12... Nxd5 { [%clk 0:09:31] } 13. cxd5 { [%clk 0:09:35] }
13... O-O { [%clk 0:09:26] } 14. h3 { [%clk 0:09:33] } 14... Bh5
{ [%clk 0:09:23] } 15. g4 { [%clk 0:09:32] } 15... Bg6 { [%clk 0:09:20] } 16.
Nh4 { [%clk 0:09:30] } 16... Qxh4 { [%clk 0:09:08] } 17. Qc2 { [%clk 0:09:18] }
17... f5 { [%clk 0:09:03] } 18. Bg2 { [%clk 0:09:13] } 18... fxe4
{ [%clk 0:08:57] } 19. dxe4 { [%clk 0:09:09] } 19... Bxf2+ { [%clk 0:08:45] }
20. Kd1 { [%clk 0:09:00] } 20... Bg3 { [%clk 0:08:36] } 21. Kc1
{ [%clk 0:08:37] } 21... Bf4+ { [%clk 0:08:25] } 22. Kb1 { [%clk 0:08:31] }
22... Qg5 { [%clk 0:08:13] } 23. Qxc7 { [%clk 0:08:19] } 23... Rac8
{ [%clk 0:07:56] } 24. Qxd6 { [%clk 0:08:09] } 24... Bg3 { [%clk 0:07:49] } 25.
Qe6+ { [%clk 0:08:04] } 25... Bf7 { [%clk 0:07:45] } 26. Qf5 { [%clk 0:07:55] }
26... Qd2 { [%clk 0:07:37] } 27. Qf1 { [%clk 0:07:45] } 27... Qc2#
{ [%clk 0:07:34] } 0-1"
Rated Rapid tournament https://lichess.org/tournament/hfavrWA4,https://lichess.org/dsAMzUs3,2024.08.01,-,Koss_17,Niyukth,1-0,2024.08.01,08:43:06,848,975,,,C24,Bishop's Opening: Berlin Defense,600+0,Normal,"1. e4 { [%clk 0:10:00] } 1... e5 { [%clk 0:10:00] } 2. Bc4 { [%clk 0:09:58] }
2... Nf6 { [%clk 0:09:49] } 3. g4 { [%clk 0:09:55] } 3... Nxe4
{ [%clk 0:09:28] } 4. Qf3 { [%clk 0:09:47] } 4... Nc5 { [%clk 0:09:19] } 5.
Qxf7# { [%clk 0:09:43] } 1-0"
Rated Rapid game,https://lichess.org/EqqTEdHg,2024.08.01,-,newstar3000,Ingvar73,0-1,2024.08.01,08:43:06,1394,1423,,,A06,Zukertort Opening: Tennison Gambit,600+0,Normal,"1. e4 { [%clk 0:10:00] } 1... d5 { [%clk 0:10:00] } 2. Nf3 { [%clk 0:09:59] }
2... dxe4 { [%clk 0:09:59] } 3. Ng5 { [%clk 0:09:58] } 3... e6
{ [%clk 0:09:56] } 4. d3 { [%clk 0:09:49] } 4... exd3 { [%clk 0:09:53] } 5.
Bxd3 { [%clk 0:09:47] } 5... h6 { [%clk 0:09:51] } 6. Nxf7 { [%clk 0:09:45] }
6... Kxf7 { [%clk 0:09:49] } 7. Bg6+ { [%clk 0:09:44] } 7... Ke7
{ [%clk 0:09:47] } 8. Qh5 { [%clk 0:09:34] } 8... Nf6 { [%clk 0:09:43] } 9. Bg5
{ [%clk 0:09:31] } 9... Kd6 { [%clk 0:09:38] } 10. Bf4+ { [%clk 0:09:24] }
10... Kc6 { [%clk 0:09:34] } 11. Qf3+ { [%clk 0:09:21] } 11... Kb6
{ [%clk 0:09:29] } 12. Be3+ { [%clk 0:09:15] } 12... c5 { [%clk 0:09:26] } 13.
b4 { [%clk 0:09:12] } 13... Nbd7 { [%clk 0:09:19] } 14. a4 { [%clk 0:09:09] }
14... Ne5 { [%clk 0:09:09] } 15. bxc5+ { [%clk 0:08:58] } 15... Bxc5
{ [%clk 0:09:04] } 16. Bxc5+ { [%clk 0:08:57] } 16... Kxc5 { [%clk 0:09:03] }
17. Qc3+ { [%clk 0:08:51] } 17... Kd6 { [%clk 0:08:51] } 18. Qb4+
{ [%clk 0:08:47] } 18... Kc6 { [%clk 0:08:42] } 19. Qb5+ { [%clk 0:08:44] }
19... Kc7 { [%clk 0:08:40] } 20. Qc5+ { [%clk 0:08:41] } 20... Nc6
{ [%clk 0:08:38] } 21. Kf1 { [%clk 0:08:38] } 21... b6 { [%clk 0:08:36] } 0-1"
Rated Rapid game,https://lichess.org/QxSCwttV,2024.08.01,-,oldchessplayer65,arashss,1-0,2024.08.01,08:43:06,1841,1888,,,A02,"Bird Opening: From's Gambit, Lasker Variation",600+0,Normal,"1. f4 { [%eval -0.26] [%clk 0:10:00] } 1... e5 $6
{ [%eval 0.3] [%clk 0:10:00] } 2. fxe5 { [%eval 0.19] [%clk 0:09:57] } 2... d6
{ [%eval 0.25] [%clk 0:09:59] } 3. exd6 { [%eval 0.32] [%clk 0:09:56] } 3...
Bxd6 { [%eval 0.38] [%clk 0:09:59] } 4. Nf3 { [%eval 0.37] [%clk 0:09:52] }
4... g5 { [%eval 0.46] [%clk 0:09:57] } 5. d3 { [%eval 0.44] [%clk 0:09:49] }
5... g4 { [%eval 0.39] [%clk 0:09:54] } 6. Nd4 { [%eval 0.17] [%clk 0:09:48] }
6... Qh4+ { [%eval 0.71] [%clk 0:09:51] } 7. g3 { [%eval 0.79] [%clk 0:09:45] }
7... Bxg3+ { [%eval 0.75] [%clk 0:09:49] } 8. hxg3
{ [%eval 1.0] [%clk 0:09:44] } 8... Qxh1 { [%eval 0.75] [%clk 0:09:47] } 9. Bf4
{ [%eval 0.74] [%clk 0:09:41] } 9... Na6 { [%eval 1.07] [%clk 0:09:19] } 10.
Nc3 { [%eval 0.72] [%clk 0:09:16] } 10... Bd7 $6
{ [%eval 1.43] [%clk 0:09:12] } 11. Qd2 { [%eval 1.38] [%clk 0:07:31] } 11...
O-O-O { [%eval 1.43] [%clk 0:09:07] } 12. O-O-O { [%eval 1.49] [%clk 0:07:29] }
12... Qh5 { [%eval 1.27] [%clk 0:08:16] } 13. Bg2
{ [%eval 1.35] [%clk 0:07:05] } 13... Ne7 { [%eval 1.94] [%clk 0:05:56] } 14.
Bg5 { [%eval 1.88] [%clk 0:06:33] } 14... Rde8 { [%eval 1.81] [%clk 0:05:54] }
15. Be4 $2 { [%eval -0.64] [%clk 0:06:08] } 15... h6 $2
{ [%eval 1.23] [%clk 0:05:41] } 16. Bf6 { [%eval 1.12] [%clk 0:04:58] } 16...
Rhg8 { [%eval 1.18] [%clk 0:05:35] } 17. Rh1 { [%eval 1.16] [%clk 0:04:54] }
17... Qa5 $6 { [%eval 1.85] [%clk 0:05:25] } 18. Rxh6 $6
{ [%eval 0.9] [%clk 0:04:40] } 18... Nb4 $2 { [%eval 3.67] [%clk 0:05:21] } 19.
a3 { [%eval 3.05] [%clk 0:04:32] } 19... Nbd5 $2
{ [%eval 5.59] [%clk 0:04:58] } 20. Rh5 $4 { [%eval -0.45] [%clk 0:03:53] }
20... Be6 $4 { [%eval 5.53] [%clk 0:04:35] } 21. Bxe7
{ [%eval 5.43] [%clk 0:03:12] } 21... Rxe7 { [%eval 5.39] [%clk 0:04:26] } 22.
Bxd5 { [%eval 4.96] [%clk 0:02:41] } 22... Bxd5 { [%eval 5.55] [%clk 0:04:21] }
23. Rxd5 { [%eval 5.4] [%clk 0:02:38] } 23... Qb6
{ [%eval 5.49] [%clk 0:04:04] } 24. Nf5 { [%eval 5.16] [%clk 0:01:51] } 24...
Re6 { [%eval 5.34] [%clk 0:03:46] } 25. Qf4 { [%eval 5.32] [%clk 0:01:24] }
25... Qg1+ { [%eval 5.33] [%clk 0:03:38] } 26. Kd2
{ [%eval 5.34] [%clk 0:01:21] } 26... Rge8 { [%eval 5.89] [%clk 0:03:33] } 27.
Qxg4 { [%eval 5.02] [%clk 0:01:16] } 27... Qe3+ $4
{ [%eval 9.13] [%clk 0:03:24] } 28. Nxe3 { [%eval 9.15] [%clk 0:01:13] } 1-0"
Rated Rapid game,https://lichess.org/tgvW8tpe,2024.08.01,-,Bolatovemir,medzh_gummetli,1-0,2024.08.01,08:43:06,1135,1084,,,C40,King's Pawn Game: Damiano Defense,600+0,Normal,"1. e4 { [%clk 0:10:00] } 1... e5 { [%clk 0:10:00] } 2. Nf3 { [%clk 0:09:58] }
2... f6 { [%clk 0:09:59] } 3. Bc4 { [%clk 0:09:57] } 3... d6 { [%clk 0:09:59] }
4. Nc3 { [%clk 0:09:55] } 4... h6 { [%clk 0:09:58] } 5. Nd5 { [%clk 0:09:46] }
5... c6 { [%clk 0:09:49] } 6. Nc3 { [%clk 0:09:42] } 6... b6 { [%clk 0:09:47] }
7. Bb3 { [%clk 0:09:40] } 7... a6 { [%clk 0:09:44] } 8. a3 { [%clk 0:09:38] }
8... c5 { [%clk 0:09:40] } 9. Ba2 { [%clk 0:09:36] } 9... Bb7
{ [%clk 0:09:32] } 10. O-O { [%clk 0:09:30] } 10... g6 { [%clk 0:09:29] } 11.
d3 { [%clk 0:09:26] } 11... g5 { [%clk 0:09:28] } 12. h4 { [%clk 0:09:22] }
12... Nc6 { [%clk 0:09:19] } 13. hxg5 { [%clk 0:09:17] } 13... hxg5
{ [%clk 0:09:17] } 14. g3 { [%clk 0:09:09] } 14... Nd4 { [%clk 0:09:07] } 15.
Nxd4 { [%clk 0:09:05] } 15... exd4 { [%clk 0:09:05] } 16. Nd5
{ [%clk 0:09:01] } 16... Bxd5 { [%clk 0:09:03] } 17. Bxd5 { [%clk 0:08:58] }
17... Rb8 { [%clk 0:08:57] } 18. Qf3 { [%clk 0:08:51] } 18... Bg7
{ [%clk 0:08:25] } 19. Qf5 { [%clk 0:08:38] } 19... Nh6 { [%clk 0:08:19] } 20.
Qg6+ { [%clk 0:08:33] } 20... Kf8 { [%clk 0:08:11] } 21. f4 { [%clk 0:07:49] }
21... Qe8 { [%clk 0:07:33] } 22. Qxe8+ { [%clk 0:07:24] } 22... Rxe8
{ [%clk 0:07:00] } 23. fxg5 { [%clk 0:07:22] } 23... Re5 { [%clk 0:06:42] } 24.
gxh6 { [%clk 0:07:18] } 24... Rxh6 { [%clk 0:06:36] } 25. Ba2
{ [%clk 0:07:13] } 25... Rg6 { [%clk 0:06:29] } 26. Bf4 { [%clk 0:06:59] }
26... Re7 { [%clk 0:06:21] } 27. Bxd6 { [%clk 0:06:55] } 27... Rxg3+
{ [%clk 0:06:19] } 28. Kh2 { [%clk 0:06:53] } 28... Rg6 { [%clk 0:06:12] } 29.
Bxe7+ { [%clk 0:06:52] } 29... Kxe7 { [%clk 0:06:12] } 30. Kh3
{ [%clk 0:06:49] } 30... Rh6+ { [%clk 0:06:10] } 31. Kg2 { [%clk 0:06:47] }
31... Rh5 { [%clk 0:06:04] } 32. Rh1 { [%clk 0:06:45] } 32... Rg5+
{ [%clk 0:06:00] } 33. Kf2 { [%clk 0:06:40] } 33... f5 { [%clk 0:05:57] } 34.
Rhg1 { [%clk 0:06:35] } 34... Rg4 { [%clk 0:05:47] } 35. Rxg4
{ [%clk 0:06:33] } 35... fxg4 { [%clk 0:05:46] } 36. Rg1 { [%clk 0:06:30] } 1-0"
Rated Rapid game,https://lichess.org/JTcCmU1A,2024.08.01,-,holaves,Luchinrojo,1-0,2024.08.01,08:43:06,1600,1660,,,D00,Queen's Pawn Game,600+0,Normal,"1. d4 { [%eval 0.16] [%clk 0:10:00] } 1... d5 { [%eval 0.23] [%clk 0:10:00] }
2. e3 { [%eval 0.03] [%clk 0:09:59] } 2... e6 { [%eval 0.09] [%clk 0:09:42] }
3. c4 { [%eval 0.02] [%clk 0:09:58] } 3... Nf6 { [%eval 0.04] [%clk 0:09:39] }
4. Nc3 { [%eval 0.02] [%clk 0:09:56] } 4... Bb4 { [%eval 0.25] [%clk 0:09:33] }
5. Nf3 { [%eval 0.03] [%clk 0:09:46] } 5... c6 { [%eval 0.36] [%clk 0:09:31] }
6. Ne5 { [%eval -0.03] [%clk 0:09:30] } 6... Nbd7
{ [%eval -0.03] [%clk 0:09:27] } 7. cxd5 { [%eval -0.5] [%clk 0:09:23] } 7...
cxd5 { [%eval 0.0] [%clk 0:09:23] } 8. Bb5 { [%eval -0.09] [%clk 0:09:14] }
8... a6 { [%eval -0.1] [%clk 0:09:20] } 9. Bxd7+
{ [%eval -0.18] [%clk 0:09:06] } 9... Nxd7 { [%eval -0.24] [%clk 0:09:18] } 10.
a3 { [%eval -0.65] [%clk 0:08:58] } 10... Ba5 { [%eval -0.28] [%clk 0:09:12] }
11. b4 $6 { [%eval -1.15] [%clk 0:08:56] } 11... Bc7
{ [%eval -0.7] [%clk 0:09:10] } 12. Nxd7 { [%eval -0.92] [%clk 0:08:42] } 12...
Bxd7 { [%eval -0.97] [%clk 0:09:09] } 13. O-O { [%eval -1.33] [%clk 0:08:41] }
13... b5 $2 { [%eval -0.19] [%clk 0:09:08] } 14. e4
{ [%eval -0.71] [%clk 0:08:33] } 14... dxe4 { [%eval -0.73] [%clk 0:09:00] }
15. Nxe4 { [%eval -0.61] [%clk 0:08:33] } 15... Bc6
{ [%eval -0.54] [%clk 0:08:57] } 16. Re1 { [%eval -0.81] [%clk 0:08:26] } 16...
O-O { [%eval -1.08] [%clk 0:08:55] } 17. Qc2 { [%eval -1.24] [%clk 0:08:18] }
17... Bxe4 $6 { [%eval -0.33] [%clk 0:08:52] } 18. Qxe4
{ [%eval -0.31] [%clk 0:08:15] } 18... Qd6 { [%eval -0.1] [%clk 0:08:51] } 19.
Qe5 { [%eval -0.54] [%clk 0:07:45] } 19... Rfd8
{ [%eval -0.29] [%clk 0:08:42] } 20. Bb2 $6 { [%eval -0.87] [%clk 0:07:26] }
20... Qd5 $4 { [%eval 4.68] [%clk 0:08:40] } 21. Qxc7
{ [%eval 4.59] [%clk 0:07:16] } 1-0"
Rated Rapid game,https://lichess.org/4AaQMFW4,2024.08.01,-,Aman_garg18,ALATIWAEL,0-1,2024.08.01,08:43:06,1487,1501,,,B20,Sicilian Defense: Mengarini Variation,600+0,Normal,"1. e4 { [%clk 0:10:00] } 1... c5 { [%clk 0:10:00] } 2. a3 { [%clk 0:09:51] }
2... Nc6 { [%clk 0:09:58] } 3. Nf3 { [%clk 0:09:45] } 3... e5
{ [%clk 0:09:57] } 4. Nc3 { [%clk 0:09:42] } 4... d6 { [%clk 0:09:56] } 5. Bb5
{ [%clk 0:09:33] } 5... Bd7 { [%clk 0:09:54] } 6. Bxc6 { [%clk 0:09:25] } 6...
bxc6 { [%clk 0:09:46] } 7. d4 { [%clk 0:09:24] } 7... cxd4 { [%clk 0:09:42] }
8. Ne2 { [%clk 0:09:21] } 8... Bg4 { [%clk 0:09:38] } 9. Bd2 { [%clk 0:08:59] }
9... Bxf3 { [%clk 0:09:36] } 10. gxf3 { [%clk 0:08:58] } 10... Nf6
{ [%clk 0:09:35] } 11. Bb4 { [%clk 0:08:56] } 11... c5 { [%clk 0:09:29] } 12.
Bd2 { [%clk 0:08:50] } 12... Be7 { [%clk 0:09:27] } 13. c3 { [%clk 0:08:48] }
13... O-O { [%clk 0:09:24] } 14. cxd4 { [%clk 0:08:46] } 14... cxd4
{ [%clk 0:09:23] } 15. f4 { [%clk 0:08:42] } 15... Nh5 { [%clk 0:09:15] } 16.
fxe5 { [%clk 0:08:38] } 16... dxe5 { [%clk 0:09:14] } 17. Rg1
{ [%clk 0:08:37] } 17... Qd7 { [%clk 0:08:58] } 18. Nxd4 { [%clk 0:08:29] }
18... Qxd4 { [%clk 0:08:43] } 19. Qxh5 { [%clk 0:08:25] } 19... Qxe4+
{ [%clk 0:08:41] } 20. Qe2 { [%clk 0:08:10] } 20... Qh4 { [%clk 0:08:15] } 21.
Qxe5 { [%clk 0:07:57] } 21... Bf6 { [%clk 0:08:11] } 22. Qg3 { [%clk 0:07:32] }
22... Qe4+ { [%clk 0:08:02] } 23. Be3 { [%clk 0:07:19] } 23... Rae8
{ [%clk 0:07:42] } 24. Rd1 { [%clk 0:07:12] } 24... Qc2 { [%clk 0:07:34] } 25.
Rd2 { [%clk 0:07:00] } 25... Qc1+ { [%clk 0:07:16] } 26. Ke2 { [%clk 0:06:59] }
26... Qc4+ { [%clk 0:07:07] } 27. Ke1 { [%clk 0:06:51] } 27... h6
{ [%clk 0:06:57] } 28. Re2 { [%clk 0:06:38] } 28... g5 { [%clk 0:06:24] } 29.
h4 { [%clk 0:06:07] } 29... Qb5 { [%clk 0:05:54] } 30. hxg5 { [%clk 0:06:02] }
30... Bxg5 { [%clk 0:05:52] } 31. Rh1 { [%clk 0:05:51] } 31... Kh7
{ [%clk 0:05:33] } 32. Kf1 { [%clk 0:05:39] } 32... Re6 { [%clk 0:05:15] } 33.
Qf3 { [%clk 0:05:24] } 33... f6 { [%clk 0:04:41] } 34. Kg1 { [%clk 0:04:55] }
34... Rg8 { [%clk 0:03:48] } 35. Kf1 { [%clk 0:04:37] } 35... Qd7
{ [%clk 0:03:30] } 36. Bxg5 { [%clk 0:04:28] } 36... Qd1+ { [%clk 0:03:18] }
37. Kg2 { [%clk 0:04:05] } 37... Rxg5+ { [%clk 0:03:15] } 38. Kh2
{ [%clk 0:03:54] } 38... Qxe2 { [%clk 0:03:11] } 39. Qb7+ { [%clk 0:03:45] }
39... Re7 { [%clk 0:02:52] } 40. Qd5 { [%clk 0:03:27] } 40... Rxd5
{ [%clk 0:02:46] } 0-1"
Rated Rapid game,https://lichess.org/lgBQloAV,2024.08.01,-,Misha4967,itzdaniel9,1-0,2024.08.01,08:43:06,1819,1821,,,B10,Caro-Kann Defense,600+0,Normal,"1. e4 { [%clk 0:10:00] } 1... c6 { [%clk 0:10:00] } 2. Nf3 { [%clk 0:09:58] }
2... d5 { [%clk 0:10:00] } 3. exd5 { [%clk 0:09:55] } 3... cxd5
{ [%clk 0:10:00] } 4. d4 { [%clk 0:09:54] } 4... Bf5 { [%clk 0:09:59] } 5. Nc3
{ [%clk 0:09:51] } 5... Nf6 { [%clk 0:09:58] } 6. Bb5+ { [%clk 0:09:44] } 6...
Nc6 { [%clk 0:09:57] } 7. O-O { [%clk 0:09:29] } 7... e6 { [%clk 0:09:56] } 8.
Ne5 { [%clk 0:09:22] } 8... Rc8 { [%clk 0:09:52] } 9. Bg5 { [%clk 0:09:14] }
9... Be7 { [%clk 0:09:47] } 10. h3 { [%clk 0:08:59] } 10... O-O
{ [%clk 0:09:26] } 11. Kh1 { [%clk 0:08:52] } 11... Ne4 { [%clk 0:09:22] } 12.
Bxe7 { [%clk 0:08:39] } 12... Qxe7 { [%clk 0:09:19] } 13. Nxe4
{ [%clk 0:08:14] } 13... Bxe4 { [%clk 0:09:11] } 14. c3 { [%clk 0:08:07] }
14... Nxe5 { [%clk 0:09:09] } 15. dxe5 { [%clk 0:08:04] } 15... Qg5
{ [%clk 0:09:08] } 16. f3 { [%clk 0:07:50] } 16... Bf5 { [%clk 0:09:05] } 17.
Rf2 { [%clk 0:07:20] } 17... Bg6 { [%clk 0:08:56] } 18. Qd2 { [%clk 0:06:57] }
18... Qxe5 { [%clk 0:08:51] } 19. Raf1 { [%clk 0:06:41] } 19... a6
{ [%clk 0:08:45] } 20. f4 { [%clk 0:06:38] } 20... Qc7 { [%clk 0:08:38] } 21.
Bd3 { [%clk 0:06:17] } 21... Bxd3 { [%clk 0:08:21] } 22. Qxd3
{ [%clk 0:06:15] } 22... Qc4 { [%clk 0:08:16] } 23. Qg3 { [%clk 0:05:51] }
23... Qe4 { [%clk 0:08:00] } 24. f5 { [%clk 0:05:40] } 24... e5
{ [%clk 0:07:37] } 25. f6 { [%clk 0:05:23] } 25... g6 { [%clk 0:07:33] } 26.
Qg5 { [%clk 0:05:05] } 26... Kh8 { [%clk 0:07:17] } 27. Qh6 { [%clk 0:04:43] }
27... Rg8 { [%clk 0:07:15] } 28. Rf3 { [%clk 0:04:41] } 28... Rc4
{ [%clk 0:07:00] } 29. Re3 { [%clk 0:04:23] } 29... Qc2 { [%clk 0:06:39] } 30.
Rxe5 { [%clk 0:04:10] } 30... Qd3 { [%clk 0:06:38] } 31. Rfe1
{ [%clk 0:04:00] } 31... Rcc8 { [%clk 0:06:24] } 32. Re7 { [%clk 0:03:35] }
32... Qg3 { [%clk 0:06:14] } 33. R1e3 { [%clk 0:03:22] } 33... Qd6
{ [%clk 0:05:28] } 34. Rxf7 { [%clk 0:03:17] } 1-0"
Rated Rapid game,https://lichess.org/xVigxVRf,2024.08.01,-,imaan_gh_83,vovaanik,0-1,2024.08.01,08:43:06,1598,1516,,,D00,Queen's Pawn Game: Accelerated London System,600+0,Time forfeit,"1. d4 { [%clk 0:10:00] } 1... d5 { [%clk 0:10:00] } 2. Bf4 { [%clk 0:09:59] }
2... Nc6 { [%clk 0:09:56] } 3. e3 { [%clk 0:09:58] } 3... f6 { [%clk 0:09:48] }
4. Nf3 { [%clk 0:09:56] } 4... e6 { [%clk 0:09:23] } 5. Bg3 { [%clk 0:09:46] }
5... g5 { [%clk 0:09:15] } 6. Bd3 { [%clk 0:09:42] } 6... a6 { [%clk 0:09:09] }
7. c3 { [%clk 0:09:39] } 7... f5 { [%clk 0:09:00] } 8. Ne5 { [%clk 0:09:36] }
8... Nxe5 { [%clk 0:08:56] } 9. Bxe5 { [%clk 0:09:34] } 9... Nf6
{ [%clk 0:08:51] } 10. h3 { [%clk 0:09:20] } 10... Bg7 { [%clk 0:08:50] } 11.
Nd2 { [%clk 0:09:08] } 11... O-O { [%clk 0:08:42] } 12. Nf3 { [%clk 0:09:05] }
12... h6 { [%clk 0:08:32] } 13. h4 { [%clk 0:09:02] } 13... g4
{ [%clk 0:08:29] } 14. Bxf6 { [%clk 0:08:24] } 14... Bxf6 { [%clk 0:08:22] }
15. Ne5 { [%clk 0:08:05] } 15... Bxe5 { [%clk 0:08:19] } 16. dxe5
{ [%clk 0:08:03] } 16... c5 { [%clk 0:08:16] } 17. g3 { [%clk 0:07:40] } 17...
c4 { [%clk 0:08:14] } 18. Bb1 { [%clk 0:07:37] } 18... Bd7 { [%clk 0:08:11] }
19. b3 { [%clk 0:07:23] } 19... b5 { [%clk 0:08:01] } 20. b4 { [%clk 0:07:21] }
20... h5 { [%clk 0:07:54] } 21. O-O { [%clk 0:06:55] } 21... a5
{ [%clk 0:07:50] } 22. f3 { [%clk 0:06:36] } 22... axb4 { [%clk 0:07:43] } 23.
cxb4 { [%clk 0:06:27] } 23... Ra4 { [%clk 0:07:33] } 24. a3 { [%clk 0:06:21] }
24... c3 { [%clk 0:07:26] } 25. Qc2 { [%clk 0:06:19] } 25... Qc7
{ [%clk 0:07:23] } 26. f4 { [%clk 0:04:26] } 26... Qb6 { [%clk 0:07:12] } 27.
Qd3 { [%clk 0:04:12] } 27... Rc8 { [%clk 0:07:05] } 28. Bc2 { [%clk 0:04:08] }
28... Rc7 { [%clk 0:07:00] } 29. Bxa4 { [%clk 0:04:05] } 29... bxa4
{ [%clk 0:06:57] } 30. Rac1 { [%clk 0:03:55] } 30... Bb5 { [%clk 0:06:54] } 31.
Qd4 { [%clk 0:02:53] } 31... Qxd4 { [%clk 0:06:36] } 32. exd4
{ [%clk 0:02:51] } 32... Bxf1 { [%clk 0:06:34] } 33. Kxf1 { [%clk 0:02:50] }
33... c2 { [%clk 0:06:33] } 34. Ke2 { [%clk 0:02:39] } 34... Rc3
{ [%clk 0:06:31] } 35. Kd2 { [%clk 0:02:34] } 35... Rxg3 { [%clk 0:06:20] } 36.
Rxc2 { [%clk 0:02:33] } 36... Rxa3 { [%clk 0:06:14] } 37. Kc1
{ [%clk 0:02:09] } 37... Rh3 { [%clk 0:06:03] } 38. b5 { [%clk 0:02:05] } 38...
Rb3 { [%clk 0:05:56] } 39. Ra2 { [%clk 0:01:56] } 39... a3 { [%clk 0:05:53] }
40. Kc2 { [%clk 0:01:55] } 40... Rb2+ { [%clk 0:05:47] } 41. Rxb2
{ [%clk 0:01:54] } 41... axb2 { [%clk 0:05:46] } 42. Kxb2 { [%clk 0:01:53] }
42... g3 { [%clk 0:05:45] } 43. b6 { [%clk 0:01:52] } 43... g2
{ [%clk 0:05:44] } 44. b7 { [%clk 0:01:50] } 44... g1=Q { [%clk 0:05:39] } 45.
b8=Q+ { [%clk 0:01:47] } 45... Kf7 { [%clk 0:05:38] } 46. Qc7+
{ [%clk 0:01:38] } 46... Ke8 { [%clk 0:05:32] } 47. Qc6+ { [%clk 0:01:32] }
47... Kf7 { [%clk 0:05:29] } 48. Qc7+ { [%clk 0:01:29] } 48... Ke8
{ [%clk 0:05:20] } 49. Qc6+ { [%clk 0:01:20] } 49... Kf7 { [%clk 0:05:16] } 50.
Qd7+ { [%clk 0:01:18] } 50... Kf8 { [%clk 0:05:10] } 51. Qd6+
{ [%clk 0:01:12] } 51... Kf7 { [%clk 0:05:07] } 52. Qd7+ { [%clk 0:01:10] }
52... Kf8 { [%clk 0:05:05] } 53. Qd8+ { [%clk 0:00:59] } 53... Kf7
{ [%clk 0:05:03] } 54. Qf6+ { [%clk 0:00:57] } 54... Kg8 { [%clk 0:04:36] } 55.
Qxe6+ { [%clk 0:00:56] } 55... Kf8 { [%clk 0:04:32] } 56. Qxf5+
{ [%clk 0:00:53] } 56... Ke8 { [%clk 0:04:29] } 57. Qxh5+ { [%clk 0:00:52] }
57... Kd7 { [%clk 0:04:25] } 58. Qf7+ { [%clk 0:00:44] } 58... Kc6
{ [%clk 0:04:23] } 59. Qe6+ { [%clk 0:00:37] } 59... Kc7 { [%clk 0:04:18] } 60.
Qxd5 { [%clk 0:00:30] } 60... Qf2+ { [%clk 0:04:09] } 61. Kb3
{ [%clk 0:00:29] } 61... Qxh4 { [%clk 0:03:56] } 62. Qc5+ { [%clk 0:00:27] }
62... Kb7 { [%clk 0:03:53] } 63. f5 { [%clk 0:00:22] } 63... Qh3+
{ [%clk 0:03:43] } 64. Kc4 { [%clk 0:00:21] } 64... Qxf5 { [%clk 0:03:40] } 65.
Qd5+ { [%clk 0:00:15] } 65... Kc7 { [%clk 0:03:38] } 66. e6 { [%clk 0:00:09] }
66... Qc2+ { [%clk 0:03:33] } 67. Kb5 { [%clk 0:00:04] } 67... Qb2+
{ [%clk 0:03:29] } 0-1"
Rated Rapid game,https://lichess.org/SVYIPMb0,2024.08.01,-,Glysney66,tg_tbogeorge01,0-1,2024.08.01,08:43:06,2184,2066,,,A03,Bird Opening: Dutch Variation,600+0,Normal,"1. f4 { [%clk 0:10:00] } 1... d5 { [%clk 0:10:00] } 2. Nf3 { [%clk 0:09:59] }
2... Bf5 { [%clk 0:09:58] } 3. e3 { [%clk 0:09:59] } 3... e6 { [%clk 0:09:57] }
4. b3 { [%clk 0:09:58] } 4... Nd7 { [%clk 0:09:56] } 5. Bb2 { [%clk 0:09:58] }
5... Ngf6 { [%clk 0:09:55] } 6. Be2 { [%clk 0:09:57] } 6... Be7
{ [%clk 0:09:53] } 7. O-O { [%clk 0:09:57] } 7... O-O { [%clk 0:09:52] } 8. d3
{ [%clk 0:09:57] } 8... c6 { [%clk 0:09:51] } 9. Nbd2 { [%clk 0:09:57] } 9...
a6 { [%clk 0:09:50] } 10. Qe1 { [%clk 0:09:57] } 10... Bd6 { [%clk 0:09:48] }
11. Qg3 { [%clk 0:09:56] } 11... Ng4 { [%clk 0:09:43] } 12. h3
{ [%clk 0:09:54] } 12... Ngf6 { [%clk 0:09:34] } 13. Ne5 { [%clk 0:09:53] }
13... Bxe5 { [%clk 0:09:28] } 14. fxe5 { [%clk 0:09:53] } 14... Ne8
{ [%clk 0:09:19] } 15. Rxf5 { [%clk 0:09:53] } 15... exf5 { [%clk 0:09:17] }
16. e6 { [%clk 0:09:53] } 16... fxe6 { [%clk 0:09:13] } 17. Bh5
{ [%clk 0:09:45] } 17... Ndf6 { [%clk 0:08:57] } 18. Bxe8 { [%clk 0:09:42] }
18... Nxe8 { [%clk 0:08:55] } 19. Rf1 { [%clk 0:09:38] } 19... Qc7
{ [%clk 0:08:49] } 20. Be5 { [%clk 0:09:35] } 20... Qf7 { [%clk 0:08:43] } 21.
Nf3 { [%clk 0:09:33] } 21... h6 { [%clk 0:08:35] } 22. Bd4 { [%clk 0:09:32] }
22... Qe7 { [%clk 0:07:56] } 23. Ne5 { [%clk 0:09:29] } 23... Qc7
{ [%clk 0:07:40] } 24. Qg6 { [%clk 0:09:19] } 24... Rf6 { [%clk 0:07:34] } 25.
Qh5 { [%clk 0:09:15] } 25... c5 { [%clk 0:07:28] } 26. Bb2 { [%clk 0:09:12] }
26... Kh7 { [%clk 0:06:57] } 27. Nf3 { [%clk 0:09:09] } 27... g6
{ [%clk 0:06:47] } 28. Bxf6 { [%clk 0:09:01] } 28... Nxf6 { [%clk 0:06:44] }
29. Qh4 { [%clk 0:08:55] } 29... Kg7 { [%clk 0:06:34] } 30. g4
{ [%clk 0:08:48] } 30... g5 { [%clk 0:06:26] } 31. Nxg5 { [%clk 0:08:47] }
31... hxg5 { [%clk 0:06:22] } 32. Qxg5+ { [%clk 0:08:47] } 32... Kf7
{ [%clk 0:06:20] } 33. gxf5 { [%clk 0:08:44] } 33... Rg8 { [%clk 0:06:18] } 34.
h4 { [%clk 0:08:39] } 34... Rxg5+ { [%clk 0:06:17] } 35. hxg5
{ [%clk 0:08:39] } 35... Qg3+ { [%clk 0:06:12] } 0-1"
Rated Rapid game,https://lichess.org/aOKmWP6y,2024.08.01,-,hainanpengyuyan,Palmazio,1-0,2024.08.01,08:43:06,1940,2003,,,C58,"Italian Game: Two Knights Defense, Polerio Defense, Bishop Check Line",600+0,Normal,"1. e4 { [%clk 0:10:00] } 1... e5 { [%clk 0:10:00] } 2. Nf3 { [%clk 0:09:57] }
2... Nc6 { [%clk 0:09:58] } 3. Bc4 { [%clk 0:09:57] } 3... Nf6
{ [%clk 0:09:57] } 4. Ng5 { [%clk 0:09:51] } 4... d5 { [%clk 0:09:55] } 5. exd5
{ [%clk 0:09:44] } 5... Na5 { [%clk 0:09:52] } 6. Bb5+ { [%clk 0:09:37] } 6...
Bd7 { [%clk 0:09:50] } 7. Bxd7+ { [%clk 0:09:27] } 7... Qxd7 { [%clk 0:09:48] }
8. Nc3 { [%clk 0:09:26] } 8... Nxd5 { [%clk 0:09:46] } 9. Qf3
{ [%clk 0:09:14] } 9... Nxc3 { [%clk 0:09:39] } 10. Qxc3 { [%clk 0:09:04] }
10... Nc6 { [%clk 0:09:33] } 11. O-O { [%clk 0:08:59] } 11... O-O-O
{ [%clk 0:09:26] } 12. d3 { [%clk 0:08:58] } 12... f6 { [%clk 0:09:24] } 13.
Nf3 { [%clk 0:08:56] } 13... g5 { [%clk 0:09:20] } 14. Be3 { [%clk 0:08:43] }
14... h5 { [%clk 0:09:13] } 15. a3 { [%clk 0:08:40] } 15... h4
{ [%clk 0:09:09] } 16. b4 { [%clk 0:08:35] } 16... g4 { [%clk 0:09:07] } 17.
Nd2 { [%clk 0:08:22] } 17... Nd4 { [%clk 0:09:05] } 18. Bxd4 { [%clk 0:08:09] }
18... Qxd4 { [%clk 0:08:55] } 19. Qxd4 { [%clk 0:08:02] } 19... Rxd4
{ [%clk 0:08:52] } 20. f3 { [%clk 0:07:53] } 20... Bh6 { [%clk 0:07:06] } 21.
Nc4 { [%clk 0:07:49] } 21... b5 { [%clk 0:07:01] } 22. Na5 { [%clk 0:07:47] }
22... Be3+ { [%clk 0:06:54] } 23. Kh1 { [%clk 0:07:43] } 23... g3
{ [%clk 0:06:48] } 24. Nc6 { [%clk 0:07:32] } 24... Rd6 { [%clk 0:06:40] } 25.
Nxa7+ { [%clk 0:07:30] } 25... Kb8 { [%clk 0:06:36] } 26. Nxb5
{ [%clk 0:07:29] } 26... Rc6 { [%clk 0:06:34] } 27. c4 { [%clk 0:07:27] } 27...
h3 { [%clk 0:06:27] } 28. hxg3 { [%clk 0:07:05] } 28... hxg2+
{ [%clk 0:06:23] } 29. Kxg2 { [%clk 0:07:04] } 29... f5 { [%clk 0:06:22] } 30.
Rh1 { [%clk 0:07:02] } 30... Rg8 { [%clk 0:06:20] } 31. Rae1 { [%clk 0:06:49] }
31... Bf4 { [%clk 0:06:15] } 32. Rh3 { [%clk 0:06:42] } 32... Rcg6
{ [%clk 0:06:13] } 33. g4 { [%clk 0:06:20] } 33... fxg4 { [%clk 0:06:12] } 34.
fxg4 { [%clk 0:06:19] } 34... Rxg4+ { [%clk 0:06:10] } 35. Kf3
{ [%clk 0:06:18] } 35... Rg3+ { [%clk 0:06:05] } 36. Rxg3 { [%clk 0:06:17] }
36... Rxg3+ { [%clk 0:06:04] } 37. Ke4 { [%clk 0:06:16] } 37... Rg2
{ [%clk 0:06:02] } 38. Kf3 { [%clk 0:06:03] } 38... Rd2 { [%clk 0:05:58] } 39.
d4 { [%clk 0:05:55] } 39... Rd3+ { [%clk 0:05:55] } 40. Ke4 { [%clk 0:05:54] }
40... Rd2 { [%clk 0:05:42] } 41. dxe5 { [%clk 0:05:51] } 41... Bg3
{ [%clk 0:05:41] } 42. Re3 { [%clk 0:05:39] } 42... Bf2 { [%clk 0:05:38] } 43.
Rf3 { [%clk 0:05:35] } 43... Bh4 { [%clk 0:05:18] } 44. Rf8+ { [%clk 0:04:58] }
44... Kb7 { [%clk 0:05:15] } 45. Rf7 { [%clk 0:04:57] } 45... Re2+
{ [%clk 0:05:08] } 46. Kd5 { [%clk 0:04:52] } 46... Rd2+ { [%clk 0:05:04] } 47.
Ke4 { [%clk 0:04:42] } 47... Ra2 { [%clk 0:05:02] } 48. Rxc7+
{ [%clk 0:04:40] } 48... Kb6 { [%clk 0:05:01] } 49. Rh7 { [%clk 0:04:22] }
49... Be1 { [%clk 0:04:56] } 50. e6 { [%clk 0:04:19] } 50... Re2+
{ [%clk 0:04:53] } 51. Kf5 { [%clk 0:04:13] } 1-0"
Rated Rapid game,https://lichess.org/mY0xxLuz,2024.08.01,-,Abhoel,KiruaZblt,1-0,2024.08.01,08:43:06,1298,1265,,,D00,Queen's Pawn Game,600+0,Normal,"1. d4 { [%clk 0:10:00] } 1... d5 { [%clk 0:10:00] } 2. e3 { [%clk 0:09:58] }
2... Nc6 { [%clk 0:09:58] } 3. Nf3 { [%clk 0:09:56] } 3... Bf5
{ [%clk 0:09:54] } 4. Bd3 { [%clk 0:09:52] } 4... e6 { [%clk 0:09:51] } 5. Bxf5
{ [%clk 0:09:49] } 5... exf5 { [%clk 0:09:51] } 6. c3 { [%clk 0:09:43] } 6...
Bd6 { [%clk 0:09:41] } 7. Nbd2 { [%clk 0:09:23] } 7... Qf6 { [%clk 0:09:33] }
8. b4 { [%clk 0:09:16] } 8... f4 { [%clk 0:09:30] } 9. e4 { [%clk 0:09:10] }
9... O-O-O { [%clk 0:09:21] } 10. O-O { [%clk 0:08:58] } 10... dxe4
{ [%clk 0:09:19] } 11. Nxe4 { [%clk 0:08:55] } 11... Qg6 { [%clk 0:09:11] } 12.
Nh4 { [%clk 0:08:40] } 12... Qxe4 { [%clk 0:09:06] } 13. f3 { [%clk 0:08:36] }
13... Qe7 { [%clk 0:08:56] } 14. Nf5 { [%clk 0:08:33] } 14... Qg5
{ [%clk 0:08:50] } 15. Qd3 { [%clk 0:08:01] } 15... Nf6 { [%clk 0:08:40] } 16.
Nxd6+ { [%clk 0:07:49] } 16... Rxd6 { [%clk 0:08:35] } 17. Ba3
{ [%clk 0:07:40] } 17... Re8 { [%clk 0:08:24] } 18. b5 { [%clk 0:07:36] } 18...
Na5 { [%clk 0:08:19] } 19. Bxd6 { [%clk 0:07:33] } 19... c6 { [%clk 0:08:15] }
20. bxc6 { [%clk 0:06:57] } 1-0"
Rated Rapid game,https://lichess.org/jsiCLlIj,2024.08.01,-,BlaiseJnr18,raphaperta-11,0-1,2024.08.01,08:43:06,1265,1270,,,A00,Grob Opening,600+0,Normal,"1. g4 { [%clk 0:10:00] } 1... d6 { [%clk 0:10:00] } 2. h3 { [%clk 0:09:57] }
2... Nc6 { [%clk 0:09:58] } 3. d4 { [%clk 0:09:53] } 3... b6 { [%clk 0:09:49] }
4. Bg2 { [%clk 0:09:50] } 4... Bb7 { [%clk 0:09:48] } 5. a3 { [%clk 0:09:43] }
5... Qc8 { [%clk 0:09:43] } 6. c3 { [%clk 0:09:28] } 6... Nxd4
{ [%clk 0:09:41] } 7. Bxb7 { [%clk 0:08:46] } 7... Qxb7 { [%clk 0:09:37] } 8.
f3 { [%clk 0:08:33] } 8... Ne6 { [%clk 0:09:31] } 9. Nd2 { [%clk 0:08:20] }
9... O-O-O { [%clk 0:09:28] } 10. a4 { [%clk 0:08:05] } 10... h5
{ [%clk 0:09:04] } 11. c4 { [%clk 0:07:59] } 11... hxg4 { [%clk 0:09:00] } 12.
hxg4 { [%clk 0:07:57] } 12... Rxh1 { [%clk 0:08:59] } 13. Kf2
{ [%clk 0:07:51] } 13... Nf4 { [%clk 0:08:53] } 14. a5 { [%clk 0:07:41] } 14...
Nh3+ { [%clk 0:08:50] } 15. Kg2 { [%clk 0:07:37] } 15... Rxg1+
{ [%clk 0:08:45] } 16. Qxg1 { [%clk 0:07:19] } 16... Nxg1 { [%clk 0:08:45] }
17. Kxg1 { [%clk 0:07:18] } 17... Nf6 { [%clk 0:08:39] } 18. axb6
{ [%clk 0:07:15] } 18... cxb6 { [%clk 0:08:35] } 19. Nb3 { [%clk 0:07:07] }
19... e5 { [%clk 0:08:29] } 20. Bg5 { [%clk 0:06:56] } 20... Be7
{ [%clk 0:08:00] } 21. Rc1 { [%clk 0:06:38] } 21... Ng8 { [%clk 0:07:28] } 22.
Be3 { [%clk 0:06:27] } 22... Nf6 { [%clk 0:07:22] } 23. c5 { [%clk 0:06:05] }
23... bxc5 { [%clk 0:07:17] } 24. Na5 { [%clk 0:05:57] } 24... Qxb2
{ [%clk 0:07:10] } 25. Nc6 { [%clk 0:05:49] } 25... Rd7 { [%clk 0:07:07] } 26.
Na5 { [%clk 0:05:37] } 26... Qxe2 { [%clk 0:07:01] } 27. Bf2 { [%clk 0:05:16] }
0-1"
Rated Rapid tournament https://lichess.org/tournament/ALHgUrA9,https://lichess.org/G5NViwHy,2024.08.01,-,Mert_Yoldas,nadireymencan35,1/2-1/2,2024.08.01,08:43:09,932,936,,,C40,King's Pawn Game: Busch-Gass Gambit,600+0,Normal,"1. e4 { [%clk 0:10:00] } 1... e5 { [%clk 0:10:00] } 2. Nf3 { [%clk 0:09:58] }
2... Bc5 { [%clk 0:09:57] } 3. Nxe5 { [%clk 0:09:56] } 3... Qf6
{ [%clk 0:09:51] } 4. Nd3 { [%clk 0:09:54] } 4... Nh6 { [%clk 0:09:34] } 5.
Nxc5 { [%clk 0:09:51] } 5... Ng4 { [%clk 0:09:30] } 6. Nd3 { [%clk 0:09:45] }
6... b6 { [%clk 0:09:26] } 7. h3 { [%clk 0:09:42] } 7... Ne5 { [%clk 0:09:14] }
8. Nxe5 { [%clk 0:09:38] } 8... Qxe5 { [%clk 0:09:11] } 9. Qf3
{ [%clk 0:09:34] } 9... Bb7 { [%clk 0:09:05] } 10. d3 { [%clk 0:09:20] } 10...
Qa5+ { [%clk 0:08:55] } 11. Bd2 { [%clk 0:09:18] } 11... Qe5 { [%clk 0:08:48] }
12. Bf4 { [%clk 0:09:12] } 12... Qxb2 { [%clk 0:08:44] } 13. Bxc7
{ [%clk 0:08:49] } 13... Qxa1 { [%clk 0:08:35] } 14. Qd1 { [%clk 0:08:41] }
14... Na6 { [%clk 0:08:26] } 15. Be5 { [%clk 0:08:37] } 15... Qxa2
{ [%clk 0:08:06] } 16. Bxg7 { [%clk 0:08:33] } 16... Qa5+ { [%clk 0:08:01] }
17. Bc3 { [%clk 0:08:28] } 17... Qa2 { [%clk 0:07:40] } 18. Bxh8
{ [%clk 0:08:23] } 18... O-O-O { [%clk 0:07:34] } 19. Bc3 { [%clk 0:08:19] }
1/2-1/2"
Rated Rapid tournament https://lichess.org/tournament/ALHgUrA9,https://lichess.org/h3b3i5Wu,2024.08.01,-,aslanfaik,Hayal2015,0-1,2024.08.01,08:43:09,871,725,,,C42,Russian Game: Three Knights Game,600+0,Normal,"1. e4 { [%eval 0.15] [%clk 0:10:00] } 1... e5 { [%eval 0.21] [%clk 0:10:00] }
2. Nc3 { [%eval 0.1] [%clk 0:10:00] } 2... Nf6 { [%eval 0.17] [%clk 0:09:55] }
3. Nf3 { [%eval 0.07] [%clk 0:10:00] } 3... Ng4 $2
{ [%eval 1.95] [%clk 0:09:52] } 4. Ng5 $4 { [%eval -2.32] [%clk 0:09:45] } 4...
Bc5 $4 { [%eval 3.56] [%clk 0:09:46] } 5. Qxg4 { [%eval 3.56] [%clk 0:09:35] }
5... Qe7 $2 { [%eval 5.38] [%clk 0:09:41] } 6. Nd5
{ [%eval 5.21] [%clk 0:09:26] } 6... Qd6 { [%eval 5.15] [%clk 0:09:40] } 7. Nf3
{ [%eval 4.99] [%clk 0:09:16] } 7... c6 { [%eval 5.82] [%clk 0:09:32] } 8. Nc3
{ [%eval 4.95] [%clk 0:08:57] } 8... Bb6 { [%eval 5.89] [%clk 0:09:27] } 9. d3
{ [%eval 4.94] [%clk 0:08:37] } 9... Qc5 { [%eval 5.8] [%clk 0:09:22] } 10. Be3
{ [%eval 5.48] [%clk 0:08:28] } 10... Qb4 { [%eval 6.51] [%clk 0:09:09] } 11.
Bxb6 $2 { [%eval 4.62] [%clk 0:08:24] } 11... Qxb2
{ [%eval 5.15] [%clk 0:09:05] } 12. Rb1 $4 { [%eval 1.35] [%clk 0:08:06] }
12... Qa3 $4 { [%eval 5.7] [%clk 0:08:54] } 13. Bxa7 $4
{ [%eval 1.64] [%clk 0:07:57] } 13... Na6 $4 { [%eval 5.29] [%clk 0:08:50] }
14. Bb6 $2 { [%eval 3.1] [%clk 0:07:49] } 14... Nc5 $2
{ [%eval 5.26] [%clk 0:08:43] } 15. Bxc5 { [%eval 4.75] [%clk 0:07:46] } 15...
Ra4 $4 { [%eval 8.76] [%clk 0:08:33] } 16. Nxa4 { [%eval 8.75] [%clk 0:07:43] }
16... Qxa4 { [%eval 9.6] [%clk 0:08:30] } 17. d4
{ [%eval 7.64] [%clk 0:07:37] } 17... Qxc2 { [%eval 7.53] [%clk 0:08:26] } 18.
Rd1 { [%eval 7.6] [%clk 0:07:16] } 18... Qc3+ { [%eval 7.9] [%clk 0:08:16] }
19. Nd2 { [%eval 7.51] [%clk 0:07:07] } 19... Kd8
{ [%eval 9.68] [%clk 0:08:09] } 20. dxe5 $4 { [%eval 6.6] [%clk 0:07:02] }
20... d6 $4 { [%eval #15] [%clk 0:08:07] } 21. Bxd6 $4
{ [%eval 3.87] [%clk 0:06:54] } 21... Bxg4 { [%eval 3.56] [%clk 0:08:04] } 22.
Rc1 $4 { [%eval #-1] [%clk 0:06:51] } 22... Qxc1# { [%clk 0:07:47] } 0-1"
Rated Rapid game,https://lichess.org/OPafT63G,2024.08.01,-,hesham6666,ishak1,0-1,2024.08.01,08:43:10,2022,1990,,,B01,"Scandinavian Defense: Main Line, Mieses Variation",600+0,Normal,"1. e4 { [%clk 0:10:00] } 1... d5 { [%clk 0:10:00] } 2. exd5 { [%clk 0:09:58] }
2... Qxd5 { [%clk 0:09:59] } 3. Nc3 { [%clk 0:09:57] } 3... Qa5
{ [%clk 0:09:58] } 4. d4 { [%clk 0:09:55] } 4... Nf6 { [%clk 0:09:57] } 5. Nf3
{ [%clk 0:09:53] } 5... e6 { [%clk 0:09:56] } 6. Bd2 { [%clk 0:09:52] } 6...
Qb6 { [%clk 0:09:54] } 7. Bd3 { [%clk 0:09:31] } 7... Bd7 { [%clk 0:09:43] } 8.
O-O { [%clk 0:09:27] } 8... c6 { [%clk 0:09:37] } 9. a3 { [%clk 0:09:23] } 9...
Bd6 { [%clk 0:09:35] } 10. Re1 { [%clk 0:09:11] } 10... Qc7 { [%clk 0:09:27] }
11. Bg5 { [%clk 0:09:01] } 11... Ng4 { [%clk 0:09:23] } 12. Ne5
{ [%clk 0:08:47] } 12... Nxe5 { [%clk 0:09:11] } 13. dxe5 { [%clk 0:08:45] }
13... Bxe5 { [%clk 0:09:11] } 14. Qg4 { [%clk 0:08:38] } 14... Bxh2+
{ [%clk 0:08:57] } 15. Kh1 { [%clk 0:08:36] } 15... Be5 { [%clk 0:08:31] } 16.
Ne4 { [%clk 0:08:08] } 16... f5 { [%clk 0:07:45] } 17. Qh5+ { [%clk 0:07:57] }
17... g6 { [%clk 0:07:44] } 18. Qe2 { [%clk 0:07:25] } 18... fxe4
{ [%clk 0:07:40] } 19. Bxe4 { [%clk 0:07:24] } 19... Na6 { [%clk 0:07:33] } 20.
f4 { [%clk 0:07:18] } 20... Bxf4 { [%clk 0:07:12] } 21. Bxf4 { [%clk 0:07:16] }
21... Qxf4 { [%clk 0:07:10] } 22. Rf1 { [%clk 0:06:57] } 22... Qh4+
{ [%clk 0:07:08] } 23. Kg1 { [%clk 0:06:55] } 23... O-O-O { [%clk 0:07:06] }
24. Rf3 { [%clk 0:06:42] } 24... Nc5 { [%clk 0:07:01] } 25. Bd3
{ [%clk 0:06:16] } 25... Nxd3 { [%clk 0:06:48] } 26. Rxd3 { [%clk 0:06:13] }
26... Rhf8 { [%clk 0:06:23] } 27. Qe3 { [%clk 0:06:02] } 27... Kb8
{ [%clk 0:06:17] } 28. b4 { [%clk 0:05:59] } 28... Rf5 { [%clk 0:06:11] } 29.
Rad1 { [%clk 0:05:45] } 29... Rd5 { [%clk 0:06:02] } 30. c3 { [%clk 0:04:58] }
30... Bc8 { [%clk 0:05:22] } 31. b5 { [%clk 0:04:25] } 31... Rxd3
{ [%clk 0:05:05] } 32. Rxd3 { [%clk 0:04:24] } 32... Rxd3 { [%clk 0:05:03] }
33. Qxd3 { [%clk 0:04:23] } 33... Qe1+ { [%clk 0:04:59] } 34. Kh2
{ [%clk 0:04:21] } 34... Qe5+ { [%clk 0:04:58] } 35. Kg1 { [%clk 0:04:19] }
35... Qxb5 { [%clk 0:04:57] } 36. Qd6+ { [%clk 0:04:16] } 36... Ka8
{ [%clk 0:04:53] } 37. Qc7 { [%clk 0:04:15] } 37... Qc5+ { [%clk 0:04:45] } 38.
Kh2 { [%clk 0:04:12] } 38... Qf8 { [%clk 0:04:42] } 39. a4 { [%clk 0:03:53] }
39... h5 { [%clk 0:04:35] } 40. c4 { [%clk 0:03:49] } 40... g5
{ [%clk 0:04:33] } 41. Kh1 { [%clk 0:03:44] } 41... Qf1+ { [%clk 0:04:28] } 42.
Kh2 { [%clk 0:03:42] } 42... Qf4+ { [%clk 0:04:27] } 0-1"
Rated Rapid game,https://lichess.org/B1tNs5U3,2024.08.01,-,sarriza,Tonio_AA,0-1,2024.08.01,08:43:10,1584,1585,,,C25,Vienna Game,600+0,Normal,"1. e4 { [%clk 0:10:00] } 1... e5 { [%clk 0:10:00] } 2. Nc3 { [%clk 0:09:56] }
2... d6 { [%clk 0:09:57] } 3. Nf3 { [%clk 0:09:55] } 3... Be6
{ [%clk 0:09:52] } 4. Be2 { [%clk 0:09:49] } 4... c5 { [%clk 0:09:51] } 5. O-O
{ [%clk 0:09:48] } 5... Be7 { [%clk 0:09:45] } 6. b3 { [%clk 0:09:46] } 6...
Nf6 { [%clk 0:09:43] } 7. Bb5+ { [%clk 0:09:40] } 7... Nc6 { [%clk 0:09:41] }
8. d3 { [%clk 0:09:29] } 8... a6 { [%clk 0:09:39] } 9. Bxc6+ { [%clk 0:09:27] }
9... bxc6 { [%clk 0:09:37] } 10. Be3 { [%clk 0:09:19] } 10... d5
{ [%clk 0:09:32] } 11. exd5 { [%clk 0:09:15] } 11... cxd5 { [%clk 0:09:30] }
12. Nxe5 { [%clk 0:09:14] } 12... Bd6 { [%clk 0:09:22] } 13. Nf3
{ [%clk 0:09:11] } 13... O-O { [%clk 0:09:20] } 14. Bd2 { [%clk 0:09:09] }
14... Qc7 { [%clk 0:09:18] } 15. h3 { [%clk 0:09:02] } 15... Qd7
{ [%clk 0:09:11] } 16. Re1 { [%clk 0:08:54] } 16... Bxh3 { [%clk 0:09:08] } 17.
gxh3 { [%clk 0:08:52] } 17... Qxh3 { [%clk 0:09:07] } 18. Bg5
{ [%clk 0:08:43] } 18... Ng4 { [%clk 0:09:01] } 19. Nxd5 { [%clk 0:08:27] }
19... Bh2+ { [%clk 0:08:55] } 20. Nxh2 { [%clk 0:08:24] } 20... Qxh2+
{ [%clk 0:08:53] } 21. Kf1 { [%clk 0:08:23] } 21... Qxf2# { [%clk 0:08:51] }
0-1"
Rated Rapid game,https://lichess.org/oyQmzwrO,2024.08.01,-,Checkmater_11,H_Kada,0-1,2024.08.01,08:43:10,1532,1555,,,B40,Sicilian Defense: French Variation,600+0,Normal,"1. e4 { [%clk 0:10:00] } 1... e6 { [%clk 0:10:00] } 2. Nf3 { [%clk 0:10:00] }
2... c5 { [%clk 0:09:59] } 3. Bc4 { [%clk 0:09:59] } 3... a6 { [%clk 0:09:57] }
4. Nc3 { [%clk 0:09:58] } 4... b5 { [%clk 0:09:56] } 5. Be2 { [%clk 0:09:55] }
5... Bb7 { [%clk 0:09:56] } 6. b3 { [%clk 0:09:53] } 6... f6 { [%clk 0:09:55] }
7. Bb2 { [%clk 0:09:52] } 7... Qb6 { [%clk 0:09:49] } 8. e5 { [%clk 0:09:46] }
8... Nc6 { [%clk 0:09:39] } 9. exf6 { [%clk 0:09:43] } 9... gxf6
{ [%clk 0:09:39] } 10. Ne4 { [%clk 0:09:26] } 10... Be7 { [%clk 0:09:27] } 11.
O-O { [%clk 0:09:21] } 11... O-O-O { [%clk 0:09:26] } 12. c4 { [%clk 0:09:01] }
12... b4 { [%clk 0:09:19] } 13. Bd3 { [%clk 0:08:35] } 13... Nh6
{ [%clk 0:08:57] } 14. Nxf6 { [%clk 0:08:26] } 14... Rhf8 { [%clk 0:08:44] }
15. Nxh7 { [%clk 0:08:07] } 15... Rxf3 { [%clk 0:08:24] } 16. Qxf3
{ [%clk 0:07:57] } 16... Nd4 { [%clk 0:08:19] } 17. Qh5 { [%clk 0:07:44] }
17... e5 { [%clk 0:08:06] } 18. Qxe5 { [%clk 0:07:08] } 18... Rg8
{ [%clk 0:07:35] } 19. g3 { [%clk 0:06:52] } 19... Nf3+ { [%clk 0:07:25] } 20.
Kh1 { [%clk 0:06:20] } 20... Nxe5+ { [%clk 0:07:23] } 21. Kg1
{ [%clk 0:06:17] } 21... Nxd3 { [%clk 0:07:22] } 22. Nf6 { [%clk 0:06:03] }
22... Nxb2 { [%clk 0:07:12] } 23. Nxg8 { [%clk 0:06:01] } 23... Nxg8
{ [%clk 0:07:10] } 24. Rae1 { [%clk 0:05:59] } 24... Bd6 { [%clk 0:07:04] } 25.
Re8+ { [%clk 0:05:52] } 25... Kc7 { [%clk 0:07:01] } 26. Rxg8
{ [%clk 0:05:46] } 26... Qc6 { [%clk 0:06:53] } 27. f3 { [%clk 0:05:22] } 27...
Nd3 { [%clk 0:06:49] } 28. Kg2 { [%clk 0:05:17] } 28... Ne1+ { [%clk 0:06:37] }
29. Kg1 { [%clk 0:05:11] } 29... Nxf3+ { [%clk 0:06:34] } 30. Kh1
{ [%clk 0:05:10] } 30... Nxd2+ { [%clk 0:06:31] } 31. Kg1 { [%clk 0:05:08] }
31... Qg2# { [%clk 0:06:28] } 0-1"
Rated Rapid game,https://lichess.org/JpWftdJQ,2024.08.01,-,CrazyNie,Hadri44,0-1,2024.08.01,08:43:10,1517,1494,,,C50,Italian Game: Paris Defense,600+0,Normal,"1. e4 { [%clk 0:10:00] } 1... e5 { [%clk 0:10:00] } 2. Nf3 { [%clk 0:09:59] }
2... Nc6 { [%clk 0:09:59] } 3. Bc4 { [%clk 0:09:59] } 3... d6
{ [%clk 0:09:58] } 4. d3 { [%clk 0:09:55] } 4... Bg4 { [%clk 0:09:56] } 5. h3
{ [%clk 0:09:52] } 5... Bh5 { [%clk 0:09:54] } 6. g4 { [%clk 0:09:50] } 6...
Bg6 { [%clk 0:09:51] } 7. Be3 { [%clk 0:09:50] } 7... Be7 { [%clk 0:09:48] } 8.
Nc3 { [%clk 0:09:41] } 8... Qd7 { [%clk 0:09:45] } 9. Nd5 { [%clk 0:09:11] }
9... O-O-O { [%clk 0:09:42] } 10. Qd2 { [%clk 0:08:41] } 10... Kb8
{ [%clk 0:09:40] } 11. a3 { [%clk 0:08:30] } 11... Na5 { [%clk 0:09:38] } 12.
Ba2 { [%clk 0:08:17] } 12... Nc6 { [%clk 0:09:36] } 13. O-O-O
{ [%clk 0:08:02] } 13... Nf6 { [%clk 0:09:30] } 14. Nb4 { [%clk 0:07:51] }
14... Nxb4 { [%clk 0:09:22] } 15. Qxb4 { [%clk 0:07:18] } 15... d5
{ [%clk 0:09:20] } 16. Qe1 { [%clk 0:06:37] } 16... d4 { [%clk 0:09:19] } 17.
Bd2 { [%clk 0:06:36] } 17... Bd6 { [%clk 0:09:14] } 18. Bb4 { [%clk 0:06:24] }
18... Qe7 { [%clk 0:09:08] } 19. Bxd6 { [%clk 0:05:59] } 19... Qxd6
{ [%clk 0:09:07] } 20. Nd2 { [%clk 0:05:58] } 20... Nd7 { [%clk 0:09:03] } 21.
Nc4 { [%clk 0:05:56] } 21... Qc5 { [%clk 0:08:59] } 22. f3 { [%clk 0:05:31] }
22... f6 { [%clk 0:08:49] } 23. Kb1 { [%clk 0:05:07] } 23... Bf7
{ [%clk 0:08:45] } 24. h4 { [%clk 0:04:49] } 24... Nb6 { [%clk 0:08:43] } 25.
Nxb6 { [%clk 0:04:39] } 25... Bxa2+ { [%clk 0:08:41] } 26. Kxa2
{ [%clk 0:04:38] } 26... Qxb6 { [%clk 0:08:41] } 27. h5 { [%clk 0:04:31] }
27... h6 { [%clk 0:08:30] } 28. b4 { [%clk 0:04:10] } 28... Qc6
{ [%clk 0:08:18] } 29. Kb2 { [%clk 0:04:02] } 29... Qa4 { [%clk 0:08:13] } 30.
Rc1 { [%clk 0:03:52] } 30... Rd6 { [%clk 0:08:11] } 31. c4 { [%clk 0:03:38] }
31... dxc3+ { [%clk 0:08:10] } 32. Rxc3 { [%clk 0:03:35] } 32... Rhd8
{ [%clk 0:08:07] } 33. Qe3 { [%clk 0:03:10] } 33... Rd4 { [%clk 0:08:00] } 34.
Rd1 { [%clk 0:02:58] } 34... Qxd1 { [%clk 0:07:58] } 0-1"
Rated Rapid game,https://lichess.org/9VT4cdaR,2024.08.01,-,Pibs0,pawel-III,0-1,2024.08.01,08:43:10,1309,1284,,,A04,Zukertort Opening: Slav Invitation,600+0,Normal,"1. Nf3 { [%clk 0:10:00] } 1... c6 { [%clk 0:10:00] } 2. g3 { [%clk 0:09:54] }
2... e6 { [%clk 0:09:58] } 3. Bg2 { [%clk 0:09:39] } 3... Nf6
{ [%clk 0:09:53] } 4. d3 { [%clk 0:09:38] } 4... Qa5+ { [%clk 0:09:50] } 5. Bd2
{ [%clk 0:09:34] } 5... Qb6 { [%clk 0:09:48] } 6. O-O { [%clk 0:09:32] } 6...
Qxb2 { [%clk 0:09:45] } 7. Na3 { [%clk 0:09:21] } 7... Qxa3 { [%clk 0:09:41] }
8. Re1 { [%clk 0:09:15] } 0-1"
Rated Rapid game,https://lichess.org/pzKO3cee,2024.08.01,-,wolfstore,Kaiser13,1-0,2024.08.01,08:43:10,1615,1623,,,C44,King's Knight Opening: Normal Variation,600+0,Normal,"1. e4 { [%clk 0:10:00] } 1... e5 { [%clk 0:10:00] } 2. Nf3 { [%clk 0:09:59] }
2... Nc6 { [%clk 0:10:00] } 3. d3 { [%clk 0:09:57] } 3... Nf6
{ [%clk 0:09:59] } 4. Be2 { [%clk 0:09:54] } 4... d5 { [%clk 0:09:58] } 5. exd5
{ [%clk 0:09:51] } 5... Nxd5 { [%clk 0:09:58] } 6. O-O { [%clk 0:09:49] } 6...
Bg4 { [%clk 0:09:58] } 7. h3 { [%clk 0:09:47] } 7... Bxf3 { [%clk 0:09:56] } 8.
Bxf3 { [%clk 0:09:47] } 8... Bd6 { [%clk 0:09:56] } 9. Bxd5 { [%clk 0:09:45] }
9... Qf6 { [%clk 0:09:53] } 10. Bxc6+ { [%clk 0:09:40] } 10... bxc6
{ [%clk 0:09:53] } 11. Nc3 { [%clk 0:09:32] } 11... h5 { [%clk 0:09:52] } 12.
Qf3 { [%clk 0:09:27] } 12... Qe6 { [%clk 0:09:50] } 13. Ne4 { [%clk 0:09:23] }
13... O-O-O { [%clk 0:09:44] } 14. c4 { [%clk 0:09:06] } 14... f6
{ [%clk 0:09:42] } 15. Be3 { [%clk 0:09:01] } 15... g5 { [%clk 0:09:41] } 16.
Bxa7 { [%clk 0:08:56] } 16... g4 { [%clk 0:09:39] } 17. Qxf6 { [%clk 0:08:43] }
17... Qxf6 { [%clk 0:09:28] } 18. Nxf6 { [%clk 0:08:41] } 18... gxh3
{ [%clk 0:09:28] } 19. g3 { [%clk 0:08:36] } 19... Be7 { [%clk 0:09:27] } 20.
Ne4 { [%clk 0:08:31] } 20... Rdg8 { [%clk 0:09:26] } 21. Kh2 { [%clk 0:08:29] }
21... h4 { [%clk 0:09:24] } 22. d4 { [%clk 0:08:09] } 22... hxg3+
{ [%clk 0:09:22] } 23. Nxg3 { [%clk 0:08:06] } 23... exd4 { [%clk 0:09:20] }
24. Bxd4 { [%clk 0:08:03] } 24... Bd6 { [%clk 0:09:19] } 25. Bxh8
{ [%clk 0:08:00] } 25... Bxg3+ { [%clk 0:09:19] } 26. fxg3 { [%clk 0:07:57] }
26... Rxh8 { [%clk 0:09:19] } 27. Rf4 { [%clk 0:07:54] } 27... Kd7
{ [%clk 0:09:18] } 28. Raf1 { [%clk 0:07:52] } 28... Ke6 { [%clk 0:09:17] } 29.
Rf6+ { [%clk 0:07:50] } 29... Ke5 { [%clk 0:09:16] } 30. Rxc6
{ [%clk 0:07:45] } 30... Kd4 { [%clk 0:09:14] } 31. a4 { [%clk 0:07:41] } 31...
Re8 { [%clk 0:09:13] } 32. Rcf6 { [%clk 0:07:37] } 32... Re2+
{ [%clk 0:09:12] } 33. R6f2 { [%clk 0:07:35] } 33... Re3 { [%clk 0:09:08] } 34.
Rf4+ { [%clk 0:07:34] } 34... Kc5 { [%clk 0:09:05] } 35. Kxh3
{ [%clk 0:07:12] } 35... Kb4 { [%clk 0:08:56] } 36. b3 { [%clk 0:07:06] } 36...
Rxb3 { [%clk 0:08:52] } 37. c5+ { [%clk 0:06:59] } 37... Kxc5
{ [%clk 0:08:10] } 38. Rc1+ { [%clk 0:06:53] } 38... Kb6 { [%clk 0:08:09] } 39.
Rfc4 { [%clk 0:06:39] } 39... Ka5 { [%clk 0:08:02] } 40. Rxc7
{ [%clk 0:06:35] } 40... Kxa4 { [%clk 0:08:00] } 41. R1c4+ { [%clk 0:06:33] }
41... Kb5 { [%clk 0:07:58] } 42. R7c5+ { [%clk 0:06:26] } 42... Kb6
{ [%clk 0:07:57] } 43. Rh5 { [%clk 0:06:23] } 43... Rd3 { [%clk 0:07:48] } 44.
Rg4 { [%clk 0:06:20] } 44... Rd6 { [%clk 0:07:44] } 45. Rhg5 { [%clk 0:06:17] }
45... Kc7 { [%clk 0:07:40] } 46. Rg7+ { [%clk 0:06:15] } 46... Rd7
{ [%clk 0:07:35] } 47. Rxd7+ { [%clk 0:06:13] } 47... Kxd7 { [%clk 0:07:35] }
48. Rf4 { [%clk 0:06:12] } 48... Ke6 { [%clk 0:07:34] } 49. Kh4
{ [%clk 0:06:11] } 49... Ke5 { [%clk 0:07:34] } 50. Kh5 { [%clk 0:06:08] }
50... Ke6 { [%clk 0:07:33] } 51. Rf1 { [%clk 0:06:06] } 1-0"
Rated Rapid game,https://lichess.org/faxdQxfj,2024.08.01,-,streetjo,KhaledAkb,0-1,2024.08.01,08:43:10,1100,1101,,,C53,Italian Game: Classical Variation,600+0,Normal,"1. e4 { [%clk 0:10:00] } 1... e5 { [%clk 0:10:00] } 2. Nf3 { [%clk 0:09:59] }
2... Nc6 { [%clk 0:09:57] } 3. Bc4 { [%clk 0:09:58] } 3... Bc5
{ [%clk 0:09:52] } 4. c3 { [%clk 0:09:56] } 4... d6 { [%clk 0:09:47] } 5. d4
{ [%clk 0:09:55] } 5... exd4 { [%clk 0:09:44] } 6. cxd4 { [%clk 0:09:54] } 6...
Bb4+ { [%clk 0:09:43] } 7. Nc3 { [%clk 0:09:48] } 7... Bg4 { [%clk 0:09:41] }
8. Bg5 { [%clk 0:09:39] } 8... Nf6 { [%clk 0:09:34] } 9. Bxf6
{ [%clk 0:09:38] } 9... Qxf6 { [%clk 0:09:32] } 10. e5 { [%clk 0:09:23] } 10...
dxe5 { [%clk 0:09:19] } 11. h3 { [%clk 0:09:21] } 11... Bxf3 { [%clk 0:09:17] }
12. gxf3 { [%clk 0:09:20] } 12... Nxd4 { [%clk 0:09:13] } 13. a3
{ [%clk 0:08:58] } 13... Ba5 { [%clk 0:08:59] } 14. b4 { [%clk 0:08:36] } 14...
Bb6 { [%clk 0:08:56] } 15. Nd5 { [%clk 0:08:32] } 15... Qd6 { [%clk 0:08:42] }
16. f4 { [%clk 0:08:20] } 16... O-O { [%clk 0:08:32] } 17. fxe5
{ [%clk 0:08:19] } 17... Qxe5+ { [%clk 0:08:31] } 18. Kf1 { [%clk 0:08:16] }
18... c6 { [%clk 0:08:26] } 19. Ne3 { [%clk 0:08:01] } 19... Nf5
{ [%clk 0:07:57] } 20. Nxf5 { [%clk 0:07:26] } 20... Qxf5 { [%clk 0:07:54] }
21. Rg1 { [%clk 0:07:19] } 21... Qxf2# { [%clk 0:07:44] } 0-1"
Rated Rapid game,https://lichess.org/MlaCwse2,2024.08.01,-,hsn246,My_Croft,0-1,2024.08.01,08:43:10,2322,2341,,,B23,Sicilian Defense: Closed,600+0,Normal,"1. e4 { [%clk 0:10:00] } 1... c5 { [%clk 0:10:00] } 2. Nc3 { [%clk 0:09:57] }
2... a6 { [%clk 0:09:57] } 3. f4 { [%clk 0:09:55] } 3... b5 { [%clk 0:09:51] }
4. a4 { [%clk 0:09:53] } 4... b4 { [%clk 0:09:48] } 5. Nd5 { [%clk 0:09:52] }
5... Bb7 { [%clk 0:09:46] } 6. Bc4 { [%clk 0:09:50] } 6... e6
{ [%clk 0:09:42] } 7. Ne3 { [%clk 0:09:31] } 7... Bxe4 { [%clk 0:09:39] } 8. d3
{ [%clk 0:09:19] } 8... Bb7 { [%clk 0:09:35] } 9. Nf3 { [%clk 0:09:10] } 9...
Nf6 { [%clk 0:09:31] } 10. O-O { [%clk 0:09:07] } 10... Qc7 { [%clk 0:09:23] }
11. Ne5 { [%clk 0:08:54] } 11... d6 { [%clk 0:09:20] } 12. N5g4
{ [%clk 0:08:22] } 12... Nbd7 { [%clk 0:09:12] } 13. Qe2 { [%clk 0:08:20] }
13... Be7 { [%clk 0:09:04] } 14. f5 { [%clk 0:08:08] } 14... e5
{ [%clk 0:08:55] } 15. Bd2 { [%clk 0:07:46] } 15... d5 { [%clk 0:08:34] } 16.
Bb3 { [%clk 0:07:25] } 16... O-O { [%clk 0:07:30] } 17. Rae1 { [%clk 0:07:22] }
17... Rfe8 { [%clk 0:07:24] } 18. Nxf6+ { [%clk 0:07:16] } 18... Nxf6
{ [%clk 0:07:19] } 19. g4 { [%clk 0:07:15] } 19... h6 { [%clk 0:07:09] } 20. h4
{ [%clk 0:07:09] } 20... d4 { [%clk 0:06:37] } 21. Nc4 { [%clk 0:06:48] } 21...
Qc6 { [%clk 0:06:28] } 22. Kh2 { [%clk 0:06:08] } 22... e4 { [%clk 0:05:48] }
23. dxe4 { [%clk 0:05:58] } 23... Nxe4 { [%clk 0:05:35] } 24. Ne5
{ [%clk 0:05:54] } 24... Bd6 { [%clk 0:05:22] } 25. Bxf7+ { [%clk 0:05:45] }
25... Kf8 { [%clk 0:05:19] } 26. Bxe8 { [%clk 0:05:43] } 26... Bxe5+
{ [%clk 0:05:12] } 27. Bf4 { [%clk 0:05:40] } 27... Rxe8 { [%clk 0:05:09] } 28.
g5 { [%clk 0:05:10] } 28... hxg5 { [%clk 0:04:52] } 29. Bxe5 { [%clk 0:04:59] }
29... Rxe5 { [%clk 0:04:46] } 30. Qh5 { [%clk 0:04:41] } 30... Ng3
{ [%clk 0:04:13] } 31. Qh8+ { [%clk 0:04:25] } 31... Kf7 { [%clk 0:04:08] } 32.
Rf2 { [%clk 0:03:56] } 32... Rxe1 { [%clk 0:04:01] } 33. Kxg3
{ [%clk 0:03:54] } 33... Qh1 { [%clk 0:03:41] } 34. Qh5+ { [%clk 0:03:34] }
34... Kg8 { [%clk 0:03:30] } 35. Qe8+ { [%clk 0:03:29] } 35... Rxe8
{ [%clk 0:03:25] } 0-1"
Rated Rapid game,https://lichess.org/DHvotGsv,2024.08.01,-,VATmandello,SinistraKat,0-1,2024.08.01,08:43:10,1187,1189,,,C00,French Defense: Knight Variation,600+0,Normal,"1. e4 { [%clk 0:10:00] } 1... e6 { [%clk 0:10:00] } 2. Nf3 { [%clk 0:09:59] }
2... d6 { [%clk 0:09:58] } 3. Bc4 { [%clk 0:09:54] } 3... Nc6
{ [%clk 0:09:53] } 4. Nc3 { [%clk 0:09:53] } 4... Nf6 { [%clk 0:09:51] } 5. d4
{ [%clk 0:09:47] } 5... Be7 { [%clk 0:09:48] } 6. d5 { [%clk 0:09:44] } 6...
Ne5 { [%clk 0:09:43] } 7. O-O { [%clk 0:09:38] } 7... Nxc4 { [%clk 0:09:41] }
8. Qd4 { [%clk 0:09:31] } 8... Nb6 { [%clk 0:09:35] } 9. Bg5 { [%clk 0:09:22] }
9... e5 { [%clk 0:09:31] } 10. Qd3 { [%clk 0:09:15] } 10... O-O
{ [%clk 0:09:26] } 11. b3 { [%clk 0:09:00] } 11... a6 { [%clk 0:09:21] } 12. h3
{ [%clk 0:08:59] } 12... h6 { [%clk 0:09:17] } 13. Bxf6 { [%clk 0:08:58] }
13... Bxf6 { [%clk 0:09:16] } 14. Rae1 { [%clk 0:08:36] } 14... Qd7
{ [%clk 0:09:10] } 15. Qe3 { [%clk 0:08:11] } 15... g5 { [%clk 0:08:47] } 16.
Nd2 { [%clk 0:08:07] } 16... Bg7 { [%clk 0:08:34] } 17. Nc4 { [%clk 0:07:59] }
17... Nxc4 { [%clk 0:08:31] } 18. bxc4 { [%clk 0:07:57] } 18... b6
{ [%clk 0:08:26] } 19. a4 { [%clk 0:07:52] } 19... Bb7 { [%clk 0:08:21] } 20.
Rb1 { [%clk 0:07:38] } 20... Rfe8 { [%clk 0:08:10] } 21. Ra1 { [%clk 0:06:54] }
21... c6 { [%clk 0:08:05] } 22. Qxb6 { [%clk 0:06:39] } 22... cxd5
{ [%clk 0:07:58] } 23. cxd5 { [%clk 0:06:30] } 23... Rab8 { [%clk 0:07:51] }
24. Qa7 { [%clk 0:05:52] } 24... Rec8 { [%clk 0:07:48] } 25. Ne2
{ [%clk 0:05:30] } 25... Bf8 { [%clk 0:07:37] } 26. Rfb1 { [%clk 0:05:20] }
26... Rc7 { [%clk 0:07:34] } 27. Qxb8 { [%clk 0:05:12] } 27... Kg7
{ [%clk 0:07:27] } 28. c3 { [%clk 0:04:54] } 28... a5 { [%clk 0:07:13] } 29.
Ng3 { [%clk 0:04:49] } 29... Kg6 { [%clk 0:07:10] } 30. Qxf8 { [%clk 0:04:41] }
30... Rxc3 { [%clk 0:06:58] } 31. Qg8+ { [%clk 0:04:36] } 31... Kf6
{ [%clk 0:06:54] } 32. Nh5+ { [%clk 0:04:31] } 32... Ke7 { [%clk 0:06:52] } 33.
Qg6 { [%clk 0:04:04] } 33... fxg6 { [%clk 0:06:46] } 0-1"
Rated Rapid game,https://lichess.org/RW4kWqWs,2024.08.01,-,Arut94,Loveyourselff,0-1,2024.08.01,08:43:10,2057,2203,,,E21,Nimzo-Indian Defense: Three Knights Variation,600+0,Normal,"1. d4 { [%clk 0:10:00] } 1... Nf6 { [%clk 0:10:00] } 2. c4 { [%clk 0:09:59] }
2... e6 { [%clk 0:09:59] } 3. Nc3 { [%clk 0:09:59] } 3... Bb4
{ [%clk 0:09:57] } 4. Nf3 { [%clk 0:09:59] } 4... O-O { [%clk 0:09:55] } 5. Qc2
{ [%clk 0:09:58] } 5... d5 { [%clk 0:09:54] } 6. cxd5 { [%clk 0:09:57] } 6...
exd5 { [%clk 0:09:52] } 7. Bg5 { [%clk 0:09:55] } 7... Nbd7 { [%clk 0:09:50] }
8. a3 { [%clk 0:09:53] } 8... Bxc3+ { [%clk 0:09:49] } 9. bxc3
{ [%clk 0:09:52] } 9... c6 { [%clk 0:09:49] } 10. e3 { [%clk 0:09:50] } 10...
Qa5 { [%clk 0:09:46] } 11. Bd3 { [%clk 0:09:45] } 11... c5 { [%clk 0:09:44] }
12. dxc5 { [%clk 0:09:43] } 12... Qxc5 { [%clk 0:09:41] } 13. O-O
{ [%clk 0:09:36] } 13... h6 { [%clk 0:09:39] } 14. Bf4 { [%clk 0:09:32] } 14...
Re8 { [%clk 0:09:36] } 15. Nd4 { [%clk 0:09:30] } 15... a6 { [%clk 0:09:32] }
16. Rac1 { [%clk 0:09:03] } 16... b5 { [%clk 0:09:30] } 17. a4
{ [%clk 0:08:58] } 17... bxa4 { [%clk 0:09:24] } 18. Qxa4 { [%clk 0:08:56] }
18... Nb6 { [%clk 0:09:19] } 19. Qb4 { [%clk 0:08:41] } 19... Qxb4
{ [%clk 0:09:12] } 20. cxb4 { [%clk 0:08:41] } 20... Bd7 { [%clk 0:09:08] } 21.
Nc6 { [%clk 0:08:21] } 21... Ne4 { [%clk 0:08:49] } 22. Bc7 { [%clk 0:08:11] }
22... Na4 { [%clk 0:08:32] } 23. b5 { [%clk 0:07:25] } 23... Nac5
{ [%clk 0:08:20] } 24. Bxe4 { [%clk 0:07:17] } 24... Nxe4 { [%clk 0:08:15] }
25. b6 { [%clk 0:07:12] } 25... Bc8 { [%clk 0:07:48] } 26. Nb4
{ [%clk 0:07:04] } 26... Bb7 { [%clk 0:07:46] } 27. Rfd1 { [%clk 0:06:57] }
27... a5 { [%clk 0:07:45] } 28. Nxd5 { [%clk 0:06:53] } 28... a4
{ [%clk 0:07:42] } 29. Ra1 { [%clk 0:06:44] } 29... a3 { [%clk 0:07:41] } 30.
Nb4 { [%clk 0:06:30] } 30... Nc3 { [%clk 0:07:36] } 31. Rd3 { [%clk 0:06:27] }
31... Nb5 { [%clk 0:07:34] } 32. Nc2 { [%clk 0:06:15] } 32... Be4
{ [%clk 0:07:18] } 33. Rdxa3 { [%clk 0:06:03] } 33... Nxa3 { [%clk 0:06:58] }
34. Nxa3 { [%clk 0:06:00] } 34... Re6 { [%clk 0:06:43] } 35. f3
{ [%clk 0:05:55] } 35... Bb7 { [%clk 0:06:42] } 36. Nc2 { [%clk 0:05:47] }
36... Rc6 { [%clk 0:06:36] } 37. Ra7 { [%clk 0:05:44] } 37... Rxa7
{ [%clk 0:06:32] } 0-1"
Rated Rapid game,https://lichess.org/iBFeGG7g,2024.08.01,-,yusifragb,Carokanntplaylich,0-1,2024.08.01,08:43:10,1984,1982,,,B12,"Caro-Kann Defense: Advance Variation, Botvinnik-Carls Defense",600+0,Normal,"1. e4 { [%clk 0:10:00] } 1... c6 { [%clk 0:10:00] } 2. d4 { [%clk 0:09:59] }
2... d5 { [%clk 0:09:59] } 3. e5 { [%clk 0:09:58] } 3... c5 { [%clk 0:09:56] }
4. c3 { [%clk 0:09:56] } 4... Nc6 { [%clk 0:09:54] } 5. Nf3 { [%clk 0:09:55] }
5... Bg4 { [%clk 0:09:52] } 6. Be2 { [%clk 0:09:52] } 6... e6
{ [%clk 0:09:37] } 7. Nbd2 { [%clk 0:09:49] } 7... Nge7 { [%clk 0:09:30] } 8.
Nb3 { [%clk 0:09:48] } 8... cxd4 { [%clk 0:09:16] } 9. cxd4 { [%clk 0:09:43] }
9... Nf5 { [%clk 0:09:15] } 10. h3 { [%clk 0:09:33] } 10... Bxf3
{ [%clk 0:09:12] } 11. Bxf3 { [%clk 0:09:31] } 11... Qb6 { [%clk 0:09:11] } 12.
Be3 { [%clk 0:09:18] } 12... Bb4+ { [%clk 0:09:09] } 13. Bd2 { [%clk 0:09:11] }
13... Ncxd4 { [%clk 0:09:05] } 14. Nxd4 { [%clk 0:09:06] } 14... Nxd4
{ [%clk 0:08:57] } 15. Bxb4 { [%clk 0:09:02] } 15... Qxb4+ { [%clk 0:08:56] }
16. Qd2 { [%clk 0:08:59] } 16... Nc2+ { [%clk 0:08:52] } 0-1"
Rated Rapid game,https://lichess.org/g3IBCHYC,2024.08.01,-,vhs15,houssem_edhaouss,0-1,2024.08.01,08:43:10,1384,1310,,,B11,"Caro-Kann Defense: Two Knights Attack, Mindeno Variation",600+0,Time forfeit,"1. e4 { [%clk 0:10:00] } 1... c6 { [%clk 0:10:00] } 2. Nf3 { [%clk 0:09:58] }
2... d5 { [%clk 0:10:00] } 3. Nc3 { [%clk 0:09:55] } 3... Bg4
{ [%clk 0:09:57] } 4. d4 { [%clk 0:09:28] } 4... Nf6 { [%clk 0:09:11] } 5. e5
{ [%clk 0:09:24] } 5... Bxf3 { [%clk 0:09:06] } 6. Qxf3 { [%clk 0:09:23] } 6...
Nfd7 { [%clk 0:08:59] } 7. Bf4 { [%clk 0:09:21] } 7... e6 { [%clk 0:08:58] } 8.
O-O-O { [%clk 0:09:15] } 8... Bb4 { [%clk 0:08:57] } 9. Ne2 { [%clk 0:09:09] }
9... O-O { [%clk 0:08:48] } 10. c3 { [%clk 0:09:07] } 10... Ba5
{ [%clk 0:08:45] } 11. Kb1 { [%clk 0:09:06] } 11... b5 { [%clk 0:08:40] } 12.
Ng3 { [%clk 0:09:04] } 12... c5 { [%clk 0:08:33] } 13. Qg4 { [%clk 0:09:03] }
13... g6 { [%clk 0:07:43] } 0-1"
Rated Rapid game,https://lichess.org/jV4bZn0t,2024.08.01,-,uyyuvhvgjfn,denilsoncuamba,0-1,2024.08.01,08:43:13,1316,1213,,,D02,Queen's Pawn Game: Chigorin Variation,600+0,Normal,"1. d4 { [%clk 0:10:00] } 1... d5 { [%clk 0:10:00] } 2. Nf3 { [%clk 0:09:58] }
2... Nc6 { [%clk 0:09:44] } 3. g3 { [%clk 0:09:57] } 3... e6 { [%clk 0:09:23] }
4. Bg2 { [%clk 0:09:55] } 4... Bd6 { [%clk 0:09:19] } 5. Nbd2
{ [%clk 0:09:52] } 5... e5 { [%clk 0:09:14] } 6. dxe5 { [%clk 0:09:45] } 6...
Nxe5 { [%clk 0:09:05] } 7. Nxe5 { [%clk 0:09:44] } 7... Bxe5 { [%clk 0:09:03] }
8. Nb3 { [%clk 0:09:36] } 8... Nf6 { [%clk 0:08:55] } 9. O-O { [%clk 0:07:54] }
9... O-O { [%clk 0:08:53] } 10. Bg5 { [%clk 0:07:49] } 10... h6
{ [%clk 0:08:43] } 11. Be3 { [%clk 0:07:42] } 11... Bg4 { [%clk 0:08:36] } 12.
f3 { [%clk 0:07:40] } 12... Bh5 { [%clk 0:08:20] } 13. g4 { [%clk 0:07:35] }
13... Bg6 { [%clk 0:08:18] } 14. f4 { [%clk 0:07:22] } 14... Bxb2
{ [%clk 0:07:51] } 15. Rb1 { [%clk 0:07:17] } 15... Bc3 { [%clk 0:07:31] } 16.
f5 { [%clk 0:07:14] } 16... Bh7 { [%clk 0:07:23] } 17. h3 { [%clk 0:07:10] }
17... d4 { [%clk 0:07:06] } 18. Nxd4 { [%clk 0:06:57] } 18... Re8
{ [%clk 0:06:32] } 19. Bf4 { [%clk 0:06:39] } 19... Bxd4+ { [%clk 0:06:27] }
20. Kh1 { [%clk 0:06:36] } 20... Ne4 { [%clk 0:05:30] } 21. Bxe4
{ [%clk 0:06:31] } 21... Rxe4 { [%clk 0:05:27] } 22. c3 { [%clk 0:06:06] }
22... Bxc3 { [%clk 0:05:17] } 23. Qxd8+ { [%clk 0:06:05] } 23... Rxd8
{ [%clk 0:05:15] } 24. Rbc1 { [%clk 0:05:47] } 24... Be5 { [%clk 0:04:44] } 25.
Bxe5 { [%clk 0:05:39] } 25... Rxe5 { [%clk 0:04:42] } 26. Rc2
{ [%clk 0:05:34] } 26... c6 { [%clk 0:04:30] } 27. e4 { [%clk 0:05:30] } 27...
Rxe4 { [%clk 0:04:20] } 28. Rff2 { [%clk 0:05:28] } 28... Re3
{ [%clk 0:04:09] } 29. Kh2 { [%clk 0:05:27] } 29... f6 { [%clk 0:04:00] } 30.
Rb2 { [%clk 0:05:21] } 30... b5 { [%clk 0:03:57] } 31. Rb3 { [%clk 0:05:12] }
31... Rxb3 { [%clk 0:03:54] } 32. axb3 { [%clk 0:05:10] } 32... Kf7
{ [%clk 0:03:52] } 33. Re2 { [%clk 0:05:04] } 33... Re8 { [%clk 0:03:45] } 34.
Rd2 { [%clk 0:05:02] } 34... Bg8 { [%clk 0:03:36] } 35. Rd7+ { [%clk 0:05:00] }
35... Re7 { [%clk 0:03:32] } 36. Rd6 { [%clk 0:04:52] } 36... c5
{ [%clk 0:03:25] } 37. Rc6 { [%clk 0:04:42] } 37... Re5 { [%clk 0:03:17] } 38.
Ra6 { [%clk 0:04:38] } 38... c4 { [%clk 0:03:02] } 39. Rxa7+ { [%clk 0:04:36] }
39... Re7 { [%clk 0:03:00] } 40. Ra3 { [%clk 0:04:22] } 40... Kf8
{ [%clk 0:02:49] } 41. bxc4 { [%clk 0:04:18] } 41... Bxc4 { [%clk 0:02:44] }
42. Ra8+ { [%clk 0:04:15] } 42... Kf7 { [%clk 0:02:41] } 43. Ra1
{ [%clk 0:04:08] } 43... b4 { [%clk 0:02:38] } 44. Kg3 { [%clk 0:04:01] } 44...
b3 { [%clk 0:02:35] } 45. Rb1 { [%clk 0:03:59] } 45... Rb7 { [%clk 0:02:30] }
46. Rb2 { [%clk 0:03:58] } 46... Ra7 { [%clk 0:02:23] } 47. Kf2
{ [%clk 0:03:54] } 47... Ra2 { [%clk 0:02:21] } 48. Rxa2 { [%clk 0:03:52] }
48... bxa2 { [%clk 0:02:20] } 49. Ke3 { [%clk 0:03:52] } 0-1"
Rated Rapid game,https://lichess.org/if7Ky0Wi,2024.08.01,-,EzzELDen_Youssef,hamiid23,0-1,2024.08.01,08:43:13,1687,1620,,,A43,Benoni Defense: Benoni Gambit Accepted,600+0,Normal,"1. d4 { [%clk 0:10:00] } 1... c5 { [%clk 0:10:00] } 2. dxc5 { [%clk 0:09:58] }
2... e5 { [%clk 0:09:54] } 3. Be3 { [%clk 0:09:57] } 3... Nc6
{ [%clk 0:09:52] } 4. Nc3 { [%clk 0:09:44] } 4... Nf6 { [%clk 0:09:48] } 5. Nf3
{ [%clk 0:09:36] } 5... Ng4 { [%clk 0:09:41] } 6. Qd3 { [%clk 0:09:27] } 6...
Nb4 { [%clk 0:09:06] } 7. Qd2 { [%clk 0:09:13] } 7... Nxe3 { [%clk 0:09:04] }
8. fxe3 { [%clk 0:09:12] } 8... Bxc5 { [%clk 0:09:00] } 9. Nxe5
{ [%clk 0:08:52] } 9... O-O { [%clk 0:08:48] } 10. O-O-O { [%clk 0:08:46] }
10... Qf6 { [%clk 0:08:42] } 11. Nd3 { [%clk 0:08:33] } 11... Bb6
{ [%clk 0:08:26] } 12. Ne4 { [%clk 0:08:31] } 12... Qe6 { [%clk 0:08:15] } 13.
Nxb4 { [%clk 0:08:09] } 13... Qxe4 { [%clk 0:08:09] } 14. Nd5
{ [%clk 0:08:05] } 14... Bc5 { [%clk 0:07:48] } 15. Qc3 { [%clk 0:07:46] }
15... d6 { [%clk 0:07:33] } 16. Rg1 { [%clk 0:07:43] } 16... Bf5
{ [%clk 0:07:20] } 17. h3 { [%clk 0:07:35] } 17... Rac8 { [%clk 0:07:16] } 18.
g4 { [%clk 0:07:24] } 18... Bxe3+ { [%clk 0:07:04] } 19. Nxe3
{ [%clk 0:07:14] } 19... Rxc3 { [%clk 0:06:59] } 20. Nxf5 { [%clk 0:07:13] }
20... Qxc2# { [%clk 0:06:57] } 0-1"
Rated Rapid game,https://lichess.org/s15maqma,2024.08.01,-,The_Lick,saranshkumar9696,1/2-1/2,2024.08.01,08:43:13,1028,1089,,,D00,Queen's Pawn Game,600+0,Normal,"1. d4 { [%eval 0.16] [%clk 0:10:00] } 1... d5 { [%eval 0.23] [%clk 0:10:00] }
2. e3 { [%eval 0.03] [%clk 0:09:59] } 2... Nc6 { [%eval 0.47] [%clk 0:09:57] }
3. Bd2 $6 { [%eval -0.11] [%clk 0:09:56] } 3... Bf5
{ [%eval 0.21] [%clk 0:09:55] } 4. a3 { [%eval -0.07] [%clk 0:09:48] } 4... Nf6
{ [%eval 0.14] [%clk 0:09:54] } 5. Nc3 $6 { [%eval -0.48] [%clk 0:09:44] } 5...
e6 { [%eval -0.1] [%clk 0:09:52] } 6. f3 { [%eval -0.56] [%clk 0:09:26] } 6...
Bd6 { [%eval -0.53] [%clk 0:09:48] } 7. Nge2 { [%eval -0.82] [%clk 0:09:16] }
7... g6 $6 { [%eval 0.04] [%clk 0:09:46] } 8. e4 $2
{ [%eval -2.19] [%clk 0:08:50] } 8... dxe4 { [%eval -2.24] [%clk 0:09:35] } 9.
fxe4 { [%eval -2.45] [%clk 0:08:47] } 9... Nxe4
{ [%eval -2.39] [%clk 0:09:31] } 10. Nxe4 { [%eval -2.45] [%clk 0:08:44] }
10... Bxe4 { [%eval -2.42] [%clk 0:09:29] } 11. c3 $2
{ [%eval -4.01] [%clk 0:08:04] } 11... Qf6 $2 { [%eval -2.7] [%clk 0:09:19] }
12. Qa4 $2 { [%eval -3.78] [%clk 0:07:42] } 12... e5 $4
{ [%eval 0.23] [%clk 0:09:05] } 13. d5 $4 { [%eval -3.47] [%clk 0:07:35] }
13... Bxd5 { [%eval -3.41] [%clk 0:08:58] } 14. O-O-O
{ [%eval -3.55] [%clk 0:07:28] } 14... Qe6 $2 { [%eval -1.15] [%clk 0:08:51] }
15. Re1 $2 { [%eval -3.19] [%clk 0:06:47] } 15... Bb3
{ [%eval -3.16] [%clk 0:08:33] } 16. Nd4 $2 { [%eval -5.07] [%clk 0:06:37] }
16... Bxa4 { [%eval -5.07] [%clk 0:08:25] } 17. Nxe6
{ [%eval -5.34] [%clk 0:06:35] } 17... fxe6 { [%eval -5.29] [%clk 0:08:24] }
18. Bg5 { [%eval -5.29] [%clk 0:06:26] } 18... Be7
{ [%eval -5.2] [%clk 0:08:04] } 19. Bh6 { [%eval -5.36] [%clk 0:06:15] } 19...
O-O-O { [%eval -5.26] [%clk 0:07:55] } 20. Bc4 { [%eval -5.21] [%clk 0:06:04] }
20... Rd6 { [%eval -5.14] [%clk 0:07:43] } 21. b3
{ [%eval -6.27] [%clk 0:05:52] } 21... Na5 { [%eval -6.29] [%clk 0:07:31] } 22.
bxa4 { [%eval -6.5] [%clk 0:05:37] } 22... Nxc4
{ [%eval -6.28] [%clk 0:07:29] } 23. Rd1 { [%eval -7.07] [%clk 0:05:28] } 23...
Rxd1+ { [%eval -6.63] [%clk 0:07:27] } 24. Rxd1
{ [%eval -6.58] [%clk 0:05:26] } 24... e4 { [%eval -6.5] [%clk 0:07:14] } 25.
Rd4 { [%eval -6.76] [%clk 0:05:22] } 25... Nd6 { [%eval -6.65] [%clk 0:07:11] }
26. Bf4 { [%eval -6.78] [%clk 0:05:14] } 26... Bf6
{ [%eval -6.65] [%clk 0:06:45] } 27. Rb4 { [%eval -7.23] [%clk 0:04:56] } 27...
Bxc3 { [%eval -6.87] [%clk 0:06:27] } 28. Rb3 { [%eval -7.6] [%clk 0:04:47] }
28... Rf8 $2 { [%eval -5.59] [%clk 0:06:16] } 29. Be3 $2
{ [%eval -7.79] [%clk 0:04:44] } 29... Nc4 $2 { [%eval -5.3] [%clk 0:05:45] }
30. Bc5 $2 { [%eval -7.71] [%clk 0:04:29] } 30... Rf1+
{ [%eval -7.72] [%clk 0:05:39] } 31. Kc2 { [%eval -7.67] [%clk 0:04:28] } 31...
Be5 { [%eval -7.29] [%clk 0:05:08] } 32. a5 { [%eval -7.76] [%clk 0:04:16] }
32... Nxa5 { [%eval -7.74] [%clk 0:04:55] } 33. Rb5
{ [%eval -8.17] [%clk 0:04:12] } 33... Nc4 { [%eval -8.09] [%clk 0:04:52] } 34.
Kb3 { [%eval -9.07] [%clk 0:04:06] } 34... Nd2+
{ [%eval -7.96] [%clk 0:04:40] } 35. Kb4 $2 { [%eval #-8] [%clk 0:04:03] }
35... Re1 $2 { [%eval -9.1] [%clk 0:04:24] } 36. Bxa7
{ [%eval -9.34] [%clk 0:03:50] } 36... e3 $4 { [%eval -5.47] [%clk 0:04:18] }
37. Rxe5 { [%eval -5.44] [%clk 0:03:46] } 37... Rb1+
{ [%eval -5.41] [%clk 0:03:53] } 38. Kc5 { [%eval -5.78] [%clk 0:03:43] } 38...
Rc1+ { [%eval -5.59] [%clk 0:03:50] } 39. Kb5 $2
{ [%eval -8.02] [%clk 0:03:37] } 39... Rb1+ $2 { [%eval -5.79] [%clk 0:03:44] }
40. Kc5 { [%eval -5.69] [%clk 0:03:35] } 40... Rc1+
{ [%eval -5.57] [%clk 0:03:42] } 41. Kb5 { [%eval -5.94] [%clk 0:03:34] } 41...
Rb1+ $4 { [%eval 0.0] [%clk 0:03:41] } 42. Kc5 { [%eval -5.64] [%clk 0:03:33] }
1/2-1/2"
Rated Rapid game,https://lichess.org/Ebgu0VGD,2024.08.01,-,QuietMusfiq,varobita,0-1,2024.08.01,08:43:13,1907,1908,,,C00,French Defense: Knight Variation,600+0,Normal,"1. e4 { [%clk 0:10:00] } 1... e6 { [%clk 0:10:00] } 2. Nf3 { [%clk 0:09:59] }
2... Ne7 { [%clk 0:09:59] } 3. d4 { [%clk 0:09:57] } 3... Ng6
{ [%clk 0:09:59] } 4. c4 { [%clk 0:09:56] } 4... c6 { [%clk 0:09:58] } 5. Nc3
{ [%clk 0:09:55] } 5... a6 { [%clk 0:09:54] } 6. Be3 { [%clk 0:09:55] } 6... b5
{ [%clk 0:09:53] } 7. a3 { [%clk 0:09:39] } 7... Bb7 { [%clk 0:09:47] } 8. Bd3
{ [%clk 0:09:24] } 8... bxc4 { [%clk 0:09:44] } 9. Bxc4 { [%clk 0:09:21] } 9...
d5 { [%clk 0:09:33] } 10. exd5 { [%clk 0:09:18] } 10... cxd5 { [%clk 0:09:33] }
11. Na2 { [%clk 0:09:06] } 0-1"
Rated Rapid game,https://lichess.org/VVTHNMLL,2024.08.01,-,priyanka_chand,takataye,0-1,2024.08.01,08:43:13,1321,1383,,,A41,Queen's Pawn Game,600+0,Normal,"1. d4 { [%clk 0:10:00] } 1... d6 { [%clk 0:10:00] } 2. e3 { [%clk 0:09:59] }
2... Nf6 { [%clk 0:09:59] } 3. Nf3 { [%clk 0:09:58] } 3... c6
{ [%clk 0:09:58] } 4. Bd3 { [%clk 0:09:57] } 4... Bg4 { [%clk 0:09:56] } 5. h3
{ [%clk 0:09:57] } 5... Bh5 { [%clk 0:09:55] } 6. Nbd2 { [%clk 0:09:56] } 6...
Nbd7 { [%clk 0:09:51] } 7. g4 { [%clk 0:09:51] } 7... Bg6 { [%clk 0:09:49] } 8.
Bxg6 { [%clk 0:09:49] } 8... hxg6 { [%clk 0:09:48] } 9. b3 { [%clk 0:09:47] }
9... Qb6 { [%clk 0:09:38] } 10. Bb2 { [%clk 0:09:45] } 10... O-O-O
{ [%clk 0:09:33] } 11. Qe2 { [%clk 0:09:43] } 11... d5 { [%clk 0:09:21] } 12.
O-O-O { [%clk 0:09:39] } 12... Ne4 { [%clk 0:08:54] } 13. Nxe4
{ [%clk 0:09:36] } 13... dxe4 { [%clk 0:08:53] } 14. Nd2 { [%clk 0:09:36] }
14... f5 { [%clk 0:08:46] } 15. gxf5 { [%clk 0:09:33] } 15... gxf5
{ [%clk 0:08:44] } 16. Nc4 { [%clk 0:09:21] } 16... Qc7 { [%clk 0:08:36] } 17.
Rhg1 { [%clk 0:09:09] } 17... Rxh3 { [%clk 0:08:27] } 18. Rg5
{ [%clk 0:09:03] } 18... Rf3 { [%clk 0:08:14] } 19. Nd2 { [%clk 0:08:56] }
19... Rh3 { [%clk 0:08:04] } 20. Rxf5 { [%clk 0:08:49] } 20... g6
{ [%clk 0:07:53] } 21. Rf4 { [%clk 0:08:32] } 21... Nf6 { [%clk 0:07:29] } 22.
f3 { [%clk 0:08:03] } 22... Bh6 { [%clk 0:07:26] } 23. Rxf6 { [%clk 0:07:31] }
23... exf6 { [%clk 0:07:23] } 24. Nxe4 { [%clk 0:07:20] } 24... f5
{ [%clk 0:07:14] } 25. Nc5 { [%clk 0:07:06] } 25... Qg3 { [%clk 0:07:10] } 26.
Rf1 { [%clk 0:06:48] } 26... Re8 { [%clk 0:07:03] } 27. Kb1 { [%clk 0:06:17] }
27... Rxe3 { [%clk 0:06:58] } 28. Qc4 { [%clk 0:06:00] } 28... Re1+
{ [%clk 0:06:50] } 29. Rxe1 { [%clk 0:05:45] } 29... Qxe1+ { [%clk 0:06:49] }
30. Bc1 { [%clk 0:05:40] } 30... Qxc1# { [%clk 0:06:44] } 0-1"
Rated Rapid game,https://lichess.org/GJVLNGfk,2024.08.01,-,gurdalgogebakan,sairam_1,1-0,2024.08.01,08:43:13,1026,899,,,B01,Scandinavian Defense,600+0,Normal,"1. e4 { [%clk 0:10:00] } 1... d5 { [%clk 0:10:00] } 2. Qf3 { [%clk 0:09:57] }
2... e6 { [%clk 0:09:53] } 3. e5 { [%clk 0:09:51] } 3... f5 { [%clk 0:09:48] }
4. exf6 { [%clk 0:09:40] } 4... gxf6 { [%clk 0:09:39] } 5. Qh5+
{ [%clk 0:09:34] } 5... Ke7 { [%clk 0:09:23] } 6. b3 { [%clk 0:09:00] } 6...
Nc6 { [%clk 0:09:10] } 7. Bb2 { [%clk 0:07:00] } 7... Qe8 { [%clk 0:09:04] } 8.
Bb5 { [%clk 0:06:50] } 8... Qxh5 { [%clk 0:08:58] } 9. h4 { [%clk 0:06:32] }
9... a6 { [%clk 0:08:54] } 10. Be2 { [%clk 0:06:28] } 10... Nd4
{ [%clk 0:08:51] } 11. Bxh5 { [%clk 0:06:26] } 11... Nxc2+ { [%clk 0:08:45] }
12. Kd1 { [%clk 0:06:20] } 12... Nxa1 { [%clk 0:08:44] } 13. Kc1
{ [%clk 0:06:15] } 13... Nh6 { [%clk 0:08:33] } 14. Nc3 { [%clk 0:06:12] }
14... Nf5 { [%clk 0:08:29] } 15. g4 { [%clk 0:06:09] } 15... Nd4
{ [%clk 0:08:24] } 16. g5 { [%clk 0:05:52] } 16... fxg5 { [%clk 0:08:15] } 17.
hxg5 { [%clk 0:05:50] } 17... Nf5 { [%clk 0:08:10] } 18. Bg4 { [%clk 0:05:47] }
18... h5 { [%clk 0:08:03] } 19. g6 { [%clk 0:05:32] } 19... hxg4
{ [%clk 0:07:35] } 20. Rxh8 { [%clk 0:05:30] } 20... Ng7 { [%clk 0:07:32] } 21.
Nce2 { [%clk 0:05:22] } 21... Ke8 { [%clk 0:07:27] } 22. Bxa1
{ [%clk 0:05:20] } 22... Nf5 { [%clk 0:07:16] } 23. Nd4 { [%clk 0:04:48] }
23... Ke7 { [%clk 0:07:13] } 24. Nxf5+ { [%clk 0:04:42] } 24... exf5
{ [%clk 0:07:11] } 25. Rh7+ { [%clk 0:04:37] } 25... Ke8 { [%clk 0:07:06] } 26.
Rh8 { [%clk 0:04:33] } 26... Be6 { [%clk 0:07:00] } 27. g7 { [%clk 0:04:30] }
27... Kf7 { [%clk 0:06:55] } 28. gxf8=Q+ { [%clk 0:04:06] } 28... Rxf8
{ [%clk 0:06:53] } 29. Rh7+ { [%clk 0:04:02] } 29... Kg8 { [%clk 0:06:49] } 30.
Rg7+ { [%clk 0:03:57] } 30... Kh8 { [%clk 0:06:42] } 31. Re7+
{ [%clk 0:03:43] } 31... Kg8 { [%clk 0:06:36] } 32. Rxe6 { [%clk 0:03:42] }
32... Rf7 { [%clk 0:06:34] } 33. Rg6+ { [%clk 0:03:40] } 33... Kh7
{ [%clk 0:06:30] } 34. Re6 { [%clk 0:03:27] } 34... f4 { [%clk 0:06:27] } 35.
Re5 { [%clk 0:03:15] } 35... f3 { [%clk 0:06:14] } 36. Rh5+ { [%clk 0:03:12] }
36... Kg6 { [%clk 0:06:11] } 37. Rxd5 { [%clk 0:03:05] } 37... Rf6
{ [%clk 0:06:08] } 38. Bxf6 { [%clk 0:02:20] } 38... Kxf6 { [%clk 0:06:05] }
39. Rd7 { [%clk 0:02:19] } 39... c5 { [%clk 0:06:02] } 40. Rxb7
{ [%clk 0:02:17] } 40... Kf5 { [%clk 0:06:00] } 41. Rf7+ { [%clk 0:02:12] }
41... Kg5 { [%clk 0:05:57] } 42. Rg7+ { [%clk 0:02:10] } 42... Kf4
{ [%clk 0:05:55] } 43. Rg6 { [%clk 0:02:06] } 43... Kf5 { [%clk 0:05:51] } 44.
Rxa6 { [%clk 0:02:05] } 44... Kf4 { [%clk 0:05:49] } 45. Ra4+
{ [%clk 0:02:03] } 45... Kg5 { [%clk 0:05:46] } 46. Ra5 { [%clk 0:02:00] }
46... Kh4 { [%clk 0:05:41] } 47. Rxc5 { [%clk 0:01:58] } 1-0"
Rated Rapid game,https://lichess.org/8Cqas5Wk,2024.08.01,-,The_Adhi,almadecaballo,1-0,2024.08.01,08:43:13,2035,2077,,,B20,Sicilian Defense: Staunton-Cochrane Variation,600+0,Normal,"1. e4 { [%clk 0:10:00] } 1... c5 { [%clk 0:10:00] } 2. c4 { [%clk 0:09:55] }
2... Nc6 { [%clk 0:09:58] } 3. g3 { [%clk 0:09:52] } 3... g6 { [%clk 0:09:55] }
4. Bg2 { [%clk 0:09:50] } 4... Bg7 { [%clk 0:09:43] } 5. Ne2 { [%clk 0:09:47] }
5... e6 { [%clk 0:09:42] } 6. Nbc3 { [%clk 0:09:41] } 6... Nge7
{ [%clk 0:09:41] } 7. d3 { [%clk 0:09:38] } 7... O-O { [%clk 0:09:39] } 8. O-O
{ [%clk 0:09:37] } 8... a6 { [%clk 0:09:35] } 9. a3 { [%clk 0:09:34] } 9... Nd4
{ [%clk 0:09:27] } 10. Be3 { [%clk 0:09:31] } 10... Nec6 { [%clk 0:09:23] } 11.
Bxd4 { [%clk 0:09:29] } 11... Nxd4 { [%clk 0:09:06] } 12. Nxd4
{ [%clk 0:09:27] } 12... Bxd4 { [%clk 0:09:04] } 13. Rb1 { [%clk 0:09:26] }
13... Rb8 { [%clk 0:08:51] } 14. Ne2 { [%clk 0:09:24] } 14... Bg7
{ [%clk 0:08:41] } 15. f4 { [%clk 0:09:19] } 15... b5 { [%clk 0:08:38] } 16. b3
{ [%clk 0:09:09] } 16... d6 { [%clk 0:08:19] } 17. h3 { [%clk 0:08:45] } 17...
Bd7 { [%clk 0:08:15] } 18. Kh2 { [%clk 0:08:42] } 18... a5 { [%clk 0:07:49] }
19. g4 { [%clk 0:08:24] } 19... b4 { [%clk 0:07:41] } 20. a4 { [%clk 0:08:20] }
20... Qc7 { [%clk 0:07:27] } 21. Ng3 { [%clk 0:08:15] } 21... f5
{ [%clk 0:07:18] } 22. h4 { [%clk 0:08:03] } 22... fxg4 { [%clk 0:07:03] } 23.
Qxg4 { [%clk 0:07:57] } 23... e5 { [%clk 0:06:39] } 24. f5 { [%clk 0:07:55] }
24... Qc8 { [%clk 0:06:25] } 25. Bh3 { [%clk 0:07:52] } 25... Rf6
{ [%clk 0:06:17] } 26. h5 { [%clk 0:07:48] } 26... Kh8 { [%clk 0:05:57] } 27.
hxg6 { [%clk 0:07:43] } 27... hxg6 { [%clk 0:05:52] } 28. Qh4+
{ [%clk 0:07:41] } 28... Kg8 { [%clk 0:05:49] } 29. fxg6 { [%clk 0:07:33] }
29... Bxh3 { [%clk 0:05:44] } 30. Rxf6 { [%clk 0:07:09] } 30... Qd8
{ [%clk 0:05:33] } 31. Qh7# { [%clk 0:06:01] } 1-0"
Rated Rapid game,https://lichess.org/EdsL9TsI,2024.08.01,-,Stailor96,habe49,0-1,2024.08.01,08:43:13,1615,1594,,,C50,"Italian Game: Giuoco Pianissimo, Normal",600+0,Normal,"1. e4 { [%clk 0:10:00] } 1... e5 { [%clk 0:10:00] } 2. Nf3 { [%clk 0:09:58] }
2... Nc6 { [%clk 0:09:59] } 3. Bc4 { [%clk 0:09:57] } 3... Bc5
{ [%clk 0:09:57] } 4. d3 { [%clk 0:09:56] } 4... Nf6 { [%clk 0:09:56] } 5. Ng5
{ [%clk 0:09:55] } 5... O-O { [%clk 0:09:54] } 6. O-O { [%clk 0:09:50] } 6...
h6 { [%clk 0:09:52] } 7. Nxf7 { [%clk 0:09:47] } 7... Rxf7 { [%clk 0:09:51] }
8. Bxf7+ { [%clk 0:09:45] } 8... Kxf7 { [%clk 0:09:50] } 9. Nc3
{ [%clk 0:09:44] } 9... d6 { [%clk 0:09:47] } 10. Qf3 { [%clk 0:09:42] } 10...
Nd4 { [%clk 0:09:30] } 11. Qd1 { [%clk 0:09:37] } 11... Bg4 { [%clk 0:09:19] }
12. f3 { [%clk 0:09:27] } 12... Nxf3+ { [%clk 0:07:29] } 13. Kh1
{ [%clk 0:09:04] } 13... Nxh2 { [%clk 0:07:25] } 14. Rxf6+ { [%clk 0:08:54] }
14... Qxf6 { [%clk 0:07:04] } 15. Qe1 { [%clk 0:08:20] } 15... Qf1+
{ [%clk 0:06:44] } 16. Qxf1+ { [%clk 0:08:05] } 16... Nxf1 { [%clk 0:06:43] }
17. Nd5 { [%clk 0:08:02] } 17... Bb6 { [%clk 0:06:33] } 18. Nxb6
{ [%clk 0:07:59] } 18... axb6 { [%clk 0:06:30] } 19. b3 { [%clk 0:07:46] }
19... Ng3+ { [%clk 0:06:26] } 20. Kh2 { [%clk 0:07:44] } 20... Nh5
{ [%clk 0:06:03] } 21. Bd2 { [%clk 0:07:32] } 21... Be6 { [%clk 0:05:45] } 22.
Rf1+ { [%clk 0:07:26] } 22... Kg8 { [%clk 0:05:42] } 23. a4 { [%clk 0:07:22] }
23... Rf8 { [%clk 0:05:29] } 24. Rg1 { [%clk 0:07:11] } 24... Rf2
{ [%clk 0:05:22] } 25. Rd1 { [%clk 0:06:59] } 25... Nf4 { [%clk 0:05:12] } 26.
Bxf4 { [%clk 0:06:50] } 26... Rxf4 { [%clk 0:05:07] } 27. Rd2
{ [%clk 0:06:48] } 27... g5 { [%clk 0:05:03] } 28. g3 { [%clk 0:06:47] } 28...
Rf1 { [%clk 0:05:00] } 29. Kg2 { [%clk 0:06:44] } 29... Rc1 { [%clk 0:04:57] }
30. Kf3 { [%clk 0:06:42] } 30... Kg7 { [%clk 0:04:55] } 31. Kg2
{ [%clk 0:06:25] } 31... Kg6 { [%clk 0:04:55] } 32. Kf3 { [%clk 0:06:24] }
32... h5 { [%clk 0:04:45] } 33. Kg2 { [%clk 0:06:22] } 33... Bg4
{ [%clk 0:04:36] } 34. Kf2 { [%clk 0:06:17] } 34... Rd1 { [%clk 0:04:25] } 35.
Rxd1 { [%clk 0:06:12] } 35... Bxd1 { [%clk 0:04:24] } 36. c4 { [%clk 0:06:05] }
36... Bxb3 { [%clk 0:04:21] } 0-1"
Rated Rapid game,https://lichess.org/ACVg4ij3,2024.08.01,-,Tarpagnan,AlexandrShevcov1957,0-1,2024.08.01,08:43:13,1074,1061,,,D06,Queen's Gambit,600+0,Time forfeit,"1. d4 { [%clk 0:10:00] } 1... d5 { [%clk 0:10:00] } 2. c4 { [%clk 0:09:59] }
2... Be6 { [%clk 0:09:57] } 3. Nc3 { [%clk 0:09:51] } 3... Nf6
{ [%clk 0:09:39] } 4. f3 { [%clk 0:09:33] } 4... c6 { [%clk 0:09:18] } 5. Bf4
{ [%clk 0:08:58] } 5... Nh5 { [%clk 0:08:35] } 6. Qd2 { [%clk 0:08:19] } 6...
Bc8 { [%clk 0:07:57] } 7. cxd5 { [%clk 0:08:14] } 7... cxd5 { [%clk 0:07:54] }
8. e4 { [%clk 0:08:07] } 8... e6 { [%clk 0:07:46] } 9. Nge2 { [%clk 0:06:48] }
9... Nc6 { [%clk 0:07:18] } 10. Nb5 { [%clk 0:06:24] } 10... Bb4
{ [%clk 0:07:01] } 11. Nec3 { [%clk 0:05:58] } 11... Bxc3 { [%clk 0:06:42] }
12. Qxc3 { [%clk 0:05:35] } 12... Nxf4 { [%clk 0:06:32] } 13. e5
{ [%clk 0:04:57] } 13... O-O { [%clk 0:04:49] } 14. g3 { [%clk 0:04:25] } 14...
Ng6 { [%clk 0:04:26] } 15. Bd3 { [%clk 0:03:40] } 15... Nh8 { [%clk 0:04:09] }
16. f4 { [%clk 0:03:31] } 16... Qe7 { [%clk 0:04:03] } 17. O-O-O
{ [%clk 0:03:23] } 17... Qb4 { [%clk 0:03:53] } 18. Qxb4 { [%clk 0:03:03] }
18... Nxb4 { [%clk 0:03:51] } 19. Kb1 { [%clk 0:03:00] } 19... Nxd3
{ [%clk 0:03:48] } 20. Rxd3 { [%clk 0:02:59] } 20... Rd8 { [%clk 0:03:28] } 21.
Rg1 { [%clk 0:02:42] } 21... Bd7 { [%clk 0:03:23] } 22. a4 { [%clk 0:02:28] }
22... Bxb5 { [%clk 0:03:21] } 23. axb5 { [%clk 0:02:27] } 23... a6
{ [%clk 0:03:18] } 24. b6 { [%clk 0:02:24] } 24... a5 { [%clk 0:03:15] } 25.
Rc1 { [%clk 0:02:13] } 25... Rdc8 { [%clk 0:03:11] } 26. Rdc3
{ [%clk 0:02:06] } 26... Rxc3 { [%clk 0:03:08] } 27. Rxc3 { [%clk 0:02:05] }
27... Ng6 { [%clk 0:02:59] } 28. b3 { [%clk 0:01:44] } 28... h6
{ [%clk 0:02:54] } 29. Rc7 { [%clk 0:01:39] } 29... Rb8 { [%clk 0:02:44] } 30.
f5 { [%clk 0:01:35] } 30... exf5 { [%clk 0:02:41] } 31. Ka2 { [%clk 0:01:12] }
31... Nf8 { [%clk 0:02:36] } 32. Ka3 { [%clk 0:01:10] } 32... Ne6
{ [%clk 0:02:33] } 33. Rd7 { [%clk 0:01:02] } 33... Nxd4 { [%clk 0:02:27] } 34.
Ka4 { [%clk 0:00:59] } 34... Nc6 { [%clk 0:02:06] } 35. e6 { [%clk 0:00:27] }
35... fxe6 { [%clk 0:02:00] } 0-1"
Rated Rapid game,https://lichess.org/NgBddt7x,2024.08.01,-,lutfianosa,scacchista78,1-0,2024.08.01,08:43:13,1210,1171,,,D06,Queen's Gambit Declined: Marshall Defense,600+0,Normal,"1. d4 { [%eval 0.16] [%clk 0:10:00] } 1... d5 { [%eval 0.23] [%clk 0:10:00] }
2. c4 { [%eval 0.19] [%clk 0:09:59] } 2... Nf6 { [%eval 0.53] [%clk 0:09:43] }
3. e3 { [%eval 0.03] [%clk 0:09:54] } 3... Nc6 { [%eval 0.46] [%clk 0:09:27] }
4. c5 $6 { [%eval -0.14] [%clk 0:09:52] } 4... a6
{ [%eval 0.0] [%clk 0:08:59] } 5. Bd3 { [%eval -0.43] [%clk 0:09:49] } 5... b5
$2 { [%eval 0.64] [%clk 0:08:38] } 6. Nf3 $6 { [%eval 0.0] [%clk 0:09:47] }
6... Bg4 { [%eval 0.13] [%clk 0:08:35] } 7. O-O { [%eval -0.3] [%clk 0:09:46] }
7... Nb4 $2 { [%eval 1.38] [%clk 0:08:14] } 8. a3 $2
{ [%eval 0.0] [%clk 0:09:37] } 8... Bxf3 { [%eval 0.0] [%clk 0:08:06] } 9. gxf3
{ [%eval -0.03] [%clk 0:09:32] } 9... Nc6 $2 { [%eval 1.16] [%clk 0:08:02] }
10. Nc3 { [%eval 0.84] [%clk 0:09:19] } 10... h6 $6
{ [%eval 1.8] [%clk 0:07:44] } 11. e4 $2 { [%eval 0.51] [%clk 0:09:06] } 11...
Nxd4 { [%eval 1.05] [%clk 0:07:23] } 12. exd5 { [%eval 0.56] [%clk 0:08:49] }
12... Nxd5 $2 { [%eval 3.07] [%clk 0:07:03] } 13. Nxd5
{ [%eval 2.5] [%clk 0:08:39] } 13... Qxd5 $2 { [%eval 4.18] [%clk 0:06:50] }
14. Be4 { [%eval 4.12] [%clk 0:08:21] } 14... Qb3 $2
{ [%eval 6.05] [%clk 0:05:16] } 15. Qxd4 { [%eval 5.95] [%clk 0:07:59] } 15...
Rd8 $4 { [%eval #2] [%clk 0:04:46] } 16. Qe5 $4 { [%eval 5.55] [%clk 0:07:22] }
16... f6 { [%eval 6.14] [%clk 0:04:11] } 17. Qxc7
{ [%eval 6.25] [%clk 0:07:09] } 17... Qe6 $2 { [%eval 8.67] [%clk 0:02:18] }
18. Bg6+ { [%eval 8.64] [%clk 0:06:57] } 18... Qf7
{ [%eval 8.46] [%clk 0:02:11] } 19. Bxf7+ { [%eval 6.77] [%clk 0:06:52] } 19...
Kxf7 { [%eval 8.08] [%clk 0:02:10] } 20. Qxd8 { [%eval 8.01] [%clk 0:06:44] }
20... e5 { [%eval 8.44] [%clk 0:02:03] } 21. c6 { [%eval 8.35] [%clk 0:06:39] }
21... Kg6 { [%eval 9.43] [%clk 0:02:00] } 22. c7
{ [%eval 9.58] [%clk 0:06:35] } 22... Kh7 { [%eval 10.66] [%clk 0:01:56] } 23.
c8=Q { [%eval 10.67] [%clk 0:06:32] } 23... Kg8 $6
{ [%eval #3] [%clk 0:01:54] } 24. Qf5 { [%eval #2] [%clk 0:06:21] } 24... Rh7
{ [%eval #2] [%clk 0:01:47] } 25. Qd5+ { [%eval #2] [%clk 0:06:11] } 25... Kh8
{ [%eval #2] [%clk 0:01:44] } 26. Rd1 { [%eval #4] [%clk 0:05:49] } 26... g6
{ [%eval #4] [%clk 0:01:37] } 27. Qxf6+ { [%eval #3] [%clk 0:05:39] } 27... Rg7
{ [%eval #3] [%clk 0:01:33] } 28. Qxf8+ { [%eval #2] [%clk 0:05:22] } 28... Kh7
{ [%eval #2] [%clk 0:01:30] } 29. Qdd8 { [%eval #2] [%clk 0:05:18] } 29... g5
{ [%eval #2] [%clk 0:01:25] } 30. Qh8+ { [%eval #2] [%clk 0:05:10] } 30... Kg6
{ [%eval #2] [%clk 0:01:21] } 31. Rd6+ { [%eval #1] [%clk 0:05:08] } 31... Kh5
{ [%eval #1] [%clk 0:01:18] } 32. Qxg7 { [%eval #1] [%clk 0:05:04] } 32... Kh4
{ [%eval #1] [%clk 0:01:15] } 33. Kg2 { [%eval #1] [%clk 0:05:00] } 33... h5
{ [%eval #1] [%clk 0:01:08] } 34. Qgxg5# { [%clk 0:04:51] } 1-0"
Rated Rapid game,https://lichess.org/JsrSlNN2,2024.08.01,-,mylastjack,vijayan58,1-0,2024.08.01,08:43:16,1090,1027,,,C50,Italian Game,600+0,Normal,"1. e4 { [%eval 0.15] [%clk 0:10:00] } 1... e5 { [%eval 0.21] [%clk 0:10:00] }
2. Nf3 { [%eval 0.11] [%clk 0:09:57] } 2... Nc6 { [%eval 0.19] [%clk 0:09:58] }
3. Bc4 { [%eval 0.14] [%clk 0:09:53] } 3... Qf6 $6
{ [%eval 0.92] [%clk 0:09:52] } 4. c3 $6 { [%eval 0.35] [%clk 0:09:49] } 4...
d6 { [%eval 0.6] [%clk 0:09:40] } 5. O-O { [%eval 0.44] [%clk 0:09:19] } 5...
Be6 { [%eval 0.98] [%clk 0:09:37] } 6. Bb3 $6 { [%eval 0.25] [%clk 0:09:03] }
6... O-O-O { [%eval 0.68] [%clk 0:09:23] } 7. Re1 $6
{ [%eval 0.06] [%clk 0:08:53] } 7... Kb8 $6 { [%eval 1.0] [%clk 0:09:21] } 8.
d4 { [%eval 0.94] [%clk 0:08:51] } 8... Nce7 $2 { [%eval 3.39] [%clk 0:09:04] }
9. dxe5 { [%eval 2.97] [%clk 0:08:40] } 9... dxe5 $4
{ [%eval 7.81] [%clk 0:09:02] } 10. Qxd8+ { [%eval 7.78] [%clk 0:08:37] } 10...
Nc8 { [%eval 8.43] [%clk 0:08:56] } 11. Qxf8 { [%eval 8.46] [%clk 0:08:28] }
11... g6 { [%eval 9.5] [%clk 0:08:11] } 12. Bxe6
{ [%eval 8.95] [%clk 0:07:56] } 12... Qxe6 { [%eval 9.07] [%clk 0:08:00] } 13.
Qa3 { [%eval 8.1] [%clk 0:07:32] } 13... Nd6 { [%eval 8.52] [%clk 0:07:55] }
14. Nbd2 { [%eval 7.9] [%clk 0:07:27] } 14... Nb5
{ [%eval 9.05] [%clk 0:07:51] } 15. Qb4 { [%eval 8.56] [%clk 0:07:18] } 15...
Qb6 $2 { [%eval #1] [%clk 0:07:40] } 16. Qf8# { [%clk 0:07:11] } 1-0"
Rated Rapid game,https://lichess.org/2OJwbEqU,2024.08.01,-,M07102,Naidoo8Mulijani,1-0,2024.08.01,08:43:17,1569,1644,,,A40,Englund Gambit Complex: Englund Gambit,600+0,Normal,"1. d4 { [%clk 0:10:00] } 1... e5 { [%clk 0:10:00] } 2. dxe5 { [%clk 0:09:54] }
2... Nc6 { [%clk 0:09:54] } 3. Nf3 { [%clk 0:09:29] } 3... Qe7
{ [%clk 0:09:49] } 4. Bf4 { [%clk 0:08:40] } 4... Qb4+ { [%clk 0:09:47] } 5.
Bd2 { [%clk 0:08:34] } 5... Qxb2 { [%clk 0:09:46] } 6. Nc3 { [%clk 0:08:30] }
6... Nb4 { [%clk 0:09:36] } 7. Rc1 { [%clk 0:08:01] } 7... a6
{ [%clk 0:09:18] } 8. e3 { [%clk 0:07:09] } 8... d6 { [%clk 0:08:57] } 9. Bc4
{ [%clk 0:07:06] } 9... h6 { [%clk 0:08:54] } 10. Bb3 { [%clk 0:06:44] } 10...
Qa3 { [%clk 0:08:37] } 11. O-O { [%clk 0:06:20] } 11... Bg4 { [%clk 0:08:34] }
12. h3 { [%clk 0:06:17] } 12... Bxf3 { [%clk 0:08:33] } 13. Qxf3
{ [%clk 0:06:16] } 13... f6 { [%clk 0:08:07] } 14. Nd5 { [%clk 0:06:07] } 14...
O-O-O { [%clk 0:07:53] } 15. exf6 { [%clk 0:05:39] } 15... Nxd5
{ [%clk 0:07:46] } 16. Bxd5 { [%clk 0:05:27] } 16... c6 { [%clk 0:07:45] } 17.
fxg7 { [%clk 0:04:52] } 17... Bxg7 { [%clk 0:07:40] } 18. Be6+
{ [%clk 0:04:38] } 18... Kc7 { [%clk 0:07:24] } 19. Rb1 { [%clk 0:04:28] }
19... Ne7 { [%clk 0:07:13] } 20. Rb3 { [%clk 0:04:26] } 20... Qxa2
{ [%clk 0:07:09] } 21. Rxb7+ { [%clk 0:04:19] } 1-0"
Rated Rapid game,https://lichess.org/wSWm6wjx,2024.08.01,-,BaoquanmonHaha,alexmtlai,0-1,2024.08.01,08:43:17,1927,1984,,,D08,Queen's Gambit Declined: Albin Countergambit,600+0,Normal,"1. d4 { [%clk 0:10:00] } 1... d5 { [%clk 0:10:00] } 2. c4 { [%clk 0:09:58] }
2... e5 { [%clk 0:09:58] } 3. cxd5 { [%clk 0:09:49] } 3... Qxd5
{ [%clk 0:09:56] } 4. Nc3 { [%clk 0:09:44] } 4... Bb4 { [%clk 0:09:38] } 5. e3
{ [%clk 0:09:16] } 5... exd4 { [%clk 0:08:26] } 6. Qxd4 { [%clk 0:09:10] } 6...
Qxd4 { [%clk 0:08:17] } 7. exd4 { [%clk 0:09:07] } 7... Nc6 { [%clk 0:08:13] }
8. Nf3 { [%clk 0:08:54] } 8... Bg4 { [%clk 0:08:07] } 9. d5 { [%clk 0:08:44] }
9... Bxf3 { [%clk 0:06:57] } 10. dxc6 { [%clk 0:08:30] } 10... Bxc6
{ [%clk 0:06:54] } 11. Bf4 { [%clk 0:08:24] } 11... O-O-O { [%clk 0:06:42] }
12. Bd2 { [%clk 0:07:09] } 12... Nf6 { [%clk 0:06:33] } 13. Bc4
{ [%clk 0:07:05] } 13... Rhe8+ { [%clk 0:06:28] } 14. Kf1 { [%clk 0:07:02] }
14... Rxd2 { [%clk 0:06:24] } 0-1"
Rated Rapid game,https://lichess.org/HQpH7vod,2024.08.01,-,solotheme,weroelmago11,0-1,2024.08.01,08:43:17,1438,1408,,,A53,Old Indian Defense,600+0,Normal,"1. d4 { [%clk 0:10:00] } 1... Nf6 { [%clk 0:10:00] } 2. c4 { [%clk 0:09:52] }
2... d6 { [%clk 0:09:55] } 3. Bg5 { [%clk 0:09:49] } 3... Nbd7
{ [%clk 0:09:54] } 4. Nc3 { [%clk 0:09:13] } 4... h6 { [%clk 0:09:48] } 5. Bxf6
{ [%clk 0:09:10] } 5... Nxf6 { [%clk 0:09:46] } 6. e4 { [%clk 0:09:10] } 6...
Nd7 { [%clk 0:09:18] } 7. Be2 { [%clk 0:08:22] } 7... a6 { [%clk 0:09:14] } 8.
Nf3 { [%clk 0:08:19] } 8... g6 { [%clk 0:09:10] } 9. e5 { [%clk 0:08:18] } 9...
Nb8 { [%clk 0:08:45] } 10. exd6 { [%clk 0:07:51] } 10... cxd6
{ [%clk 0:08:39] } 11. O-O { [%clk 0:07:49] } 11... Bg7 { [%clk 0:08:34] } 12.
Re1 { [%clk 0:06:19] } 12... O-O { [%clk 0:08:27] } 13. c5 { [%clk 0:05:28] }
13... dxc5 { [%clk 0:08:10] } 14. dxc5 { [%clk 0:05:14] } 14... Bxc3
{ [%clk 0:07:56] } 15. bxc3 { [%clk 0:05:00] } 15... Nc6 { [%clk 0:07:48] } 16.
Bc4 { [%clk 0:04:07] } 16... e6 { [%clk 0:07:15] } 17. Qxd8 { [%clk 0:03:35] }
17... Rxd8 { [%clk 0:07:12] } 18. Rad1 { [%clk 0:03:35] } 18... Kg7
{ [%clk 0:06:51] } 19. Ne5 { [%clk 0:02:44] } 19... Rxd1 { [%clk 0:06:44] } 20.
Rxd1 { [%clk 0:02:41] } 20... Nxe5 { [%clk 0:06:42] } 21. Bb3
{ [%clk 0:02:36] } 21... Nd7 { [%clk 0:06:14] } 22. Ba4 { [%clk 0:02:16] }
22... Nxc5 { [%clk 0:06:10] } 23. Bb3 { [%clk 0:02:14] } 23... Nxb3
{ [%clk 0:06:07] } 24. axb3 { [%clk 0:02:14] } 0-1"
Rated Rapid game,https://lichess.org/LVZN7iTK,2024.08.01,-,aivarkalvik,Atef2007,0-1,2024.08.01,08:43:17,1701,1712,,,D06,Queen's Gambit Declined: Marshall Defense,600+0,Normal,"1. d4 { [%clk 0:10:00] } 1... d5 { [%clk 0:10:00] } 2. c4 { [%clk 0:09:59] }
2... Nf6 { [%clk 0:09:45] } 3. a3 { [%clk 0:09:58] } 3... Bf5
{ [%clk 0:09:38] } 4. c5 { [%clk 0:09:58] } 4... Nc6 { [%clk 0:09:27] } 5. b4
{ [%clk 0:09:57] } 5... a6 { [%clk 0:09:26] } 6. Bb2 { [%clk 0:09:56] } 6... e6
{ [%clk 0:09:07] } 7. e3 { [%clk 0:09:55] } 7... g6 { [%clk 0:08:58] } 8. Bd3
{ [%clk 0:09:55] } 8... Bxd3 { [%clk 0:08:54] } 9. Qxd3 { [%clk 0:09:54] } 9...
Bg7 { [%clk 0:08:54] } 10. Nd2 { [%clk 0:09:53] } 10... O-O { [%clk 0:08:50] }
11. Ngf3 { [%clk 0:09:52] } 11... Re8 { [%clk 0:08:45] } 12. h3
{ [%clk 0:09:51] } 12... b6 { [%clk 0:08:08] } 13. O-O { [%clk 0:09:50] } 13...
bxc5 { [%clk 0:08:05] } 14. dxc5 { [%clk 0:09:49] } 14... e5 { [%clk 0:07:42] }
15. Qc2 { [%clk 0:09:41] } 15... e4 { [%clk 0:07:34] } 16. Nd4
{ [%clk 0:09:38] } 16... Nxd4 { [%clk 0:07:04] } 17. Bxd4 { [%clk 0:09:37] }
17... c6 { [%clk 0:06:57] } 18. Nb3 { [%clk 0:09:29] } 18... Nd7
{ [%clk 0:06:00] } 19. Na5 { [%clk 0:09:22] } 19... Qc7 { [%clk 0:05:49] } 20.
Qa4 { [%clk 0:08:53] } 20... Bxd4 { [%clk 0:05:37] } 21. exd4
{ [%clk 0:08:49] } 21... Re6 { [%clk 0:05:31] } 22. Qd1 { [%clk 0:08:36] }
22... Rae8 { [%clk 0:05:25] } 23. Re1 { [%clk 0:08:30] } 23... Nb8
{ [%clk 0:05:21] } 24. Ra2 { [%clk 0:08:17] } 24... f5 { [%clk 0:04:58] } 25.
Rae2 { [%clk 0:08:15] } 25... Nd7 { [%clk 0:04:39] } 26. Qd2 { [%clk 0:08:12] }
26... Kg7 { [%clk 0:04:32] } 27. f3 { [%clk 0:08:10] } 27... Nf8
{ [%clk 0:04:01] } 28. fxe4 { [%clk 0:08:08] } 28... fxe4 { [%clk 0:03:57] }
29. Re3 { [%clk 0:08:03] } 29... Rf6 { [%clk 0:03:39] } 30. Qe2
{ [%clk 0:07:56] } 30... Ne6 { [%clk 0:03:29] } 31. Qxa6 { [%clk 0:07:51] }
31... Nxd4 { [%clk 0:03:14] } 32. Rf1 { [%clk 0:07:44] } 32... Ref8
{ [%clk 0:02:37] } 33. Rxf6 { [%clk 0:07:40] } 33... Rxf6 { [%clk 0:02:35] }
34. Qb7 { [%clk 0:07:39] } 34... Qxb7 { [%clk 0:02:13] } 35. Nxb7
{ [%clk 0:07:35] } 35... Nc2 { [%clk 0:02:01] } 36. Rc3 { [%clk 0:07:23] }
36... Ne1 { [%clk 0:01:47] } 37. a4 { [%clk 0:07:13] } 37... d4
{ [%clk 0:01:31] } 38. Rc1 { [%clk 0:07:03] } 38... Nd3 { [%clk 0:01:29] } 39.
Rb1 { [%clk 0:07:01] } 39... e3 { [%clk 0:01:27] } 40. a5 { [%clk 0:06:54] }
40... e2 { [%clk 0:01:14] } 41. a6 { [%clk 0:06:47] } 41... e1=Q+
{ [%clk 0:01:02] } 42. Rxe1 { [%clk 0:06:44] } 42... Nxe1 { [%clk 0:00:59] }
43. a7 { [%clk 0:06:37] } 43... Rf8 { [%clk 0:00:58] } 44. Na5
{ [%clk 0:06:36] } 44... d3 { [%clk 0:00:53] } 45. Nxc6 { [%clk 0:06:33] }
45... d2 { [%clk 0:00:50] } 46. Nb8 { [%clk 0:06:21] } 46... d1=Q
{ [%clk 0:00:47] } 47. a8=Q { [%clk 0:06:20] } 47... Nxg2+ { [%clk 0:00:45] }
48. Kxg2 { [%clk 0:06:17] } 48... Qf1+ { [%clk 0:00:41] } 49. Kg3
{ [%clk 0:06:14] } 49... Qf2+ { [%clk 0:00:38] } 0-1"
Rated Rapid game,https://lichess.org/OsOdU9rL,2024.08.01,-,BudiDotID123,Max24680,0-1,2024.08.01,08:43:17,1067,1026,,,C56,"Italian Game: Scotch Gambit, Max Lange Attack",600+0,Normal,"1. e4 { [%clk 0:10:00] } 1... e5 { [%clk 0:10:00] } 2. Nf3 { [%clk 0:09:57] }
2... Nc6 { [%clk 0:09:58] } 3. Bc4 { [%clk 0:09:53] } 3... Bc5
{ [%clk 0:09:57] } 4. O-O { [%clk 0:09:48] } 4... Nf6 { [%clk 0:09:56] } 5. d4
{ [%clk 0:09:38] } 5... exd4 { [%clk 0:09:52] } 6. Bxf7+ { [%clk 0:09:34] }
6... Kxf7 { [%clk 0:09:49] } 7. e5 { [%clk 0:09:27] } 7... Ng4
{ [%clk 0:09:40] } 8. Ng5+ { [%clk 0:09:22] } 8... Kg8 { [%clk 0:09:35] } 9.
Qxg4 { [%clk 0:09:08] } 9... Nxe5 { [%clk 0:09:31] } 10. Qf5 { [%clk 0:09:05] }
10... d6 { [%clk 0:09:25] } 11. f4 { [%clk 0:08:47] } 11... Bxf5
{ [%clk 0:09:22] } 0-1"
Rated Rapid game,https://lichess.org/31lDFRw1,2024.08.01,-,maoristar20,skif_2020,0-1,2024.08.01,08:43:17,2243,2208,,,B40,Sicilian Defense: Wing Gambit Deferred,600+0,Normal,"1. e4 { [%clk 0:10:00] } 1... c5 { [%clk 0:10:00] } 2. Nf3 { [%clk 0:09:58] }
2... e6 { [%clk 0:09:55] } 3. b4 { [%clk 0:09:53] } 3... b6 { [%clk 0:09:53] }
4. bxc5 { [%clk 0:09:51] } 4... bxc5 { [%clk 0:09:51] } 5. c3
{ [%clk 0:09:51] } 5... Nc6 { [%clk 0:09:50] } 6. d4 { [%clk 0:09:49] } 6...
cxd4 { [%clk 0:09:48] } 7. cxd4 { [%clk 0:09:49] } 7... Nf6 { [%clk 0:09:45] }
8. Bd3 { [%clk 0:09:47] } 8... Bb4+ { [%clk 0:09:40] } 9. Bd2
{ [%clk 0:09:41] } 9... Bxd2+ { [%clk 0:09:38] } 10. Nbxd2 { [%clk 0:09:40] }
10... O-O { [%clk 0:09:30] } 11. O-O { [%clk 0:09:39] } 11... d6
{ [%clk 0:09:15] } 12. Rb1 { [%clk 0:09:33] } 12... Bd7 { [%clk 0:09:05] } 13.
Nc4 { [%clk 0:09:23] } 13... d5 { [%clk 0:08:58] } 14. exd5 { [%clk 0:09:16] }
14... exd5 { [%clk 0:08:55] } 15. Nce5 { [%clk 0:09:13] } 15... Nxe5
{ [%clk 0:08:48] } 16. Nxe5 { [%clk 0:09:13] } 16... Be6 { [%clk 0:08:33] } 17.
f4 { [%clk 0:08:52] } 17... Rb8 { [%clk 0:08:00] } 18. Qc2 { [%clk 0:08:24] }
18... Rxb1 { [%clk 0:07:49] } 19. Rxb1 { [%clk 0:08:22] } 19... h6
{ [%clk 0:07:31] } 20. Rb7 { [%clk 0:08:09] } 20... a5 { [%clk 0:07:19] } 21.
h3 { [%clk 0:08:03] } 21... Ne4 { [%clk 0:06:56] } 22. Ra7 { [%clk 0:07:07] }
22... Qb6 { [%clk 0:06:31] } 23. Bxe4 { [%clk 0:06:16] } 23... Qxa7
{ [%clk 0:05:51] } 24. Nc6 { [%clk 0:06:13] } 24... Qc7 { [%clk 0:05:22] } 25.
Bh7+ { [%clk 0:06:12] } 25... Kh8 { [%clk 0:05:17] } 26. Ne5 { [%clk 0:06:10] }
26... Qxc2 { [%clk 0:05:04] } 27. Bxc2 { [%clk 0:06:10] } 27... g6
{ [%clk 0:04:37] } 28. Kf2 { [%clk 0:05:41] } 28... Kg7 { [%clk 0:04:34] } 29.
Ke3 { [%clk 0:05:30] } 29... h5 { [%clk 0:04:30] } 30. Bd3 { [%clk 0:04:55] }
30... Rb8 { [%clk 0:04:13] } 31. Nc6 { [%clk 0:04:42] } 31... Rb2
{ [%clk 0:04:01] } 32. Nxa5 { [%clk 0:04:09] } 32... Rxa2 { [%clk 0:03:57] }
33. Nc6 { [%clk 0:04:07] } 33... Rxg2 { [%clk 0:03:55] } 34. Bf1
{ [%clk 0:04:02] } 34... Rg3+ { [%clk 0:03:49] } 35. Kf2 { [%clk 0:04:01] }
35... Rc3 { [%clk 0:03:41] } 36. Ne5 { [%clk 0:03:50] } 36... Bxh3
{ [%clk 0:03:31] } 37. Bb5 { [%clk 0:03:38] } 37... Bg4 { [%clk 0:03:14] } 38.
Ba6 { [%clk 0:03:06] } 38... Bf5 { [%clk 0:03:11] } 39. Bb5 { [%clk 0:03:02] }
39... h4 { [%clk 0:03:07] } 40. Nf3 { [%clk 0:02:46] } 40... h3
{ [%clk 0:02:49] } 41. Bf1 { [%clk 0:02:34] } 41... Be4 { [%clk 0:02:41] } 42.
Nh2 { [%clk 0:02:26] } 42... f5 { [%clk 0:02:22] } 43. Bb5 { [%clk 0:02:14] }
43... Kf6 { [%clk 0:02:18] } 44. Bf1 { [%clk 0:02:05] } 44... g5
{ [%clk 0:02:14] } 45. fxg5+ { [%clk 0:02:01] } 45... Kxg5 { [%clk 0:02:13] }
46. Bb5 { [%clk 0:01:53] } 46... f4 { [%clk 0:02:06] } 47. Ba6
{ [%clk 0:01:48] } 47... Rc2+ { [%clk 0:02:04] } 48. Kg1 { [%clk 0:01:41] }
48... Rg2+ { [%clk 0:01:59] } 49. Kf1 { [%clk 0:01:22] } 49... Rxh2
{ [%clk 0:01:55] } 50. Be2 { [%clk 0:01:21] } 50... Rxe2 { [%clk 0:01:46] } 51.
Kxe2 { [%clk 0:01:14] } 51... h2 { [%clk 0:01:45] } 52. Kf2 { [%clk 0:01:10] }
52... h1=Q { [%clk 0:01:42] } 53. Ke2 { [%clk 0:01:08] } 53... f3+
{ [%clk 0:01:37] } 54. Kf2 { [%clk 0:01:06] } 54... Qg2+ { [%clk 0:01:31] } 55.
Ke3 { [%clk 0:01:04] } 55... Qe2# { [%clk 0:01:29] } 0-1"
Rated Rapid game,https://lichess.org/OrbZo6eo,2024.08.01,-,Badawy-chess,oussamaMKd,1-0,2024.08.01,08:43:17,1197,1234,,,D37,"Queen's Gambit Declined: Vienna Variation, Quiet Variation",600+0,Normal,"1. d4 { [%clk 0:10:00] } 1... d5 { [%clk 0:10:00] } 2. c4 { [%clk 0:09:57] }
2... Nf6 { [%clk 0:09:56] } 3. Nf3 { [%clk 0:09:52] } 3... dxc4
{ [%clk 0:09:52] } 4. Nc3 { [%clk 0:09:51] } 4... e6 { [%clk 0:09:45] } 5. e3
{ [%clk 0:09:49] } 5... Bb4 { [%clk 0:09:30] } 6. Bxc4 { [%clk 0:09:45] } 6...
Bxc3+ { [%clk 0:09:28] } 7. bxc3 { [%clk 0:09:43] } 7... O-O { [%clk 0:09:22] }
8. O-O { [%clk 0:09:41] } 8... h6 { [%clk 0:09:19] } 9. Bd3 { [%clk 0:09:32] }
9... Nc6 { [%clk 0:09:16] } 10. Bc2 { [%clk 0:09:29] } 10... a6
{ [%clk 0:09:14] } 11. Qd3 { [%clk 0:09:23] } 11... Re8 { [%clk 0:09:03] } 12.
e4 { [%clk 0:09:09] } 12... e5 { [%clk 0:08:55] } 13. Rd1 { [%clk 0:08:58] }
13... Bg4 { [%clk 0:08:46] } 14. h3 { [%clk 0:08:49] } 14... Bxf3
{ [%clk 0:08:43] } 15. Qxf3 { [%clk 0:08:47] } 15... exd4 { [%clk 0:08:40] }
16. Bb2 { [%clk 0:08:27] } 16... b5 { [%clk 0:06:53] } 17. cxd4
{ [%clk 0:08:16] } 17... Nb4 { [%clk 0:06:42] } 18. Bb3 { [%clk 0:07:55] }
18... Nxe4 { [%clk 0:06:34] } 19. Qxf7+ { [%clk 0:07:44] } 19... Kh8
{ [%clk 0:06:32] } 20. d5 { [%clk 0:07:30] } 20... Re7 { [%clk 0:06:07] } 21.
Bxg7+ { [%clk 0:07:13] } 21... Kh7 { [%clk 0:05:59] } 22. Bf6+
{ [%clk 0:07:05] } 22... Rxf7 { [%clk 0:05:54] } 23. Bxd8 { [%clk 0:06:20] }
23... Rxd8 { [%clk 0:05:53] } 24. d6 { [%clk 0:06:14] } 24... Rxf2
{ [%clk 0:05:51] } 25. dxc7 { [%clk 0:06:00] } 25... Rxd1+ { [%clk 0:05:32] }
26. Rxd1 { [%clk 0:05:57] } 26... Rf8 { [%clk 0:05:28] } 27. Rd8
{ [%clk 0:05:52] } 27... Rxd8 { [%clk 0:05:08] } 28. cxd8=Q { [%clk 0:05:50] }
28... Ng3 { [%clk 0:05:02] } 29. Qe7+ { [%clk 0:05:41] } 29... Kg6
{ [%clk 0:04:47] } 30. Qf7+ { [%clk 0:05:34] } 30... Kg5 { [%clk 0:04:42] } 31.
h4+ { [%clk 0:05:17] } 31... Kxh4 { [%clk 0:04:16] } 32. Qf4+
{ [%clk 0:05:15] } 32... Kh5 { [%clk 0:04:13] } 33. Qxg3 { [%clk 0:05:12] }
33... Nc6 { [%clk 0:04:08] } 34. Bd1# { [%clk 0:05:08] } 1-0"
Rated Rapid game,https://lichess.org/kBHHH6Gu,2024.08.01,-,koko200k,HodgeyHodge,1-0,2024.08.01,08:43:17,1776,1856,,,B90,"Sicilian Defense: Najdorf Variation, Lipnitsky Attack",600+0,Normal,"1. e4 { [%eval 0.15] [%clk 0:10:00] } 1... c5 { [%eval 0.25] [%clk 0:10:00] }
2. Nf3 { [%eval 0.22] [%clk 0:09:58] } 2... d6 { [%eval 0.26] [%clk 0:09:59] }
3. d4 { [%eval 0.26] [%clk 0:09:58] } 3... cxd4 { [%eval 0.31] [%clk 0:09:58] }
4. Nxd4 { [%eval 0.18] [%clk 0:09:57] } 4... Nf6
{ [%eval 0.24] [%clk 0:09:58] } 5. Nc3 { [%eval 0.18] [%clk 0:09:57] } 5... a6
{ [%eval 0.29] [%clk 0:09:57] } 6. Bc4 { [%eval 0.06] [%clk 0:09:53] } 6... e6
{ [%eval 0.06] [%clk 0:09:54] } 7. Bg5 { [%eval -0.11] [%clk 0:09:51] } 7...
Be7 { [%eval -0.09] [%clk 0:09:52] } 8. f4 { [%eval -0.48] [%clk 0:09:50] }
8... Nbd7 $2 { [%eval 1.52] [%clk 0:09:51] } 9. Bxe6
{ [%eval 1.44] [%clk 0:09:43] } 9... fxe6 { [%eval 2.03] [%clk 0:09:47] } 10.
Nxe6 { [%eval 2.06] [%clk 0:09:43] } 10... Qb6 { [%eval 2.02] [%clk 0:09:36] }
11. Nxg7+ { [%eval 1.73] [%clk 0:09:42] } 11... Kf7 $6
{ [%eval 2.41] [%clk 0:09:32] } 12. Nf5 { [%eval 2.35] [%clk 0:09:21] } 12...
Qe3+ $4 { [%eval 7.16] [%clk 0:09:18] } 13. Nxe3
{ [%eval 7.16] [%clk 0:09:18] } 1-0"
Rated Rapid game,https://lichess.org/mzZssVrk,2024.08.01,-,aditishreya,Geometryintegral44,1-0,2024.08.01,08:43:17,1327,1342,,,C23,Bishop's Opening,600+0,Normal,"1. e4 { [%clk 0:10:00] } 1... e5 { [%clk 0:10:00] } 2. Bc4 { [%clk 0:09:58] }
2... Nc6 { [%clk 0:09:56] } 3. Bd5 { [%clk 0:09:55] } 3... d6
{ [%clk 0:09:53] } 4. Nc3 { [%clk 0:09:52] } 4... Nf6 { [%clk 0:09:51] } 5. Nf3
{ [%clk 0:09:49] } 5... h6 { [%clk 0:09:49] } 6. d3 { [%clk 0:09:47] } 6...
Nxd5 { [%clk 0:09:48] } 7. Nxd5 { [%clk 0:09:46] } 7... Ne7 { [%clk 0:09:45] }
8. c4 { [%clk 0:09:42] } 8... Nxd5 { [%clk 0:09:43] } 9. exd5
{ [%clk 0:09:41] } 9... c6 { [%clk 0:09:38] } 10. Qa4 { [%clk 0:09:37] } 10...
Bd7 { [%clk 0:09:36] } 11. Qb3 { [%clk 0:09:36] } 11... cxd5 { [%clk 0:09:28] }
12. Qxb7 { [%clk 0:09:34] } 12... dxc4 { [%clk 0:09:27] } 13. dxc4
{ [%clk 0:09:29] } 13... Qb8 { [%clk 0:09:21] } 14. Qd5 { [%clk 0:09:23] }
14... Be6 { [%clk 0:09:10] } 15. Qc6+ { [%clk 0:09:20] } 15... Bd7
{ [%clk 0:09:04] } 16. Qe4 { [%clk 0:09:17] } 16... Be7 { [%clk 0:08:43] } 17.
O-O { [%clk 0:09:15] } 17... O-O { [%clk 0:08:41] } 18. Nh4 { [%clk 0:09:04] }
18... Bxh4 { [%clk 0:08:36] } 19. Qxh4 { [%clk 0:09:03] } 19... Qd8
{ [%clk 0:08:20] } 20. Qg3 { [%clk 0:09:00] } 20... Qf6 { [%clk 0:08:15] } 21.
b3 { [%clk 0:08:55] } 21... Qg6 { [%clk 0:08:01] } 22. Qxg6 { [%clk 0:08:49] }
22... fxg6 { [%clk 0:08:00] } 23. Ba3 { [%clk 0:08:47] } 23... Rf6
{ [%clk 0:07:54] } 24. Rad1 { [%clk 0:08:45] } 24... g5 { [%clk 0:07:45] } 25.
Bxd6 { [%clk 0:08:43] } 25... Re6 { [%clk 0:07:30] } 26. Bxe5
{ [%clk 0:08:37] } 26... Rxe5 { [%clk 0:07:27] } 27. Rxd7 { [%clk 0:08:35] }
27... a5 { [%clk 0:07:24] } 28. g3 { [%clk 0:08:31] } 28... a4
{ [%clk 0:07:23] } 29. b4 { [%clk 0:08:28] } 29... a3 { [%clk 0:07:21] } 30.
Rd2 { [%clk 0:08:24] } 30... Re4 { [%clk 0:07:11] } 31. Rc1 { [%clk 0:08:21] }
31... Ra4 { [%clk 0:07:04] } 32. Rd8+ { [%clk 0:08:15] } 32... Kh7
{ [%clk 0:07:02] } 33. Rb8 { [%clk 0:08:13] } 33... Re2 { [%clk 0:06:58] } 34.
c5 { [%clk 0:08:10] } 34... Rxa2 { [%clk 0:06:56] } 35. c6 { [%clk 0:08:09] }
35... Rb2 { [%clk 0:06:41] } 36. c7 { [%clk 0:08:06] } 36... Rbxb4
{ [%clk 0:06:31] } 37. Rxb4 { [%clk 0:08:04] } 37... Rxb4 { [%clk 0:06:29] }
38. c8=Q { [%clk 0:08:02] } 38... a2 { [%clk 0:06:28] } 39. Qc2+
{ [%clk 0:07:56] } 39... Kh8 { [%clk 0:06:26] } 40. Qxa2 { [%clk 0:07:54] } 1-0"
Rated Rapid game,https://lichess.org/SJjY6bZT,2024.08.01,-,www-1111-www,Kawaisaky,1-0,2024.08.01,08:43:17,1561,1563,,,C23,Bishop's Opening,600+0,Normal,"1. e4 { [%clk 0:10:00] } 1... e5 { [%clk 0:10:00] } 2. Bc4 { [%clk 0:09:58] }
2... h6 { [%clk 0:09:58] } 3. d3 { [%clk 0:09:57] } 3... Nf6 { [%clk 0:09:56] }
4. f4 { [%clk 0:09:55] } 4... Bb4+ { [%clk 0:09:55] } 5. c3 { [%clk 0:09:53] }
5... Bd6 { [%clk 0:09:53] } 6. f5 { [%clk 0:09:52] } 6... a6 { [%clk 0:09:49] }
7. Nf3 { [%clk 0:09:48] } 7... b5 { [%clk 0:09:47] } 8. Bb3 { [%clk 0:09:43] }
8... c6 { [%clk 0:09:44] } 9. a4 { [%clk 0:09:42] } 9... Bb7 { [%clk 0:09:42] }
10. g4 { [%clk 0:09:33] } 10... Nxg4 { [%clk 0:09:34] } 11. Rg1
{ [%clk 0:09:31] } 11... h5 { [%clk 0:09:31] } 12. h3 { [%clk 0:09:29] } 12...
Qh4+ { [%clk 0:09:12] } 13. Nxh4 { [%clk 0:09:26] } 13... Nf6
{ [%clk 0:08:59] } 14. Rxg7 { [%clk 0:09:23] } 14... Rg8 { [%clk 0:08:55] } 15.
Bxf7+ { [%clk 0:09:21] } 1-0"
Rated Rapid game,https://lichess.org/ccrm5PUi,2024.08.01,-,binyuman,mando2023MGA112001,1-0,2024.08.01,08:43:17,1316,1237,,,A45,Queen's Pawn Game: Chigorin Variation,600+0,Normal,"1. d4 { [%eval 0.16] [%clk 0:10:00] } 1... d5 { [%eval 0.23] [%clk 0:10:00] }
2. Nc3 { [%eval -0.08] [%clk 0:09:55] } 2... Nf6 { [%eval 0.0] [%clk 0:09:57] }
3. Nf3 { [%eval -0.19] [%clk 0:09:50] } 3... e6
{ [%eval -0.14] [%clk 0:09:36] } 4. e3 { [%eval -0.17] [%clk 0:09:45] } 4...
Bb4 { [%eval 0.0] [%clk 0:09:28] } 5. Bb5+ { [%eval -0.21] [%clk 0:09:39] }
5... Bd7 { [%eval 0.0] [%clk 0:09:24] } 6. Bxd7+
{ [%eval -0.46] [%clk 0:09:35] } 6... Qxd7 { [%eval -0.14] [%clk 0:09:16] } 7.
Ne5 { [%eval -0.43] [%clk 0:09:22] } 7... Qd8 { [%eval -0.24] [%clk 0:08:56] }
8. O-O { [%eval -0.23] [%clk 0:09:19] } 8... O-O
{ [%eval -0.07] [%clk 0:08:54] } 9. Ne2 { [%eval -0.06] [%clk 0:08:59] } 9...
Re8 { [%eval -0.02] [%clk 0:08:21] } 10. c3 { [%eval -0.27] [%clk 0:08:53] }
10... Bd6 { [%eval -0.27] [%clk 0:08:14] } 11. Qc2
{ [%eval -0.47] [%clk 0:08:31] } 11... Bxe5 $6 { [%eval 0.17] [%clk 0:08:05] }
12. dxe5 { [%eval 0.23] [%clk 0:08:28] } 12... Ne4
{ [%eval 0.58] [%clk 0:07:56] } 13. Nf4 $6 { [%eval -0.17] [%clk 0:07:59] }
13... Nc6 { [%eval 0.35] [%clk 0:07:49] } 14. c4 $2
{ [%eval -1.38] [%clk 0:07:55] } 14... Nxe5 { [%eval -1.4] [%clk 0:07:38] } 15.
cxd5 { [%eval -1.5] [%clk 0:07:48] } 15... exd5
{ [%eval -1.39] [%clk 0:07:36] } 16. b3 { [%eval -1.42] [%clk 0:07:34] } 16...
c6 { [%eval -1.46] [%clk 0:07:05] } 17. Bb2 { [%eval -1.43] [%clk 0:07:25] }
17... b5 $2 { [%eval 0.19] [%clk 0:06:29] } 18. f3 $6
{ [%eval -0.39] [%clk 0:07:06] } 18... Nc5 $4 { [%eval 4.66] [%clk 0:06:18] }
19. Qxc5 { [%eval 4.65] [%clk 0:06:56] } 19... Nxf3+ $2
{ [%eval 7.17] [%clk 0:05:36] } 20. Rxf3 { [%eval 7.05] [%clk 0:06:50] } 20...
Qa5 { [%eval 9.31] [%clk 0:05:07] } 21. Qd4 { [%eval 9.15] [%clk 0:06:32] }
21... Rac8 $2 { [%eval #1] [%clk 0:04:52] } 22. Qxg7# { [%clk 0:06:30] } 1-0"
Rated Rapid game,https://lichess.org/yR4FeQQ2,2024.08.01,-,JonTheMartian,masallah_ozen,1-0,2024.08.01,08:43:17,2075,2022,,,E11,Bogo-Indian Defense: Haiti Variation,600+0,Normal,"1. d4 { [%clk 0:10:00] } 1... e6 { [%clk 0:10:00] } 2. c4 { [%clk 0:09:59] }
2... Bb4+ { [%clk 0:10:00] } 3. Bd2 { [%clk 0:09:56] } 3... Nc6
{ [%clk 0:09:59] } 4. Nf3 { [%clk 0:09:53] } 4... Nf6 { [%clk 0:09:57] } 5. Nc3
{ [%clk 0:09:44] } 5... a6 { [%clk 0:09:48] } 6. Qc2 { [%clk 0:09:41] } 6...
Be7 { [%clk 0:09:37] } 7. e4 { [%clk 0:09:39] } 7... b6 { [%clk 0:09:33] } 8.
d5 { [%clk 0:09:36] } 8... exd5 { [%clk 0:09:28] } 9. cxd5 { [%clk 0:09:27] }
9... Na7 { [%clk 0:09:22] } 10. e5 { [%clk 0:09:19] } 10... Ng4
{ [%clk 0:09:14] } 11. d6 { [%clk 0:09:17] } 11... cxd6 { [%clk 0:09:10] } 12.
Nd5 { [%clk 0:09:09] } 12... Nc6 { [%clk 0:08:40] } 13. Be2 { [%clk 0:08:29] }
13... Ngxe5 { [%clk 0:08:34] } 14. O-O { [%clk 0:08:18] } 14... O-O
{ [%clk 0:08:29] } 15. Rfe1 { [%clk 0:07:57] } 15... Bb7 { [%clk 0:08:27] } 16.
Nxe7+ { [%clk 0:07:47] } 16... Qxe7 { [%clk 0:08:24] } 17. Qb3
{ [%clk 0:07:39] } 17... b5 { [%clk 0:08:14] } 18. Rac1 { [%clk 0:07:27] }
18... Qe6 { [%clk 0:08:01] } 19. Qc2 { [%clk 0:06:53] } 19... Qxa2
{ [%clk 0:07:49] } 20. Ng5 { [%clk 0:06:41] } 20... Ng6 { [%clk 0:07:37] } 21.
Bf4 { [%clk 0:06:24] } 21... h6 { [%clk 0:07:30] } 22. Nh3 { [%clk 0:05:52] }
22... Nd4 { [%clk 0:07:08] } 23. Qc3 { [%clk 0:05:44] } 23... Nxe2+
{ [%clk 0:06:48] } 24. Rxe2 { [%clk 0:05:44] } 24... Nxf4 { [%clk 0:06:42] }
25. Nxf4 { [%clk 0:05:39] } 25... Rac8 { [%clk 0:06:41] } 26. Qe1
{ [%clk 0:05:32] } 26... Rxc1 { [%clk 0:06:34] } 27. Qxc1 { [%clk 0:05:28] }
27... Qc4 { [%clk 0:06:30] } 28. Rc2 { [%clk 0:05:18] } 28... Qe4
{ [%clk 0:06:16] } 29. Re2 { [%clk 0:05:02] } 29... Qf5 { [%clk 0:05:41] } 30.
h3 { [%clk 0:04:43] } 30... Rc8 { [%clk 0:04:49] } 31. Qd2 { [%clk 0:04:38] }
31... g5 { [%clk 0:04:24] } 32. Nh5 { [%clk 0:04:20] } 32... g4
{ [%clk 0:03:59] } 33. Qxh6 { [%clk 0:04:06] } 33... Qg6 { [%clk 0:03:43] } 34.
Nf6+ { [%clk 0:04:03] } 34... Qxf6 { [%clk 0:03:39] } 35. Qxf6
{ [%clk 0:04:03] } 35... gxh3 { [%clk 0:03:34] } 36. Qg5+ { [%clk 0:03:55] }
36... Kf8 { [%clk 0:03:32] } 37. Qh6+ { [%clk 0:03:54] } 37... Kg8
{ [%clk 0:03:30] } 38. Qxh3 { [%clk 0:03:51] } 38... Kg7 { [%clk 0:03:07] } 39.
Qxd7 { [%clk 0:03:42] } 39... Rc1+ { [%clk 0:03:03] } 40. Kh2
{ [%clk 0:03:40] } 40... Bd5 { [%clk 0:02:59] } 41. Qxd6 { [%clk 0:03:24] }
41... Bc4 { [%clk 0:02:55] } 42. Qg3+ { [%clk 0:03:13] } 42... Kf8
{ [%clk 0:02:48] } 43. Rd2 { [%clk 0:03:01] } 43... Ke7 { [%clk 0:02:37] } 44.
Qd6+ { [%clk 0:02:52] } 44... Ke8 { [%clk 0:02:35] } 45. Qf6 { [%clk 0:02:47] }
1-0"
Rated Rapid game,https://lichess.org/PE58KN7Y,2024.08.01,-,skyking_skyking,nikonor100,0-1,2024.08.01,08:43:20,1727,1723,,,B00,Lion Defense: Lion's Jaw,600+0,Normal,"1. d4 { [%clk 0:10:00] } 1... Nf6 { [%clk 0:10:00] } 2. e4 { [%clk 0:10:00] }
2... d6 { [%clk 0:09:59] } 3. f3 { [%clk 0:09:53] } 3... g6 { [%clk 0:09:56] }
4. Ne2 { [%clk 0:09:53] } 4... Bg7 { [%clk 0:09:55] } 5. Ng3 { [%clk 0:09:51] }
5... O-O { [%clk 0:09:54] } 6. Bc4 { [%clk 0:09:51] } 6... e5
{ [%clk 0:09:45] } 7. dxe5 { [%clk 0:09:49] } 7... dxe5 { [%clk 0:09:43] } 8.
Qxd8 { [%clk 0:09:48] } 8... Rxd8 { [%clk 0:09:42] } 9. O-O { [%clk 0:09:48] }
9... Nc6 { [%clk 0:09:38] } 10. Bg5 { [%clk 0:09:47] } 10... Be6
{ [%clk 0:09:36] } 11. Bxf6 { [%clk 0:09:46] } 11... Bxc4 { [%clk 0:09:19] }
12. Bxd8 { [%clk 0:09:45] } 12... Bxf1 { [%clk 0:09:19] } 13. Nxf1
{ [%clk 0:09:39] } 13... Rxd8 { [%clk 0:09:17] } 14. Nc3 { [%clk 0:09:39] }
14... Nb4 { [%clk 0:09:09] } 15. Rc1 { [%clk 0:09:35] } 15... Bh6
{ [%clk 0:09:05] } 16. Rd1 { [%clk 0:09:28] } 16... Rxd1 { [%clk 0:09:03] } 17.
Nxd1 { [%clk 0:09:27] } 17... Nxc2 { [%clk 0:09:02] } 18. Nc3
{ [%clk 0:09:19] } 18... Ne3 { [%clk 0:08:58] } 19. Nxe3 { [%clk 0:09:15] }
19... Bxe3+ { [%clk 0:08:56] } 20. Kf1 { [%clk 0:09:14] } 20... Bc1
{ [%clk 0:08:54] } 21. b3 { [%clk 0:09:12] } 21... Bf4 { [%clk 0:08:50] } 22.
Nd5 { [%clk 0:09:11] } 22... Bxh2 { [%clk 0:08:47] } 23. Nxc7
{ [%clk 0:09:09] } 23... Bf4 { [%clk 0:08:41] } 24. Nb5 { [%clk 0:09:08] }
24... a6 { [%clk 0:08:39] } 25. Nd6 { [%clk 0:09:07] } 25... b5
{ [%clk 0:08:36] } 26. a4 { [%clk 0:09:05] } 26... bxa4 { [%clk 0:08:34] } 27.
bxa4 { [%clk 0:09:04] } 27... Kf8 { [%clk 0:08:30] } 28. Ke2 { [%clk 0:09:03] }
28... Ke7 { [%clk 0:08:28] } 29. Kd3 { [%clk 0:09:03] } 29... Kxd6
{ [%clk 0:08:26] } 30. Kc4 { [%clk 0:09:02] } 30... Kc6 { [%clk 0:08:25] } 31.
Kb4 { [%clk 0:09:00] } 31... Kb6 { [%clk 0:08:22] } 32. Kc4 { [%clk 0:09:00] }
32... Ka5 { [%clk 0:08:20] } 33. Kd5 { [%clk 0:09:00] } 33... Kxa4
{ [%clk 0:08:19] } 34. Kd6 { [%clk 0:09:00] } 34... Kb3 { [%clk 0:08:18] } 35.
Ke7 { [%clk 0:09:00] } 35... f5 { [%clk 0:08:16] } 36. Kf7 { [%clk 0:09:00] }
36... fxe4 { [%clk 0:08:15] } 37. fxe4 { [%clk 0:08:59] } 37... a5
{ [%clk 0:08:13] } 38. Kg7 { [%clk 0:08:57] } 38... a4 { [%clk 0:08:13] } 39.
Kxh7 { [%clk 0:08:57] } 39... a3 { [%clk 0:08:13] } 40. Kxg6 { [%clk 0:08:56] }
40... a2 { [%clk 0:08:13] } 41. g3 { [%clk 0:08:54] } 41... Bxg3
{ [%clk 0:08:12] } 42. Kf5 { [%clk 0:08:54] } 42... Bf4 { [%clk 0:08:11] } 0-1"
Rated Rapid game,https://lichess.org/4qWTHBJ1,2024.08.01,-,raguramanj,NeRU_72,0-1,2024.08.01,08:43:21,1494,1506,,,C01,French Defense: Exchange Variation,600+0,Normal,"1. e4 { [%clk 0:10:00] } 1... e6 { [%clk 0:10:00] } 2. d4 { [%clk 0:09:58] }
2... d5 { [%clk 0:09:59] } 3. exd5 { [%clk 0:09:56] } 3... exd5
{ [%clk 0:09:57] } 4. Nc3 { [%clk 0:09:54] } 4... Nc6 { [%clk 0:09:55] } 5. Bb5
{ [%clk 0:09:49] } 5... Nf6 { [%clk 0:09:53] } 6. Bg5 { [%clk 0:09:47] } 6...
Be7 { [%clk 0:09:51] } 7. Qf3 { [%clk 0:09:44] } 7... O-O { [%clk 0:09:48] } 8.
O-O-O { [%clk 0:09:42] } 8... a6 { [%clk 0:09:34] } 9. Bxc6 { [%clk 0:09:40] }
9... bxc6 { [%clk 0:09:33] } 10. Qg3 { [%clk 0:09:37] } 10... Nh5
{ [%clk 0:09:28] } 11. Bxe7 { [%clk 0:09:28] } 11... Nxg3 { [%clk 0:09:21] }
12. Bxd8 { [%clk 0:09:24] } 12... Nxh1 { [%clk 0:09:20] } 13. Rd2
{ [%clk 0:08:54] } 13... Nxf2 { [%clk 0:09:16] } 14. Rxf2 { [%clk 0:08:49] }
14... Rxd8 { [%clk 0:09:15] } 15. Nf3 { [%clk 0:08:42] } 15... f6
{ [%clk 0:09:02] } 16. Re2 { [%clk 0:08:33] } 16... Bg4 { [%clk 0:08:59] } 17.
Re7 { [%clk 0:08:28] } 17... Rac8 { [%clk 0:08:50] } 18. Nh4 { [%clk 0:08:18] }
18... Re8 { [%clk 0:08:48] } 19. Rxe8+ { [%clk 0:08:12] } 19... Rxe8
{ [%clk 0:08:46] } 20. h3 { [%clk 0:08:08] } 20... Bh5 { [%clk 0:08:37] } 21.
g4 { [%clk 0:08:04] } 21... Bg6 { [%clk 0:08:33] } 22. b3 { [%clk 0:07:53] }
22... Re1+ { [%clk 0:08:30] } 23. Kd2 { [%clk 0:07:48] } 23... Rh1
{ [%clk 0:08:29] } 24. Nxg6 { [%clk 0:07:26] } 24... hxg6 { [%clk 0:08:27] }
25. a4 { [%clk 0:07:12] } 25... Rxh3 { [%clk 0:08:10] } 26. b4
{ [%clk 0:07:09] } 26... Rg3 { [%clk 0:08:05] } 27. b5 { [%clk 0:07:02] } 27...
axb5 { [%clk 0:08:04] } 28. axb5 { [%clk 0:06:59] } 28... cxb5
{ [%clk 0:08:03] } 29. Nxb5 { [%clk 0:06:58] } 29... Rxg4 { [%clk 0:08:00] }
30. Nxc7 { [%clk 0:06:55] } 30... Rxd4+ { [%clk 0:07:59] } 31. Ke3
{ [%clk 0:06:54] } 31... Rc4 { [%clk 0:07:56] } 32. Nxd5 { [%clk 0:06:50] }
32... Rxc2 { [%clk 0:07:53] } 33. Ke4 { [%clk 0:06:46] } 33... Rf2
{ [%clk 0:07:48] } 34. Nf4 { [%clk 0:06:42] } 34... g5 { [%clk 0:07:44] } 35.
Nh5 { [%clk 0:06:34] } 35... Kf7 { [%clk 0:07:36] } 36. Ke3 { [%clk 0:06:30] }
36... Rf1 { [%clk 0:07:34] } 37. Ng3 { [%clk 0:06:26] } 37... Ra1
{ [%clk 0:07:31] } 38. Ne4 { [%clk 0:06:22] } 38... Re1+ { [%clk 0:07:27] } 39.
Kf3 { [%clk 0:06:18] } 39... Rxe4 { [%clk 0:07:26] } 40. Kxe4
{ [%clk 0:06:17] } 40... Kg6 { [%clk 0:07:25] } 41. Kf3 { [%clk 0:06:15] }
41... f5 { [%clk 0:07:23] } 42. Kg3 { [%clk 0:06:14] } 42... Kh5
{ [%clk 0:07:18] } 43. Kh3 { [%clk 0:06:12] } 43... f4 { [%clk 0:07:12] } 0-1"
Rated Rapid game,https://lichess.org/vNkRJodp,2024.08.01,-,kngpn,GunungGading,0-1,2024.08.01,08:43:22,1946,1918,,,B20,Sicilian Defense: Bowdler Attack,600+0,Normal,"1. e4 { [%clk 0:10:00] } 1... c5 { [%clk 0:10:00] } 2. Bc4 { [%clk 0:09:57] }
2... e6 { [%clk 0:09:59] } 3. Nc3 { [%clk 0:09:55] } 3... d5 { [%clk 0:09:51] }
4. exd5 { [%clk 0:09:54] } 4... exd5 { [%clk 0:09:51] } 5. Nxd5
{ [%clk 0:09:45] } 5... Nf6 { [%clk 0:09:48] } 6. Nxf6+ { [%clk 0:09:42] } 6...
Qxf6 { [%clk 0:09:46] } 7. Ne2 { [%clk 0:09:38] } 7... Be7 { [%clk 0:09:44] }
8. O-O { [%clk 0:09:36] } 8... O-O { [%clk 0:09:43] } 9. Ng3 { [%clk 0:09:34] }
9... Nc6 { [%clk 0:09:41] } 10. c3 { [%clk 0:09:31] } 10... Be6
{ [%clk 0:09:37] } 11. Bxe6 { [%clk 0:09:21] } 11... fxe6 { [%clk 0:09:32] }
12. Ne4 { [%clk 0:09:06] } 12... Qg6 { [%clk 0:09:28] } 13. d3
{ [%clk 0:09:00] } 13... Rad8 { [%clk 0:09:25] } 14. Be3 { [%clk 0:08:56] }
14... b6 { [%clk 0:09:23] } 15. Qa4 { [%clk 0:08:36] } 15... e5
{ [%clk 0:09:06] } 16. Rad1 { [%clk 0:08:31] } 16... a5 { [%clk 0:08:44] } 17.
Qxc6 { [%clk 0:08:27] } 17... Qxc6 { [%clk 0:08:42] } 18. f4 { [%clk 0:08:09] }
18... exf4 { [%clk 0:08:37] } 19. Bxf4 { [%clk 0:08:03] } 19... Rxf4
{ [%clk 0:08:35] } 20. Rxf4 { [%clk 0:07:59] } 20... Qh6 { [%clk 0:08:32] } 21.
Rf3 { [%clk 0:07:48] } 21... Bd6 { [%clk 0:08:29] } 22. h3 { [%clk 0:07:45] }
22... Qg6 { [%clk 0:08:18] } 23. Rdf1 { [%clk 0:07:36] } 23... h6
{ [%clk 0:08:15] } 24. g4 { [%clk 0:07:13] } 24... Rf8 { [%clk 0:08:11] } 25.
Nxd6 { [%clk 0:07:03] } 25... Rxf3 { [%clk 0:08:06] } 26. Rxf3
{ [%clk 0:06:59] } 26... Qxd6 { [%clk 0:08:04] } 27. Kg2 { [%clk 0:06:45] }
27... Qd5 { [%clk 0:07:59] } 28. c4 { [%clk 0:06:34] } 28... Qd4
{ [%clk 0:07:55] } 29. b3 { [%clk 0:06:17] } 29... Qb2+ { [%clk 0:07:53] } 30.
Rf2 { [%clk 0:06:16] } 30... Qb1 { [%clk 0:07:51] } 31. Rd2 { [%clk 0:06:09] }
31... g5 { [%clk 0:07:47] } 32. Kf2 { [%clk 0:06:06] } 32... Kf7
{ [%clk 0:07:46] } 33. Ke3 { [%clk 0:05:56] } 33... Ke6 { [%clk 0:07:45] } 34.
Re2 { [%clk 0:05:38] } 34... Kd6 { [%clk 0:07:36] } 35. Ke4 { [%clk 0:05:20] }
35... Qh1+ { [%clk 0:07:28] } 36. Kf5 { [%clk 0:05:12] } 36... Qxh3
{ [%clk 0:07:25] } 37. Re6+ { [%clk 0:05:03] } 37... Kc7 { [%clk 0:07:22] } 38.
Re7+ { [%clk 0:04:53] } 38... Kc6 { [%clk 0:07:20] } 39. Re6+
{ [%clk 0:04:52] } 39... Kb7 { [%clk 0:07:18] } 40. Re7+ { [%clk 0:04:50] }
40... Ka6 { [%clk 0:07:17] } 41. Rd7 { [%clk 0:04:30] } 41... Qf3+
{ [%clk 0:07:11] } 42. Kg6 { [%clk 0:04:28] } 42... Qxg4 { [%clk 0:07:09] } 43.
Rd5 { [%clk 0:04:14] } 43... h5 { [%clk 0:06:42] } 44. Rxg5 { [%clk 0:04:11] }
44... Qe6+ { [%clk 0:06:35] } 45. Kxh5 { [%clk 0:04:08] } 45... Qe2+
{ [%clk 0:06:32] } 46. Kg6 { [%clk 0:04:04] } 46... Qxa2 { [%clk 0:06:30] } 47.
Kf5 { [%clk 0:03:57] } 47... Qxb3 { [%clk 0:06:28] } 48. Ke4 { [%clk 0:03:55] }
48... Qc3 { [%clk 0:06:26] } 49. Rd5 { [%clk 0:03:45] } 49... a4
{ [%clk 0:06:24] } 50. Rd8 { [%clk 0:03:43] } 50... a3 { [%clk 0:06:20] } 51.
Ke3 { [%clk 0:03:39] } 51... Qc1+ { [%clk 0:06:09] } 52. Ke2 { [%clk 0:03:34] }
52... Qc2+ { [%clk 0:06:06] } 53. Ke3 { [%clk 0:03:33] } 53... a2
{ [%clk 0:06:05] } 54. Ke4 { [%clk 0:03:29] } 54... Kb7 { [%clk 0:06:04] } 55.
Rd7+ { [%clk 0:03:23] } 55... Ka6 { [%clk 0:05:59] } 56. Rd8 { [%clk 0:03:21] }
56... Qg2+ { [%clk 0:05:55] } 57. Ke3 { [%clk 0:03:16] } 57... Qg5+
{ [%clk 0:05:52] } 0-1"
Rated Rapid game,https://lichess.org/UfoVPH80,2024.08.01,-,specboy,FreyaL,0-1,2024.08.01,08:43:22,1074,1131,,,B12,"Caro-Kann Defense: Advance Variation, Bayonet Attack",600+0,Normal,"1. e4 { [%clk 0:10:00] } 1... c6 { [%clk 0:10:00] } 2. d4 { [%clk 0:09:51] }
2... d5 { [%clk 0:09:59] } 3. e5 { [%clk 0:09:49] } 3... Bf5 { [%clk 0:09:58] }
4. g4 { [%clk 0:09:46] } 4... Bg6 { [%clk 0:09:54] } 5. h4 { [%clk 0:09:39] }
5... h6 { [%clk 0:09:50] } 6. h5 { [%clk 0:09:38] } 6... Bh7 { [%clk 0:09:50] }
7. Bd3 { [%clk 0:09:37] } 7... Nd7 { [%clk 0:09:41] } 8. Bxh7
{ [%clk 0:09:35] } 8... Rxh7 { [%clk 0:09:41] } 9. Qd3 { [%clk 0:09:32] } 9...
Rh8 { [%clk 0:09:38] } 10. Nf3 { [%clk 0:09:27] } 10... c5 { [%clk 0:09:34] }
11. c3 { [%clk 0:09:23] } 11... e6 { [%clk 0:09:30] } 12. b3 { [%clk 0:09:19] }
12... Qb6 { [%clk 0:08:40] } 13. Ba3 { [%clk 0:09:05] } 13... O-O-O
{ [%clk 0:08:38] } 14. b4 { [%clk 0:08:54] } 14... c4 { [%clk 0:08:19] } 15.
Qc2 { [%clk 0:08:46] } 15... Be7 { [%clk 0:08:12] } 16. Nbd2 { [%clk 0:08:40] }
16... f6 { [%clk 0:08:11] } 17. Qg6 { [%clk 0:08:26] } 17... Qa6
{ [%clk 0:07:55] } 18. Bb2 { [%clk 0:08:13] } 18... f5 { [%clk 0:07:24] } 19.
gxf5 { [%clk 0:08:07] } 19... Nf8 { [%clk 0:07:15] } 20. Qxg7
{ [%clk 0:08:02] } 20... Nf6 { [%clk 0:06:40] } 21. Qxh8 { [%clk 0:07:59] }
21... Ng4 { [%clk 0:06:31] } 22. Qxh6 { [%clk 0:07:53] } 0-1"
Rated Rapid game,https://lichess.org/eJ2LUslp,2024.08.01,-,tikaltheechidna,tataluk,1-0,2024.08.01,08:43:22,1249,1269,,,B06,Modern Defense,600+0,Normal,"1. e4 { [%clk 0:10:00] } 1... g6 { [%clk 0:10:00] } 2. d4 { [%clk 0:09:58] }
2... Bg7 { [%clk 0:09:58] } 3. Nf3 { [%clk 0:09:56] } 3... e6
{ [%clk 0:09:56] } 4. Bd3 { [%clk 0:09:53] } 4... Ne7 { [%clk 0:09:41] } 5. Bg5
{ [%clk 0:09:50] } 5... O-O { [%clk 0:09:38] } 6. d5 { [%clk 0:09:46] } 6...
exd5 { [%clk 0:09:32] } 7. exd5 { [%clk 0:09:44] } 7... Qe8 { [%clk 0:09:30] }
8. O-O { [%clk 0:09:39] } 8... Bxb2 { [%clk 0:09:23] } 9. Nc3
{ [%clk 0:09:29] } 9... Bxa1 { [%clk 0:09:20] } 10. Qxa1 { [%clk 0:09:29] }
10... a6 { [%clk 0:09:12] } 11. Bh6 { [%clk 0:09:27] } 11... c6
{ [%clk 0:08:58] } 12. Nb5 { [%clk 0:09:23] } 12... f6 { [%clk 0:08:20] } 13.
Bxf8 { [%clk 0:09:15] } 13... Qxf8 { [%clk 0:08:18] } 14. Nc7
{ [%clk 0:09:13] } 14... Nxd5 { [%clk 0:08:06] } 15. Nxa8 { [%clk 0:09:10] }
15... Qd8 { [%clk 0:07:59] } 16. Bc4 { [%clk 0:08:53] } 16... d6
{ [%clk 0:07:52] } 17. Bxd5+ { [%clk 0:08:37] } 17... cxd5 { [%clk 0:07:49] }
18. Rd1 { [%clk 0:08:35] } 18... Be6 { [%clk 0:07:37] } 19. h3
{ [%clk 0:08:21] } 19... Nc6 { [%clk 0:07:32] } 20. Ne1 { [%clk 0:07:59] }
20... d4 { [%clk 0:07:11] } 21. Qb2 { [%clk 0:07:52] } 21... Qxa8
{ [%clk 0:07:08] } 22. Qa3 { [%clk 0:07:37] } 22... Ne5 { [%clk 0:06:44] } 23.
Rxd4 { [%clk 0:07:27] } 23... Nc4 { [%clk 0:06:22] } 24. Qb3 { [%clk 0:07:10] }
24... b5 { [%clk 0:06:18] } 25. Rxd6 { [%clk 0:07:01] } 25... Qf8
{ [%clk 0:06:00] } 26. Rxe6 { [%clk 0:06:50] } 1-0"
Rated Rapid game,https://lichess.org/Lp2vT0ux,2024.08.01,-,yogiadityanath1972,Kiyotaka_Ayanokoji12,1-0,2024.08.01,08:43:22,1500,1478,,,B13,Caro-Kann Defense: Exchange Variation,600+0,Normal,"1. e4 { [%eval 0.15] [%clk 0:10:00] } 1... c6 { [%eval 0.26] [%clk 0:10:00] }
2. d4 { [%eval 0.28] [%clk 0:09:35] } 2... d5 { [%eval 0.3] [%clk 0:09:54] } 3.
exd5 { [%eval 0.1] [%clk 0:09:16] } 3... cxd5 { [%eval 0.18] [%clk 0:09:54] }
4. Nc3 { [%eval -0.07] [%clk 0:09:14] } 4... Nc6
{ [%eval -0.01] [%clk 0:09:51] } 5. Bb5 { [%eval -0.11] [%clk 0:09:11] } 5...
Bf5 { [%eval 0.02] [%clk 0:09:45] } 6. Qh5 $6 { [%eval -0.84] [%clk 0:08:50] }
6... g6 $6 { [%eval -0.22] [%clk 0:09:29] } 7. Qf3
{ [%eval -0.48] [%clk 0:08:41] } 7... Nf6 { [%eval -0.55] [%clk 0:09:23] } 8.
Bg5 { [%eval -0.52] [%clk 0:08:29] } 8... Bg7 { [%eval -0.26] [%clk 0:09:19] }
9. Bxf6 { [%eval -0.35] [%clk 0:08:27] } 9... Bxf6
{ [%eval -0.14] [%clk 0:09:18] } 10. Qxd5 $2 { [%eval -1.19] [%clk 0:08:25] }
10... Qxd5 $2 { [%eval 0.67] [%clk 0:09:14] } 11. Nxd5
{ [%eval 0.45] [%clk 0:08:24] } 11... Bxc2 $6 { [%eval 1.14] [%clk 0:09:12] }
12. Bxc6+ { [%eval 0.88] [%clk 0:08:18] } 12... bxc6
{ [%eval 0.72] [%clk 0:09:10] } 13. Nc7+ { [%eval 0.75] [%clk 0:08:16] } 13...
Kd7 { [%eval 0.84] [%clk 0:09:06] } 14. Nxa8 { [%eval 1.24] [%clk 0:08:16] }
14... Rxa8 { [%eval 1.13] [%clk 0:09:06] } 15. Nf3
{ [%eval 0.84] [%clk 0:08:10] } 15... Be4 { [%eval 0.95] [%clk 0:09:04] } 16.
Rd1 { [%eval 0.83] [%clk 0:08:04] } 16... e6 $6 { [%eval 1.81] [%clk 0:08:56] }
17. Ne5+ { [%eval 1.99] [%clk 0:07:52] } 17... Bxe5
{ [%eval 2.39] [%clk 0:08:51] } 18. dxe5+ { [%eval 2.34] [%clk 0:07:52] } 18...
Ke7 $6 { [%eval 3.08] [%clk 0:08:51] } 19. f3 { [%eval 2.93] [%clk 0:07:44] }
19... Bd5 { [%eval 2.98] [%clk 0:08:48] } 20. O-O $2
{ [%eval 1.69] [%clk 0:07:40] } 20... Bxa2 { [%eval 1.8] [%clk 0:08:46] } 21.
Rd3 $2 { [%eval -0.73] [%clk 0:07:34] } 21... Bc4
{ [%eval -0.55] [%clk 0:08:43] } 22. Rc3 { [%eval -1.06] [%clk 0:07:32] } 22...
Bxf1 { [%eval -0.99] [%clk 0:08:41] } 23. Kxf1 { [%eval -1.03] [%clk 0:07:24] }
23... Rc8 { [%eval -0.75] [%clk 0:08:39] } 24. b4
{ [%eval -1.16] [%clk 0:07:21] } 24... a6 { [%eval -1.03] [%clk 0:08:23] } 25.
g4 { [%eval -1.19] [%clk 0:07:15] } 25... f6 $2
{ [%eval -0.05] [%clk 0:08:21] } 26. f4 { [%eval -0.36] [%clk 0:07:09] } 26...
f5 { [%eval 0.02] [%clk 0:08:14] } 27. g5 $2 { [%eval -1.38] [%clk 0:07:08] }
27... Rc7 $2 { [%eval 0.0] [%clk 0:08:07] } 28. Rh3
{ [%eval -0.39] [%clk 0:07:05] } 28... Kf8 { [%eval 0.0] [%clk 0:08:04] } 29.
Ke2 { [%eval 0.0] [%clk 0:07:01] } 29... c5 { [%eval 0.0] [%clk 0:08:02] } 30.
bxc5 { [%eval 0.0] [%clk 0:06:58] } 30... Rxc5 { [%eval 0.0] [%clk 0:08:02] }
31. Rxh7 { [%eval 0.0] [%clk 0:06:56] } 31... a5
{ [%eval 0.23] [%clk 0:07:55] } 32. Ra7 { [%eval 0.0] [%clk 0:06:53] } 32...
Rc2+ { [%eval 0.0] [%clk 0:07:44] } 33. Kd3 { [%eval 0.0] [%clk 0:06:51] }
33... Rxh2 { [%eval 0.0] [%clk 0:07:43] } 34. Ra8+
{ [%eval 0.0] [%clk 0:06:48] } 34... Ke7 { [%eval 0.08] [%clk 0:07:39] } 35.
Rxa5 { [%eval 0.0] [%clk 0:06:48] } 35... Rh3+ { [%eval 0.0] [%clk 0:07:29] }
36. Kd4 { [%eval 0.0] [%clk 0:06:40] } 36... Rf3 { [%eval 0.0] [%clk 0:07:25] }
37. Ra7+ { [%eval 0.0] [%clk 0:05:49] } 37... Kd8 $2
{ [%eval 2.23] [%clk 0:07:19] } 38. Kc5 { [%eval 2.04] [%clk 0:05:39] } 38...
Rxf4 $2 { [%eval 4.27] [%clk 0:07:14] } 39. Kd6 { [%eval 4.12] [%clk 0:05:32] }
39... Rg4 $4 { [%eval #1] [%clk 0:07:11] } 1-0"
Rated Rapid game,https://lichess.org/8eKcJGSM,2024.08.01,-,Murque,vakashri,0-1,2024.08.01,08:43:22,1141,1147,,,D01,Rapport-Jobava System,600+0,Normal,"1. d4 { [%clk 0:10:00] } 1... Nf6 { [%clk 0:10:00] } 2. Bf4 { [%clk 0:09:54] }
2... d5 { [%clk 0:09:55] } 3. Nc3 { [%clk 0:09:53] } 3... e6 { [%clk 0:09:53] }
4. e3 { [%clk 0:09:45] } 4... h6 { [%clk 0:09:50] } 5. Nb5 { [%clk 0:09:41] }
5... Na6 { [%clk 0:09:45] } 6. Nf3 { [%clk 0:09:33] } 6... Bd7
{ [%clk 0:09:29] } 7. Ne5 { [%clk 0:09:27] } 7... Bxb5 { [%clk 0:09:18] } 8.
Bxb5+ { [%clk 0:09:25] } 8... Ke7 { [%clk 0:09:15] } 9. O-O { [%clk 0:09:03] }
9... Nb8 { [%clk 0:08:42] } 10. Qd3 { [%clk 0:08:22] } 10... a6
{ [%clk 0:08:38] } 11. Ba4 { [%clk 0:08:17] } 11... c6 { [%clk 0:08:31] } 12.
c4 { [%clk 0:07:55] } 12... Qb6 { [%clk 0:08:10] } 13. b3 { [%clk 0:07:41] }
13... Qa5 { [%clk 0:07:25] } 14. Rac1 { [%clk 0:07:10] } 14... g5
{ [%clk 0:07:19] } 15. Bg3 { [%clk 0:06:54] } 15... Ne4 { [%clk 0:07:16] } 16.
cxd5 { [%clk 0:06:48] } 16... Qxd5 { [%clk 0:07:10] } 17. f3 { [%clk 0:06:15] }
17... Nd6 { [%clk 0:06:51] } 18. e4 { [%clk 0:06:05] } 18... Qa5
{ [%clk 0:06:40] } 19. Nc4 { [%clk 0:05:43] } 19... Nxc4 { [%clk 0:06:23] } 20.
Qxc4 { [%clk 0:05:34] } 20... b5 { [%clk 0:06:16] } 21. Qc5+ { [%clk 0:05:28] }
21... Ke8 { [%clk 0:06:14] } 22. Be1 { [%clk 0:05:13] } 22... Bxc5
{ [%clk 0:05:54] } 23. Bxa5 { [%clk 0:05:11] } 23... Bxd4+ { [%clk 0:05:49] }
24. Kh1 { [%clk 0:05:04] } 24... bxa4 { [%clk 0:05:46] } 25. bxa4
{ [%clk 0:05:01] } 25... e5 { [%clk 0:05:37] } 26. Rfd1 { [%clk 0:04:52] }
26... Kf8 { [%clk 0:05:07] } 27. Bb4+ { [%clk 0:04:47] } 27... Kg7
{ [%clk 0:05:04] } 28. Bd6 { [%clk 0:04:35] } 28... c5 { [%clk 0:04:44] } 29.
g3 { [%clk 0:04:21] } 29... Nc6 { [%clk 0:04:40] } 30. h3 { [%clk 0:03:57] }
30... Rhd8 { [%clk 0:04:30] } 31. Be7 { [%clk 0:03:54] } 31... Nxe7
{ [%clk 0:04:27] } 0-1"
Rated Rapid game,https://lichess.org/hnHph8kM,2024.08.01,-,mesutt_01,Cl0wnspusher,0-1,2024.08.01,08:43:22,1893,1871,,,C68,"Ruy Lopez: Exchange Variation, Lutikov Variation",600+0,Normal,"1. e4 { [%eval 0.15] [%clk 0:10:00] } 1... e5 { [%eval 0.21] [%clk 0:10:00] }
2. Nf3 { [%eval 0.11] [%clk 0:09:59] } 2... Nc6 { [%eval 0.19] [%clk 0:09:59] }
3. Bb5 { [%eval 0.19] [%clk 0:09:57] } 3... a6 { [%eval 0.25] [%clk 0:09:58] }
4. Bxc6 { [%eval 0.0] [%clk 0:09:56] } 4... bxc6 $6
{ [%eval 0.59] [%clk 0:09:57] } 5. d4 { [%eval 0.53] [%clk 0:09:54] } 5... exd4
{ [%eval 0.5] [%clk 0:09:55] } 6. Qxd4 { [%eval 0.39] [%clk 0:09:53] } 6... Nf6
$6 { [%eval 1.08] [%clk 0:09:53] } 7. Bg5 $6 { [%eval 0.13] [%clk 0:09:48] }
7... Be7 $6 { [%eval 0.82] [%clk 0:09:49] } 8. Nc3
{ [%eval 1.29] [%clk 0:09:46] } 8... O-O { [%eval 1.27] [%clk 0:09:44] } 9.
O-O-O { [%eval 1.21] [%clk 0:09:40] } 9... d6 { [%eval 1.77] [%clk 0:09:39] }
10. h4 $2 { [%eval 0.35] [%clk 0:09:37] } 10... h6
{ [%eval 0.52] [%clk 0:09:37] } 11. Ne2 $2 { [%eval -2.12] [%clk 0:09:12] }
11... hxg5 $6 { [%eval -1.32] [%clk 0:09:18] } 12. hxg5
{ [%eval -1.31] [%clk 0:09:12] } 12... Ng4 { [%eval -1.47] [%clk 0:09:17] } 13.
Nf4 $2 { [%eval -3.16] [%clk 0:08:51] } 13... Bxg5
{ [%eval -3.01] [%clk 0:09:14] } 14. Nxg5 { [%eval -3.04] [%clk 0:08:49] }
14... Qxg5 { [%eval -2.87] [%clk 0:09:13] } 15. g3
{ [%eval -3.06] [%clk 0:08:37] } 15... Be6 $2 { [%eval -1.08] [%clk 0:08:57] }
16. Rh5 { [%eval -1.11] [%clk 0:08:34] } 16... Qe7
{ [%eval -1.12] [%clk 0:08:30] } 17. Rdh1 { [%eval -1.11] [%clk 0:08:32] }
17... f6 { [%eval -1.16] [%clk 0:08:27] } 18. Ng6
{ [%eval -0.73] [%clk 0:08:13] } 18... Qd7 { [%eval -0.13] [%clk 0:08:22] } 19.
Rh8+ $6 { [%eval -1.11] [%clk 0:07:52] } 19... Kf7
{ [%eval -1.1] [%clk 0:08:20] } 20. Rxf8+ { [%eval -1.03] [%clk 0:07:50] }
20... Rxf8 { [%eval -1.01] [%clk 0:08:18] } 21. Nxf8
{ [%eval -1.14] [%clk 0:07:49] } 21... Kxf8 { [%eval -1.21] [%clk 0:08:18] }
22. Qa7 $6 { [%eval -2.08] [%clk 0:07:37] } 22... d5 $2
{ [%eval -0.12] [%clk 0:07:59] } 23. Rh8+ { [%eval -0.21] [%clk 0:07:30] }
23... Kf7 { [%eval -0.09] [%clk 0:07:58] } 24. Qb8 $6
{ [%eval -0.83] [%clk 0:07:24] } 24... Kg6 { [%eval -0.87] [%clk 0:07:44] } 25.
f3 { [%eval -0.9] [%clk 0:07:04] } 25... Nf2 { [%eval -1.02] [%clk 0:07:29] }
26. Qe8+ $2 { [%eval -3.34] [%clk 0:06:48] } 26... Qxe8
{ [%eval -3.13] [%clk 0:07:27] } 27. Rxe8 { [%eval -2.65] [%clk 0:06:48] }
27... Kf7 { [%eval -2.65] [%clk 0:07:23] } 28. Ra8
{ [%eval -2.87] [%clk 0:06:43] } 28... dxe4 { [%eval -2.93] [%clk 0:07:21] }
29. f4 { [%eval -3.13] [%clk 0:06:42] } 29... e3
{ [%eval -3.06] [%clk 0:07:14] } 30. Ra7 $2 { [%eval -4.52] [%clk 0:06:40] }
30... e2 $2 { [%eval -2.91] [%clk 0:07:11] } 31. Kd2
{ [%eval -3.64] [%clk 0:06:39] } 31... Bg4 { [%eval -3.41] [%clk 0:07:05] } 32.
Rxc7+ { [%eval -3.7] [%clk 0:06:32] } 32... Kg6
{ [%eval -3.54] [%clk 0:07:04] } 33. Rxc6 { [%eval -3.59] [%clk 0:06:30] }
33... Ne4+ { [%eval -3.65] [%clk 0:07:02] } 34. Ke1
{ [%eval -2.93] [%clk 0:06:27] } 34... Nxg3 { [%eval -3.61] [%clk 0:06:59] }
35. Rxa6 { [%eval -3.29] [%clk 0:06:20] } 35... Nf5
{ [%eval -2.74] [%clk 0:06:58] } 36. c3 $4 { [%eval -6.21] [%clk 0:06:02] }
36... Nh4 { [%eval -6.12] [%clk 0:06:57] } 37. f5+ $2
{ [%eval -9.08] [%clk 0:05:00] } 37... Kxf5 { [%eval -8.53] [%clk 0:06:44] }
38. Ra5+ { [%eval -8.96] [%clk 0:04:58] } 38... Kg6
{ [%eval -8.79] [%clk 0:06:42] } 39. Ra4 { [%eval -10.79] [%clk 0:04:56] }
39... Ng2+ { [%eval -10.27] [%clk 0:06:40] } 40. Kf2 $6
{ [%eval #-6] [%clk 0:04:52] } 40... e1=Q+ { [%eval #-5] [%clk 0:06:39] } 41.
Kxg2 { [%eval #-5] [%clk 0:04:52] } 41... f5 { [%eval #-8] [%clk 0:06:32] } 42.
Rd4 { [%eval #-5] [%clk 0:04:34] } 42... Qe2+ { [%eval #-4] [%clk 0:06:28] }
43. Kg3 { [%eval #-3] [%clk 0:04:32] } 43... Qxb2 $2
{ [%eval -8.66] [%clk 0:06:26] } 44. Rd6+ $2 { [%eval #-6] [%clk 0:04:21] }
44... Kg5 { [%eval #-5] [%clk 0:06:22] } 45. Rd7 { [%eval #-1] [%clk 0:04:20] }
45... Qxc3+ { [%eval #-5] [%clk 0:06:18] } 0-1"
Rated Rapid game,https://lichess.org/5r25w2md,2024.08.01,-,n0acar,alfaruq75,0-1,2024.08.01,08:43:22,1509,1525,,,C42,Russian Game: Stafford Gambit,600+0,Time forfeit,"1. e4 { [%clk 0:10:00] } 1... e5 { [%clk 0:10:00] } 2. Nf3 { [%clk 0:09:58] }
2... Nf6 { [%clk 0:09:58] } 3. Nxe5 { [%clk 0:09:56] } 3... Nc6
{ [%clk 0:09:49] } 4. Nxc6 { [%clk 0:09:49] } 4... dxc6 { [%clk 0:09:47] } 5.
Nc3 { [%clk 0:09:42] } 5... Bc5 { [%clk 0:09:43] } 6. Be2 { [%clk 0:09:28] }
6... O-O { [%clk 0:09:20] } 7. O-O { [%clk 0:09:04] } 7... Re8
{ [%clk 0:08:59] } 8. d3 { [%clk 0:09:00] } 8... h6 { [%clk 0:08:53] } 9. a3
{ [%clk 0:08:44] } 9... Bd4 { [%clk 0:08:40] } 10. Na4 { [%clk 0:08:21] } 10...
b5 { [%clk 0:08:31] } 11. Nc3 { [%clk 0:08:08] } 11... a5 { [%clk 0:08:13] }
12. Kh1 { [%clk 0:07:52] } 12... Bxc3 { [%clk 0:08:01] } 13. bxc3
{ [%clk 0:07:50] } 13... c5 { [%clk 0:07:55] } 14. Bb2 { [%clk 0:07:48] } 14...
Bb7 { [%clk 0:07:33] } 15. f3 { [%clk 0:07:33] } 15... Qd6 { [%clk 0:07:04] }
16. d4 { [%clk 0:07:24] } 16... Qf4 { [%clk 0:06:33] } 17. Bxb5
{ [%clk 0:07:01] } 17... Red8 { [%clk 0:06:20] } 18. d5 { [%clk 0:06:28] }
18... Bc8 { [%clk 0:06:00] } 19. Bd3 { [%clk 0:04:57] } 19... h5
{ [%clk 0:05:52] } 20. c4 { [%clk 0:02:22] } 20... Nh7 { [%clk 0:05:39] } 21.
e5 { [%clk 0:02:17] } 21... h4 { [%clk 0:05:24] } 22. Re1 { [%clk 0:01:49] }
22... h3 { [%clk 0:03:54] } 23. g3 { [%clk 0:01:27] } 23... Qh6
{ [%clk 0:03:37] } 24. e6 { [%clk 0:01:03] } 24... fxe6 { [%clk 0:03:07] } 25.
dxe6 { [%clk 0:00:40] } 25... Bxe6 { [%clk 0:03:05] } 26. Bc1
{ [%clk 0:00:32] } 26... Qf6 { [%clk 0:02:48] } 27. Rb1 { [%clk 0:00:12] }
27... Bxc4 { [%clk 0:02:45] } 28. Bb2 { [%clk 0:00:10] } 28... Qh6
{ [%clk 0:02:06] } 29. Re4 { [%clk 0:00:06] } 29... Bxd3 { [%clk 0:02:01] } 30.
cxd3 { [%clk 0:00:05] } 30... Nf6 { [%clk 0:01:44] } 31. Qb3+
{ [%clk 0:00:04] } 31... Kh8 { [%clk 0:01:29] } 32. Rh4 { [%clk 0:00:02] }
32... Rab8 { [%clk 0:01:01] } 33. Qc3 { [%clk 0:00:01] } 33... Qxh4
{ [%clk 0:00:53] } 0-1"
Rated Rapid game,https://lichess.org/CnNBCJHY,2024.08.01,-,CHESSLOUK,Damnwriter,1-0,2024.08.01,08:43:22,1548,1562,,,B01,Scandinavian Defense: Main Line,600+0,Normal,"1. e4 { [%clk 0:10:00] } 1... d5 { [%clk 0:10:00] } 2. exd5 { [%clk 0:09:58] }
2... Qxd5 { [%clk 0:09:59] } 3. Nc3 { [%clk 0:09:57] } 3... Qa5
{ [%clk 0:09:58] } 4. Nge2 { [%clk 0:07:57] } 4... c6 { [%clk 0:09:52] } 5. g3
{ [%clk 0:07:31] } 5... Bf5 { [%clk 0:09:49] } 6. Bg2 { [%clk 0:07:28] } 6...
e6 { [%clk 0:09:48] } 7. O-O { [%clk 0:07:26] } 7... h5 { [%clk 0:09:44] } 8.
Nd4 { [%clk 0:07:25] } 8... Bg6 { [%clk 0:09:43] } 9. d3 { [%clk 0:07:18] }
9... Nf6 { [%clk 0:09:38] } 10. Nf3 { [%clk 0:07:12] } 10... Bd6
{ [%clk 0:09:26] } 11. Bg5 { [%clk 0:07:07] } 11... Nbd7 { [%clk 0:09:23] } 12.
Bh4 { [%clk 0:06:09] } 12... Be7 { [%clk 0:09:14] } 13. Bxf6 { [%clk 0:06:04] }
13... Bxf6 { [%clk 0:09:13] } 14. Ne4 { [%clk 0:06:02] } 14... Bxe4
{ [%clk 0:09:09] } 15. dxe4 { [%clk 0:06:00] } 15... O-O-O { [%clk 0:09:08] }
16. Qc1 { [%clk 0:05:51] } 16... Ne5 { [%clk 0:09:03] } 17. Nxe5
{ [%clk 0:05:48] } 17... Qxe5 { [%clk 0:09:01] } 18. c3 { [%clk 0:05:35] }
18... Bg5 { [%clk 0:08:59] } 19. f4 { [%clk 0:05:28] } 19... Bxf4
{ [%clk 0:08:52] } 20. gxf4 { [%clk 0:05:26] } 20... Qc7 { [%clk 0:08:46] } 21.
e5 { [%clk 0:05:15] } 21... h4 { [%clk 0:08:44] } 22. Kh1 { [%clk 0:05:08] }
22... h3 { [%clk 0:08:42] } 23. Be4 { [%clk 0:04:55] } 23... Rh4
{ [%clk 0:08:38] } 24. Qe3 { [%clk 0:04:47] } 24... f5 { [%clk 0:08:27] } 25.
Bc2 { [%clk 0:04:39] } 25... Rg8 { [%clk 0:08:23] } 26. Bb3 { [%clk 0:04:36] }
26... Qe7 { [%clk 0:08:19] } 27. Qxa7 { [%clk 0:04:32] } 27... Kc7
{ [%clk 0:08:17] } 28. Rad1 { [%clk 0:04:22] } 28... Qg5 { [%clk 0:08:01] } 29.
Qa5+ { [%clk 0:03:55] } 29... b6 { [%clk 0:07:58] } 30. Qa7+ { [%clk 0:03:53] }
30... Kc8 { [%clk 0:07:57] } 31. Qd7+ { [%clk 0:03:49] } 31... Kb8
{ [%clk 0:07:55] } 32. Rf2 { [%clk 0:03:12] } 32... Rxf4 { [%clk 0:07:50] } 33.
Qxc6 { [%clk 0:03:05] } 33... Rxf2 { [%clk 0:07:43] } 34. Qxb6+
{ [%clk 0:03:00] } 34... Kc8 { [%clk 0:07:36] } 35. Bxe6# { [%clk 0:02:54] }
1-0"
Rated Rapid game,https://lichess.org/gon6JLFK,2024.08.01,-,monhtulga,Pink_Bubblegum,1/2-1/2,2024.08.01,08:43:22,1125,978,,,A20,English Opening: King's English Variation,600+0,Normal,"1. c4 { [%clk 0:10:00] } 1... e5 { [%clk 0:10:00] } 2. f3 { [%clk 0:09:58] }
2... g6 { [%clk 0:09:57] } 3. a3 { [%clk 0:09:56] } 3... Bg7 { [%clk 0:09:56] }
4. d3 { [%clk 0:09:54] } 4... d5 { [%clk 0:09:55] } 5. Bd2 { [%clk 0:09:49] }
5... dxc4 { [%clk 0:09:52] } 6. Ra2 { [%clk 0:09:48] } 6... cxd3
{ [%clk 0:09:50] } 7. f4 { [%clk 0:09:44] } 7... dxe2 { [%clk 0:09:44] } 8. g4
{ [%clk 0:09:41] } 8... exf4 { [%clk 0:09:40] } 9. h3 { [%clk 0:09:37] } 9...
Ne7 { [%clk 0:09:36] } 10. a4 { [%clk 0:09:31] } 10... exd1=Q+
{ [%clk 0:09:33] } 11. Kxd1 { [%clk 0:08:21] } 11... Be6 { [%clk 0:09:13] } 12.
g5 { [%clk 0:08:15] } 12... Bxa2 { [%clk 0:09:11] } 13. b3 { [%clk 0:08:03] }
13... Bxb1 { [%clk 0:09:08] } 14. Kc1 { [%clk 0:08:00] } 14... Bd3
{ [%clk 0:09:03] } 15. Bxf4 { [%clk 0:07:54] } 15... Bxf1 { [%clk 0:08:50] }
16. Nf3 { [%clk 0:07:50] } 16... Qd3 { [%clk 0:08:37] } 17. Nd4
{ [%clk 0:07:45] } 17... Qxd4 { [%clk 0:08:29] } 18. b4 { [%clk 0:07:43] }
18... Qxf4+ { [%clk 0:08:26] } 19. Kc2 { [%clk 0:07:35] } 19... Qxb4
{ [%clk 0:08:24] } 20. Kd1 { [%clk 0:07:31] } 20... Qxa4+ { [%clk 0:08:22] }
21. Kd2 { [%clk 0:07:30] } 21... Bxh3 { [%clk 0:08:14] } 22. Rh2
{ [%clk 0:07:25] } 22... Qf4+ { [%clk 0:08:08] } 23. Ke2 { [%clk 0:06:46] }
23... Qxh2+ { [%clk 0:08:08] } 24. Kf3 { [%clk 0:06:43] } 24... Nd5
{ [%clk 0:07:55] } 25. Ke4 { [%clk 0:06:35] } 25... Be6 { [%clk 0:07:39] } 26.
Kf3 { [%clk 0:06:30] } 26... Qh5+ { [%clk 0:07:25] } 27. Kf2 { [%clk 0:06:23] }
27... Qxg5 { [%clk 0:07:25] } 28. Kf3 { [%clk 0:06:18] } 28... c5
{ [%clk 0:07:24] } 29. Ke4 { [%clk 0:06:07] } 29... b5 { [%clk 0:07:22] } 30.
Kd3 { [%clk 0:06:05] } 30... b4 { [%clk 0:07:21] } 31. Kc4 { [%clk 0:06:04] }
31... Na6 { [%clk 0:07:17] } 32. Kb5 { [%clk 0:05:59] } 32... Bc8
{ [%clk 0:07:13] } 33. Kc6 { [%clk 0:05:52] } 33... h5 { [%clk 0:06:56] } 34.
Kd6 { [%clk 0:05:49] } 34... h4 { [%clk 0:06:54] } 35. Kc6 { [%clk 0:05:38] }
35... Bd7+ { [%clk 0:06:49] } 36. Kd6 { [%clk 0:05:31] } 36... O-O-O
{ [%clk 0:06:39] } 1/2-1/2"
Rated Rapid game,https://lichess.org/GtEMogeR,2024.08.01,-,Mentor-Sanch,NATO2010,0-1,2024.08.01,08:43:22,1809,1679,,,A02,Bird Opening,600+0,Normal,"1. f4 { [%clk 0:10:00] } 1... e6 { [%clk 0:10:00] } 2. Nf3 { [%clk 0:09:57] }
2... d5 { [%clk 0:09:58] } 3. d3 { [%clk 0:09:55] } 3... Nf6 { [%clk 0:09:55] }
4. Nbd2 { [%clk 0:09:53] } 4... Bd6 { [%clk 0:09:53] } 5. e4 { [%clk 0:09:36] }
5... dxe4 { [%clk 0:09:51] } 6. dxe4 { [%clk 0:09:32] } 6... Bxf4
{ [%clk 0:09:48] } 7. e5 { [%clk 0:09:30] } 7... Nd5 { [%clk 0:09:39] } 8. Nb3
{ [%clk 0:09:07] } 8... Bxc1 { [%clk 0:09:31] } 9. Qxc1 { [%clk 0:08:57] } 9...
O-O { [%clk 0:09:28] } 10. Bd3 { [%clk 0:08:54] } 10... Nf4 { [%clk 0:09:17] }
11. Be4 { [%clk 0:08:43] } 11... Ng6 { [%clk 0:09:07] } 12. O-O
{ [%clk 0:08:39] } 12... f5 { [%clk 0:09:02] } 13. exf6 { [%clk 0:08:33] }
13... Rxf6 { [%clk 0:08:55] } 14. Bxg6 { [%clk 0:08:01] } 14... hxg6
{ [%clk 0:08:51] } 15. Ne5 { [%clk 0:07:42] } 15... Qd6 { [%clk 0:08:38] } 16.
Qg5 { [%clk 0:07:28] } 16... Nd7 { [%clk 0:08:08] } 17. Rad1 { [%clk 0:07:12] }
17... Qb6+ { [%clk 0:08:05] } 18. Kh1 { [%clk 0:07:02] } 18... Nxe5
{ [%clk 0:07:53] } 19. Qxe5 { [%clk 0:06:59] } 19... Rxf1+ { [%clk 0:07:48] }
20. Rxf1 { [%clk 0:06:57] } 20... Qd6 { [%clk 0:07:31] } 21. Qg5
{ [%clk 0:06:50] } 21... Bd7 { [%clk 0:07:27] } 22. Qxg6 { [%clk 0:06:41] }
22... Rf8 { [%clk 0:07:09] } 23. Rg1 { [%clk 0:06:27] } 23... Ba4
{ [%clk 0:06:53] } 24. h4 { [%clk 0:06:20] } 24... Bxb3 { [%clk 0:06:50] } 25.
cxb3 { [%clk 0:06:14] } 25... Rf6 { [%clk 0:06:41] } 26. Qe8+
{ [%clk 0:06:09] } 26... Kh7 { [%clk 0:06:39] } 27. Qh5+ { [%clk 0:06:06] }
27... Kg8 { [%clk 0:06:35] } 28. Rd1 { [%clk 0:05:48] } 28... Qf4
{ [%clk 0:06:08] } 29. Rd8+ { [%clk 0:05:01] } 29... Rf8 { [%clk 0:05:52] } 30.
Rxf8+ { [%clk 0:05:00] } 30... Kxf8 { [%clk 0:05:44] } 31. Qh8+
{ [%clk 0:04:57] } 31... Kf7 { [%clk 0:05:41] } 32. Qh5+ { [%clk 0:04:52] }
32... Kg8 { [%clk 0:05:38] } 33. Qe8+ { [%clk 0:04:50] } 33... Kh7
{ [%clk 0:05:34] } 34. Qh5+ { [%clk 0:04:44] } 34... Qh6 { [%clk 0:05:27] } 35.
Qxh6+ { [%clk 0:04:39] } 35... gxh6 { [%clk 0:05:22] } 36. Kh2
{ [%clk 0:04:38] } 36... Kg6 { [%clk 0:05:21] } 37. g3 { [%clk 0:04:36] } 37...
Kf5 { [%clk 0:05:20] } 38. Kh3 { [%clk 0:04:34] } 38... h5 { [%clk 0:05:19] }
39. Kg2 { [%clk 0:04:32] } 39... e5 { [%clk 0:05:18] } 40. Kf3
{ [%clk 0:04:31] } 40... e4+ { [%clk 0:05:16] } 41. Ke3 { [%clk 0:04:30] }
41... Kg4 { [%clk 0:05:15] } 42. Kf2 { [%clk 0:04:29] } 42... e3+
{ [%clk 0:05:13] } 43. Kxe3 { [%clk 0:04:25] } 43... Kxg3 { [%clk 0:05:11] }
44. Ke4 { [%clk 0:04:24] } 44... Kxh4 { [%clk 0:05:10] } 45. Kf3
{ [%clk 0:04:23] } 45... Kh3 { [%clk 0:05:08] } 46. Kf2 { [%clk 0:04:21] }
46... h4 { [%clk 0:05:07] } 47. Kg1 { [%clk 0:04:20] } 47... Kg3
{ [%clk 0:05:05] } 48. Kh1 { [%clk 0:04:19] } 48... h3 { [%clk 0:05:04] } 49.
Kg1 { [%clk 0:04:18] } 49... b5 { [%clk 0:04:59] } 50. Kh1 { [%clk 0:04:16] }
50... a5 { [%clk 0:04:57] } 51. a3 { [%clk 0:04:15] } 51... c5
{ [%clk 0:04:56] } 52. Kg1 { [%clk 0:04:13] } 52... Kf3 { [%clk 0:04:53] } 53.
Kh2 { [%clk 0:04:11] } 53... Ke3 { [%clk 0:04:53] } 54. Kxh3 { [%clk 0:04:10] }
54... Kd3 { [%clk 0:04:52] } 55. Kg4 { [%clk 0:04:09] } 55... Kc2
{ [%clk 0:04:51] } 56. Kf4 { [%clk 0:04:08] } 56... Kxb2 { [%clk 0:04:51] } 57.
Ke4 { [%clk 0:04:06] } 57... Kxb3 { [%clk 0:04:48] } 58. Kd5 { [%clk 0:04:05] }
58... c4 { [%clk 0:04:47] } 59. Kd4 { [%clk 0:04:04] } 59... c3
{ [%clk 0:04:44] } 60. Kd3 { [%clk 0:04:03] } 60... c2 { [%clk 0:04:42] } 61.
Kd2 { [%clk 0:04:02] } 61... Kb2 { [%clk 0:04:42] } 0-1"
Rated Rapid game,https://lichess.org/kTxBQg3o,2024.08.01,-,Bake48,sneg_13-13,0-1,2024.08.01,08:43:22,1694,1646,,,B01,Scandinavian Defense,600+0,Normal,"1. e4 { [%clk 0:10:00] } 1... d5 { [%clk 0:10:00] } 2. e5 { [%clk 0:09:57] }
2... Bf5 { [%clk 0:09:56] } 3. Nf3 { [%clk 0:09:56] } 3... e6
{ [%clk 0:09:55] } 4. Bb5+ { [%clk 0:09:41] } 4... c6 { [%clk 0:09:48] } 5. Ba4
{ [%clk 0:09:39] } 5... b5 { [%clk 0:09:42] } 6. Bb3 { [%clk 0:09:37] } 6...
Qa5 { [%clk 0:09:38] } 7. O-O { [%clk 0:09:28] } 7... f6 { [%clk 0:09:33] } 8.
d4 { [%clk 0:09:21] } 8... Nd7 { [%clk 0:09:26] } 9. Bd2 { [%clk 0:09:17] }
9... Qc7 { [%clk 0:09:18] } 10. Be3 { [%clk 0:09:12] } 10... fxe5
{ [%clk 0:09:15] } 11. dxe5 { [%clk 0:09:03] } 11... Nxe5 { [%clk 0:09:13] }
12. Bf4 { [%clk 0:08:56] } 12... Bd6 { [%clk 0:09:08] } 13. Bxe5
{ [%clk 0:08:49] } 13... Bxe5 { [%clk 0:09:05] } 14. Nxe5 { [%clk 0:08:44] }
14... Qxe5 { [%clk 0:09:04] } 15. Nc3 { [%clk 0:08:40] } 15... Nf6
{ [%clk 0:08:59] } 16. Re1 { [%clk 0:08:38] } 16... Qd6 { [%clk 0:08:49] } 17.
a3 { [%clk 0:08:31] } 17... O-O { [%clk 0:08:44] } 18. h3 { [%clk 0:08:22] }
18... Rae8 { [%clk 0:08:33] } 19. g4 { [%clk 0:08:17] } 19... Bg6
{ [%clk 0:08:22] } 20. f3 { [%clk 0:07:49] } 20... Qg3+ { [%clk 0:08:18] } 21.
Kf1 { [%clk 0:07:38] } 21... Qxh3+ { [%clk 0:08:15] } 22. Kf2
{ [%clk 0:07:37] } 22... Nxg4+ { [%clk 0:08:07] } 23. Ke2 { [%clk 0:07:02] }
23... Qxf3+ { [%clk 0:08:04] } 24. Kd2 { [%clk 0:06:57] } 24... Qf2+
{ [%clk 0:07:58] } 25. Re2 { [%clk 0:06:53] } 25... Qf4+ { [%clk 0:07:44] } 26.
Ke1 { [%clk 0:06:44] } 26... Qf1+ { [%clk 0:07:35] } 27. Kd2 { [%clk 0:06:41] }
27... Qf4+ { [%clk 0:07:32] } 28. Ke1 { [%clk 0:06:39] } 28... Rf5
{ [%clk 0:07:13] } 29. Nb1 { [%clk 0:06:02] } 29... Ref8 { [%clk 0:07:08] } 30.
Rxe6 { [%clk 0:05:36] } 30... Qf2# { [%clk 0:07:03] } 0-1"
Rated Rapid game,https://lichess.org/kz2PVVnH,2024.08.01,-,pathfinder01,ecsta66,0-1,2024.08.01,08:43:31,1653,1619,,,C41,Philidor Defense,600+0,Normal,"1. e4 { [%clk 0:10:00] } 1... e5 { [%clk 0:10:00] } 2. Nf3 { [%clk 0:09:59] }
2... d6 { [%clk 0:09:58] } 3. Bc4 { [%clk 0:09:58] } 3... Nf6
{ [%clk 0:09:56] } 4. Nc3 { [%clk 0:09:57] } 4... c6 { [%clk 0:09:55] } 5. Ng5
{ [%clk 0:09:51] } 5... d5 { [%clk 0:09:52] } 6. exd5 { [%clk 0:09:48] } 6...
Bd6 { [%clk 0:09:41] } 7. d3 { [%clk 0:09:29] } 7... O-O { [%clk 0:09:38] } 8.
Nce4 { [%clk 0:09:18] } 8... Nxe4 { [%clk 0:09:32] } 9. dxe4 { [%clk 0:09:16] }
9... Nd7 { [%clk 0:09:23] } 10. Qh5 { [%clk 0:09:04] } 10... Nf6
{ [%clk 0:09:15] } 11. Qh4 { [%clk 0:08:59] } 11... Bg4 { [%clk 0:09:07] } 12.
f3 { [%clk 0:08:54] } 12... Bh5 { [%clk 0:08:56] } 13. Be3 { [%clk 0:08:36] }
13... h6 { [%clk 0:08:53] } 14. Nh3 { [%clk 0:08:24] } 14... cxd5
{ [%clk 0:08:47] } 15. exd5 { [%clk 0:08:21] } 15... Bg6 { [%clk 0:08:40] } 16.
O-O-O { [%clk 0:08:10] } 16... b5 { [%clk 0:08:38] } 17. Bd3 { [%clk 0:08:03] }
17... Bxd3 { [%clk 0:08:32] } 18. Rxd3 { [%clk 0:08:01] } 18... a5
{ [%clk 0:08:23] } 19. g4 { [%clk 0:07:54] } 19... Nh7 { [%clk 0:08:17] } 20.
g5 { [%clk 0:07:35] } 20... Be7 { [%clk 0:08:10] } 21. Qg4 { [%clk 0:07:11] }
21... Kh8 { [%clk 0:08:02] } 22. gxh6 { [%clk 0:06:51] } 22... g6
{ [%clk 0:07:59] } 23. Rg1 { [%clk 0:06:35] } 23... b4 { [%clk 0:07:54] } 24.
d6 { [%clk 0:06:31] } 24... Bf6 { [%clk 0:07:48] } 25. f4 { [%clk 0:06:20] }
25... exf4 { [%clk 0:07:43] } 26. Qxf4 { [%clk 0:05:59] } 26... a4
{ [%clk 0:06:15] } 27. Bd4 { [%clk 0:05:43] } 27... b3 { [%clk 0:06:02] } 28.
cxb3 { [%clk 0:05:23] } 28... Rc8+ { [%clk 0:05:54] } 29. Kb1
{ [%clk 0:05:15] } 29... axb3 { [%clk 0:05:45] } 30. Bxf6+ { [%clk 0:05:01] }
30... Nxf6 { [%clk 0:05:42] } 31. a3 { [%clk 0:04:47] } 31... Kh7
{ [%clk 0:05:39] } 32. Rxb3 { [%clk 0:04:36] } 32... Rc5 { [%clk 0:05:32] } 33.
Ng5+ { [%clk 0:04:28] } 33... Kh8 { [%clk 0:05:21] } 34. Rf1 { [%clk 0:04:01] }
34... Rf5 { [%clk 0:05:16] } 35. Qc1 { [%clk 0:03:38] } 35... Qxd6
{ [%clk 0:05:02] } 36. Rxf5 { [%clk 0:03:27] } 36... gxf5 { [%clk 0:05:00] }
37. Qc2 { [%clk 0:02:51] } 37... Qe5 { [%clk 0:04:47] } 38. Rc3
{ [%clk 0:02:35] } 38... Qe1+ { [%clk 0:04:30] } 39. Ka2 { [%clk 0:02:27] }
39... Qe5 { [%clk 0:04:24] } 40. Rc8 { [%clk 0:02:10] } 40... Qe6+
{ [%clk 0:04:04] } 41. Rc4 { [%clk 0:01:45] } 41... Qd5 { [%clk 0:03:52] } 42.
Qd3 { [%clk 0:01:24] } 42... Qxd3 { [%clk 0:03:46] } 43. Rc3 { [%clk 0:01:15] }
43... Qd5+ { [%clk 0:03:40] } 0-1"
Rated Rapid game,https://lichess.org/kqJrLcNE,2024.08.01,-,lljoik,Buddhika87,1-0,2024.08.01,08:43:31,1404,1526,,,C23,Bishop's Opening: Boi Variation,600+0,Normal,"1. e4 { [%clk 0:10:00] } 1... e5 { [%clk 0:10:00] } 2. Bc4 { [%clk 0:09:59] }
2... Bc5 { [%clk 0:09:58] } 3. Qf3 { [%clk 0:09:57] } 3... Qf6
{ [%clk 0:09:57] } 4. Qxf6 { [%clk 0:09:54] } 4... Nxf6 { [%clk 0:09:55] } 5.
d3 { [%clk 0:09:52] } 5... Bxf2+ { [%clk 0:09:53] } 6. Kxf2 { [%clk 0:09:48] }
6... Ng4+ { [%clk 0:09:52] } 7. Kf3 { [%clk 0:09:34] } 7... h5
{ [%clk 0:09:47] } 8. h3 { [%clk 0:09:31] } 8... Nf6 { [%clk 0:09:44] } 9. Bg5
{ [%clk 0:09:24] } 9... Nc6 { [%clk 0:09:41] } 10. Bxf6 { [%clk 0:09:19] }
10... gxf6 { [%clk 0:09:38] } 11. Ne2 { [%clk 0:08:11] } 11... h4
{ [%clk 0:09:22] } 12. a3 { [%clk 0:08:05] } 12... d6 { [%clk 0:09:12] } 13. b4
{ [%clk 0:07:56] } 13... Be6 { [%clk 0:09:06] } 14. Bxe6 { [%clk 0:07:38] }
14... fxe6 { [%clk 0:09:03] } 15. b5 { [%clk 0:07:36] } 15... Nd4+
{ [%clk 0:08:56] } 16. Nxd4 { [%clk 0:07:29] } 16... exd4 { [%clk 0:08:54] }
17. a4 { [%clk 0:07:01] } 17... f5 { [%clk 0:08:52] } 18. exf5
{ [%clk 0:06:57] } 18... exf5 { [%clk 0:08:51] } 19. Re1+ { [%clk 0:06:54] }
19... Kd7 { [%clk 0:08:48] } 20. Nd2 { [%clk 0:06:46] } 20... Rhg8
{ [%clk 0:08:47] } 21. Nc4 { [%clk 0:06:19] } 21... Rg3+ { [%clk 0:08:37] } 22.
Kf2 { [%clk 0:06:14] } 22... c6 { [%clk 0:08:29] } 23. bxc6+ { [%clk 0:06:09] }
23... bxc6 { [%clk 0:08:26] } 24. Nd2 { [%clk 0:05:44] } 24... d5
{ [%clk 0:08:22] } 25. Nf3 { [%clk 0:05:41] } 25... Rb8 { [%clk 0:08:05] } 26.
Nxh4 { [%clk 0:05:37] } 26... Rb2 { [%clk 0:08:02] } 27. Kxg3
{ [%clk 0:05:34] } 27... Rxc2 { [%clk 0:07:56] } 28. Nxf5 { [%clk 0:05:28] }
1-0"
Rated Rapid game,https://lichess.org/2GQoPr8l,2024.08.01,-,jeb129,ESBBDA,1-0,2024.08.01,08:43:31,1544,1613,,,B21,Sicilian Defense: Smith-Morra Gambit,600+0,Normal,"1. e4 { [%clk 0:10:00] } 1... c5 { [%clk 0:10:00] } 2. d4 { [%clk 0:09:59] }
2... cxd4 { [%clk 0:09:57] } 3. Qxd4 { [%clk 0:09:57] } 3... Nc6
{ [%clk 0:09:56] } 4. Qe3 { [%clk 0:09:56] } 4... e5 { [%clk 0:09:48] } 5. Bd2
{ [%clk 0:09:46] } 5... b6 { [%clk 0:09:45] } 6. Nc3 { [%clk 0:09:44] } 6...
Bc5 { [%clk 0:09:43] } 7. Qg3 { [%clk 0:09:43] } 7... Nd4 { [%clk 0:09:41] } 8.
O-O-O { [%clk 0:09:31] } 8... Nf6 { [%clk 0:09:33] } 9. Qxg7 { [%clk 0:08:38] }
9... Rg8 { [%clk 0:09:27] } 10. Qh6 { [%clk 0:08:36] } 10... Bb7
{ [%clk 0:09:22] } 11. Nf3 { [%clk 0:08:13] } 11... Qe7 { [%clk 0:09:01] } 12.
Nxd4 { [%clk 0:08:03] } 12... exd4 { [%clk 0:08:53] } 13. Nd5
{ [%clk 0:07:55] } 13... Nxd5 { [%clk 0:08:48] } 14. exd5 { [%clk 0:07:54] }
14... O-O-O { [%clk 0:08:47] } 15. Re1 { [%clk 0:07:52] } 15... Qd6
{ [%clk 0:08:22] } 16. Qxh7 { [%clk 0:07:45] } 16... Bxd5 { [%clk 0:08:09] }
17. Kb1 { [%clk 0:07:00] } 17... Ba3 { [%clk 0:08:01] } 18. Qd3
{ [%clk 0:06:41] } 18... Bb4 { [%clk 0:07:12] } 19. c3 { [%clk 0:05:40] } 19...
dxc3 { [%clk 0:06:51] } 20. Bxc3 { [%clk 0:05:37] } 20... Bxg2
{ [%clk 0:06:33] } 21. Qc4+ { [%clk 0:04:56] } 21... Bc5 { [%clk 0:06:19] } 22.
Bxg2 { [%clk 0:04:20] } 22... Rxg2 { [%clk 0:06:09] } 23. Qa6+
{ [%clk 0:03:54] } 23... Kb8 { [%clk 0:05:51] } 24. Be5 { [%clk 0:03:52] }
24... Rc8 { [%clk 0:05:22] } 25. Bxd6+ { [%clk 0:03:46] } 25... Bxd6
{ [%clk 0:05:22] } 26. Rc1 { [%clk 0:03:40] } 26... Rxc1+ { [%clk 0:05:14] }
27. Rxc1 { [%clk 0:03:38] } 27... Rg8 { [%clk 0:05:13] } 28. Qd3
{ [%clk 0:03:19] } 28... Bxh2 { [%clk 0:05:05] } 29. Qxd7 { [%clk 0:03:14] }
29... Rg1 { [%clk 0:05:01] } 30. Qc7+ { [%clk 0:03:06] } 30... Ka8
{ [%clk 0:04:59] } 31. Qxh2 { [%clk 0:02:32] } 31... Rxc1+ { [%clk 0:04:56] }
32. Kxc1 { [%clk 0:02:30] } 32... Kb7 { [%clk 0:04:54] } 33. Qf4
{ [%clk 0:02:25] } 33... Kc6 { [%clk 0:04:53] } 34. Qxf7 { [%clk 0:02:24] }
34... a5 { [%clk 0:04:53] } 35. Kc2 { [%clk 0:02:22] } 35... Kb5
{ [%clk 0:04:52] } 36. b3 { [%clk 0:02:17] } 36... Kb4 { [%clk 0:04:51] } 37.
Qc4+ { [%clk 0:02:03] } 37... Ka3 { [%clk 0:04:49] } 38. Qa4#
{ [%clk 0:02:01] } 1-0"
Rated Rapid game,https://lichess.org/N0g6NSO7,2024.08.01,-,rjt8861,Victor_Khm,1-0,2024.08.01,08:43:31,1525,1526,,,C20,King's Pawn Game: Napoleon Attack,600+0,Time forfeit,"1. e4 { [%clk 0:10:00] } 1... e5 { [%clk 0:10:00] } 2. Qf3 { [%clk 0:09:54] }
2... Nc6 { [%clk 0:09:47] } 3. Bc4 { [%clk 0:09:51] } 3... Nf6
{ [%clk 0:09:37] } 4. c3 { [%clk 0:09:49] } 4... d6 { [%clk 0:09:07] } 5. h3
{ [%clk 0:09:47] } 5... Be7 { [%clk 0:08:59] } 6. g4 { [%clk 0:09:44] } 6...
O-O { [%clk 0:08:35] } 7. g5 { [%clk 0:09:41] } 7... Nd7 { [%clk 0:08:31] } 8.
h4 { [%clk 0:09:40] } 8... Nc5 { [%clk 0:08:24] } 9. b4 { [%clk 0:09:31] } 9...
Ne6 { [%clk 0:07:56] } 10. d3 { [%clk 0:09:23] } 10... Nf4 { [%clk 0:07:41] }
11. Bxf4 { [%clk 0:09:21] } 11... exf4 { [%clk 0:07:40] } 12. Qxf4
{ [%clk 0:09:17] } 12... Ne5 { [%clk 0:07:37] } 13. Nd2 { [%clk 0:08:58] }
13... a6 { [%clk 0:07:30] } 14. Qe3 { [%clk 0:08:56] } 14... b5
{ [%clk 0:07:22] } 15. Bb3 { [%clk 0:08:45] } 15... Ng4 { [%clk 0:07:11] } 16.
Qe2 { [%clk 0:08:34] } 16... Qd7 { [%clk 0:06:47] } 17. f3 { [%clk 0:08:31] }
17... Ne5 { [%clk 0:06:44] } 18. d4 { [%clk 0:08:17] } 18... Nc6
{ [%clk 0:06:32] } 19. O-O-O { [%clk 0:08:15] } 19... Rb8 { [%clk 0:06:03] }
20. Bd5 { [%clk 0:08:06] } 20... Bb7 { [%clk 0:05:48] } 21. Bxc6
{ [%clk 0:07:56] } 21... Bxc6 { [%clk 0:05:43] } 22. d5 { [%clk 0:07:54] }
22... Ba8 { [%clk 0:05:36] } 23. Nb3 { [%clk 0:07:47] } 23... c6
{ [%clk 0:05:18] } 24. dxc6 { [%clk 0:07:41] } 24... Bxc6 { [%clk 0:05:16] }
25. Nd4 { [%clk 0:07:39] } 25... d5 { [%clk 0:04:53] } 26. Nxc6
{ [%clk 0:07:25] } 26... Qxc6 { [%clk 0:04:50] } 27. exd5 { [%clk 0:07:20] }
27... Qc7 { [%clk 0:04:21] } 28. Kb2 { [%clk 0:06:58] } 28... a5
{ [%clk 0:04:15] } 29. a3 { [%clk 0:06:56] } 29... axb4 { [%clk 0:04:14] } 30.
axb4 { [%clk 0:06:54] } 30... Rfe8 { [%clk 0:03:51] } 31. Qd3
{ [%clk 0:06:43] } 31... Red8 { [%clk 0:03:37] } 32. Ne2 { [%clk 0:06:24] }
32... f6 { [%clk 0:03:00] } 33. gxf6 { [%clk 0:05:50] } 33... Bxf6
{ [%clk 0:02:57] } 34. h5 { [%clk 0:05:46] } 34... h6 { [%clk 0:02:39] } 35.
Qd2 { [%clk 0:05:21] } 35... Qa7 { [%clk 0:02:29] } 36. Ra1 { [%clk 0:05:12] }
36... Qc7 { [%clk 0:02:04] } 37. Rhf1 { [%clk 0:04:53] } 37... Qe5
{ [%clk 0:01:51] } 38. f4 { [%clk 0:04:47] } 38... Qd6 { [%clk 0:01:26] } 39.
f5 { [%clk 0:04:22] } 39... Bg5 { [%clk 0:01:18] } 40. Qd3 { [%clk 0:03:59] }
40... Qe5 { [%clk 0:01:16] } 41. Rad1 { [%clk 0:03:32] } 41... Ra8
{ [%clk 0:00:59] } 42. d6 { [%clk 0:03:27] } 42... Ra4 { [%clk 0:00:46] } 43.
Qd5+ { [%clk 0:03:25] } 43... Qxd5 { [%clk 0:00:40] } 44. Rxd5
{ [%clk 0:03:23] } 44... Ra6 { [%clk 0:00:35] } 45. Nd4 { [%clk 0:03:13] }
45... Raxd6 { [%clk 0:00:31] } 46. Rxd6 { [%clk 0:03:12] } 46... Rxd6
{ [%clk 0:00:30] } 47. Nxb5 { [%clk 0:03:11] } 47... Rd2+ { [%clk 0:00:28] }
48. Kb3 { [%clk 0:03:09] } 48... Rh2 { [%clk 0:00:25] } 49. Nd6
{ [%clk 0:02:54] } 49... Rh4 { [%clk 0:00:23] } 50. b5 { [%clk 0:02:47] } 50...
Be3 { [%clk 0:00:19] } 51. f6 { [%clk 0:02:37] } 51... gxf6 { [%clk 0:00:17] }
52. Rxf6 { [%clk 0:02:36] } 52... Rxh5 { [%clk 0:00:15] } 53. Rf3
{ [%clk 0:02:30] } 53... Bb6 { [%clk 0:00:10] } 54. Nc8 { [%clk 0:02:26] }
54... Bc7 { [%clk 0:00:08] } 55. b6 { [%clk 0:02:23] } 55... Bb8
{ [%clk 0:00:05] } 56. c4 { [%clk 0:02:10] } 1-0"
Rated Rapid game,https://lichess.org/TELQKk26,2024.08.01,-,AHMEDALAPASY,Markaunesi,1/2-1/2,2024.08.01,08:43:31,966,965,,,A06,Nimzo-Larsen Attack: Classical Variation,600+0,Normal,"1. Nf3 { [%clk 0:10:00] } 1... d5 { [%clk 0:10:00] } 2. b3 { [%clk 0:09:51] }
2... Nc6 { [%clk 0:09:58] } 3. g3 { [%clk 0:09:49] } 3... d4 { [%clk 0:09:57] }
4. c4 { [%clk 0:09:45] } 4... e5 { [%clk 0:09:55] } 5. d3 { [%clk 0:09:38] }
5... Bb4+ { [%clk 0:09:42] } 6. Bd2 { [%clk 0:09:33] } 6... Bc3
{ [%clk 0:09:40] } 7. Bxc3 { [%clk 0:09:30] } 7... dxc3 { [%clk 0:09:39] } 8.
Nxc3 { [%clk 0:09:29] } 8... Nd4 { [%clk 0:09:37] } 9. Bg2 { [%clk 0:09:22] }
9... Nxf3+ { [%clk 0:09:36] } 10. Bxf3 { [%clk 0:09:21] } 10... Nf6
{ [%clk 0:09:29] } 11. O-O { [%clk 0:09:11] } 11... e4 { [%clk 0:09:24] } 12.
dxe4 { [%clk 0:09:07] } 12... Bh3 { [%clk 0:09:23] } 13. Qxd8+
{ [%clk 0:09:03] } 13... Rxd8 { [%clk 0:09:22] } 14. Rfd1 { [%clk 0:09:02] }
14... Rxd1+ { [%clk 0:09:18] } 15. Rxd1 { [%clk 0:09:02] } 15... O-O
{ [%clk 0:09:17] } 16. Nd5 { [%clk 0:09:00] } 16... Nxd5 { [%clk 0:09:14] } 17.
exd5 { [%clk 0:09:00] } 17... c6 { [%clk 0:09:13] } 18. Rd4 { [%clk 0:08:55] }
18... g5 { [%clk 0:09:06] } 19. dxc6 { [%clk 0:08:46] } 19... bxc6
{ [%clk 0:09:04] } 20. Bxc6 { [%clk 0:08:45] } 20... f5 { [%clk 0:08:51] } 21.
Bg2 { [%clk 0:08:33] } 21... Bxg2 { [%clk 0:08:47] } 22. Kxg2
{ [%clk 0:08:33] } 22... f4 { [%clk 0:08:43] } 23. gxf4 { [%clk 0:08:31] }
23... gxf4 { [%clk 0:08:41] } 24. Kf3 { [%clk 0:08:26] } 24... Kg7
{ [%clk 0:08:34] } 25. Rd7+ { [%clk 0:08:24] } 25... Kf6 { [%clk 0:08:28] } 26.
Ke4 { [%clk 0:08:21] } 26... Re8+ { [%clk 0:08:26] } 27. Kd5 { [%clk 0:08:18] }
27... Rxe2 { [%clk 0:08:22] } 28. Rd6+ { [%clk 0:08:14] } 28... Ke7
{ [%clk 0:08:19] } 29. Kc6 { [%clk 0:07:56] } 29... Rxf2 { [%clk 0:08:12] } 30.
Rd7+ { [%clk 0:07:48] } 30... Ke6 { [%clk 0:08:10] } 31. Rxh7
{ [%clk 0:07:40] } 31... f3 { [%clk 0:08:09] } 32. Rh6+ { [%clk 0:07:37] }
32... Kf5 { [%clk 0:08:07] } 33. h4 { [%clk 0:07:28] } 33... Rh2
{ [%clk 0:08:04] } 34. Kb7 { [%clk 0:07:25] } 34... f2 { [%clk 0:08:03] } 35.
Rh8 { [%clk 0:07:17] } 35... f1=Q { [%clk 0:07:58] } 36. Rf8+
{ [%clk 0:07:16] } 36... Kg4 { [%clk 0:07:48] } 37. Rxf1 { [%clk 0:07:16] }
37... Kxh4 { [%clk 0:07:46] } 38. Rf4+ { [%clk 0:07:14] } 38... Kg3
{ [%clk 0:07:42] } 39. Rf8 { [%clk 0:07:07] } 39... Rxa2 { [%clk 0:07:38] } 40.
Ra8 { [%clk 0:07:06] } 40... Kf3 { [%clk 0:07:35] } 41. Rxa7 { [%clk 0:07:03] }
41... Rxa7+ { [%clk 0:07:34] } 42. Kxa7 { [%clk 0:07:03] } 42... Ke4
{ [%clk 0:07:33] } 43. c5 { [%clk 0:07:01] } 43... Kd5 { [%clk 0:07:30] } 44.
c6 { [%clk 0:07:01] } 44... Kxc6 { [%clk 0:07:29] } 45. Ka6 { [%clk 0:06:59] }
45... Kc5 { [%clk 0:07:28] } 46. Ka5 { [%clk 0:06:59] } 46... Kc6
{ [%clk 0:07:25] } 47. b4 { [%clk 0:06:58] } 47... Kb7 { [%clk 0:07:24] } 48.
b5 { [%clk 0:06:56] } 48... Kb8 { [%clk 0:07:24] } 49. b6 { [%clk 0:06:54] }
49... Kb7 { [%clk 0:07:23] } 50. Kb5 { [%clk 0:06:52] } 50... Kb8
{ [%clk 0:07:21] } 51. Ka6 { [%clk 0:06:49] } 51... Ka8 { [%clk 0:07:19] } 52.
Kb5 { [%clk 0:06:45] } 52... Kb7 { [%clk 0:07:17] } 53. Kc5 { [%clk 0:06:44] }
1/2-1/2"
Rated Rapid game,https://lichess.org/gmENqotz,2024.08.01,-,Aurora_serg,OhHellReallyAgain,1-0,2024.08.01,08:43:31,1375,1441,,,B10,Caro-Kann Defense: Hillbilly Attack,600+0,Normal,"1. e4 { [%clk 0:10:00] } 1... c6 { [%clk 0:10:00] } 2. Bc4 { [%clk 0:09:59] }
2... d5 { [%clk 0:10:00] } 3. exd5 { [%clk 0:09:57] } 3... cxd5
{ [%clk 0:10:00] } 4. Bb3 { [%clk 0:09:56] } 4... Nc6 { [%clk 0:09:53] } 5. c3
{ [%clk 0:09:54] } 5... e6 { [%clk 0:09:43] } 6. d4 { [%clk 0:09:53] } 6... e5
{ [%clk 0:09:33] } 7. dxe5 { [%clk 0:09:47] } 7... Nxe5 { [%clk 0:09:29] } 8.
Qe2 { [%clk 0:09:44] } 8... Be6 { [%clk 0:09:14] } 9. Qxe5 { [%clk 0:09:41] }
9... Be7 { [%clk 0:09:06] } 10. Nf3 { [%clk 0:09:38] } 10... Nf6
{ [%clk 0:09:00] } 11. O-O { [%clk 0:09:29] } 11... O-O { [%clk 0:08:55] } 12.
Bf4 { [%clk 0:09:10] } 12... Rc8 { [%clk 0:08:45] } 13. Nbd2 { [%clk 0:09:04] }
13... Ng4 { [%clk 0:08:43] } 14. Qe2 { [%clk 0:08:58] } 14... Re8
{ [%clk 0:08:15] } 15. Nd4 { [%clk 0:08:56] } 1-0"
Rated Rapid game,https://lichess.org/n0fFljZQ,2024.08.01,-,Vadym82UA,ChessingtonSmith,1-0,2024.08.01,08:43:31,2104,2078,,,D06,"Queen's Gambit Declined: Austrian Attack, Salvio Countergambit",600+0,Time forfeit,"1. d4 { [%clk 0:10:00] } 1... d5 { [%clk 0:10:00] } 2. c4 { [%clk 0:09:59] }
2... c5 { [%clk 0:09:59] } 3. dxc5 { [%clk 0:09:51] } 3... d4
{ [%clk 0:09:52] } 4. e3 { [%clk 0:09:37] } 4... Nc6 { [%clk 0:09:44] } 5. Nf3
{ [%clk 0:09:34] } 5... e5 { [%clk 0:09:35] } 6. exd4 { [%clk 0:09:32] } 6...
exd4 { [%clk 0:09:28] } 7. Bg5 { [%clk 0:09:30] } 7... Nf6 { [%clk 0:09:07] }
8. Bd3 { [%clk 0:09:13] } 8... Qe7+ { [%clk 0:08:50] } 9. Qe2
{ [%clk 0:09:10] } 9... Qxe2+ { [%clk 0:08:44] } 10. Bxe2 { [%clk 0:09:08] }
10... Ne4 { [%clk 0:08:30] } 11. O-O { [%clk 0:09:00] } 11... Nxg5
{ [%clk 0:08:24] } 12. Nxg5 { [%clk 0:08:59] } 12... Bxc5 { [%clk 0:08:19] }
13. a3 { [%clk 0:08:44] } 13... a5 { [%clk 0:08:16] } 14. Ne4
{ [%clk 0:08:35] } 14... Be7 { [%clk 0:08:06] } 15. Bf3 { [%clk 0:08:27] }
15... Ne5 { [%clk 0:07:59] } 16. Nbd2 { [%clk 0:08:16] } 16... Be6
{ [%clk 0:07:42] } 17. b3 { [%clk 0:08:09] } 17... a4 { [%clk 0:07:07] } 18. b4
{ [%clk 0:07:55] } 18... Nxf3+ { [%clk 0:06:40] } 19. Nxf3 { [%clk 0:07:49] }
19... O-O { [%clk 0:06:11] } 20. c5 { [%clk 0:07:41] } 20... Rfd8
{ [%clk 0:05:43] } 21. Rfd1 { [%clk 0:07:35] } 21... d3 { [%clk 0:05:19] } 22.
Rd2 { [%clk 0:07:30] } 22... Bb3 { [%clk 0:03:58] } 23. Ne1 { [%clk 0:07:21] }
23... f5 { [%clk 0:03:50] } 24. Ng3 { [%clk 0:07:15] } 24... Bf6
{ [%clk 0:03:28] } 25. Rb1 { [%clk 0:07:07] } 25... Bc2 { [%clk 0:02:42] } 26.
Nxc2 { [%clk 0:07:00] } 26... Bg5 { [%clk 0:02:41] } 27. Ne3 { [%clk 0:06:46] }
27... f4 { [%clk 0:02:36] } 28. Rbd1 { [%clk 0:06:42] } 28... fxg3
{ [%clk 0:02:15] } 29. hxg3 { [%clk 0:06:27] } 29... b6 { [%clk 0:02:02] } 30.
Rxd3 { [%clk 0:06:22] } 30... Rxd3 { [%clk 0:01:41] } 31. Rxd3
{ [%clk 0:06:20] } 31... bxc5 { [%clk 0:01:41] } 32. bxc5 { [%clk 0:06:19] }
32... Rc8 { [%clk 0:01:40] } 33. f4 { [%clk 0:06:05] } 33... Be7
{ [%clk 0:01:20] } 34. Kf2 { [%clk 0:05:37] } 34... Bxc5 { [%clk 0:01:18] } 35.
Kf3 { [%clk 0:05:36] } 35... Bxe3 { [%clk 0:01:01] } 36. Kxe3
{ [%clk 0:05:31] } 36... Rc2 { [%clk 0:01:00] } 37. Kf3 { [%clk 0:05:25] }
37... Rb2 { [%clk 0:00:58] } 38. Rd8+ { [%clk 0:05:02] } 38... Kf7
{ [%clk 0:00:56] } 39. Rd7+ { [%clk 0:04:59] } 39... Kf6 { [%clk 0:00:56] } 40.
Rd6+ { [%clk 0:04:57] } 40... Ke7 { [%clk 0:00:54] } 41. Ra6 { [%clk 0:04:55] }
41... Rb3+ { [%clk 0:00:53] } 42. Kg4 { [%clk 0:04:54] } 42... Rxa3
{ [%clk 0:00:52] } 43. f5 { [%clk 0:04:51] } 43... Ra2 { [%clk 0:00:49] } 44.
Kg5 { [%clk 0:04:47] } 44... Rxg2 { [%clk 0:00:46] } 45. Rxa4
{ [%clk 0:04:43] } 45... Rxg3+ { [%clk 0:00:45] } 46. Kf4 { [%clk 0:04:42] }
46... Rg1 { [%clk 0:00:43] } 47. Ke5 { [%clk 0:04:39] } 47... Re1+
{ [%clk 0:00:41] } 48. Kf4 { [%clk 0:04:38] } 48... Kf7 { [%clk 0:00:35] } 49.
Ra7+ { [%clk 0:04:33] } 49... Re7 { [%clk 0:00:34] } 50. Ra6 { [%clk 0:04:31] }
50... g6 { [%clk 0:00:33] } 51. Kg5 { [%clk 0:04:21] } 51... gxf5
{ [%clk 0:00:31] } 52. Rf6+ { [%clk 0:04:19] } 52... Kg7 { [%clk 0:00:29] } 53.
Rxf5 { [%clk 0:04:18] } 53... Re6 { [%clk 0:00:28] } 54. Rb5 { [%clk 0:04:13] }
54... Rg6+ { [%clk 0:00:26] } 55. Kh5 { [%clk 0:04:11] } 55... Rh6+
{ [%clk 0:00:25] } 56. Kg5 { [%clk 0:04:10] } 56... Rg6+ { [%clk 0:00:25] } 57.
Kf5 { [%clk 0:04:09] } 57... h5 { [%clk 0:00:24] } 58. Rb4 { [%clk 0:04:04] }
58... Kh6 { [%clk 0:00:23] } 59. Rh4 { [%clk 0:03:57] } 59... Rg5+
{ [%clk 0:00:21] } 60. Kf6 { [%clk 0:03:54] } 60... Rg4 { [%clk 0:00:20] } 61.
Rh1 { [%clk 0:03:52] } 61... h4 { [%clk 0:00:20] } 62. Kf5 { [%clk 0:03:51] }
62... Kh5 { [%clk 0:00:19] } 63. Re1 { [%clk 0:03:46] } 63... h3
{ [%clk 0:00:16] } 64. Re8 { [%clk 0:03:44] } 64... Kh4 { [%clk 0:00:14] } 65.
Rh8+ { [%clk 0:03:40] } 65... Kg3 { [%clk 0:00:13] } 66. Ra8 { [%clk 0:03:37] }
66... h2 { [%clk 0:00:12] } 67. Ra3+ { [%clk 0:03:35] } 67... Kg2
{ [%clk 0:00:10] } 68. Kxg4 { [%clk 0:03:31] } 68... h1=Q { [%clk 0:00:08] }
69. Ra2+ { [%clk 0:03:29] } 69... Kg1 { [%clk 0:00:04] } 70. Ra1+
{ [%clk 0:03:27] } 70... Kg2 { [%clk 0:00:03] } 71. Ra2+ { [%clk 0:03:22] }
71... Kg1 { [%clk 0:00:01] } 72. Ra1+ { [%clk 0:03:22] } 72... Kg2
{ [%clk 0:00:00] } 73. Ra6 { [%clk 0:03:22] } 1-0"
Rated Rapid game,https://lichess.org/ZfhikhOW,2024.08.01,-,kschessfbook,Vominhtriet,1-0,2024.08.01,08:43:31,1817,1756,,,C44,Scotch Game,600+0,Time forfeit,"1. e4 { [%clk 0:10:00] } 1... e5 { [%clk 0:10:00] } 2. Nf3 { [%clk 0:09:58] }
2... Nc6 { [%clk 0:09:57] } 3. d4 { [%clk 0:09:58] } 3... d6 { [%clk 0:09:53] }
4. d5 { [%clk 0:09:56] } 4... Nce7 { [%clk 0:09:47] } 5. c4 { [%clk 0:09:54] }
5... c5 { [%clk 0:09:44] } 6. a3 { [%clk 0:09:51] } 6... Nf6 { [%clk 0:09:36] }
7. Nc3 { [%clk 0:09:49] } 7... g6 { [%clk 0:09:33] } 8. Bd2 { [%clk 0:09:40] }
8... Bg7 { [%clk 0:09:31] } 9. b4 { [%clk 0:09:34] } 9... b6 { [%clk 0:09:21] }
10. Bd3 { [%clk 0:09:14] } 10... O-O { [%clk 0:09:17] } 11. O-O
{ [%clk 0:09:12] } 11... Bg4 { [%clk 0:09:14] } 12. h3 { [%clk 0:09:09] } 12...
Bd7 { [%clk 0:09:11] } 13. Nh2 { [%clk 0:09:06] } 13... Ne8 { [%clk 0:08:48] }
14. g4 { [%clk 0:09:02] } 14... Nc8 { [%clk 0:08:44] } 15. f4
{ [%clk 0:08:43] } 15... Qh4 { [%clk 0:08:32] } 16. Qf3 { [%clk 0:08:18] }
16... exf4 { [%clk 0:08:21] } 17. Rac1 { [%clk 0:07:58] } 17... Be5
{ [%clk 0:07:45] } 18. Bxf4 { [%clk 0:07:46] } 18... Bxf4 { [%clk 0:07:43] }
19. Qxf4 { [%clk 0:07:41] } 19... Qxh3 { [%clk 0:07:40] } 20. Rf3
{ [%clk 0:07:32] } 20... Qh4 { [%clk 0:07:19] } 21. bxc5 { [%clk 0:07:18] }
21... bxc5 { [%clk 0:07:12] } 22. e5 { [%clk 0:07:11] } 22... dxe5
{ [%clk 0:06:23] } 23. Qxe5 { [%clk 0:06:51] } 23... Bxg4 { [%clk 0:06:18] }
24. Rg3 { [%clk 0:06:16] } 24... Bh5 { [%clk 0:05:56] } 25. Ne4
{ [%clk 0:05:33] } 25... f6 { [%clk 0:05:22] } 26. Qe6+ { [%clk 0:04:49] }
26... Kg7 { [%clk 0:05:13] } 27. Rh3 { [%clk 0:03:31] } 27... Qf4
{ [%clk 0:04:36] } 28. Rf1 { [%clk 0:02:54] } 28... Qe5 { [%clk 0:03:33] } 29.
Nxc5 { [%clk 0:02:03] } 29... Qd4+ { [%clk 0:02:47] } 30. Qe3
{ [%clk 0:01:47] } 30... Qxe3+ { [%clk 0:02:27] } 31. Rxe3 { [%clk 0:01:47] }
31... Nc7 { [%clk 0:02:17] } 32. d6 { [%clk 0:01:38] } 32... Re8
{ [%clk 0:01:30] } 33. Rxe8 { [%clk 0:01:32] } 33... Nxe8 { [%clk 0:01:20] }
34. d7 { [%clk 0:01:30] } 34... Ncd6 { [%clk 0:01:14] } 35. Ne6+
{ [%clk 0:01:25] } 35... Kf7 { [%clk 0:01:10] } 36. d8=Q { [%clk 0:01:24] }
36... Rxd8 { [%clk 0:01:02] } 37. Nxd8+ { [%clk 0:01:24] } 37... Ke7
{ [%clk 0:01:00] } 38. Nc6+ { [%clk 0:01:20] } 38... Kd7 { [%clk 0:00:59] } 39.
Nd4 { [%clk 0:01:18] } 39... Ng7 { [%clk 0:00:56] } 40. Nhf3 { [%clk 0:01:15] }
40... Ngf5 { [%clk 0:00:52] } 41. Nxf5 { [%clk 0:01:13] } 41... Nxf5
{ [%clk 0:00:51] } 42. Bxf5+ { [%clk 0:01:09] } 42... gxf5 { [%clk 0:00:49] }
43. Nd4 { [%clk 0:01:08] } 43... Bg6 { [%clk 0:00:46] } 44. Nxf5
{ [%clk 0:01:05] } 44... Ke6 { [%clk 0:00:44] } 45. Nd4+ { [%clk 0:01:00] }
45... Ke5 { [%clk 0:00:43] } 46. Nc6+ { [%clk 0:00:58] } 46... Kd6
{ [%clk 0:00:42] } 47. Nxa7 { [%clk 0:00:56] } 47... f5 { [%clk 0:00:38] } 48.
Rc1 { [%clk 0:00:54] } 48... Kc7 { [%clk 0:00:37] } 49. c5 { [%clk 0:00:52] }
49... Kb7 { [%clk 0:00:36] } 50. Nb5 { [%clk 0:00:49] } 50... Kc6
{ [%clk 0:00:34] } 51. Nd6 { [%clk 0:00:48] } 51... f4 { [%clk 0:00:29] } 52.
a4 { [%clk 0:00:47] } 52... Bd3 { [%clk 0:00:22] } 53. Kf2 { [%clk 0:00:45] }
53... Ba6 { [%clk 0:00:20] } 54. a5 { [%clk 0:00:44] } 54... h5
{ [%clk 0:00:14] } 55. Ne4 { [%clk 0:00:42] } 55... Kb5 { [%clk 0:00:11] } 56.
Nf6 { [%clk 0:00:39] } 56... Kb4 { [%clk 0:00:09] } 57. Nxh5 { [%clk 0:00:36] }
57... Kxa5 { [%clk 0:00:07] } 58. Nxf4 { [%clk 0:00:35] } 58... Kb5
{ [%clk 0:00:06] } 59. Ne6 { [%clk 0:00:34] } 59... Kc6 { [%clk 0:00:05] } 60.
Nd4+ { [%clk 0:00:33] } 60... Kc7 { [%clk 0:00:04] } 61. Nb3 { [%clk 0:00:32] }
61... Kc6 { [%clk 0:00:03] } 62. Na5+ { [%clk 0:00:31] } 62... Kc7
{ [%clk 0:00:03] } 63. c6 { [%clk 0:00:29] } 63... Kb6 { [%clk 0:00:00] } 64.
c7 { [%clk 0:00:26] } 1-0"
Rated Rapid game,https://lichess.org/Eejr3nyc,2024.08.01,-,ConAdams,ajaybawa,0-1,2024.08.01,08:43:31,1832,1858,,,D01,Rapport-Jobava System,600+0,Normal,"1. d4 { [%clk 0:10:00] } 1... Nf6 { [%clk 0:10:00] } 2. Nc3 { [%clk 0:09:57] }
2... d5 { [%clk 0:09:58] } 3. Bf4 { [%clk 0:09:55] } 3... a6 { [%clk 0:09:56] }
4. a3 { [%clk 0:09:49] } 4... e6 { [%clk 0:09:54] } 5. e3 { [%clk 0:09:47] }
5... c5 { [%clk 0:09:53] } 6. dxc5 { [%clk 0:09:44] } 6... Bxc5
{ [%clk 0:09:51] } 7. Bd3 { [%clk 0:09:44] } 7... Nbd7 { [%clk 0:09:49] } 8.
Nf3 { [%clk 0:09:42] } 8... b5 { [%clk 0:09:44] } 9. O-O { [%clk 0:09:27] }
9... Bb7 { [%clk 0:09:42] } 10. Re1 { [%clk 0:09:20] } 10... Be7
{ [%clk 0:09:40] } 11. h3 { [%clk 0:09:12] } 11... O-O { [%clk 0:09:38] } 12.
b4 { [%clk 0:09:06] } 12... Rc8 { [%clk 0:09:36] } 13. Ne2 { [%clk 0:08:58] }
13... Ne4 { [%clk 0:09:30] } 14. Qd2 { [%clk 0:08:19] } 14... Bf6
{ [%clk 0:09:27] } 15. Bxe4 { [%clk 0:07:52] } 15... dxe4 { [%clk 0:09:26] }
16. Nfd4 { [%clk 0:07:35] } 16... e5 { [%clk 0:09:24] } 17. Bxe5
{ [%clk 0:07:02] } 17... Bxe5 { [%clk 0:09:18] } 18. Rad1 { [%clk 0:07:00] }
18... Nb6 { [%clk 0:09:06] } 19. c3 { [%clk 0:06:30] } 19... Nc4
{ [%clk 0:09:01] } 20. Qa2 { [%clk 0:06:25] } 20... Qf6 { [%clk 0:08:54] } 21.
Rf1 { [%clk 0:06:01] } 21... Qg6 { [%clk 0:08:11] } 22. Ng3 { [%clk 0:05:06] }
22... Bxg3 { [%clk 0:08:09] } 23. fxg3 { [%clk 0:05:05] } 23... Nxe3
{ [%clk 0:08:07] } 24. Qe2 { [%clk 0:04:33] } 24... Nxd1 { [%clk 0:08:04] } 25.
Qxd1 { [%clk 0:04:29] } 25... Rxc3 { [%clk 0:08:02] } 26. Qa1
{ [%clk 0:04:05] } 26... Rxg3 { [%clk 0:07:51] } 27. Nf5 { [%clk 0:03:56] }
27... Rxg2+ { [%clk 0:07:48] } 28. Kh1 { [%clk 0:03:55] } 28... e3
{ [%clk 0:07:39] } 29. Ne7+ { [%clk 0:03:53] } 29... Kh8 { [%clk 0:07:37] } 30.
Nxg6+ { [%clk 0:03:52] } 30... Rxg6+ { [%clk 0:07:35] } 31. Kh2
{ [%clk 0:03:47] } 31... Rg2+ { [%clk 0:07:34] } 32. Kh1 { [%clk 0:03:39] }
32... Ra2+ { [%clk 0:07:32] } 0-1"
Rated Rapid game,https://lichess.org/omvmlz3Z,2024.08.01,-,Joshua_5,Firuze_23,0-1,2024.08.01,08:43:31,1904,1909,,,C41,Philidor Defense,600+0,Normal,"1. e4 { [%clk 0:10:00] } 1... e5 { [%clk 0:10:00] } 2. Nf3 { [%clk 0:09:59] }
2... d6 { [%clk 0:09:58] } 3. Bc4 { [%clk 0:09:58] } 3... Bg4
{ [%clk 0:09:57] } 4. h3 { [%clk 0:09:57] } 4... Bxf3 { [%clk 0:09:56] } 5.
Qxf3 { [%clk 0:09:57] } 5... Nf6 { [%clk 0:09:56] } 6. d3 { [%clk 0:09:56] }
6... Nc6 { [%clk 0:09:55] } 7. Bg5 { [%clk 0:09:55] } 7... Be7
{ [%clk 0:09:50] } 8. c3 { [%clk 0:09:53] } 8... Qd7 { [%clk 0:09:48] } 9. b4
{ [%clk 0:09:51] } 9... O-O-O { [%clk 0:09:42] } 10. b5 { [%clk 0:09:50] }
10... Na5 { [%clk 0:09:38] } 11. Nd2 { [%clk 0:09:49] } 11... Nxc4
{ [%clk 0:09:36] } 12. Nxc4 { [%clk 0:09:48] } 12... Qxb5 { [%clk 0:09:33] }
13. Qe3 { [%clk 0:09:42] } 13... Kb8 { [%clk 0:09:25] } 14. O-O
{ [%clk 0:09:36] } 14... Qc5 { [%clk 0:09:23] } 15. Qd2 { [%clk 0:09:30] }
15... Rd7 { [%clk 0:09:21] } 16. Rfb1 { [%clk 0:09:29] } 16... h6
{ [%clk 0:09:17] } 17. Bxf6 { [%clk 0:09:27] } 17... gxf6 { [%clk 0:09:15] }
18. Rb4 { [%clk 0:09:25] } 18... d5 { [%clk 0:09:12] } 19. exd5
{ [%clk 0:09:12] } 19... Qxd5 { [%clk 0:09:12] } 20. Rab1 { [%clk 0:09:09] }
20... Bxb4 { [%clk 0:09:08] } 21. Nb6 { [%clk 0:09:06] } 21... axb6
{ [%clk 0:09:05] } 0-1"
Rated Rapid game,https://lichess.org/n4YVz995,2024.08.01,-,Manyyack,samsonmatheww,1-0,2024.08.01,08:43:31,1140,1034,,,C24,Bishop's Opening: Ponziani Gambit,600+0,Normal,"1. e4 { [%clk 0:10:00] } 1... e5 { [%clk 0:10:00] } 2. d4 { [%clk 0:09:58] }
2... Nf6 { [%clk 0:09:54] } 3. Bc4 { [%clk 0:09:56] } 3... Qe7
{ [%clk 0:09:38] } 4. Nf3 { [%clk 0:09:40] } 4... exd4 { [%clk 0:09:24] } 5.
O-O { [%clk 0:09:37] } 5... Qxe4 { [%clk 0:09:11] } 6. Re1 { [%clk 0:09:31] }
6... Qxe1+ { [%clk 0:08:43] } 7. Qxe1+ { [%clk 0:09:27] } 7... Be7
{ [%clk 0:08:41] } 8. Bxf7+ { [%clk 0:09:22] } 8... Kxf7 { [%clk 0:08:36] } 9.
Ng5+ { [%clk 0:09:11] } 9... Kg6 { [%clk 0:08:30] } 10. Qxe7 { [%clk 0:09:06] }
10... b6 { [%clk 0:08:10] } 11. Qf7+ { [%clk 0:09:03] } 11... Kf5
{ [%clk 0:08:02] } 12. g4+ { [%clk 0:08:50] } 12... Kxg4 { [%clk 0:07:55] } 13.
h3+ { [%clk 0:08:42] } 13... Kf5 { [%clk 0:07:53] } 14. Nd2 { [%clk 0:08:24] }
14... Bb7 { [%clk 0:07:45] } 15. f3 { [%clk 0:08:06] } 15... Nc6
{ [%clk 0:07:43] } 16. Nde4 { [%clk 0:07:58] } 16... Ne5 { [%clk 0:07:37] } 17.
Ng3# { [%clk 0:07:55] } 1-0"
Rated Rapid game,https://lichess.org/EMQOBrZF,2024.08.01,-,Mayur24,bokyo_ka,0-1,2024.08.01,08:43:31,1788,1776,,,C01,French Defense: Exchange Variation,600+0,Normal,"1. e4 { [%eval 0.15] [%clk 0:10:00] } 1... e6 { [%eval 0.25] [%clk 0:10:00] }
2. d4 { [%eval 0.3] [%clk 0:09:59] } 2... d5 { [%eval 0.31] [%clk 0:09:59] } 3.
exd5 { [%eval 0.15] [%clk 0:09:58] } 3... exd5 { [%eval 0.14] [%clk 0:09:53] }
4. Nf3 { [%eval 0.12] [%clk 0:09:57] } 4... Nf6 { [%eval 0.17] [%clk 0:09:48] }
5. Bd3 { [%eval 0.12] [%clk 0:09:56] } 5... Bd6 { [%eval 0.21] [%clk 0:09:43] }
6. O-O { [%eval 0.18] [%clk 0:09:54] } 6... O-O { [%eval 0.17] [%clk 0:09:38] }
7. c3 { [%eval 0.01] [%clk 0:09:53] } 7... h6 { [%eval 0.09] [%clk 0:09:33] }
8. Be3 { [%eval 0.02] [%clk 0:09:52] } 8... Re8
{ [%eval -0.04] [%clk 0:09:27] } 9. Nbd2 { [%eval -0.2] [%clk 0:09:51] } 9...
b6 { [%eval -0.15] [%clk 0:09:19] } 10. Qc2 { [%eval -0.34] [%clk 0:09:30] }
10... c5 { [%eval -0.43] [%clk 0:09:11] } 11. dxc5
{ [%eval -0.49] [%clk 0:09:29] } 11... bxc5 { [%eval -0.5] [%clk 0:09:03] } 12.
Rfe1 { [%eval -0.5] [%clk 0:09:02] } 12... Nc6 { [%eval -0.51] [%clk 0:08:55] }
13. h3 { [%eval -0.5] [%clk 0:09:00] } 13... Ne7
{ [%eval -0.39] [%clk 0:08:46] } 14. Re2 $2 { [%eval -3.33] [%clk 0:08:53] }
14... c4 { [%eval -3.28] [%clk 0:08:37] } 15. Bxc4
{ [%eval -3.41] [%clk 0:08:41] } 15... dxc4 { [%eval -3.29] [%clk 0:08:34] }
16. Nxc4 { [%eval -3.39] [%clk 0:08:40] } 16... Bf5
{ [%eval -3.4] [%clk 0:08:22] } 17. Qd2 { [%eval -3.64] [%clk 0:08:30] } 17...
Ne4 { [%eval -3.15] [%clk 0:08:13] } 18. Qd4 { [%eval -3.8] [%clk 0:08:21] }
18... Nc6 { [%eval -3.81] [%clk 0:08:04] } 19. Qd1
{ [%eval -3.82] [%clk 0:08:03] } 19... Bc7 { [%eval -3.63] [%clk 0:07:55] } 20.
Rd2 $2 { [%eval -5.76] [%clk 0:07:51] } 20... Nxd2
{ [%eval -5.87] [%clk 0:07:40] } 21. Qxd2 { [%eval -5.73] [%clk 0:07:44] }
21... Qf6 { [%eval -5.78] [%clk 0:07:33] } 22. Nd4
{ [%eval -5.87] [%clk 0:07:26] } 22... Rad8 { [%eval -5.92] [%clk 0:07:24] }
23. Qe2 { [%eval -5.79] [%clk 0:06:32] } 23... Nxd4
{ [%eval -5.85] [%clk 0:07:14] } 24. Bxd4 $2 { [%eval -8.07] [%clk 0:06:26] }
24... Rxe2 { [%eval -8.04] [%clk 0:07:02] } 25. Bxf6
{ [%eval -7.88] [%clk 0:06:24] } 25... gxf6 { [%eval -7.91] [%clk 0:06:59] }
0-1"
Rated Rapid game,https://lichess.org/I73VxInY,2024.08.01,-,Garibraj,Alexsandr_1982,1-0,2024.08.01,08:43:28,1666,1668,,,C20,King's Pawn Game: Wayward Queen Attack,600+0,Normal,"1. e4 { [%clk 0:10:00] } 1... e5 { [%clk 0:10:00] } 2. Qh5 { [%clk 0:09:59] }
2... Qf6 { [%clk 0:09:58] } 3. Bc4 { [%clk 0:09:56] } 3... c6
{ [%clk 0:09:54] } 4. d3 { [%clk 0:09:52] } 4... h6 { [%clk 0:09:52] } 5. Bg5
{ [%clk 0:09:47] } 5... Qg6 { [%clk 0:09:44] } 6. Qh4 { [%clk 0:09:38] } 6...
Bc5 { [%clk 0:09:38] } 7. Nf3 { [%clk 0:09:32] } 7... f6 { [%clk 0:09:33] } 8.
Bd2 { [%clk 0:09:05] } 8... Na6 { [%clk 0:09:29] } 9. Nc3 { [%clk 0:08:45] }
9... b5 { [%clk 0:09:25] } 10. Bb3 { [%clk 0:08:41] } 10... Ne7
{ [%clk 0:09:21] } 11. a4 { [%clk 0:08:36] } 11... b4 { [%clk 0:09:17] } 12.
Ne2 { [%clk 0:08:28] } 12... Qf7 { [%clk 0:09:03] } 13. Bxf7+
{ [%clk 0:08:25] } 1-0"
Rated Rapid game,https://lichess.org/G7iZq26m,2024.08.01,-,dejankovic7,keychaingambit,1-0,2024.08.01,08:43:28,1132,1180,,,A43,Benoni Defense: French Benoni,600+0,Time forfeit,"1. d4 { [%eval 0.16] [%clk 0:10:00] } 1... e6 { [%eval 0.3] [%clk 0:10:00] } 2.
d5 $6 { [%eval -0.67] [%clk 0:09:54] } 2... c5 $2
{ [%eval 0.64] [%clk 0:10:00] } 3. e4 { [%eval 0.57] [%clk 0:09:43] } 3... exd5
{ [%eval 0.73] [%clk 0:09:50] } 4. exd5 { [%eval 0.7] [%clk 0:09:41] } 4... Nf6
{ [%eval 1.18] [%clk 0:09:50] } 5. Bg5 $6 { [%eval 0.55] [%clk 0:09:36] } 5...
d6 { [%eval 0.58] [%clk 0:09:36] } 6. Nc3 { [%eval 0.18] [%clk 0:09:35] } 6...
Qd7 $4 { [%eval 6.03] [%clk 0:09:35] } 7. Bb5 { [%eval 5.66] [%clk 0:09:31] }
1-0"
Rated Rapid game,https://lichess.org/yu4bGml2,2024.08.01,-,Ashrafalsaidy,blueingreeniceman,1-0,2024.08.01,08:43:28,1983,1994,,,D45,Semi-Slav Defense: Main Line,600+0,Normal,"1. d4 { [%clk 0:10:00] } 1... c6 { [%clk 0:10:00] } 2. c4 { [%clk 0:09:52] }
2... d5 { [%clk 0:09:57] } 3. e3 { [%clk 0:09:51] } 3... e6 { [%clk 0:09:54] }
4. Nf3 { [%clk 0:09:50] } 4... Nf6 { [%clk 0:09:52] } 5. Nc3 { [%clk 0:09:49] }
5... Bb4 { [%clk 0:09:49] } 6. a3 { [%clk 0:09:48] } 6... Bxc3+
{ [%clk 0:09:48] } 7. bxc3 { [%clk 0:09:48] } 7... Ne4 { [%clk 0:09:46] } 8.
Qc2 { [%clk 0:09:45] } 8... Nd7 { [%clk 0:09:40] } 9. cxd5 { [%clk 0:09:44] }
9... exd5 { [%clk 0:09:36] } 10. Nd2 { [%clk 0:09:43] } 10... O-O
{ [%clk 0:09:20] } 11. Nxe4 { [%clk 0:09:41] } 11... dxe4 { [%clk 0:09:19] }
12. Qxe4 { [%clk 0:09:41] } 12... Re8 { [%clk 0:09:17] } 13. Qc2
{ [%clk 0:09:37] } 13... Nf6 { [%clk 0:09:09] } 14. Bd3 { [%clk 0:09:36] }
14... h6 { [%clk 0:09:00] } 15. O-O { [%clk 0:09:34] } 15... Qd6
{ [%clk 0:08:27] } 16. Bf5 { [%clk 0:09:26] } 16... Qd5 { [%clk 0:07:59] } 17.
Bxc8 { [%clk 0:09:20] } 17... Raxc8 { [%clk 0:07:57] } 18. c4
{ [%clk 0:09:12] } 18... Qg5 { [%clk 0:07:40] } 19. e4 { [%clk 0:08:57] } 19...
Qg6 { [%clk 0:07:38] } 20. f3 { [%clk 0:08:51] } 20... b5 { [%clk 0:07:24] }
21. c5 { [%clk 0:08:47] } 21... Red8 { [%clk 0:07:09] } 22. Be3
{ [%clk 0:08:36] } 22... Nd5 { [%clk 0:07:01] } 23. Qd2 { [%clk 0:08:17] }
23... Nc7 { [%clk 0:06:43] } 24. Qa5 { [%clk 0:08:03] } 24... a6
{ [%clk 0:06:28] } 25. Rad1 { [%clk 0:07:58] } 25... Qe6 { [%clk 0:05:54] } 26.
Rd3 { [%clk 0:07:44] } 26... Qc4 { [%clk 0:05:28] } 27. Rfd1 { [%clk 0:07:42] }
27... Ne6 { [%clk 0:05:15] } 28. Qxa6 { [%clk 0:07:41] } 28... Nxc5
{ [%clk 0:05:05] } 29. dxc5 { [%clk 0:07:40] } 29... Rxd3 { [%clk 0:05:03] }
30. Qxc8+ { [%clk 0:07:39] } 30... Kh7 { [%clk 0:05:00] } 31. Rxd3
{ [%clk 0:07:30] } 31... Qxd3 { [%clk 0:04:59] } 32. Kf2 { [%clk 0:07:17] }
32... Qxa3 { [%clk 0:04:53] } 33. Qxc6 { [%clk 0:07:13] } 33... b4
{ [%clk 0:04:47] } 34. Qd5 { [%clk 0:07:10] } 34... b3 { [%clk 0:04:33] } 35.
c6 { [%clk 0:07:06] } 35... b2 { [%clk 0:04:29] } 36. c7 { [%clk 0:07:05] }
36... b1=Q { [%clk 0:04:27] } 37. c8=Q { [%clk 0:06:58] } 37... Qab2+
{ [%clk 0:04:21] } 38. Kg3 { [%clk 0:06:54] } 38... Qe1+ { [%clk 0:04:05] } 39.
Kh3 { [%clk 0:06:48] } 39... Qf6 { [%clk 0:03:59] } 40. Qcf5+
{ [%clk 0:06:41] } 40... Qxf5+ { [%clk 0:03:56] } 41. Qxf5+ { [%clk 0:06:40] }
1-0"
Rated Rapid game,https://lichess.org/A47HvkXq,2024.08.01,-,sachalaterreur555,Min02,0-1,2024.08.01,08:43:28,735,726,,,C50,Italian Game,600+0,Normal,"1. Nf3 { [%clk 0:10:00] } 1... Nc6 { [%clk 0:10:00] } 2. e4 { [%clk 0:09:55] }
2... e5 { [%clk 0:09:57] } 3. Bc4 { [%clk 0:09:53] } 3... Na5
{ [%clk 0:09:54] } 4. Bb5 { [%clk 0:09:48] } 4... a6 { [%clk 0:09:51] } 5. Ba4
{ [%clk 0:09:41] } 5... b5 { [%clk 0:09:43] } 6. Bb3 { [%clk 0:09:38] } 6...
Nxb3 { [%clk 0:09:41] } 7. cxb3 { [%clk 0:09:37] } 7... a5 { [%clk 0:09:38] }
8. Nxe5 { [%clk 0:09:35] } 8... d6 { [%clk 0:09:35] } 9. Nc6 { [%clk 0:09:28] }
9... Qd7 { [%clk 0:09:32] } 10. Nxa5 { [%clk 0:09:20] } 10... Rxa5
{ [%clk 0:09:23] } 11. b4 { [%clk 0:09:18] } 11... Ra8 { [%clk 0:09:09] } 12.
d4 { [%clk 0:09:13] } 12... Bb7 { [%clk 0:09:07] } 13. Bf4 { [%clk 0:08:57] }
13... Bxe4 { [%clk 0:09:03] } 14. O-O { [%clk 0:08:36] } 14... Qf5
{ [%clk 0:08:42] } 15. Nc3 { [%clk 0:08:22] } 15... Bb7 { [%clk 0:08:33] } 16.
Nxb5 { [%clk 0:08:11] } 16... Qxb5 { [%clk 0:08:29] } 17. Qe1+
{ [%clk 0:07:51] } 17... Kd7 { [%clk 0:08:21] } 18. a4 { [%clk 0:07:45] } 18...
Rxa4 { [%clk 0:08:13] } 19. Rxa4 { [%clk 0:07:42] } 19... Qxa4
{ [%clk 0:08:11] } 20. Qa1 { [%clk 0:07:13] } 20... Qxb4 { [%clk 0:07:57] } 21.
Qa7 { [%clk 0:07:05] } 21... Qxb2 { [%clk 0:07:49] } 22. Qb8 { [%clk 0:06:55] }
22... Qxd4 { [%clk 0:07:44] } 23. Rc1 { [%clk 0:06:50] } 23... Qxf4
{ [%clk 0:07:39] } 24. Qxb7 { [%clk 0:06:47] } 24... Qxc1# { [%clk 0:07:34] }
0-1"
Rated Rapid game,https://lichess.org/Wc4PsyZe,2024.08.01,-,hislim,BBboomsta,1-0,2024.08.01,08:43:28,1129,1126,,,C20,King's Pawn Game: Wayward Queen Attack,600+0,Normal,"1. e4 { [%clk 0:10:00] } 1... e5 { [%clk 0:10:00] } 2. Qh5 { [%clk 0:09:59] }
2... Nc6 { [%clk 0:09:55] } 3. Bc4 { [%clk 0:09:57] } 3... Qe7
{ [%clk 0:09:52] } 4. d3 { [%clk 0:09:54] } 4... Nd4 { [%clk 0:09:40] } 5. Na3
{ [%clk 0:09:42] } 5... Nf6 { [%clk 0:09:37] } 6. Qd1 { [%clk 0:09:39] } 6...
d5 { [%clk 0:09:32] } 7. exd5 { [%clk 0:09:36] } 7... Qb4+ { [%clk 0:09:03] }
8. c3 { [%clk 0:09:23] } 8... Qc5 { [%clk 0:08:53] } 9. cxd4 { [%clk 0:09:21] }
9... Qxd4 { [%clk 0:08:51] } 10. Nb5 { [%clk 0:09:15] } 10... Bb4+
{ [%clk 0:08:13] } 11. Bd2 { [%clk 0:09:11] } 11... Bd6 { [%clk 0:07:59] } 12.
Nxd4 { [%clk 0:09:09] } 1-0"
Rated Rapid game,https://lichess.org/5VGD9JOq,2024.08.01,-,masoud-azimpour,zafran2014,1-0,2024.08.01,08:43:28,2087,2095,,,C44,Scotch Game,600+0,Normal,"1. e4 { [%clk 0:10:00] } 1... e5 { [%clk 0:10:00] } 2. Nf3 { [%clk 0:09:54] }
2... Nc6 { [%clk 0:09:58] } 3. d4 { [%clk 0:09:52] } 3... d6 { [%clk 0:09:55] }
4. dxe5 { [%clk 0:09:49] } 4... dxe5 { [%clk 0:09:54] } 5. Qxd8+
{ [%clk 0:09:47] } 5... Kxd8 { [%clk 0:09:52] } 6. Bb5 { [%clk 0:09:44] } 6...
Bd7 { [%clk 0:09:48] } 7. Bxc6 { [%clk 0:09:40] } 7... Bxc6 { [%clk 0:09:45] }
8. Nxe5 { [%clk 0:09:38] } 8... Ke8 { [%clk 0:09:38] } 9. Nxc6
{ [%clk 0:09:35] } 9... bxc6 { [%clk 0:09:37] } 10. a3 { [%clk 0:09:28] } 10...
Nf6 { [%clk 0:09:33] } 11. Nc3 { [%clk 0:09:21] } 11... Bc5 { [%clk 0:09:28] }
12. O-O { [%clk 0:09:15] } 12... Rd8 { [%clk 0:09:22] } 13. Bg5
{ [%clk 0:09:05] } 13... Rd7 { [%clk 0:09:12] } 14. Bxf6 { [%clk 0:09:01] }
14... gxf6 { [%clk 0:09:08] } 15. Rad1 { [%clk 0:09:01] } 15... Ke7
{ [%clk 0:09:05] } 16. Rxd7+ { [%clk 0:08:58] } 16... Kxd7 { [%clk 0:09:02] }
17. Rd1+ { [%clk 0:08:56] } 17... Ke7 { [%clk 0:09:00] } 18. Kf1
{ [%clk 0:08:54] } 18... Rb8 { [%clk 0:08:56] } 19. b4 { [%clk 0:08:32] } 19...
Bb6 { [%clk 0:08:51] } 20. Ke2 { [%clk 0:08:26] } 20... Re8 { [%clk 0:08:40] }
21. f3 { [%clk 0:08:24] } 21... Kf8 { [%clk 0:08:36] } 22. Rd7
{ [%clk 0:08:15] } 22... f5 { [%clk 0:08:28] } 23. Kd3 { [%clk 0:08:12] } 23...
fxe4+ { [%clk 0:08:25] } 24. Nxe4 { [%clk 0:08:07] } 24... Re6
{ [%clk 0:08:14] } 25. c4 { [%clk 0:08:02] } 25... h6 { [%clk 0:08:05] } 26. c5
{ [%clk 0:07:58] } 1-0"
Rated Rapid game,https://lichess.org/DsGhz22P,2024.08.01,-,a2801959528,HC1989,0-1,2024.08.01,08:43:28,905,1061,,,C50,Four Knights Game: Italian Variation,600+0,Normal,"1. e4 { [%clk 0:10:00] } 1... e5 { [%clk 0:10:00] } 2. Nf3 { [%clk 0:09:59] }
2... Nc6 { [%clk 0:09:58] } 3. Bc4 { [%clk 0:09:57] } 3... Nf6
{ [%clk 0:09:53] } 4. Nc3 { [%clk 0:09:55] } 4... Bc5 { [%clk 0:09:51] } 5. Ng5
{ [%clk 0:09:54] } 5... O-O { [%clk 0:09:48] } 6. O-O { [%clk 0:09:37] } 6...
d5 { [%clk 0:09:31] } 7. exd5 { [%clk 0:09:35] } 7... Nxd5 { [%clk 0:09:25] }
8. d3 { [%clk 0:09:31] } 8... Bf5 { [%clk 0:08:51] } 9. Nxd5 { [%clk 0:09:20] }
9... b5 { [%clk 0:08:05] } 10. Qf3 { [%clk 0:08:22] } 10... Qd7
{ [%clk 0:07:49] } 11. Bxb5 { [%clk 0:08:18] } 11... Bg4 { [%clk 0:07:34] } 12.
Bxc6 { [%clk 0:08:03] } 12... Qxc6 { [%clk 0:07:32] } 13. Qxg4
{ [%clk 0:08:02] } 13... Qxd5 { [%clk 0:07:30] } 14. c4 { [%clk 0:07:44] }
14... Qxd3 { [%clk 0:07:04] } 15. Ne4 { [%clk 0:07:29] } 15... Qd4
{ [%clk 0:06:50] } 16. Be3 { [%clk 0:07:10] } 16... Qxc4 { [%clk 0:06:39] } 17.
Bxc5 { [%clk 0:07:06] } 17... f5 { [%clk 0:06:32] } 18. Rac1 { [%clk 0:06:43] }
18... Qxa2 { [%clk 0:06:01] } 19. Bxf8 { [%clk 0:06:26] } 19... fxg4
{ [%clk 0:05:58] } 20. Bc5 { [%clk 0:06:10] } 20... Qd5 { [%clk 0:05:43] } 21.
Ng5 { [%clk 0:05:49] } 21... a5 { [%clk 0:05:40] } 22. Be3 { [%clk 0:05:36] }
22... Qb5 { [%clk 0:05:25] } 23. Ne6 { [%clk 0:05:29] } 23... Qxb2
{ [%clk 0:05:19] } 24. Nxc7 { [%clk 0:05:25] } 24... Rc8 { [%clk 0:05:11] } 25.
Bd2 { [%clk 0:05:00] } 25... Qxd2 { [%clk 0:04:54] } 26. Rcd1
{ [%clk 0:04:47] } 26... Qe2 { [%clk 0:04:47] } 27. Nd5 { [%clk 0:04:40] }
27... e4 { [%clk 0:04:36] } 28. Ne7+ { [%clk 0:04:39] } 28... Kf8
{ [%clk 0:04:33] } 29. Nxc8 { [%clk 0:04:38] } 29... e3 { [%clk 0:04:29] } 30.
fxe3+ { [%clk 0:04:33] } 30... Kg8 { [%clk 0:04:21] } 31. Ne7+
{ [%clk 0:04:33] } 31... Kh8 { [%clk 0:04:08] } 32. Rd7 { [%clk 0:04:31] }
32... Qxe3+ { [%clk 0:04:03] } 33. Rf2 { [%clk 0:04:28] } 33... Qe1+
{ [%clk 0:03:44] } 34. Rf1 { [%clk 0:04:25] } 34... Qe3+ { [%clk 0:03:44] } 35.
Kh1 { [%clk 0:04:23] } 35... h5 { [%clk 0:03:34] } 36. Ng6+ { [%clk 0:04:09] }
36... Kh7 { [%clk 0:03:32] } 37. Nf4 { [%clk 0:04:01] } 37... a4
{ [%clk 0:03:11] } 38. Rd2 { [%clk 0:03:55] } 38... Qxd2 { [%clk 0:03:06] } 39.
Nxh5 { [%clk 0:03:50] } 39... Qe2 { [%clk 0:02:56] } 40. Ng3 { [%clk 0:03:47] }
40... Qe5 { [%clk 0:02:45] } 41. Ra1 { [%clk 0:03:42] } 41... Qxa1+
{ [%clk 0:02:42] } 0-1"
Rated Rapid game,https://lichess.org/SWLKk2CL,2024.08.01,-,Osman2882,UrFathxrLeftForMilk,0-1,2024.08.01,08:43:28,1671,1711,,,C44,"Scotch Game: Scotch Gambit, London Defense",600+0,Normal,"1. e4 { [%clk 0:10:00] } 1... e5 { [%clk 0:10:00] } 2. d4 { [%clk 0:09:59] }
2... exd4 { [%clk 0:09:59] } 3. Nf3 { [%clk 0:09:57] } 3... Nc6
{ [%clk 0:09:58] } 4. Bc4 { [%clk 0:09:56] } 4... Bb4+ { [%clk 0:09:53] } 5. c3
{ [%clk 0:09:54] } 5... dxc3 { [%clk 0:09:52] } 6. Nxc3 { [%clk 0:09:53] } 6...
Bxc3+ { [%clk 0:09:51] } 7. bxc3 { [%clk 0:09:51] } 7... Nf6 { [%clk 0:09:48] }
8. e5 { [%clk 0:09:47] } 8... Qe7 { [%clk 0:09:47] } 9. O-O { [%clk 0:09:45] }
9... Ng4 { [%clk 0:09:43] } 10. Re1 { [%clk 0:09:02] } 10... O-O
{ [%clk 0:09:40] } 11. Bg5 { [%clk 0:08:55] } 11... Qc5 { [%clk 0:09:39] } 12.
Bxf7+ { [%clk 0:08:41] } 12... Rxf7 { [%clk 0:09:27] } 13. Be3
{ [%clk 0:08:39] } 13... Nxe3 { [%clk 0:09:22] } 14. fxe3 { [%clk 0:08:37] }
14... Nxe5 { [%clk 0:09:15] } 15. Nxe5 { [%clk 0:08:29] } 15... Qxe5
{ [%clk 0:09:15] } 16. c4 { [%clk 0:08:20] } 16... b6 { [%clk 0:09:13] } 17.
Qd5 { [%clk 0:08:16] } 17... Qxd5 { [%clk 0:09:07] } 18. cxd5
{ [%clk 0:08:14] } 18... Bb7 { [%clk 0:09:07] } 19. e4 { [%clk 0:08:13] } 19...
Raf8 { [%clk 0:09:05] } 20. Rf1 { [%clk 0:08:09] } 20... Rxf1+
{ [%clk 0:09:04] } 21. Rxf1 { [%clk 0:08:08] } 21... Rxf1+ { [%clk 0:09:04] }
22. Kxf1 { [%clk 0:08:06] } 22... Kf7 { [%clk 0:09:04] } 23. Kf2
{ [%clk 0:08:06] } 23... Kf6 { [%clk 0:09:03] } 24. Ke3 { [%clk 0:08:05] }
24... Ke5 { [%clk 0:09:03] } 25. a4 { [%clk 0:08:00] } 25... a5
{ [%clk 0:09:01] } 26. g4 { [%clk 0:07:57] } 26... b5 { [%clk 0:08:58] } 0-1"
Rated Rapid game,https://lichess.org/t83rK2cu,2024.08.01,-,CHESSGOD2006,sergiobelgio,1-0,2024.08.01,08:43:28,1516,1550,,,B15,Caro-Kann Defense: Main Line,600+0,Normal,"1. e4 { [%eval 0.15] [%clk 0:10:00] } 1... c6 { [%eval 0.26] [%clk 0:10:00] }
2. d4 { [%eval 0.28] [%clk 0:09:55] } 2... d5 { [%eval 0.3] [%clk 0:09:59] } 3.
Nc3 { [%eval 0.28] [%clk 0:09:44] } 3... dxe4 { [%eval 0.34] [%clk 0:09:57] }
4. Nxe4 { [%eval 0.28] [%clk 0:09:34] } 4... Nf6
{ [%eval 0.23] [%clk 0:09:56] } 5. Ng3 { [%eval 0.0] [%clk 0:09:29] } 5... c5
{ [%eval 0.15] [%clk 0:09:54] } 6. Bb5+ { [%eval -0.13] [%clk 0:09:12] } 6...
Nc6 { [%eval 0.0] [%clk 0:09:52] } 7. Bxc6+ { [%eval -0.06] [%clk 0:08:46] }
7... bxc6 { [%eval -0.11] [%clk 0:09:50] } 8. Nf3
{ [%eval -0.07] [%clk 0:08:45] } 8... cxd4 { [%eval -0.04] [%clk 0:09:46] } 9.
Qxd4 { [%eval 0.04] [%clk 0:08:37] } 9... Qxd4 { [%eval 0.01] [%clk 0:09:44] }
10. Nxd4 { [%eval -0.03] [%clk 0:08:35] } 10... Bb7
{ [%eval -0.06] [%clk 0:09:43] } 11. Bf4 { [%eval -0.39] [%clk 0:08:18] } 11...
c5 { [%eval -0.03] [%clk 0:09:39] } 12. Nb5 { [%eval -0.05] [%clk 0:08:08] }
12... Bxg2 $2 { [%eval 2.04] [%clk 0:09:31] } 13. Rg1 $2
{ [%eval 0.55] [%clk 0:07:56] } 13... Bf3 $2 { [%eval 1.87] [%clk 0:09:25] }
14. Nc7+ { [%eval 1.83] [%clk 0:07:51] } 14... Kd8
{ [%eval 2.01] [%clk 0:09:17] } 15. Nxa8 { [%eval 2.34] [%clk 0:07:45] } 15...
Bxa8 { [%eval 2.24] [%clk 0:09:14] } 16. O-O-O+ { [%eval 2.28] [%clk 0:07:34] }
16... Ke8 $6 { [%eval 3.08] [%clk 0:09:08] } 17. Bc7
{ [%eval 2.49] [%clk 0:07:25] } 17... Nd7 $2 { [%eval 3.59] [%clk 0:08:56] }
18. Nh5 $4 { [%eval 0.58] [%clk 0:06:56] } 18... e6 $4
{ [%eval 4.18] [%clk 0:08:54] } 19. Nxg7+ { [%eval 4.21] [%clk 0:06:50] } 19...
Bxg7 { [%eval 4.21] [%clk 0:08:52] } 20. Rxg7 { [%eval 4.21] [%clk 0:06:47] }
20... Ke7 { [%eval 4.15] [%clk 0:08:40] } 21. Bd6+
{ [%eval 4.12] [%clk 0:06:21] } 21... Kf6 { [%eval 4.15] [%clk 0:08:39] } 22.
Rdg1 { [%eval 4.22] [%clk 0:06:13] } 22... Bd5 { [%eval 4.12] [%clk 0:08:32] }
23. b3 { [%eval 4.07] [%clk 0:05:54] } 23... Ne5
{ [%eval 4.69] [%clk 0:08:25] } 24. Bxe5+ { [%eval 4.71] [%clk 0:05:42] } 24...
Kxe5 { [%eval 4.49] [%clk 0:08:23] } 25. Rxf7 { [%eval 4.52] [%clk 0:05:36] }
25... h5 { [%eval 4.82] [%clk 0:08:12] } 26. Rxa7
{ [%eval 4.46] [%clk 0:05:29] } 26... Rf8 { [%eval 4.43] [%clk 0:08:10] } 27.
Rg5+ { [%eval 4.33] [%clk 0:05:22] } 27... Kf6 { [%eval 4.76] [%clk 0:08:07] }
28. Rxh5 { [%eval 4.55] [%clk 0:05:17] } 28... Rg8
{ [%eval 4.75] [%clk 0:08:01] } 29. Ra6 { [%eval 4.78] [%clk 0:05:07] } 29...
Rg1+ { [%eval 4.92] [%clk 0:07:58] } 30. Kb2 { [%eval 4.91] [%clk 0:05:03] }
30... Rf1 { [%eval 5.89] [%clk 0:07:57] } 31. Rxd5
{ [%eval 5.76] [%clk 0:04:56] } 31... Rxf2 { [%eval 6.26] [%clk 0:07:53] } 32.
Rxc5 { [%eval 6.26] [%clk 0:04:47] } 32... Rxh2 { [%eval 6.46] [%clk 0:07:51] }
33. Rcc6 { [%eval 5.82] [%clk 0:04:37] } 33... Re2 $2
{ [%eval 8.45] [%clk 0:07:49] } 34. Rxe6+ { [%eval 8.23] [%clk 0:04:36] } 34...
Rxe6 { [%eval 7.77] [%clk 0:07:48] } 35. Rxe6+ { [%eval 10.97] [%clk 0:04:34] }
35... Kxe6 { [%eval 9.98] [%clk 0:07:48] } 36. Kc3
{ [%eval 9.97] [%clk 0:04:29] } 36... Kd6 { [%eval 9.91] [%clk 0:07:47] } 37.
Kd4 { [%eval 9.9] [%clk 0:04:27] } 37... Kc6 { [%eval 9.6] [%clk 0:07:46] } 38.
Kc4 { [%eval 7.82] [%clk 0:04:23] } 38... Kb6 { [%eval 7.64] [%clk 0:07:44] }
39. a4 { [%eval 7.36] [%clk 0:04:19] } 39... Ka5 $2
{ [%eval #16] [%clk 0:07:43] } 40. Kc5 { [%eval #11] [%clk 0:04:15] } 40... Ka6
{ [%eval #11] [%clk 0:07:40] } 41. b4 { [%eval #22] [%clk 0:04:09] } 41... Kb7
{ [%eval 12.4] [%clk 0:07:39] } 42. a5 { [%eval 7.77] [%clk 0:04:08] } 42...
Ka6 $2 { [%eval #9] [%clk 0:07:38] } 43. Kc6 { [%eval #8] [%clk 0:04:04] }
43... Ka7 { [%eval #8] [%clk 0:07:36] } 44. b5 { [%eval #7] [%clk 0:03:59] }
44... Kb8 { [%eval #7] [%clk 0:07:34] } 45. a6 { [%eval #8] [%clk 0:03:58] }
45... Ka7 { [%eval #7] [%clk 0:07:34] } 46. Kc7 { [%eval #6] [%clk 0:03:53] }
46... Ka8 { [%eval #6] [%clk 0:07:32] } 47. c4 { [%eval #5] [%clk 0:03:50] }
47... Ka7 { [%eval #5] [%clk 0:07:31] } 48. c5 { [%eval #7] [%clk 0:03:47] }
48... Ka8 { [%eval #7] [%clk 0:07:30] } 49. c6 { [%eval #7] [%clk 0:03:47] }
49... Ka7 { [%eval #7] [%clk 0:07:29] } 50. Kd7 { [%eval #7] [%clk 0:03:46] }
50... Kb8 { [%eval #4] [%clk 0:07:24] } 51. b6 { [%eval #3] [%clk 0:03:44] }
51... Ka8 { [%eval #3] [%clk 0:07:22] } 52. b7+ { [%eval #4] [%clk 0:03:43] }
52... Kb8 { [%eval #4] [%clk 0:07:21] } 53. c7+ { [%eval #3] [%clk 0:03:42] }
53... Ka7 { [%eval #3] [%clk 0:07:19] } 54. c8=Q { [%eval #3] [%clk 0:03:37] }
54... Kxa6 { [%eval #3] [%clk 0:07:18] } 55. b8=R+
{ [%eval #2] [%clk 0:03:29] } 55... Ka5 { [%eval #2] [%clk 0:07:17] } 56. Qb7
{ [%eval #1] [%clk 0:03:26] } 56... Ka4 { [%eval #1] [%clk 0:07:15] } 57. Qb4#
{ [%clk 0:03:25] } 1-0"
Rated Rapid game,https://lichess.org/RjTdF26c,2024.08.01,-,propro1977,BLEACH366,0-1,2024.08.01,08:43:28,2053,2065,,,D00,Blackmar-Diemer Gambit Accepted: Teichmann Defense,600+0,Normal,"1. d4 { [%clk 0:10:00] } 1... Nf6 { [%clk 0:10:00] } 2. Nc3 { [%clk 0:09:59] }
2... d5 { [%clk 0:09:59] } 3. e4 { [%clk 0:09:55] } 3... dxe4
{ [%clk 0:09:55] } 4. f3 { [%clk 0:09:54] } 4... exf3 { [%clk 0:09:53] } 5.
Nxf3 { [%clk 0:09:54] } 5... Bg4 { [%clk 0:09:53] } 6. h3 { [%clk 0:09:53] }
6... Bh5 { [%clk 0:09:51] } 7. g4 { [%clk 0:09:52] } 7... Bg6
{ [%clk 0:09:50] } 8. Ne5 { [%clk 0:09:30] } 8... e6 { [%clk 0:09:48] } 9. Bg2
{ [%clk 0:09:23] } 9... c6 { [%clk 0:09:40] } 10. Bg5 { [%clk 0:09:10] } 10...
Be7 { [%clk 0:09:37] } 11. O-O { [%clk 0:09:02] } 11... Nd5 { [%clk 0:09:36] }
12. Nxg6 { [%clk 0:08:31] } 12... hxg6 { [%clk 0:09:32] } 13. Qf3
{ [%clk 0:08:22] } 13... Nf6 { [%clk 0:09:13] } 14. Rad1 { [%clk 0:08:17] }
14... O-O { [%clk 0:09:05] } 15. a3 { [%clk 0:07:19] } 15... Nd5
{ [%clk 0:09:01] } 16. Bxe7 { [%clk 0:07:15] } 16... Qxe7 { [%clk 0:09:01] }
17. Ne4 { [%clk 0:07:08] } 17... Nd7 { [%clk 0:08:47] } 18. c4
{ [%clk 0:07:05] } 18... N5f6 { [%clk 0:08:41] } 19. Nc3 { [%clk 0:06:33] }
19... Rad8 { [%clk 0:08:36] } 20. b4 { [%clk 0:06:31] } 20... Nb6
{ [%clk 0:08:31] } 21. Qe2 { [%clk 0:06:06] } 21... Rd7 { [%clk 0:08:16] } 22.
Bf3 { [%clk 0:06:03] } 22... Rfd8 { [%clk 0:08:02] } 23. d5 { [%clk 0:05:39] }
23... cxd5 { [%clk 0:08:01] } 24. cxd5 { [%clk 0:05:23] } 24... Nbxd5
{ [%clk 0:08:00] } 25. Nxd5 { [%clk 0:05:12] } 25... Nxd5 { [%clk 0:07:58] }
26. Bxd5 { [%clk 0:04:25] } 26... Rxd5 { [%clk 0:07:56] } 27. Rxd5
{ [%clk 0:04:23] } 27... Rxd5 { [%clk 0:07:54] } 28. Qe3 { [%clk 0:04:19] }
28... Qh4 { [%clk 0:07:37] } 29. Kh2 { [%clk 0:04:12] } 29... Qh6
{ [%clk 0:05:39] } 30. Qc3 { [%clk 0:03:53] } 30... Rd2+ { [%clk 0:05:32] } 31.
Kg3 { [%clk 0:03:46] } 31... Qg5 { [%clk 0:05:10] } 32. Qf3 { [%clk 0:03:06] }
32... Qe5+ { [%clk 0:05:05] } 33. Kh4 { [%clk 0:02:47] } 33... g5+
{ [%clk 0:03:48] } 34. Kh5 { [%clk 0:02:39] } 34... g6+ { [%clk 0:03:47] } 35.
Kh6 { [%clk 0:02:37] } 35... Qg7+ { [%clk 0:03:44] } 36. Kxg5
{ [%clk 0:02:36] } 36... Rd5+ { [%clk 0:03:42] } 37. Kh4 { [%clk 0:02:32] }
37... f5 { [%clk 0:02:42] } 38. Rc1 { [%clk 0:02:21] } 38... g5+
{ [%clk 0:02:37] } 39. Kg3 { [%clk 0:02:20] } 39... f4+ { [%clk 0:02:37] } 40.
Kg2 { [%clk 0:02:09] } 40... Qb2+ { [%clk 0:02:36] } 0-1"
Rated Rapid game,https://lichess.org/nHhSVjdz,2024.08.01,-,FarisGunas1,Dhmayer,1/2-1/2,2024.08.01,08:43:28,2262,2295,,,B99,"Sicilian Defense: Najdorf Variation, Main Line",600+0,Normal,"1. e4 { [%clk 0:10:00] } 1... c5 { [%clk 0:10:00] } 2. Nf3 { [%clk 0:09:59] }
2... d6 { [%clk 0:10:00] } 3. d4 { [%clk 0:09:58] } 3... cxd4
{ [%clk 0:10:00] } 4. Nxd4 { [%clk 0:09:57] } 4... Nf6 { [%clk 0:10:00] } 5.
Nc3 { [%clk 0:09:56] } 5... a6 { [%clk 0:10:00] } 6. Bg5 { [%clk 0:09:55] }
6... e6 { [%clk 0:09:59] } 7. f4 { [%clk 0:09:53] } 7... Be7 { [%clk 0:09:58] }
8. Qf3 { [%clk 0:09:52] } 8... Qc7 { [%clk 0:09:58] } 9. O-O-O
{ [%clk 0:09:50] } 9... Nbd7 { [%clk 0:09:57] } 10. g4 { [%clk 0:09:48] } 10...
h6 { [%clk 0:09:55] } 11. Bh4 { [%clk 0:09:45] } 11... g5 { [%clk 0:09:38] }
12. Bg3 { [%clk 0:09:41] } 12... gxf4 { [%clk 0:09:05] } 13. Bf2
{ [%clk 0:09:37] } 13... Ne5 { [%clk 0:08:57] } 14. Qxf4 { [%clk 0:09:14] }
14... Nfxg4 { [%clk 0:08:54] } 15. Kb1 { [%clk 0:09:05] } 15... Bg5
{ [%clk 0:08:47] } 16. Qg3 { [%clk 0:09:02] } 16... Nxf2 { [%clk 0:08:12] } 17.
Qxf2 { [%clk 0:09:00] } 17... Ng4 { [%clk 0:08:11] } 18. Qg3 { [%clk 0:08:51] }
18... Ne3 { [%clk 0:08:09] } 19. Re1 { [%clk 0:08:43] } 19... Nxf1
{ [%clk 0:08:02] } 20. Rhxf1 { [%clk 0:08:41] } 20... Bd7 { [%clk 0:08:01] }
21. Nf3 { [%clk 0:08:33] } 21... Bf6 { [%clk 0:07:52] } 1/2-1/2"
Rated Rapid game,https://lichess.org/7TQhqDn7,2024.08.01,-,vedbyas,danisyoks,0-1,2024.08.01,08:43:28,1557,1551,,,A40,Englund Gambit Declined: Reversed French,600+0,Normal,"1. e3 { [%clk 0:10:00] } 1... e5 { [%clk 0:10:00] } 2. d4 { [%clk 0:10:00] }
2... exd4 { [%clk 0:09:58] } 3. exd4 { [%clk 0:10:00] } 3... Nf6
{ [%clk 0:09:56] } 4. a3 { [%clk 0:09:58] } 4... d5 { [%clk 0:09:50] } 5. h3
{ [%clk 0:09:57] } 5... Bf5 { [%clk 0:09:42] } 6. Nf3 { [%clk 0:09:53] } 6...
Bd6 { [%clk 0:09:37] } 7. c4 { [%clk 0:09:51] } 7... O-O { [%clk 0:09:31] } 8.
Nc3 { [%clk 0:09:39] } 8... c6 { [%clk 0:09:23] } 9. cxd5 { [%clk 0:09:32] }
9... Nxd5 { [%clk 0:09:16] } 10. Nxd5 { [%clk 0:09:28] } 10... cxd5
{ [%clk 0:09:16] } 11. Bd3 { [%clk 0:09:23] } 11... Re8+ { [%clk 0:09:04] } 12.
Be3 { [%clk 0:09:20] } 12... Qa5+ { [%clk 0:08:56] } 13. b4 { [%clk 0:09:11] }
13... Qc7 { [%clk 0:08:35] } 14. O-O { [%clk 0:09:07] } 14... Bxd3
{ [%clk 0:08:29] } 15. Qxd3 { [%clk 0:09:01] } 15... Nc6 { [%clk 0:08:22] } 16.
Rac1 { [%clk 0:08:55] } 16... Qe7 { [%clk 0:08:05] } 17. Rfe1
{ [%clk 0:08:43] } 17... Qf6 { [%clk 0:07:59] } 18. Bg5 { [%clk 0:08:36] }
18... Qg6 { [%clk 0:07:54] } 19. Qxg6 { [%clk 0:08:20] } 19... hxg6
{ [%clk 0:07:54] } 20. Ne5 { [%clk 0:07:57] } 20... Nxe5 { [%clk 0:07:36] } 21.
dxe5 { [%clk 0:07:55] } 21... Bxe5 { [%clk 0:07:29] } 22. Be3
{ [%clk 0:07:50] } 22... b6 { [%clk 0:07:19] } 23. Rcd1 { [%clk 0:07:33] }
23... Rad8 { [%clk 0:07:09] } 24. f4 { [%clk 0:07:30] } 24... Bf6
{ [%clk 0:06:48] } 25. Bd4 { [%clk 0:07:21] } 25... Rxe1+ { [%clk 0:06:36] }
26. Rxe1 { [%clk 0:07:03] } 26... Bxd4+ { [%clk 0:06:36] } 27. Kh1
{ [%clk 0:07:01] } 27... Bb2 { [%clk 0:06:20] } 28. a4 { [%clk 0:06:55] } 28...
Bc3 { [%clk 0:06:15] } 29. Rb1 { [%clk 0:06:50] } 29... d4 { [%clk 0:06:12] }
30. b5 { [%clk 0:06:46] } 30... d3 { [%clk 0:06:09] } 31. Rd1
{ [%clk 0:06:43] } 31... d2 { [%clk 0:06:05] } 32. Kg1 { [%clk 0:06:38] } 32...
Rd4 { [%clk 0:05:58] } 33. Kf1 { [%clk 0:06:36] } 33... Rxf4+
{ [%clk 0:05:55] } 34. Ke2 { [%clk 0:06:35] } 34... Rxa4 { [%clk 0:05:54] } 35.
Kd3 { [%clk 0:06:32] } 35... Ba5 { [%clk 0:05:46] } 36. g4 { [%clk 0:06:16] }
36... Ra3+ { [%clk 0:05:31] } 37. Kc2 { [%clk 0:06:03] } 37... Rxh3
{ [%clk 0:05:28] } 38. Rxd2 { [%clk 0:06:01] } 38... Bxd2 { [%clk 0:05:24] }
39. Kxd2 { [%clk 0:05:55] } 39... Rg3 { [%clk 0:05:23] } 40. Kc2
{ [%clk 0:05:55] } 40... Rxg4 { [%clk 0:05:21] } 41. Kc3 { [%clk 0:05:51] }
41... Re4 { [%clk 0:05:17] } 42. Kd3 { [%clk 0:05:44] } 42... Re8
{ [%clk 0:05:14] } 43. Kd4 { [%clk 0:05:38] } 43... g5 { [%clk 0:05:13] } 44.
Kd5 { [%clk 0:05:36] } 44... g4 { [%clk 0:05:12] } 45. Kc6 { [%clk 0:05:35] }
45... g3 { [%clk 0:05:11] } 46. Kb7 { [%clk 0:05:29] } 46... Re7+
{ [%clk 0:05:08] } 47. Kc6 { [%clk 0:05:13] } 47... g2 { [%clk 0:05:03] } 48.
Kd5 { [%clk 0:05:09] } 48... g1=R { [%clk 0:04:55] } 49. Kc4 { [%clk 0:05:01] }
49... Rg5 { [%clk 0:04:48] } 50. Kb4 { [%clk 0:04:58] } 50... Re4+
{ [%clk 0:04:43] } 51. Kc3 { [%clk 0:04:55] } 51... Rg3+ { [%clk 0:04:38] } 52.
Kd2 { [%clk 0:04:50] } 52... Rh4 { [%clk 0:04:30] } 53. Ke2 { [%clk 0:04:45] }
53... Rh2+ { [%clk 0:04:26] } 54. Kf1 { [%clk 0:04:33] } 54... Ra3
{ [%clk 0:04:20] } 55. Kg1 { [%clk 0:04:31] } 55... Rb2 { [%clk 0:04:09] } 56.
Kf1 { [%clk 0:04:26] } 56... Ra1# { [%clk 0:04:03] } 0-1"
Rated Rapid game,https://lichess.org/kZntToEc,2024.08.01,-,Fettfleckwegfetzer,IFM_Mosi,1-0,2024.08.01,08:43:34,1261,1326,,,B01,Scandinavian Defense: Boehnke Gambit,600+0,Time forfeit,"1. e4 { [%clk 0:10:00] } 1... d5 { [%clk 0:10:00] } 2. exd5 { [%clk 0:09:59] }
2... e6 { [%clk 0:09:59] } 3. dxe6 { [%clk 0:09:57] } 3... Bxe6
{ [%clk 0:09:57] } 4. Qe2 { [%clk 0:09:55] } 4... Bd6 { [%clk 0:09:52] } 5. Nf3
{ [%clk 0:09:54] } 5... Nf6 { [%clk 0:09:51] } 6. g3 { [%clk 0:09:52] } 6...
O-O { [%clk 0:09:49] } 7. d3 { [%clk 0:09:44] } 7... Re8 { [%clk 0:09:45] } 8.
Be3 { [%clk 0:09:43] } 8... Nc6 { [%clk 0:09:41] } 9. Bg2 { [%clk 0:09:42] }
9... a6 { [%clk 0:09:35] } 10. O-O { [%clk 0:09:41] } 10... b5
{ [%clk 0:09:35] } 11. Qd2 { [%clk 0:09:40] } 11... Ne5 { [%clk 0:09:26] } 12.
Nxe5 { [%clk 0:09:30] } 12... Rb8 { [%clk 0:09:23] } 13. Nc6 { [%clk 0:09:24] }
1-0"
Rated Rapid game,https://lichess.org/PTdgwgCs,2024.08.01,-,Jamesbewell,evamii,1-0,2024.08.01,08:43:34,1386,1423,,,B00,Pirc Defense,600+0,Normal,"1. e4 { [%clk 0:10:00] } 1... d6 { [%clk 0:10:00] } 2. Nf3 { [%clk 0:10:00] }
2... Nf6 { [%clk 0:09:58] } 3. Bc4 { [%clk 0:10:00] } 3... Nxe4
{ [%clk 0:09:54] } 4. O-O { [%clk 0:09:52] } 4... g6 { [%clk 0:09:42] } 5. d3
{ [%clk 0:09:48] } 5... Nf6 { [%clk 0:09:37] } 6. Bg5 { [%clk 0:09:45] } 6...
Bg7 { [%clk 0:09:34] } 7. Nc3 { [%clk 0:09:41] } 7... O-O { [%clk 0:09:32] } 8.
Re1 { [%clk 0:09:39] } 8... Nc6 { [%clk 0:09:22] } 9. Ne4 { [%clk 0:09:35] }
9... Bg4 { [%clk 0:09:15] } 10. h3 { [%clk 0:09:18] } 10... Bxf3
{ [%clk 0:09:12] } 11. Qxf3 { [%clk 0:09:16] } 11... Nd4 { [%clk 0:09:03] } 12.
Nxf6+ { [%clk 0:08:59] } 12... Bxf6 { [%clk 0:08:53] } 13. Qf4
{ [%clk 0:08:53] } 13... Bxg5 { [%clk 0:08:44] } 14. Qxd4 { [%clk 0:08:49] }
14... Bf6 { [%clk 0:08:26] } 15. Qe4 { [%clk 0:08:36] } 15... Re8
{ [%clk 0:08:17] } 16. Qxb7 { [%clk 0:08:29] } 16... Bxb2 { [%clk 0:08:09] }
17. Qxb2 { [%clk 0:08:24] } 17... Rb8 { [%clk 0:08:04] } 18. Qd4
{ [%clk 0:08:21] } 18... e5 { [%clk 0:07:58] } 19. Qd5 { [%clk 0:08:19] } 19...
Re7 { [%clk 0:07:42] } 20. Re3 { [%clk 0:08:16] } 20... Rb2 { [%clk 0:07:33] }
21. Rf3 { [%clk 0:08:07] } 21... Qd7 { [%clk 0:07:13] } 22. Qa8+
{ [%clk 0:07:52] } 22... Kg7 { [%clk 0:07:00] } 23. Qxa7 { [%clk 0:07:21] }
23... Rxc2 { [%clk 0:06:56] } 24. a4 { [%clk 0:07:17] } 24... e4
{ [%clk 0:06:38] } 25. Qd4+ { [%clk 0:07:01] } 25... Kg8 { [%clk 0:05:31] } 26.
dxe4 { [%clk 0:06:57] } 26... c5 { [%clk 0:05:18] } 27. Qd5 { [%clk 0:06:53] }
27... Re6 { [%clk 0:05:06] } 28. a5 { [%clk 0:06:48] } 28... Rb2
{ [%clk 0:04:02] } 29. a6 { [%clk 0:06:43] } 29... Qa7 { [%clk 0:03:24] } 30.
Qc6 { [%clk 0:06:21] } 30... Re7 { [%clk 0:02:50] } 31. Qxd6 { [%clk 0:06:05] }
31... Rb6 { [%clk 0:02:38] } 32. Qxc5 { [%clk 0:05:54] } 32... Qc7
{ [%clk 0:02:21] } 33. Bxf7+ { [%clk 0:03:16] } 33... Rxf7 { [%clk 0:02:12] }
34. Rxf7 { [%clk 0:03:13] } 34... Kxf7 { [%clk 0:02:07] } 35. Qxc7+
{ [%clk 0:03:11] } 1-0"
Rated Rapid game,https://lichess.org/WMlO08HJ,2024.08.01,-,IceTeaFoot,harinolah6,1-0,2024.08.01,08:43:34,1375,1438,,,B01,Scandinavian Defense,600+0,Time forfeit,"1. e4 { [%clk 0:10:00] } 1... d5 { [%clk 0:10:00] } 2. exd5 { [%clk 0:09:58] }
2... Qd6 { [%clk 0:09:58] } 3. Nc3 { [%clk 0:09:41] } 3... Nf6
{ [%clk 0:09:56] } 4. Nf3 { [%clk 0:09:33] } 4... Nxd5 { [%clk 0:09:55] } 5.
Nxd5 { [%clk 0:09:16] } 5... Qxd5 { [%clk 0:09:53] } 6. d3 { [%clk 0:09:13] }
6... e6 { [%clk 0:09:51] } 7. Be3 { [%clk 0:08:57] } 7... Bd6
{ [%clk 0:09:42] } 8. Be2 { [%clk 0:08:45] } 8... O-O { [%clk 0:09:41] } 9. O-O
{ [%clk 0:08:43] } 9... Nc6 { [%clk 0:09:37] } 10. c4 { [%clk 0:08:32] } 10...
Qh5 { [%clk 0:09:30] } 11. c5 { [%clk 0:07:18] } 11... Bxc5 { [%clk 0:09:07] }
12. Qc2 { [%clk 0:07:16] } 12... Bxe3 { [%clk 0:09:03] } 13. fxe3
{ [%clk 0:07:15] } 13... Qd5 { [%clk 0:08:53] } 14. e4 { [%clk 0:06:45] } 14...
Qd8 { [%clk 0:08:49] } 15. Rad1 { [%clk 0:06:09] } 15... h6 { [%clk 0:08:37] }
16. d4 { [%clk 0:06:05] } 16... Nb4 { [%clk 0:08:32] } 17. Qb3
{ [%clk 0:05:55] } 17... Qe7 { [%clk 0:08:21] } 18. Ne5 { [%clk 0:05:39] }
18... f6 { [%clk 0:08:14] } 19. Ng6 { [%clk 0:05:34] } 19... Qf7
{ [%clk 0:08:03] } 20. Nxf8 { [%clk 0:05:27] } 20... Kxf8 { [%clk 0:07:58] }
21. Qxb4+ { [%clk 0:05:25] } 21... Kg8 { [%clk 0:07:47] } 22. e5
{ [%clk 0:05:13] } 22... f5 { [%clk 0:07:45] } 23. d5 { [%clk 0:05:07] } 23...
b6 { [%clk 0:07:42] } 24. d6 { [%clk 0:04:31] } 24... Bb7 { [%clk 0:07:40] }
25. d7 { [%clk 0:04:15] } 25... Rd8 { [%clk 0:07:37] } 26. Qa4
{ [%clk 0:03:35] } 26... Qg6 { [%clk 0:07:30] } 27. g3 { [%clk 0:03:21] } 27...
a5 { [%clk 0:07:23] } 28. Qc4 { [%clk 0:03:01] } 28... c6 { [%clk 0:07:10] }
29. Bf3 { [%clk 0:02:54] } 29... b5 { [%clk 0:06:52] } 30. Qc5
{ [%clk 0:02:53] } 30... Qg5 { [%clk 0:06:30] } 31. Bxc6 { [%clk 0:02:42] }
31... Bxc6 { [%clk 0:06:28] } 32. Qxc6 { [%clk 0:02:41] } 32... f4
{ [%clk 0:06:25] } 33. Qc8 { [%clk 0:02:29] } 33... b4 { [%clk 0:06:13] } 34.
Rxf4 { [%clk 0:02:09] } 34... Qe7 { [%clk 0:05:54] } 35. Qxd8+
{ [%clk 0:01:55] } 35... Qxd8 { [%clk 0:05:52] } 36. Rc4 { [%clk 0:01:54] }
36... Kf7 { [%clk 0:05:50] } 37. Rc8 { [%clk 0:01:50] } 37... Qb6+
{ [%clk 0:05:45] } 38. Kg2 { [%clk 0:01:40] } 38... Qb7+ { [%clk 0:05:42] } 39.
Kh3 { [%clk 0:01:36] } 39... Qf3 { [%clk 0:05:25] } 40. Rf8+ { [%clk 0:01:28] }
40... Kxf8 { [%clk 0:05:22] } 41. d8=Q+ { [%clk 0:01:25] } 41... Kf7
{ [%clk 0:05:21] } 42. Rd7+ { [%clk 0:01:14] } 42... Kg6 { [%clk 0:05:17] } 43.
Qe8+ { [%clk 0:01:07] } 43... Kg5 { [%clk 0:05:09] } 44. Rxg7+
{ [%clk 0:01:06] } 44... Kf5 { [%clk 0:05:08] } 45. Rf7+ { [%clk 0:01:02] }
45... Ke4 { [%clk 0:05:00] } 46. Rxf3 { [%clk 0:01:02] } 46... Kxf3
{ [%clk 0:04:59] } 47. Qxe6 { [%clk 0:01:01] } 1-0"
Rated Rapid game,https://lichess.org/oJmgaVJw,2024.08.01,-,Higheleven18,kennymashamba,0-1,2024.08.01,08:43:32,1804,1788,,,A01,Nimzo-Larsen Attack: Modern Variation,600+0,Normal,"1. b3 { [%clk 0:10:00] } 1... e5 { [%clk 0:10:00] } 2. e3 { [%clk 0:09:54] }
2... Nc6 { [%clk 0:09:58] } 3. Bb5 { [%clk 0:09:53] } 3... Nb4
{ [%clk 0:09:55] } 4. Ba3 { [%clk 0:09:49] } 4... Qf6 { [%clk 0:09:45] } 5. Nf3
{ [%clk 0:09:45] } 5... e4 { [%clk 0:09:41] } 6. Nd4 { [%clk 0:09:43] } 6... a6
{ [%clk 0:09:23] } 7. Be2 { [%clk 0:09:40] } 7... Nc6 { [%clk 0:09:18] } 8.
Bxf8 { [%clk 0:09:37] } 8... Kxf8 { [%clk 0:09:13] } 9. Nxc6 { [%clk 0:09:35] }
9... Qxa1 { [%clk 0:09:09] } 10. Nc3 { [%clk 0:09:26] } 10... Qxd1+
{ [%clk 0:09:05] } 11. Bxd1 { [%clk 0:09:24] } 11... dxc6 { [%clk 0:09:03] }
12. O-O { [%clk 0:09:22] } 12... Nf6 { [%clk 0:09:00] } 13. d4
{ [%clk 0:09:20] } 13... exd3 { [%clk 0:08:58] } 14. cxd3 { [%clk 0:09:18] }
14... g6 { [%clk 0:08:57] } 15. a4 { [%clk 0:09:12] } 15... Kg7
{ [%clk 0:08:55] } 16. Bf3 { [%clk 0:09:10] } 16... Bg4 { [%clk 0:08:50] } 17.
Be4 { [%clk 0:09:06] } 17... Nxe4 { [%clk 0:08:37] } 18. Nxe4
{ [%clk 0:09:04] } 18... Be2 { [%clk 0:08:35] } 19. Rc1 { [%clk 0:08:57] }
19... Bxd3 { [%clk 0:08:33] } 20. Nc5 { [%clk 0:08:14] } 20... Rad8
{ [%clk 0:08:13] } 21. g3 { [%clk 0:07:52] } 21... b6 { [%clk 0:08:07] } 22.
Nxd3 { [%clk 0:07:45] } 22... Rxd3 { [%clk 0:08:04] } 23. b4 { [%clk 0:07:41] }
23... Rhd8 { [%clk 0:08:01] } 24. Kg2 { [%clk 0:07:40] } 24... Rd2
{ [%clk 0:07:59] } 25. Rxc6 { [%clk 0:07:37] } 25... Rb2 { [%clk 0:07:56] } 26.
Rxc7 { [%clk 0:07:33] } 26... Rdd2 { [%clk 0:07:51] } 27. Rc6
{ [%clk 0:07:23] } 27... Rxf2+ { [%clk 0:07:44] } 28. Kh3 { [%clk 0:06:54] }
28... h5 { [%clk 0:07:38] } 29. Kh4 { [%clk 0:06:49] } 29... Rxh2+
{ [%clk 0:07:36] } 30. Kg5 { [%clk 0:06:45] } 30... Rxb4 { [%clk 0:07:27] } 31.
Rxg6+ { [%clk 0:06:41] } 31... fxg6 { [%clk 0:07:24] } 32. e4
{ [%clk 0:06:39] } 32... Rxe4 { [%clk 0:07:20] } 0-1"
Rated Rapid game,https://lichess.org/wDOUnNIm,2024.08.01,-,srikar11072010,vasiliy_top,1-0,2024.08.01,08:43:34,838,878,,,A00,Global Opening,600+0,Normal,"1. h3 { [%clk 0:10:00] } 1... e5 { [%clk 0:10:00] } 2. a3 { [%clk 0:09:58] }
2... Nc6 { [%clk 0:09:59] } 3. h4 { [%clk 0:09:55] } 3... Nf6
{ [%clk 0:09:59] } 4. h5 { [%clk 0:09:50] } 4... g6 { [%clk 0:09:53] } 5. hxg6
{ [%clk 0:09:45] } 5... fxg6 { [%clk 0:09:51] } 6. e3 { [%clk 0:09:40] } 6...
d5 { [%clk 0:09:50] } 7. Qf3 { [%clk 0:09:35] } 7... e4 { [%clk 0:09:46] } 8.
Qe2 { [%clk 0:09:09] } 8... Bg4 { [%clk 0:09:23] } 9. f3 { [%clk 0:08:45] }
9... exf3 { [%clk 0:09:19] } 10. gxf3 { [%clk 0:08:39] } 10... Bf5
{ [%clk 0:09:05] } 11. b3 { [%clk 0:08:10] } 11... Bxc2 { [%clk 0:08:55] } 12.
Bb2 { [%clk 0:07:54] } 12... Bxb3 { [%clk 0:08:50] } 13. e4 { [%clk 0:07:04] }
13... Be7 { [%clk 0:08:37] } 14. exd5 { [%clk 0:06:35] } 14... Bxd5
{ [%clk 0:08:30] } 15. Nc3 { [%clk 0:04:26] } 15... Ng4 { [%clk 0:08:15] } 16.
Nxd5 { [%clk 0:04:11] } 16... Qxd5 { [%clk 0:08:11] } 17. Bxh8
{ [%clk 0:04:06] } 17... O-O-O { [%clk 0:08:03] } 18. Rxh7 { [%clk 0:03:55] }
18... Bh4+ { [%clk 0:07:47] } 19. Rxh4 { [%clk 0:03:50] } 19... Rxh8
{ [%clk 0:07:46] } 20. Rxh8+ { [%clk 0:03:47] } 20... Qd8 { [%clk 0:07:45] }
1-0"
Rated Rapid game,https://lichess.org/TnybDod9,2024.08.01,-,magnusjuggler,thisisvish,0-1,2024.08.01,08:43:34,1440,1429,,,B06,Modern Defense,600+0,Normal,"1. e4 { [%clk 0:10:00] } 1... g6 { [%clk 0:10:00] } 2. Nf3 { [%clk 0:09:58] }
2... Bg7 { [%clk 0:09:59] } 3. d4 { [%clk 0:09:57] } 3... d6 { [%clk 0:09:58] }
4. c4 { [%clk 0:09:55] } 4... b6 { [%clk 0:09:53] } 5. Nc3 { [%clk 0:09:53] }
5... c5 { [%clk 0:09:52] } 6. e5 { [%clk 0:09:49] } 6... cxd4
{ [%clk 0:09:40] } 7. Nxd4 { [%clk 0:09:48] } 7... dxe5 { [%clk 0:09:37] } 8.
Qa4+ { [%clk 0:09:45] } 8... Bd7 { [%clk 0:09:28] } 9. Ncb5 { [%clk 0:09:40] }
9... a6 { [%clk 0:09:22] } 10. Qb3 { [%clk 0:09:23] } 10... axb5
{ [%clk 0:09:19] } 11. cxb5 { [%clk 0:09:22] } 11... Nf6 { [%clk 0:09:06] } 12.
Bc4 { [%clk 0:09:20] } 12... O-O { [%clk 0:09:03] } 13. Nc6 { [%clk 0:09:15] }
13... Nxc6 { [%clk 0:09:01] } 14. bxc6 { [%clk 0:09:14] } 14... Bxc6
{ [%clk 0:08:59] } 15. O-O { [%clk 0:09:13] } 15... Ba4 { [%clk 0:08:46] } 16.
Qd3 { [%clk 0:08:56] } 16... Qxd3 { [%clk 0:08:40] } 17. Bxd3
{ [%clk 0:08:54] } 17... Rad8 { [%clk 0:08:31] } 18. Bxg6 { [%clk 0:08:46] }
18... fxg6 { [%clk 0:08:27] } 19. Bg5 { [%clk 0:08:45] } 19... Nd7
{ [%clk 0:08:07] } 20. Bxe7 { [%clk 0:08:43] } 20... Rfe8 { [%clk 0:07:51] }
21. Bxd8 { [%clk 0:08:41] } 21... Rxd8 { [%clk 0:07:50] } 22. b3
{ [%clk 0:08:40] } 22... Bb5 { [%clk 0:07:46] } 23. Rfc1 { [%clk 0:08:39] }
23... Bd3 { [%clk 0:07:25] } 24. Rd1 { [%clk 0:08:36] } 24... Bf5
{ [%clk 0:07:24] } 25. Rac1 { [%clk 0:08:34] } 25... Ra8 { [%clk 0:07:17] } 26.
a4 { [%clk 0:08:30] } 26... Nc5 { [%clk 0:07:03] } 27. b4 { [%clk 0:08:27] }
27... Nxa4 { [%clk 0:07:02] } 28. h3 { [%clk 0:08:21] } 28... b5
{ [%clk 0:06:39] } 29. g4 { [%clk 0:08:17] } 29... Be6 { [%clk 0:06:32] } 30.
f3 { [%clk 0:08:09] } 30... Rf8 { [%clk 0:06:26] } 31. Kg2 { [%clk 0:08:06] }
31... Nb2 { [%clk 0:06:16] } 32. Rd6 { [%clk 0:08:02] } 32... Bf7
{ [%clk 0:05:58] } 33. Rc5 { [%clk 0:07:53] } 33... Bc4 { [%clk 0:05:52] } 34.
Rcc6 { [%clk 0:07:49] } 34... Nd3 { [%clk 0:05:40] } 35. Rc7 { [%clk 0:07:40] }
35... Nxb4 { [%clk 0:05:21] } 36. Rcd7 { [%clk 0:07:28] } 36... Nc2
{ [%clk 0:04:57] } 37. Rd8 { [%clk 0:07:26] } 37... b4 { [%clk 0:04:11] } 38.
Rxf8+ { [%clk 0:07:22] } 38... Bxf8 { [%clk 0:04:09] } 39. Rc6
{ [%clk 0:07:20] } 39... Bd3 { [%clk 0:04:05] } 40. Kf2 { [%clk 0:07:18] }
40... b3 { [%clk 0:04:02] } 41. Rc8 { [%clk 0:07:12] } 0-1"
Rated Rapid game,https://lichess.org/2JugJ2IJ,2024.08.01,-,lanzaga,Chesswalker0,1-0,2024.08.01,08:43:34,1591,1601,,,A53,Old Indian Defense,600+0,Normal,"1. d4 { [%clk 0:10:00] } 1... d6 { [%clk 0:10:00] } 2. c4 { [%clk 0:09:58] }
2... Nf6 { [%clk 0:09:59] } 3. Nf3 { [%clk 0:09:55] } 3... e6
{ [%clk 0:09:58] } 4. Nc3 { [%clk 0:09:53] } 4... Be7 { [%clk 0:09:58] } 5. e4
{ [%clk 0:09:52] } 5... O-O { [%clk 0:09:55] } 6. Bf4 { [%clk 0:09:49] } 6...
c6 { [%clk 0:09:53] } 7. Bd3 { [%clk 0:09:45] } 7... Nbd7 { [%clk 0:09:52] } 8.
O-O { [%clk 0:09:38] } 8... a6 { [%clk 0:09:45] } 9. a3 { [%clk 0:09:36] } 9...
b5 { [%clk 0:09:44] } 10. b4 { [%clk 0:09:27] } 10... Bb7 { [%clk 0:09:42] }
11. d5 { [%clk 0:09:18] } 11... cxd5 { [%clk 0:09:39] } 12. cxd5
{ [%clk 0:09:15] } 12... Rc8 { [%clk 0:09:29] } 13. Rc1 { [%clk 0:09:05] }
13... exd5 { [%clk 0:09:24] } 14. exd5 { [%clk 0:08:49] } 14... Nxd5
{ [%clk 0:09:18] } 15. Nxd5 { [%clk 0:08:46] } 15... Bxd5 { [%clk 0:09:17] }
16. Rxc8 { [%clk 0:08:07] } 16... Qxc8 { [%clk 0:09:13] } 17. Bxh7+
{ [%clk 0:08:03] } 17... Kxh7 { [%clk 0:09:07] } 18. Qxd5 { [%clk 0:07:56] }
18... Nb6 { [%clk 0:09:07] } 19. Qh5+ { [%clk 0:07:49] } 19... Kg8
{ [%clk 0:09:03] } 20. Ng5 { [%clk 0:07:35] } 20... Bxg5 { [%clk 0:08:52] } 21.
Bxg5 { [%clk 0:07:32] } 21... Qf5 { [%clk 0:08:46] } 22. g4 { [%clk 0:07:07] }
22... Qd3 { [%clk 0:08:29] } 23. Be3 { [%clk 0:06:55] } 23... Nc4
{ [%clk 0:08:21] } 24. Bc1 { [%clk 0:06:09] } 24... Ne5 { [%clk 0:08:13] } 25.
f4 { [%clk 0:05:04] } 25... Nf3+ { [%clk 0:08:06] } 26. Kg2 { [%clk 0:04:25] }
26... Qe2+ { [%clk 0:08:04] } 27. Rf2 { [%clk 0:04:22] } 27... Ne1+
{ [%clk 0:07:57] } 28. Kg3 { [%clk 0:04:12] } 28... Qd3+ { [%clk 0:07:24] } 29.
Kh4 { [%clk 0:03:48] } 29... Nf3+ { [%clk 0:07:20] } 30. Rxf3
{ [%clk 0:03:43] } 30... Qxf3 { [%clk 0:07:18] } 31. h3 { [%clk 0:03:38] }
31... Qf2+ { [%clk 0:07:00] } 32. Kg5 { [%clk 0:03:29] } 32... f6+
{ [%clk 0:07:00] } 33. Kg6 { [%clk 0:03:20] } 33... Qc2+ { [%clk 0:06:53] } 34.
f5 { [%clk 0:03:16] } 34... Qxc1 { [%clk 0:06:51] } 35. Qh7# { [%clk 0:03:14] }
1-0"
Rated Rapid game,https://lichess.org/hJKW8VYS,2024.08.01,-,GiriGobbler,slamets123,0-1,2024.08.01,08:43:34,2091,2144,,,A04,Zukertort Opening: Queenside Fianchetto Variation,600+0,Normal,"1. Nf3 { [%clk 0:10:00] } 1... b6 { [%clk 0:10:00] } 2. g3 { [%clk 0:09:59] }
2... Bb7 { [%clk 0:09:59] } 3. Bg2 { [%clk 0:09:59] } 3... d6
{ [%clk 0:09:58] } 4. O-O { [%clk 0:09:59] } 4... e5 { [%clk 0:09:57] } 5. d3
{ [%clk 0:09:58] } 5... Nf6 { [%clk 0:09:55] } 6. c4 { [%clk 0:09:57] } 6...
Be7 { [%clk 0:09:53] } 7. Nc3 { [%clk 0:09:55] } 7... O-O { [%clk 0:09:52] } 8.
a4 { [%clk 0:09:47] } 8... a5 { [%clk 0:09:49] } 9. Nb5 { [%clk 0:09:44] } 9...
Nbd7 { [%clk 0:09:44] } 10. Bd2 { [%clk 0:09:30] } 10... Re8 { [%clk 0:09:41] }
11. b4 { [%clk 0:09:28] } 11... axb4 { [%clk 0:09:39] } 12. Bxb4
{ [%clk 0:09:28] } 12... Nf8 { [%clk 0:09:25] } 13. a5 { [%clk 0:09:24] } 13...
c6 { [%clk 0:09:11] } 14. Nc3 { [%clk 0:09:20] } 14... c5 { [%clk 0:09:09] }
15. Ba3 { [%clk 0:09:17] } 15... Rxa5 { [%clk 0:08:59] } 16. Nb5
{ [%clk 0:09:16] } 16... Bc6 { [%clk 0:08:48] } 17. Qb3 { [%clk 0:09:09] }
17... Bxb5 { [%clk 0:08:40] } 18. cxb5 { [%clk 0:09:07] } 18... Qd7
{ [%clk 0:08:35] } 19. Rfb1 { [%clk 0:09:05] } 19... Rea8 { [%clk 0:08:28] }
20. Nd2 { [%clk 0:09:02] } 20... R8a7 { [%clk 0:08:13] } 21. Nc4
{ [%clk 0:09:01] } 21... Ne6 { [%clk 0:07:40] } 22. Nxa5 { [%clk 0:08:52] }
22... Rxa5 { [%clk 0:07:39] } 23. Bc6 { [%clk 0:08:50] } 23... Qa7
{ [%clk 0:07:35] } 24. Bb2 { [%clk 0:08:48] } 24... g6 { [%clk 0:07:07] } 25.
Rxa5 { [%clk 0:08:46] } 25... Qxa5 { [%clk 0:07:05] } 26. Ra1
{ [%clk 0:08:45] } 26... Qd2 { [%clk 0:07:04] } 27. Ra6 { [%clk 0:08:32] }
27... Qxe2 { [%clk 0:06:56] } 28. Rxb6 { [%clk 0:08:31] } 28... Ng4
{ [%clk 0:06:54] } 29. Rb8+ { [%clk 0:08:21] } 29... Kg7 { [%clk 0:06:47] } 30.
Ba1 { [%clk 0:07:17] } 30... Qxf2+ { [%clk 0:06:44] } 31. Kh1
{ [%clk 0:07:16] } 31... Qxh2# { [%clk 0:06:42] } 0-1"
Rated Rapid game,https://lichess.org/S8XiPrp0,2024.08.01,-,chess24SB,Rivojoseph2,1-0,2024.08.01,08:43:34,1933,2021,,,D02,"Queen's Pawn Game: Symmetrical Variation, Pseudo-Catalan",600+0,Normal,"1. Nf3 { [%eval 0.17] [%clk 0:10:00] } 1... d5 { [%eval 0.18] [%clk 0:10:00] }
2. d4 { [%eval 0.2] [%clk 0:09:57] } 2... Nf6 { [%eval 0.14] [%clk 0:09:58] }
3. g3 { [%eval 0.0] [%clk 0:09:51] } 3... h6 { [%eval 0.35] [%clk 0:09:56] } 4.
Bg2 { [%eval 0.16] [%clk 0:09:49] } 4... Bf5 { [%eval 0.08] [%clk 0:09:55] } 5.
O-O { [%eval -0.06] [%clk 0:09:48] } 5... g5 $2 { [%eval 1.15] [%clk 0:09:37] }
6. c4 { [%eval 1.2] [%clk 0:09:43] } 6... e6 { [%eval 1.37] [%clk 0:09:28] } 7.
Nc3 { [%eval 0.91] [%clk 0:09:41] } 7... c6 { [%eval 0.88] [%clk 0:09:26] } 8.
b3 { [%eval 0.37] [%clk 0:09:35] } 8... Nbd7 { [%eval 0.47] [%clk 0:09:23] } 9.
Bb2 { [%eval 0.19] [%clk 0:09:32] } 9... Qc7 $6 { [%eval 1.01] [%clk 0:08:58] }
10. e3 { [%eval 0.46] [%clk 0:09:17] } 10... Bg4
{ [%eval 0.83] [%clk 0:08:55] } 11. cxd5 { [%eval 0.92] [%clk 0:09:12] } 11...
exd5 { [%eval 1.02] [%clk 0:08:49] } 12. Re1 { [%eval 0.6] [%clk 0:09:09] }
12... O-O-O { [%eval 0.61] [%clk 0:07:55] } 13. e4
{ [%eval 0.45] [%clk 0:09:07] } 13... Bb4 { [%eval 0.87] [%clk 0:07:43] } 14.
e5 { [%eval 0.85] [%clk 0:09:04] } 14... Ne4 $2 { [%eval 2.25] [%clk 0:07:36] }
15. Nxe4 $6 { [%eval 1.51] [%clk 0:09:02] } 15... Bxe1 $2
{ [%eval 4.43] [%clk 0:07:27] } 16. Nd6+ { [%eval 4.48] [%clk 0:09:00] } 16...
Kb8 { [%eval 4.51] [%clk 0:07:16] } 17. Qxe1 { [%eval 4.44] [%clk 0:09:00] }
17... Rdf8 { [%eval 4.89] [%clk 0:07:12] } 18. b4 $2
{ [%eval 3.89] [%clk 0:08:50] } 18... f5 { [%eval 4.25] [%clk 0:06:58] } 19. b5
{ [%eval 4.1] [%clk 0:08:47] } 19... f4 { [%eval 4.45] [%clk 0:06:41] } 20.
bxc6 { [%eval 3.94] [%clk 0:08:42] } 20... Qxc6 { [%eval 4.82] [%clk 0:06:39] }
21. Rc1 { [%eval 4.64] [%clk 0:08:38] } 21... Qa4
{ [%eval 5.36] [%clk 0:06:20] } 22. Nd2 { [%eval 4.45] [%clk 0:08:28] } 22...
fxg3 { [%eval 4.39] [%clk 0:06:14] } 23. fxg3 { [%eval 4.51] [%clk 0:08:23] }
23... Nb6 { [%eval 4.43] [%clk 0:05:56] } 24. Bc3
{ [%eval 4.28] [%clk 0:08:18] } 24... h5 { [%eval 4.92] [%clk 0:05:41] } 25. h3
{ [%eval 4.76] [%clk 0:08:09] } 25... Be6 { [%eval 4.68] [%clk 0:05:35] } 26.
Qd1 $6 { [%eval 3.72] [%clk 0:08:05] } 26... Qxd1+
{ [%eval 4.36] [%clk 0:05:21] } 27. Rxd1 { [%eval 4.2] [%clk 0:08:05] } 27...
g4 { [%eval 4.66] [%clk 0:04:59] } 28. h4 { [%eval 4.71] [%clk 0:08:01] } 28...
Rfg8 { [%eval 5.03] [%clk 0:04:43] } 29. Nb3 { [%eval 4.88] [%clk 0:07:57] }
29... Bd7 { [%eval 5.69] [%clk 0:04:22] } 30. Nc5
{ [%eval 5.69] [%clk 0:07:56] } 30... Bc6 { [%eval 5.56] [%clk 0:04:21] } 31.
Re1 { [%eval 5.53] [%clk 0:07:51] } 31... Rh7 { [%eval 5.56] [%clk 0:03:51] }
32. Rf1 { [%eval 5.3] [%clk 0:07:48] } 32... a6 { [%eval 5.24] [%clk 0:03:41] }
33. Rf4 { [%eval 5.03] [%clk 0:07:35] } 33... Re7
{ [%eval 5.42] [%clk 0:03:03] } 34. Bf1 { [%eval 5.04] [%clk 0:07:28] } 34...
Nc8 { [%eval 5.05] [%clk 0:02:35] } 35. Nxc8 { [%eval 4.79] [%clk 0:07:14] }
35... Kxc8 { [%eval 5.34] [%clk 0:02:29] } 36. Bd3
{ [%eval 5.17] [%clk 0:07:13] } 36... Kb8 { [%eval 5.41] [%clk 0:02:22] } 37.
Bb4 { [%eval 5.59] [%clk 0:07:08] } 37... Ree8 { [%eval 5.24] [%clk 0:02:10] }
38. Nb3 { [%eval 5.16] [%clk 0:07:01] } 38... Rg7
{ [%eval 5.47] [%clk 0:01:52] } 39. Bd6+ { [%eval 5.42] [%clk 0:06:52] } 39...
Ka7 { [%eval 5.32] [%clk 0:01:46] } 40. Na5 { [%eval 4.57] [%clk 0:06:42] }
40... Bb5 { [%eval 4.64] [%clk 0:01:38] } 41. Bf5
{ [%eval 4.09] [%clk 0:06:27] } 41... Kb6 { [%eval 4.66] [%clk 0:01:34] } 42.
Nb3 { [%eval 4.45] [%clk 0:06:24] } 42... Bc4 { [%eval 4.92] [%clk 0:01:28] }
43. Kf2 { [%eval 5.12] [%clk 0:06:11] } 43... Kb5
{ [%eval 5.24] [%clk 0:01:24] } 44. Ke3 { [%eval 5.17] [%clk 0:06:01] } 44...
b6 { [%eval 5.31] [%clk 0:01:19] } 45. Kd2 { [%eval 5.18] [%clk 0:05:58] }
45... a5 { [%eval 4.96] [%clk 0:01:14] } 46. Kc3
{ [%eval 4.73] [%clk 0:05:54] } 46... a4 { [%eval 5.19] [%clk 0:01:13] } 47.
Nd2 { [%eval 5.16] [%clk 0:05:49] } 47... Bxa2 { [%eval 5.27] [%clk 0:01:10] }
48. Bc2 { [%eval 4.31] [%clk 0:05:47] } 48... Bc4
{ [%eval 5.29] [%clk 0:01:04] } 49. Nxc4 { [%eval 5.15] [%clk 0:05:45] } 49...
Rc8 { [%eval 5.23] [%clk 0:00:59] } 50. Bd3 { [%eval 5.1] [%clk 0:05:39] }
50... dxc4 { [%eval 5.28] [%clk 0:00:58] } 51. Bb1
{ [%eval 5.09] [%clk 0:05:37] } 51... Ka6 { [%eval 5.87] [%clk 0:00:53] } 52.
Bb4 { [%eval 5.8] [%clk 0:05:30] } 52... b5 { [%eval 6.29] [%clk 0:00:51] } 53.
Be4 { [%eval 6.0] [%clk 0:05:21] } 53... Rd8 $2 { [%eval 8.45] [%clk 0:00:48] }
54. Rf6+ { [%eval 8.29] [%clk 0:05:15] } 54... Ka7
{ [%eval 8.02] [%clk 0:00:45] } 55. Bc5+ { [%eval 7.52] [%clk 0:05:14] } 55...
Kb8 { [%eval 6.83] [%clk 0:00:42] } 56. Rb6+ { [%eval 6.65] [%clk 0:05:12] }
56... Kc8 { [%eval 6.61] [%clk 0:00:40] } 57. Bf5+
{ [%eval 6.59] [%clk 0:05:10] } 57... Kc7 { [%eval 6.47] [%clk 0:00:39] } 58.
Rxb5 { [%eval 6.41] [%clk 0:05:08] } 58... Ra8 { [%eval 7.18] [%clk 0:00:35] }
59. Bd6+ { [%eval 6.67] [%clk 0:05:04] } 59... Kd8
{ [%eval 6.52] [%clk 0:00:33] } 60. Rb8+ $4 { [%eval 2.06] [%clk 0:05:01] }
60... Rxb8 { [%eval 2.65] [%clk 0:00:31] } 61. Bxb8
{ [%eval 2.34] [%clk 0:05:01] } 61... a3 { [%eval 2.8] [%clk 0:00:31] } 62. Bd6
{ [%eval 2.29] [%clk 0:04:58] } 62... a2 $2 { [%eval 3.95] [%clk 0:00:29] } 63.
Kb2 { [%eval 3.85] [%clk 0:04:57] } 63... Rb7+ $2
{ [%eval 5.96] [%clk 0:00:27] } 64. Kxa2 { [%eval 5.51] [%clk 0:04:56] } 64...
c3 { [%eval 6.74] [%clk 0:00:26] } 65. Bc5 { [%eval 5.36] [%clk 0:04:49] }
65... Rb2+ { [%eval 5.17] [%clk 0:00:26] } 66. Ka1
{ [%eval 4.91] [%clk 0:04:47] } 66... Rg2 $2 { [%eval 6.9] [%clk 0:00:25] } 67.
e6 { [%eval 6.14] [%clk 0:04:43] } 67... Rxg3 $4 { [%eval #8] [%clk 0:00:24] }
68. e7+ { [%eval #7] [%clk 0:04:42] } 68... Ke8 { [%eval #7] [%clk 0:00:21] }
69. Bg6+ { [%eval #6] [%clk 0:04:41] } 69... Kd7 { [%eval #6] [%clk 0:00:20] }
70. e8=Q+ { [%eval #5] [%clk 0:04:40] } 1-0"
Rated Rapid game,https://lichess.org/wuuUkSaf,2024.08.01,-,jaqueton2,Alfio_Bete,1-0,2024.08.01,08:43:34,1895,1834,,,D02,Queen's Pawn Game: Zukertort Variation,600+0,Normal,"1. d4 { [%clk 0:10:00] } 1... d5 { [%clk 0:10:00] } 2. Nf3 { [%clk 0:09:59] }
2... g6 { [%clk 0:09:57] } 3. Bf4 { [%clk 0:09:56] } 3... Bg7
{ [%clk 0:09:51] } 4. e3 { [%clk 0:09:52] } 4... Nc6 { [%clk 0:09:49] } 5. c4
{ [%clk 0:09:49] } 5... e6 { [%clk 0:09:36] } 6. Nc3 { [%clk 0:09:41] } 6...
dxc4 { [%clk 0:09:31] } 7. Bxc4 { [%clk 0:09:40] } 7... Nge7 { [%clk 0:09:22] }
8. O-O { [%clk 0:09:09] } 8... O-O { [%clk 0:09:20] } 9. Ne5 { [%clk 0:08:54] }
9... Nxe5 { [%clk 0:09:09] } 10. Bxe5 { [%clk 0:08:52] } 10... f6
{ [%clk 0:09:03] } 11. Bg3 { [%clk 0:08:49] } 11... c6 { [%clk 0:08:57] } 12.
e4 { [%clk 0:08:35] } 12... Kh8 { [%clk 0:08:48] } 13. d5 { [%clk 0:08:29] }
13... exd5 { [%clk 0:08:38] } 14. exd5 { [%clk 0:08:28] } 14... cxd5
{ [%clk 0:08:32] } 15. Nxd5 { [%clk 0:08:22] } 15... Nxd5 { [%clk 0:08:25] }
16. Qxd5 { [%clk 0:08:18] } 16... Qxd5 { [%clk 0:08:02] } 17. Bxd5
{ [%clk 0:08:17] } 17... f5 { [%clk 0:07:51] } 18. Rfe1 { [%clk 0:08:09] }
18... f4 { [%clk 0:07:46] } 19. Bh4 { [%clk 0:08:08] } 19... h6
{ [%clk 0:06:50] } 20. Be7 { [%clk 0:08:04] } 20... Re8 { [%clk 0:06:30] } 21.
Bf7 { [%clk 0:08:02] } 21... Bxb2 { [%clk 0:05:49] } 22. Bxe8
{ [%clk 0:07:42] } 22... Bxa1 { [%clk 0:05:32] } 23. Rxa1 { [%clk 0:07:40] }
23... Bf5 { [%clk 0:05:22] } 24. Ba4 { [%clk 0:07:37] } 24... Rc8
{ [%clk 0:05:08] } 25. Rd1 { [%clk 0:07:10] } 25... Kg7 { [%clk 0:04:48] } 26.
Ba3 { [%clk 0:06:59] } 26... Rc7 { [%clk 0:03:57] } 27. Bd6 { [%clk 0:06:34] }
27... Rc4 { [%clk 0:03:29] } 28. Bb3 { [%clk 0:06:30] } 28... Rc6
{ [%clk 0:03:19] } 29. Be5+ { [%clk 0:06:28] } 29... Kh7 { [%clk 0:03:18] } 30.
Bxf4 { [%clk 0:06:14] } 30... g5 { [%clk 0:03:17] } 31. Be3 { [%clk 0:06:10] }
31... b6 { [%clk 0:03:11] } 32. h3 { [%clk 0:06:08] } 32... Kg6
{ [%clk 0:02:54] } 33. Rc1 { [%clk 0:05:49] } 33... Rxc1+ { [%clk 0:02:39] }
34. Bxc1 { [%clk 0:05:47] } 34... b5 { [%clk 0:02:26] } 35. Bd5
{ [%clk 0:05:20] } 1-0"
Rated Rapid game,https://lichess.org/yA5AvdYe,2024.08.01,-,bosco345,Nicolas_Zehntner,1/2-1/2,2024.08.01,08:43:34,1079,1101,,,B07,King's Pawn Game: Maróczy Defense,600+0,Normal,"1. e4 { [%clk 0:10:00] } 1... e5 { [%clk 0:10:00] } 2. d4 { [%clk 0:09:58] }
2... d6 { [%clk 0:09:55] } 3. dxe5 { [%clk 0:09:57] } 3... a6
{ [%clk 0:09:55] } 4. exd6 { [%clk 0:09:55] } 4... cxd6 { [%clk 0:09:52] } 5.
Bd3 { [%clk 0:09:47] } 5... h6 { [%clk 0:09:49] } 6. Nf3 { [%clk 0:09:45] }
6... Nf6 { [%clk 0:09:49] } 7. O-O { [%clk 0:09:42] } 7... Bg4
{ [%clk 0:09:48] } 8. h3 { [%clk 0:09:40] } 8... Bh5 { [%clk 0:09:47] } 9. g4
{ [%clk 0:09:37] } 9... Nxg4 { [%clk 0:09:44] } 10. hxg4 { [%clk 0:09:35] }
10... Bxg4 { [%clk 0:09:43] } 11. Kg2 { [%clk 0:09:31] } 11... h5
{ [%clk 0:09:40] } 12. Bg5 { [%clk 0:09:17] } 12... Be7 { [%clk 0:09:31] } 13.
Bf4 { [%clk 0:09:07] } 13... O-O { [%clk 0:09:22] } 14. Kg3 { [%clk 0:08:55] }
14... Bh4+ { [%clk 0:09:14] } 15. Nxh4 { [%clk 0:08:50] } 15... Bxd1
{ [%clk 0:09:11] } 16. Rxd1 { [%clk 0:08:47] } 16... g5 { [%clk 0:08:59] } 17.
Nf5 { [%clk 0:08:27] } 17... gxf4+ { [%clk 0:08:55] } 18. Kxf4
{ [%clk 0:08:26] } 18... Kh7 { [%clk 0:08:43] } 19. Rh1 { [%clk 0:08:24] }
19... Kh8 { [%clk 0:08:42] } 20. Rxh5+ { [%clk 0:08:20] } 20... Kg8
{ [%clk 0:08:40] } 21. Nc3 { [%clk 0:08:13] } 21... Qd7 { [%clk 0:08:34] } 22.
Rah1 { [%clk 0:08:10] } 22... f6 { [%clk 0:08:27] } 23. Rh8+ { [%clk 0:08:07] }
23... Kf7 { [%clk 0:08:25] } 24. R1h7+ { [%clk 0:08:03] } 24... Ke6
{ [%clk 0:08:22] } 25. Rxd7 { [%clk 0:08:02] } 25... Nxd7 { [%clk 0:08:18] }
26. Rxf8 { [%clk 0:07:56] } 26... Nxf8 { [%clk 0:08:14] } 27. Nd5
{ [%clk 0:07:49] } 27... Ng6+ { [%clk 0:08:12] } 28. Kg4 { [%clk 0:07:46] }
28... Rg8 { [%clk 0:08:09] } 29. Kf3 { [%clk 0:07:25] } 29... Ne5+
{ [%clk 0:08:07] } 30. Ke3 { [%clk 0:07:22] } 30... Ng4+ { [%clk 0:07:54] } 31.
Kd2 { [%clk 0:07:20] } 31... Nxf2 { [%clk 0:07:45] } 32. Bc4 { [%clk 0:07:15] }
32... b5 { [%clk 0:07:41] } 33. Nf4+ { [%clk 0:07:07] } 33... Ke5
{ [%clk 0:07:34] } 34. Bxg8 { [%clk 0:07:03] } 34... Nxe4+ { [%clk 0:07:32] }
35. Ke3 { [%clk 0:07:01] } 35... Kxf5 { [%clk 0:07:29] } 36. Be6+
{ [%clk 0:06:53] } 36... Ke5 { [%clk 0:07:25] } 37. Bd5 { [%clk 0:06:46] }
37... f5 { [%clk 0:07:18] } 38. Bb7 { [%clk 0:06:39] } 38... a5
{ [%clk 0:07:06] } 39. Ba6 { [%clk 0:06:37] } 39... b4 { [%clk 0:07:05] } 40.
b3 { [%clk 0:06:31] } 40... Nc5 { [%clk 0:07:04] } 41. Bc4 { [%clk 0:06:25] }
41... d5 { [%clk 0:07:00] } 42. Bxd5 { [%clk 0:06:23] } 42... Nd7
{ [%clk 0:06:43] } 43. Be6 { [%clk 0:05:14] } 43... Nc5 { [%clk 0:06:35] } 44.
Bc4 { [%clk 0:05:03] } 44... Ne4 { [%clk 0:06:11] } 45. Nd3+ { [%clk 0:04:57] }
45... Kf6 { [%clk 0:06:06] } 46. Nf2 { [%clk 0:04:54] } 46... Ng5
{ [%clk 0:05:55] } 47. Kf4 { [%clk 0:04:51] } 47... Ne6+ { [%clk 0:05:50] } 48.
Kf3 { [%clk 0:04:47] } 48... Ng5+ { [%clk 0:05:48] } 49. Kg3 { [%clk 0:04:42] }
49... Ne4+ { [%clk 0:05:41] } 50. Nxe4+ { [%clk 0:04:41] } 50... fxe4
{ [%clk 0:05:40] } 51. Kf2 { [%clk 0:04:39] } 51... Ke5 { [%clk 0:05:39] } 52.
Ke3 { [%clk 0:04:38] } 52... Kf5 { [%clk 0:05:34] } 53. Bd5 { [%clk 0:04:34] }
53... Ke5 { [%clk 0:05:33] } 54. Bxe4 { [%clk 0:04:33] } 54... Kd6
{ [%clk 0:05:31] } 55. Bd3 { [%clk 0:04:31] } 55... Kc5 { [%clk 0:05:30] } 56.
Ke4 { [%clk 0:04:28] } 56... Kc6 { [%clk 0:05:27] } 57. Kd4 { [%clk 0:04:27] }
57... Kb6 { [%clk 0:05:25] } 58. Bc4 { [%clk 0:04:24] } 58... Kc6
{ [%clk 0:05:20] } 59. c3 { [%clk 0:04:21] } 59... bxc3 { [%clk 0:05:10] } 60.
Kxc3 { [%clk 0:04:19] } 60... Kc5 { [%clk 0:05:08] } 61. a3 { [%clk 0:04:11] }
61... Kb6 { [%clk 0:05:05] } 62. Kd4 { [%clk 0:04:05] } 62... Kc6
{ [%clk 0:04:58] } 63. a4 { [%clk 0:03:59] } 63... Kb6 { [%clk 0:04:57] } 64.
Bb5 { [%clk 0:03:56] } 64... Kc7 { [%clk 0:04:51] } 65. Kc5 { [%clk 0:03:55] }
65... Kb7 { [%clk 0:04:49] } 66. Bc4 { [%clk 0:03:49] } 66... Ka7
{ [%clk 0:04:43] } 67. Kb5 { [%clk 0:03:48] } 67... Kb7 { [%clk 0:04:35] } 68.
Kxa5 { [%clk 0:03:46] } 68... Kc6 { [%clk 0:04:34] } 69. Bb5+
{ [%clk 0:03:42] } 69... Kc5 { [%clk 0:04:33] } 70. Ka6 { [%clk 0:03:39] }
70... Kb4 { [%clk 0:04:31] } 71. Bc4 { [%clk 0:03:37] } 71... Kc5
{ [%clk 0:04:25] } 72. Kb7 { [%clk 0:03:31] } 72... Kb4 { [%clk 0:04:24] } 73.
Kc6 { [%clk 0:03:28] } 73... Ka5 { [%clk 0:04:23] } 74. Kc5 { [%clk 0:03:26] }
1/2-1/2"
Rated Rapid game,https://lichess.org/RyN913Xf,2024.08.01,-,olegyar,Miguel1886,0-1,2024.08.01,08:43:34,1639,1642,,,B01,Scandinavian Defense: Main Line,600+0,Normal,"1. e4 { [%clk 0:10:00] } 1... d5 { [%clk 0:10:00] } 2. exd5 { [%clk 0:09:57] }
2... Qxd5 { [%clk 0:09:59] } 3. Nc3 { [%clk 0:09:54] } 3... Qa5
{ [%clk 0:09:58] } 4. d4 { [%clk 0:09:52] } 4... c6 { [%clk 0:09:57] } 5. Nf3
{ [%clk 0:09:45] } 5... Bg4 { [%clk 0:09:55] } 6. Bc4 { [%clk 0:09:36] } 6...
e6 { [%clk 0:09:53] } 7. Bb3 { [%clk 0:09:34] } 7... Nd7 { [%clk 0:09:52] } 8.
Bd2 { [%clk 0:09:30] } 8... Qb6 { [%clk 0:09:51] } 9. Be3 { [%clk 0:09:22] }
9... Qc7 { [%clk 0:09:48] } 10. h3 { [%clk 0:09:15] } 10... Bxf3
{ [%clk 0:09:46] } 11. Qxf3 { [%clk 0:09:14] } 11... Bd6 { [%clk 0:09:44] } 12.
Ne4 { [%clk 0:09:09] } 12... Be7 { [%clk 0:09:42] } 13. Bg5 { [%clk 0:08:58] }
13... Ngf6 { [%clk 0:09:39] } 14. Nxf6+ { [%clk 0:08:55] } 14... Nxf6
{ [%clk 0:09:38] } 15. O-O-O { [%clk 0:08:45] } 15... O-O-O { [%clk 0:09:29] }
16. c3 { [%clk 0:08:42] } 16... h6 { [%clk 0:09:25] } 17. Bf4
{ [%clk 0:08:40] } 17... Qd7 { [%clk 0:09:11] } 18. Be5 { [%clk 0:08:35] }
18... Qe8 { [%clk 0:09:05] } 19. g4 { [%clk 0:08:21] } 19... Qf8
{ [%clk 0:09:01] } 20. Qg3 { [%clk 0:08:15] } 20... Nd5 { [%clk 0:08:55] } 21.
Bxd5 { [%clk 0:08:07] } 21... exd5 { [%clk 0:08:51] } 22. Bb8
{ [%clk 0:07:58] } 22... Bd6 { [%clk 0:08:40] } 23. Bxd6 { [%clk 0:07:54] }
23... Rxd6 { [%clk 0:08:37] } 24. f4 { [%clk 0:07:53] } 24... Rd8
{ [%clk 0:08:36] } 25. f5 { [%clk 0:07:51] } 25... f6 { [%clk 0:08:34] } 26. h4
{ [%clk 0:07:49] } 26... Qf7 { [%clk 0:08:32] } 27. g5 { [%clk 0:07:44] } 27...
hxg5 { [%clk 0:08:30] } 28. hxg5 { [%clk 0:07:42] } 28... Rxh1
{ [%clk 0:08:29] } 29. Rg1 { [%clk 0:07:40] } 29... Rxg1+ { [%clk 0:08:26] }
0-1"
Rated Rapid game,https://lichess.org/aXlLmq44,2024.08.01,-,chavachavi,zony12,1-0,2024.08.01,08:43:34,1988,1966,,,A04,Zukertort Opening: Black Mustang Defense,600+0,Normal,"1. Nf3 { [%clk 0:10:00] } 1... Nc6 { [%clk 0:10:00] } 2. g3 { [%clk 0:09:59] }
2... e5 { [%clk 0:09:59] } 3. d3 { [%clk 0:09:57] } 3... Nf6 { [%clk 0:09:55] }
4. Nbd2 { [%clk 0:09:55] } 4... Bb4 { [%clk 0:09:53] } 5. e4 { [%clk 0:09:54] }
5... O-O { [%clk 0:09:50] } 6. Bg2 { [%clk 0:09:53] } 6... d6
{ [%clk 0:09:48] } 7. c3 { [%clk 0:09:52] } 7... Ba5 { [%clk 0:09:46] } 8. O-O
{ [%clk 0:09:51] } 8... Bg4 { [%clk 0:09:42] } 9. Re1 { [%clk 0:09:48] } 9...
a6 { [%clk 0:09:39] } 10. h3 { [%clk 0:09:33] } 10... Bh5 { [%clk 0:09:36] }
11. g4 { [%clk 0:09:20] } 11... Bg6 { [%clk 0:09:33] } 12. Nf1
{ [%clk 0:09:20] } 12... Bb6 { [%clk 0:09:22] } 13. Be3 { [%clk 0:09:16] }
13... Bxe3 { [%clk 0:09:02] } 14. Nxe3 { [%clk 0:09:16] } 14... Ne7
{ [%clk 0:08:58] } 15. Rc1 { [%clk 0:09:12] } 15... c5 { [%clk 0:08:55] } 16.
Nh4 { [%clk 0:08:58] } 16... Rb8 { [%clk 0:08:48] } 17. Nxg6 { [%clk 0:08:55] }
17... hxg6 { [%clk 0:08:41] } 18. d4 { [%clk 0:08:54] } 18... cxd4
{ [%clk 0:08:21] } 19. cxd4 { [%clk 0:08:52] } 19... exd4 { [%clk 0:08:16] }
20. Qxd4 { [%clk 0:08:52] } 20... Nc6 { [%clk 0:08:09] } 21. Qd2
{ [%clk 0:08:35] } 21... Ne5 { [%clk 0:08:04] } 22. f4 { [%clk 0:08:25] } 22...
Nc6 { [%clk 0:07:59] } 23. Red1 { [%clk 0:07:57] } 23... Qb6 { [%clk 0:07:45] }
24. Kh1 { [%clk 0:07:42] } 24... Rfd8 { [%clk 0:07:39] } 25. Nd5
{ [%clk 0:07:40] } 25... Nxd5 { [%clk 0:07:36] } 26. exd5 { [%clk 0:07:24] }
26... Ne7 { [%clk 0:07:27] } 27. b4 { [%clk 0:07:03] } 27... Rbc8
{ [%clk 0:07:20] } 28. a4 { [%clk 0:06:53] } 28... Rxc1 { [%clk 0:07:16] } 29.
Rxc1 { [%clk 0:06:53] } 29... Rd7 { [%clk 0:07:02] } 30. Be4 { [%clk 0:06:45] }
30... f5 { [%clk 0:06:50] } 31. gxf5 { [%clk 0:06:33] } 31... gxf5
{ [%clk 0:06:44] } 32. Bb1 { [%clk 0:06:31] } 32... Qd8 { [%clk 0:06:37] } 33.
Rg1 { [%clk 0:06:15] } 33... Kf7 { [%clk 0:06:31] } 34. Qg2 { [%clk 0:05:42] }
34... Qh8 { [%clk 0:06:18] } 35. Bxf5 { [%clk 0:05:09] } 35... Nxf5
{ [%clk 0:05:59] } 36. Qg6+ { [%clk 0:05:07] } 36... Kg8 { [%clk 0:05:52] } 37.
Qe8+ { [%clk 0:04:52] } 1-0"
Rated Rapid game,https://lichess.org/xb3r3f8F,2024.08.01,-,NED71H,Wowo4ka1960,0-1,2024.08.01,08:43:37,1916,1938,,,C44,Scotch Game: Göring Gambit,600+0,Normal,"1. e4 { [%clk 0:10:00] } 1... e5 { [%clk 0:10:00] } 2. Nf3 { [%clk 0:09:57] }
2... Nc6 { [%clk 0:09:59] } 3. d4 { [%clk 0:09:54] } 3... exd4
{ [%clk 0:09:57] } 4. c3 { [%clk 0:09:53] } 4... Nf6 { [%clk 0:09:55] } 5. e5
{ [%clk 0:09:50] } 5... Ne4 { [%clk 0:09:53] } 6. cxd4 { [%clk 0:09:40] } 6...
d5 { [%clk 0:09:49] } 7. Be2 { [%clk 0:09:35] } 7... Bb4+ { [%clk 0:09:45] } 8.
Bd2 { [%clk 0:09:30] } 8... O-O { [%clk 0:09:41] } 9. O-O { [%clk 0:09:27] }
9... f5 { [%clk 0:09:37] } 10. Nc3 { [%clk 0:09:09] } 10... f4
{ [%clk 0:09:30] } 11. Bd3 { [%clk 0:08:56] } 11... Nxd2 { [%clk 0:09:23] } 12.
Qxd2 { [%clk 0:08:50] } 12... Bg4 { [%clk 0:09:21] } 13. Ne1 { [%clk 0:08:44] }
13... f3 { [%clk 0:09:08] } 14. Nc2 { [%clk 0:08:17] } 14... fxg2
{ [%clk 0:09:02] } 15. Rfe1 { [%clk 0:08:13] } 15... Qh4 { [%clk 0:08:47] } 16.
Nxb4 { [%clk 0:07:52] } 16... Rf3 { [%clk 0:08:08] } 17. Re3 { [%clk 0:07:00] }
17... Raf8 { [%clk 0:07:51] } 18. Nd1 { [%clk 0:06:20] } 18... Nxb4
{ [%clk 0:07:31] } 19. Be2 { [%clk 0:05:58] } 19... Rxf2 { [%clk 0:07:22] } 0-1"
Rated Rapid game,https://lichess.org/lkrxY6lI,2024.08.01,-,Hafidi92,Sonnette,0-1,2024.08.01,08:43:37,1954,1956,,,C50,Italian Game: Giuoco Piano,600+0,Normal,"1. e4 { [%clk 0:10:00] } 1... e5 { [%clk 0:10:00] } 2. Nf3 { [%clk 0:09:59] }
2... Nc6 { [%clk 0:09:58] } 3. Bc4 { [%clk 0:09:58] } 3... Bc5
{ [%clk 0:09:57] } 4. Nc3 { [%clk 0:09:58] } 4... d6 { [%clk 0:09:56] } 5. d3
{ [%clk 0:09:57] } 5... Bg4 { [%clk 0:09:53] } 6. Bxf7+ { [%clk 0:09:51] } 6...
Kxf7 { [%clk 0:09:50] } 7. Ng5+ { [%clk 0:09:49] } 7... Qxg5 { [%clk 0:09:45] }
8. Bxg5 { [%clk 0:09:44] } 8... Bxd1 { [%clk 0:09:43] } 9. Rxd1
{ [%clk 0:09:43] } 9... h6 { [%clk 0:09:29] } 10. Bh4 { [%clk 0:09:40] } 10...
g5 { [%clk 0:09:26] } 11. Bg3 { [%clk 0:09:39] } 11... Nf6 { [%clk 0:09:22] }
12. O-O { [%clk 0:09:33] } 12... Rag8 { [%clk 0:09:14] } 13. Na4
{ [%clk 0:09:32] } 13... h5 { [%clk 0:09:03] } 14. Nxc5 { [%clk 0:09:31] }
14... dxc5 { [%clk 0:09:01] } 15. h3 { [%clk 0:09:29] } 15... h4
{ [%clk 0:08:59] } 16. Bh2 { [%clk 0:09:27] } 16... g4 { [%clk 0:08:57] } 17.
f4 { [%clk 0:09:20] } 17... exf4 { [%clk 0:08:47] } 18. Bxf4 { [%clk 0:09:18] }
18... gxh3 { [%clk 0:08:45] } 19. Rd2 { [%clk 0:09:07] } 19... hxg2
{ [%clk 0:08:42] } 20. Rxg2 { [%clk 0:09:06] } 20... Rxg2+ { [%clk 0:08:23] }
21. Kxg2 { [%clk 0:09:06] } 21... h3+ { [%clk 0:08:16] } 22. Kh1
{ [%clk 0:09:01] } 22... Ke6 { [%clk 0:08:07] } 23. Bxc7 { [%clk 0:08:59] }
23... Nd4 { [%clk 0:07:53] } 24. c3 { [%clk 0:08:56] } 24... Ne2
{ [%clk 0:07:49] } 25. Rf2 { [%clk 0:08:50] } 25... Nc1 { [%clk 0:07:38] } 26.
Rd2 { [%clk 0:08:27] } 26... Nxa2 { [%clk 0:07:30] } 27. e5 { [%clk 0:08:12] }
27... Nd5 { [%clk 0:07:19] } 28. Bd6 { [%clk 0:08:09] } 28... Nf4
{ [%clk 0:07:15] } 29. d4 { [%clk 0:08:04] } 29... cxd4 { [%clk 0:07:10] } 30.
cxd4 { [%clk 0:08:04] } 30... Nc1 { [%clk 0:07:01] } 31. Rf2 { [%clk 0:07:52] }
31... Ncd3 { [%clk 0:06:57] } 32. Rc2 { [%clk 0:07:42] } 32... Rg8
{ [%clk 0:06:48] } 33. Rc7 { [%clk 0:07:23] } 33... Nf2+ { [%clk 0:06:39] } 34.
Kh2 { [%clk 0:07:19] } 34... Rg2# { [%clk 0:06:36] } 0-1"
Rated Rapid game,https://lichess.org/LoinATqw,2024.08.01,-,osmanadak,toriusVik,1-0,2024.08.01,08:43:37,1280,1241,,,D00,Queen's Pawn Game: Accelerated London System,600+0,Time forfeit,"1. d4 { [%clk 0:10:00] } 1... d5 { [%clk 0:10:00] } 2. Bf4 { [%clk 0:09:58] }
2... Nc6 { [%clk 0:09:56] } 3. e3 { [%clk 0:09:55] } 3... Bf5
{ [%clk 0:09:51] } 4. Bd3 { [%clk 0:09:51] } 4... Bxd3 { [%clk 0:09:36] } 5.
Qxd3 { [%clk 0:09:49] } 5... Nb4 { [%clk 0:09:33] } 6. Qb5+ { [%clk 0:09:46] }
6... Nc6 { [%clk 0:09:30] } 7. Nf3 { [%clk 0:09:40] } 7... g5
{ [%clk 0:09:06] } 8. Nxg5 { [%clk 0:09:28] } 8... f6 { [%clk 0:09:03] } 9. Ne6
{ [%clk 0:09:20] } 9... Qd7 { [%clk 0:08:48] } 10. Nxf8 { [%clk 0:09:04] }
10... Kxf8 { [%clk 0:08:13] } 11. Qxb7 { [%clk 0:09:01] } 11... Rb8
{ [%clk 0:08:05] } 12. Qxc7 { [%clk 0:08:25] } 12... Qxc7 { [%clk 0:07:47] }
13. Bxc7 { [%clk 0:08:23] } 13... Rxb2 { [%clk 0:07:46] } 14. Na3
{ [%clk 0:08:21] } 14... Rb7 { [%clk 0:07:41] } 15. Bf4 { [%clk 0:08:14] }
15... e5 { [%clk 0:07:31] } 16. dxe5 { [%clk 0:08:09] } 16... fxe5
{ [%clk 0:07:30] } 17. Bg3 { [%clk 0:08:08] } 17... Nf6 { [%clk 0:07:26] } 18.
O-O { [%clk 0:08:05] } 18... Ne4 { [%clk 0:07:25] } 19. Bh4 { [%clk 0:07:47] }
19... Nd2 { [%clk 0:07:04] } 20. Rfd1 { [%clk 0:07:38] } 20... Nc4
{ [%clk 0:06:06] } 21. Nxc4 { [%clk 0:07:31] } 21... dxc4 { [%clk 0:06:05] }
22. Bf6 { [%clk 0:07:16] } 22... Rg8 { [%clk 0:06:02] } 23. Rab1
{ [%clk 0:07:05] } 23... Rf7 { [%clk 0:05:49] } 24. Bh4 { [%clk 0:06:57] }
24... Rfg7 { [%clk 0:05:26] } 25. g3 { [%clk 0:06:37] } 25... e4
{ [%clk 0:05:07] } 26. Rd6 { [%clk 0:06:26] } 26... Rc7 { [%clk 0:04:46] } 27.
Kg2 { [%clk 0:06:07] } 27... Ke8 { [%clk 0:04:42] } 28. f3 { [%clk 0:05:58] }
28... exf3+ { [%clk 0:04:26] } 29. Kxf3 { [%clk 0:05:56] } 29... Ne5+
{ [%clk 0:04:00] } 30. Ke4 { [%clk 0:05:41] } 30... Rc5 { [%clk 0:03:28] } 31.
Rb8+ { [%clk 0:05:34] } 31... Kf7 { [%clk 0:03:23] } 32. Rf6+
{ [%clk 0:05:28] } 32... Kg7 { [%clk 0:03:19] } 33. Rb7+ { [%clk 0:05:10] }
33... Kh8 { [%clk 0:02:55] } 34. Rf5 { [%clk 0:05:02] } 34... Rg4+
{ [%clk 0:02:04] } 35. Rf4 { [%clk 0:04:47] } 35... Rxf4+ { [%clk 0:01:49] }
36. gxf4 { [%clk 0:04:41] } 36... Ng4 { [%clk 0:01:38] } 37. h3
{ [%clk 0:04:35] } 37... Nh6 { [%clk 0:01:03] } 38. Bf6+ { [%clk 0:04:27] }
38... Kg8 { [%clk 0:01:01] } 39. Rg7+ { [%clk 0:04:19] } 39... Kf8
{ [%clk 0:00:56] } 40. Rxa7 { [%clk 0:04:11] } 40... Rc8 { [%clk 0:00:47] } 41.
Rxh7 { [%clk 0:04:02] } 41... Re8+ { [%clk 0:00:44] } 42. Kf3
{ [%clk 0:03:58] } 42... Nf5 { [%clk 0:00:34] } 43. Rh8+ { [%clk 0:03:52] }
43... Kf7 { [%clk 0:00:33] } 44. Rxe8 { [%clk 0:03:49] } 44... Kxe8
{ [%clk 0:00:32] } 45. a4 { [%clk 0:03:47] } 45... Kd7 { [%clk 0:00:28] } 46.
Ke4 { [%clk 0:03:42] } 46... Nd6+ { [%clk 0:00:27] } 47. Kd4 { [%clk 0:03:37] }
47... Ke6 { [%clk 0:00:25] } 48. Be5 { [%clk 0:03:32] } 48... Nf5+
{ [%clk 0:00:16] } 49. Kxc4 { [%clk 0:03:30] } 49... Nxe3+ { [%clk 0:00:14] }
50. Kb5 { [%clk 0:03:24] } 50... Nxc2 { [%clk 0:00:13] } 51. a5
{ [%clk 0:03:23] } 51... Ne3 { [%clk 0:00:10] } 52. a6 { [%clk 0:03:20] } 52...
Kf5 { [%clk 0:00:09] } 53. a7 { [%clk 0:03:18] } 53... Nd5 { [%clk 0:00:07] }
54. a8=Q { [%clk 0:03:15] } 54... Nc7+ { [%clk 0:00:05] } 55. Kc5
{ [%clk 0:03:10] } 55... Nxa8 { [%clk 0:00:04] } 56. Kd5 { [%clk 0:03:09] }
56... Nb6+ { [%clk 0:00:03] } 57. Kd4 { [%clk 0:03:06] } 57... Nd7
{ [%clk 0:00:03] } 58. h4 { [%clk 0:03:03] } 1-0"
Rated Rapid game,https://lichess.org/WtjxB4A7,2024.08.01,-,Bagyo2,panglimakumbang,1-0,2024.08.01,08:43:37,2061,1978,,,C00,French Defense: Normal Variation,600+0,Normal,"1. e4 { [%clk 0:10:00] } 1... e6 { [%clk 0:10:00] } 2. d4 { [%clk 0:09:54] }
2... h6 { [%clk 0:09:58] } 3. c4 { [%clk 0:09:51] } 3... d6 { [%clk 0:09:32] }
4. Nc3 { [%clk 0:09:48] } 4... a6 { [%clk 0:09:30] } 5. Bd3 { [%clk 0:09:43] }
5... Ne7 { [%clk 0:09:28] } 6. Nge2 { [%clk 0:09:39] } 6... g6
{ [%clk 0:09:25] } 7. O-O { [%clk 0:09:35] } 7... Bg7 { [%clk 0:09:23] } 8. Be3
{ [%clk 0:09:33] } 8... O-O { [%clk 0:09:22] } 9. f4 { [%clk 0:09:31] } 9... f5
{ [%clk 0:09:19] } 10. Rc1 { [%clk 0:08:55] } 10... Nd7 { [%clk 0:09:10] } 11.
b3 { [%clk 0:08:51] } 11... b6 { [%clk 0:09:01] } 12. Kh1 { [%clk 0:08:16] }
12... Bb7 { [%clk 0:08:58] } 13. Kg1 { [%clk 0:08:14] } 13... c5
{ [%clk 0:08:51] } 14. exf5 { [%clk 0:07:49] } 14... exf5 { [%clk 0:08:45] }
15. d5 { [%clk 0:07:46] } 15... Nf6 { [%clk 0:08:34] } 16. h3
{ [%clk 0:07:35] } 16... Bc8 { [%clk 0:08:09] } 17. Kh2 { [%clk 0:07:26] }
17... Bd7 { [%clk 0:08:04] } 18. Bd2 { [%clk 0:07:08] } 18... b5
{ [%clk 0:08:01] } 19. Ng3 { [%clk 0:07:00] } 19... bxc4 { [%clk 0:07:46] } 20.
bxc4 { [%clk 0:06:43] } 20... Rb8 { [%clk 0:07:36] } 21. Rb1 { [%clk 0:06:37] }
21... Qa5 { [%clk 0:07:25] } 22. Nce4 { [%clk 0:06:12] } 22... Qxa2
{ [%clk 0:07:07] } 23. Nxd6 { [%clk 0:06:05] } 23... Rxb1 { [%clk 0:06:24] }
24. Bxb1 { [%clk 0:06:00] } 24... Qa3 { [%clk 0:06:12] } 25. Qe1
{ [%clk 0:05:17] } 25... Nc8 { [%clk 0:06:02] } 26. Nxc8 { [%clk 0:05:14] }
26... Rxc8 { [%clk 0:05:51] } 27. Qc1 { [%clk 0:05:00] } 27... Qa4
{ [%clk 0:05:25] } 28. Qc2 { [%clk 0:04:52] } 28... Qxc2 { [%clk 0:05:07] } 29.
Bxc2 { [%clk 0:04:50] } 29... Rb8 { [%clk 0:04:55] } 30. Rb1 { [%clk 0:04:47] }
30... Rxb1 { [%clk 0:04:50] } 31. Bxb1 { [%clk 0:04:47] } 31... Ba4
{ [%clk 0:04:47] } 32. Bc3 { [%clk 0:04:34] } 32... Nd7 { [%clk 0:04:31] } 33.
Bxg7 { [%clk 0:04:20] } 33... Kxg7 { [%clk 0:04:29] } 34. Ne2
{ [%clk 0:04:20] } 34... Bb3 { [%clk 0:04:22] } 35. Bd3 { [%clk 0:04:17] }
35... a5 { [%clk 0:04:19] } 36. Nc1 { [%clk 0:04:15] } 36... Bd1
{ [%clk 0:03:54] } 37. Kg1 { [%clk 0:04:01] } 37... a4 { [%clk 0:03:48] } 38.
Kf2 { [%clk 0:03:53] } 38... Nb6 { [%clk 0:03:31] } 39. Ke1 { [%clk 0:03:47] }
39... Bh5 { [%clk 0:03:12] } 40. Kd2 { [%clk 0:03:37] } 40... Kf6
{ [%clk 0:03:11] } 41. Kc3 { [%clk 0:03:33] } 41... g5 { [%clk 0:03:05] } 42.
g3 { [%clk 0:03:31] } 42... gxf4 { [%clk 0:02:56] } 43. gxf4 { [%clk 0:03:29] }
43... Be8 { [%clk 0:02:44] } 44. Kb2 { [%clk 0:03:21] } 44... h5
{ [%clk 0:02:34] } 45. h4 { [%clk 0:03:02] } 45... Bd7 { [%clk 0:02:31] } 46.
Ne2 { [%clk 0:02:59] } 46... Na8 { [%clk 0:02:21] } 47. Ng3 { [%clk 0:02:51] }
47... Kg6 { [%clk 0:02:11] } 48. Ka3 { [%clk 0:02:50] } 48... Nb6
{ [%clk 0:02:06] } 49. Ne2 { [%clk 0:02:42] } 49... Kf6 { [%clk 0:02:02] } 50.
Ng3 { [%clk 0:02:40] } 50... Kg6 { [%clk 0:02:00] } 51. Nf1 { [%clk 0:02:39] }
51... Nc8 { [%clk 0:01:49] } 52. Bc2 { [%clk 0:02:34] } 52... Nd6
{ [%clk 0:01:46] } 53. Ne3 { [%clk 0:02:27] } 53... Kf6 { [%clk 0:01:26] } 54.
Bxa4 { [%clk 0:02:18] } 54... Bxa4 { [%clk 0:01:23] } 55. Kxa4
{ [%clk 0:02:18] } 55... Ne4 { [%clk 0:01:13] } 56. Kb5 { [%clk 0:02:13] }
56... Kg6 { [%clk 0:01:05] } 57. Kc6 { [%clk 0:02:10] } 57... Kf6
{ [%clk 0:01:02] } 58. d6 { [%clk 0:02:06] } 58... Ke6 { [%clk 0:01:00] } 59.
Nxf5 { [%clk 0:01:44] } 59... Kxf5 { [%clk 0:00:49] } 60. d7 { [%clk 0:01:42] }
1-0"
Rated Rapid game,https://lichess.org/P9jHRjRC,2024.08.01,-,gdhakad084,Alexander_Bykov,0-1,2024.08.01,08:43:37,1619,1599,,,A00,Hungarian Opening,600+0,Normal,"1. g3 { [%clk 0:10:00] } 1... e5 { [%clk 0:10:00] } 2. Bg2 { [%clk 0:10:00] }
2... Qf6 { [%clk 0:09:57] } 3. e3 { [%clk 0:09:12] } 3... Bc5
{ [%clk 0:09:53] } 4. Ne2 { [%clk 0:09:06] } 4... Ne7 { [%clk 0:09:28] } 5. c3
{ [%clk 0:09:06] } 5... O-O { [%clk 0:09:22] } 6. d4 { [%clk 0:09:03] } 6...
exd4 { [%clk 0:09:21] } 7. exd4 { [%clk 0:08:55] } 7... Bd6 { [%clk 0:09:20] }
8. O-O { [%clk 0:08:54] } 8... Nbc6 { [%clk 0:09:17] } 9. Bf4
{ [%clk 0:08:47] } 9... Bxf4 { [%clk 0:09:10] } 10. Nxf4 { [%clk 0:08:46] }
10... d6 { [%clk 0:09:06] } 11. Nd5 { [%clk 0:08:43] } 11... Nxd5
{ [%clk 0:09:04] } 12. Bxd5 { [%clk 0:08:42] } 12... Ne7 { [%clk 0:08:46] } 13.
Qf3 { [%clk 0:05:22] } 13... Nxd5 { [%clk 0:08:31] } 14. Qxd5
{ [%clk 0:05:21] } 14... Bh3 { [%clk 0:08:29] } 15. Re1 { [%clk 0:05:18] }
15... c6 { [%clk 0:08:26] } 16. Qe4 { [%clk 0:05:14] } 16... d5
{ [%clk 0:08:26] } 17. Qh1 { [%clk 0:05:10] } 17... Rae8 { [%clk 0:08:20] } 18.
Nd2 { [%clk 0:05:09] } 18... Re2 { [%clk 0:08:14] } 19. Nf3 { [%clk 0:05:04] }
19... Rxb2 { [%clk 0:07:55] } 20. Re5 { [%clk 0:04:25] } 20... Bg4
{ [%clk 0:07:49] } 21. Ng5 { [%clk 0:04:12] } 21... Qxf2# { [%clk 0:07:46] }
0-1"
Rated Rapid game,https://lichess.org/FDMC7YlU,2024.08.01,-,SCA-ZoeZ,Philterlipp,1/2-1/2,2024.08.01,08:43:37,1343,1426,,,C41,Philidor Defense,600+0,Normal,"1. e4 { [%eval 0.15] [%clk 0:10:00] } 1... e5 { [%eval 0.21] [%clk 0:10:00] }
2. Nf3 { [%eval 0.11] [%clk 0:09:59] } 2... d6 { [%eval 0.53] [%clk 0:09:58] }
3. Nc3 { [%eval 0.28] [%clk 0:09:56] } 3... Bg4 { [%eval 0.68] [%clk 0:09:57] }
4. Be2 { [%eval 0.28] [%clk 0:09:53] } 4... Nf6 { [%eval 0.67] [%clk 0:09:50] }
5. h3 { [%eval 0.41] [%clk 0:09:51] } 5... Bh5 { [%eval 0.71] [%clk 0:09:48] }
6. g4 { [%eval 0.21] [%clk 0:09:46] } 6... Bg6 { [%eval 0.28] [%clk 0:09:47] }
7. d3 { [%eval 0.22] [%clk 0:09:39] } 7... Nc6 { [%eval 0.69] [%clk 0:09:43] }
8. h4 { [%eval 0.8] [%clk 0:09:36] } 8... h5 { [%eval 1.21] [%clk 0:09:40] } 9.
Bg5 $2 { [%eval -0.67] [%clk 0:09:17] } 9... hxg4
{ [%eval -0.77] [%clk 0:09:33] } 10. Bxf6 { [%eval -0.74] [%clk 0:09:08] }
10... Qxf6 { [%eval -0.69] [%clk 0:09:19] } 11. Ng5 $2
{ [%eval -2.37] [%clk 0:09:02] } 11... g3 $2 { [%eval -0.52] [%clk 0:09:09] }
12. fxg3 { [%eval -0.28] [%clk 0:08:57] } 12... Nd4
{ [%eval 0.09] [%clk 0:09:00] } 13. Rf1 { [%eval -0.17] [%clk 0:08:52] } 13...
Qd8 { [%eval 0.0] [%clk 0:08:43] } 14. Qd2 $6 { [%eval -0.76] [%clk 0:08:36] }
14... f6 { [%eval -0.7] [%clk 0:08:40] } 15. Nf3
{ [%eval -0.78] [%clk 0:08:30] } 15... c5 $2 { [%eval 0.56] [%clk 0:08:27] }
16. Nd5 { [%eval 0.4] [%clk 0:08:19] } 16... Rc8 $2
{ [%eval 1.65] [%clk 0:07:58] } 17. c3 $2 { [%eval 0.55] [%clk 0:08:13] } 17...
Nxf3+ $2 { [%eval 1.69] [%clk 0:07:42] } 18. Rxf3 $2
{ [%eval 0.56] [%clk 0:08:08] } 18... Bh5 $2 { [%eval 1.87] [%clk 0:07:41] }
19. Rf1 { [%eval 1.77] [%clk 0:08:05] } 19... Qd7 $2
{ [%eval 3.5] [%clk 0:07:14] } 20. O-O-O $2 { [%eval 1.22] [%clk 0:07:44] }
20... g6 $4 { [%eval 5.29] [%clk 0:07:02] } 21. Rxf6 $2
{ [%eval 2.75] [%clk 0:07:34] } 21... Bh6 { [%eval 2.9] [%clk 0:06:54] } 22.
Ne3 { [%eval 2.7] [%clk 0:07:00] } 22... Bxe2 { [%eval 2.96] [%clk 0:06:07] }
23. Qxe2 { [%eval 2.97] [%clk 0:06:57] } 23... Qh3
{ [%eval 3.16] [%clk 0:05:40] } 24. Rxg6 { [%eval 2.74] [%clk 0:06:49] } 24...
Bxe3+ $2 { [%eval 4.02] [%clk 0:05:20] } 25. Qxe3
{ [%eval 3.81] [%clk 0:06:45] } 25... Qg2 $2 { [%eval 6.23] [%clk 0:05:19] }
26. Rxd6 $2 { [%eval 4.87] [%clk 0:06:29] } 26... Rf8 $4
{ [%eval 9.38] [%clk 0:05:14] } 27. Re6+ $4 { [%eval 4.75] [%clk 0:06:23] }
27... Kd7 { [%eval 4.75] [%clk 0:05:12] } 28. Rxe5
{ [%eval 4.76] [%clk 0:06:18] } 28... Rf1 { [%eval 5.21] [%clk 0:05:01] } 29.
Rd5+ { [%eval 5.15] [%clk 0:05:53] } 29... Ke8 { [%eval 5.64] [%clk 0:04:55] }
30. Re5+ { [%eval 5.02] [%clk 0:05:42] } 30... Kf7
{ [%eval 5.73] [%clk 0:04:48] } 31. Rxf1+ { [%eval 5.75] [%clk 0:05:32] } 31...
Qxf1+ { [%eval 5.71] [%clk 0:04:46] } 32. Kd2 { [%eval 5.73] [%clk 0:05:30] }
32... Qg2+ { [%eval 5.66] [%clk 0:04:40] } 33. Qe2
{ [%eval 5.67] [%clk 0:05:27] } 33... Qxg3 { [%eval 6.68] [%clk 0:04:38] } 34.
Qh5+ { [%eval 6.45] [%clk 0:05:13] } 34... Kf6 $4 { [%eval #3] [%clk 0:04:23] }
35. Qf5+ { [%eval #2] [%clk 0:04:59] } 35... Kg7 { [%eval #2] [%clk 0:04:14] }
36. Qxc8 $4 { [%eval 5.44] [%clk 0:04:56] } 36... Qxe5
{ [%eval 5.46] [%clk 0:03:59] } 37. Qxb7+ { [%eval 5.37] [%clk 0:04:50] } 37...
Kf6 { [%eval 5.43] [%clk 0:03:57] } 38. Qxa7 $4 { [%eval 0.0] [%clk 0:04:19] }
38... Qf4+ { [%eval 0.0] [%clk 0:03:44] } 39. Kc2
{ [%eval 0.0] [%clk 0:04:16] } 39... Qf2+ { [%eval 0.0] [%clk 0:03:39] } 40.
Kb3 $4 { [%eval -4.19] [%clk 0:04:14] } 40... c4+
{ [%eval -4.5] [%clk 0:03:37] } 41. Kxc4 { [%eval -4.36] [%clk 0:03:57] } 41...
Qxa7 { [%eval -4.17] [%clk 0:03:35] } 42. b4 { [%eval -4.51] [%clk 0:03:55] }
42... Qxa2+ { [%eval -4.42] [%clk 0:03:34] } 43. Kb5
{ [%eval -4.96] [%clk 0:03:53] } 43... Qe2 { [%eval -4.78] [%clk 0:03:24] } 44.
c4 $2 { [%eval -6.1] [%clk 0:03:47] } 44... Qxd3
{ [%eval -5.67] [%clk 0:03:23] } 45. h5 { [%eval -5.53] [%clk 0:03:43] } 45...
Qxe4 { [%eval -5.5] [%clk 0:03:20] } 46. c5 $4 { [%eval #-35] [%clk 0:03:41] }
46... Qe2+ { [%eval -5.53] [%clk 0:03:18] } 47. Kb6 $4
{ [%eval #-26] [%clk 0:03:39] } 47... Qxh5 { [%eval -5.84] [%clk 0:03:13] } 48.
c6 { [%eval -5.7] [%clk 0:03:37] } 48... Qg4 { [%eval -5.3] [%clk 0:02:58] }
49. c7 { [%eval -5.27] [%clk 0:03:35] } 49... Qxb4+ $4
{ [%eval 0.0] [%clk 0:02:57] } 50. Kc6 $4 { [%eval -5.55] [%clk 0:03:33] }
50... Qa4+ $4 { [%eval 0.0] [%clk 0:02:54] } 51. Kb7
{ [%eval 0.0] [%clk 0:03:31] } 51... Qb5+ { [%eval -0.02] [%clk 0:02:53] } 52.
Kc8 $4 { [%eval #-2] [%clk 0:03:28] } 52... Ke7 $4
{ [%eval 0.0] [%clk 0:02:50] } 1/2-1/2"
Rated Rapid game,https://lichess.org/pCXTdEdQ,2024.08.01,-,nikandish3,Yasin_mehri10,0-1,2024.08.01,08:43:37,2101,2073,,,A00,Van't Kruijs Opening,600+0,Normal,"1. e3 { [%clk 0:10:00] } 1... Nf6 { [%clk 0:10:00] } 2. d4 { [%clk 0:09:58] }
2... g6 { [%clk 0:09:59] } 3. c4 { [%clk 0:09:55] } 3... Bg7 { [%clk 0:09:57] }
4. Nc3 { [%clk 0:09:54] } 4... d6 { [%clk 0:09:54] } 5. Bd3 { [%clk 0:09:46] }
5... O-O { [%clk 0:09:51] } 6. Nf3 { [%clk 0:09:45] } 6... Nbd7
{ [%clk 0:09:48] } 7. Bd2 { [%clk 0:09:44] } 7... c5 { [%clk 0:09:46] } 8. d5
{ [%clk 0:09:41] } 8... Re8 { [%clk 0:09:42] } 9. O-O { [%clk 0:09:37] } 9...
Nb6 { [%clk 0:09:39] } 10. b3 { [%clk 0:09:32] } 10... e6 { [%clk 0:09:37] }
11. e4 { [%clk 0:09:16] } 11... exd5 { [%clk 0:09:33] } 12. exd5
{ [%clk 0:09:09] } 12... Bg4 { [%clk 0:09:27] } 13. h3 { [%clk 0:09:06] } 13...
Bxf3 { [%clk 0:09:24] } 14. Qxf3 { [%clk 0:09:04] } 14... Nbd7
{ [%clk 0:09:21] } 15. Rac1 { [%clk 0:08:56] } 15... Ne5 { [%clk 0:09:10] } 16.
Qg3 { [%clk 0:08:53] } 16... Nh5 { [%clk 0:08:59] } 17. Qe3 { [%clk 0:08:47] }
17... Nxc4 { [%clk 0:08:47] } 18. bxc4 { [%clk 0:08:39] } 18... Rxe3
{ [%clk 0:08:45] } 19. Bxe3 { [%clk 0:08:35] } 19... Qf6 { [%clk 0:08:22] } 20.
Ne4 { [%clk 0:08:18] } 20... Qd8 { [%clk 0:08:16] } 21. Rb1 { [%clk 0:08:15] }
21... b6 { [%clk 0:08:15] } 22. f4 { [%clk 0:07:59] } 22... Nf6
{ [%clk 0:08:02] } 23. Ng3 { [%clk 0:07:50] } 23... Qd7 { [%clk 0:07:42] } 24.
f5 { [%clk 0:07:45] } 24... Re8 { [%clk 0:07:38] } 25. Bd2 { [%clk 0:07:41] }
25... Re5 { [%clk 0:07:14] } 26. fxg6 { [%clk 0:07:18] } 26... hxg6
{ [%clk 0:07:10] } 27. Bc2 { [%clk 0:06:49] } 27... Re8 { [%clk 0:06:10] } 28.
Rb5 { [%clk 0:06:18] } 28... Nh5 { [%clk 0:06:02] } 29. Nxh5 { [%clk 0:06:13] }
29... gxh5 { [%clk 0:06:02] } 30. Ba4 { [%clk 0:06:07] } 30... Qe7
{ [%clk 0:05:40] } 31. Re1 { [%clk 0:05:50] } 31... Qd8 { [%clk 0:05:18] } 32.
Rf1 { [%clk 0:05:34] } 32... Bd4+ { [%clk 0:05:11] } 33. Kh1 { [%clk 0:05:31] }
33... Re2 { [%clk 0:05:09] } 34. Bf4 { [%clk 0:05:21] } 34... Qh4
{ [%clk 0:04:52] } 35. Bd1 { [%clk 0:05:07] } 35... Re1 { [%clk 0:04:45] } 0-1"
Rated Rapid game,https://lichess.org/Z2jpF5up,2024.08.01,-,nazerigh,mrsadiq138,0-1,2024.08.01,08:43:37,1812,1792,,,B40,Sicilian Defense: Kramnik Variation,600+0,Normal,"1. e4 { [%clk 0:10:00] } 1... c5 { [%clk 0:10:00] } 2. Nf3 { [%clk 0:09:59] }
2... e6 { [%clk 0:09:59] } 3. c4 { [%clk 0:09:58] } 3... Nc6 { [%clk 0:09:58] }
4. Nc3 { [%clk 0:09:58] } 4... Be7 { [%clk 0:09:57] } 5. d4 { [%clk 0:09:57] }
5... cxd4 { [%clk 0:09:54] } 6. Nxd4 { [%clk 0:09:55] } 6... Nxd4
{ [%clk 0:09:53] } 7. Qxd4 { [%clk 0:09:53] } 7... Nf6 { [%clk 0:09:52] } 8. e5
{ [%clk 0:09:51] } 8... Nh5 { [%clk 0:09:08] } 9. Be2 { [%clk 0:09:45] } 9...
g6 { [%clk 0:09:07] } 10. Bxh5 { [%clk 0:09:43] } 10... gxh5 { [%clk 0:09:05] }
11. Bf4 { [%clk 0:09:33] } 11... Qb6 { [%clk 0:09:00] } 12. Qxb6
{ [%clk 0:09:29] } 12... axb6 { [%clk 0:08:59] } 13. O-O { [%clk 0:09:27] }
13... O-O { [%clk 0:08:39] } 14. Nb5 { [%clk 0:09:25] } 14... f6
{ [%clk 0:08:25] } 15. b3 { [%clk 0:09:09] } 15... fxe5 { [%clk 0:08:23] } 16.
Bxe5 { [%clk 0:09:06] } 16... Bf6 { [%clk 0:08:22] } 17. Bxf6
{ [%clk 0:08:56] } 17... Rxf6 { [%clk 0:08:20] } 18. a4 { [%clk 0:08:54] }
18... d5 { [%clk 0:08:10] } 19. Rac1 { [%clk 0:08:43] } 19... Bd7
{ [%clk 0:08:04] } 20. cxd5 { [%clk 0:08:37] } 20... Bxb5 { [%clk 0:07:59] }
21. axb5 { [%clk 0:08:30] } 21... exd5 { [%clk 0:07:58] } 22. Rc7
{ [%clk 0:08:25] } 22... Rb8 { [%clk 0:07:49] } 23. Rd1 { [%clk 0:08:19] }
23... Rd6 { [%clk 0:07:45] } 24. Rc3 { [%clk 0:08:14] } 24... d4
{ [%clk 0:07:42] } 25. Rcd3 { [%clk 0:08:11] } 25... Rbd8 { [%clk 0:07:40] }
26. f4 { [%clk 0:08:07] } 26... Kf7 { [%clk 0:07:19] } 27. Kf2
{ [%clk 0:08:05] } 27... Kf6 { [%clk 0:07:18] } 28. Kf3 { [%clk 0:08:04] }
28... Kf5 { [%clk 0:07:17] } 29. h3 { [%clk 0:08:02] } 29... h4
{ [%clk 0:07:14] } 30. Re1 { [%clk 0:07:57] } 30... Rd5 { [%clk 0:07:08] } 31.
Re7 { [%clk 0:07:50] } 31... R8d7 { [%clk 0:07:00] } 32. Re4 { [%clk 0:07:36] }
32... h5 { [%clk 0:06:49] } 33. Re8 { [%clk 0:07:01] } 33... Rxb5
{ [%clk 0:06:44] } 34. Rf8+ { [%clk 0:06:52] } 34... Kg6 { [%clk 0:06:37] } 35.
Ke4 { [%clk 0:06:43] } 35... Rbd5 { [%clk 0:06:09] } 36. Rg8+
{ [%clk 0:06:26] } 36... Kh7 { [%clk 0:06:03] } 37. Re8 { [%clk 0:05:32] }
37... b5 { [%clk 0:05:40] } 38. f5 { [%clk 0:05:24] } 38... b4
{ [%clk 0:05:28] } 39. f6 { [%clk 0:05:12] } 39... Kg6 { [%clk 0:05:24] } 40.
Re6 { [%clk 0:04:47] } 40... Kf7 { [%clk 0:05:21] } 41. Rb6 { [%clk 0:04:42] }
41... R5d6 { [%clk 0:05:11] } 42. Rxb4 { [%clk 0:04:38] } 42... Kxf6
{ [%clk 0:05:06] } 43. Rf3+ { [%clk 0:04:32] } 43... Kg6 { [%clk 0:05:03] } 44.
Kd3 { [%clk 0:04:30] } 44... Rc6 { [%clk 0:04:52] } 45. Rc4 { [%clk 0:04:27] }
45... Rcd6 { [%clk 0:04:44] } 46. b4 { [%clk 0:04:21] } 46... b5
{ [%clk 0:04:42] } 47. Rc5 { [%clk 0:04:15] } 47... Rd5 { [%clk 0:04:34] } 48.
Rc6+ { [%clk 0:04:00] } 48... Kg5 { [%clk 0:04:26] } 49. Rc8 { [%clk 0:03:28] }
49... R7d6 { [%clk 0:04:05] } 50. Rf7 { [%clk 0:03:10] } 50... Re6
{ [%clk 0:03:57] } 51. Rg8+ { [%clk 0:03:06] } 51... Rg6 { [%clk 0:03:55] } 52.
Rxg6+ { [%clk 0:03:02] } 52... Kxg6 { [%clk 0:03:53] } 53. Rb7
{ [%clk 0:02:57] } 53... Kg5 { [%clk 0:03:49] } 54. Rc7 { [%clk 0:02:54] }
54... Kf4 { [%clk 0:03:46] } 55. Rc5 { [%clk 0:02:50] } 55... Rxc5
{ [%clk 0:03:10] } 56. bxc5 { [%clk 0:02:37] } 56... Ke5 { [%clk 0:03:10] } 57.
c6 { [%clk 0:02:34] } 57... Kd6 { [%clk 0:03:09] } 58. Kxd4 { [%clk 0:02:33] }
58... Kxc6 { [%clk 0:03:08] } 59. Kc3 { [%clk 0:02:32] } 59... Kc5
{ [%clk 0:03:07] } 60. Kb3 { [%clk 0:02:31] } 60... Kb6 { [%clk 0:02:56] } 61.
Kb4 { [%clk 0:02:29] } 61... Kc6 { [%clk 0:02:56] } 62. Kb3 { [%clk 0:02:26] }
62... Kc5 { [%clk 0:02:55] } 63. Kc3 { [%clk 0:02:25] } 63... b4+
{ [%clk 0:02:54] } 64. Kb3 { [%clk 0:02:23] } 64... Kb5 { [%clk 0:02:52] } 65.
Kb2 { [%clk 0:02:21] } 65... Kc4 { [%clk 0:02:51] } 66. Kc2 { [%clk 0:02:19] }
66... b3+ { [%clk 0:02:50] } 67. Kb2 { [%clk 0:02:17] } 67... Kb4
{ [%clk 0:02:49] } 0-1"
Rated Rapid game,https://lichess.org/qSdXzXMP,2024.08.01,-,SashaPoliakovBasket,titi75012,1-0,2024.08.01,08:43:37,1211,1095,,,A01,Nimzo-Larsen Attack: Modern Variation,600+0,Time forfeit,"1. b3 { [%clk 0:10:00] } 1... e5 { [%clk 0:10:00] } 2. Bb2 { [%clk 0:09:51] }
2... Qf6 { [%clk 0:09:41] } 3. e4 { [%clk 0:09:33] } 3... Bc5
{ [%clk 0:09:36] } 4. Qe2 { [%clk 0:09:19] } 4... Bd4 { [%clk 0:09:30] } 5. c3
{ [%clk 0:09:12] } 5... Bb6 { [%clk 0:09:17] } 6. Ba3 { [%clk 0:09:04] } 6...
c5 { [%clk 0:09:07] } 7. Nf3 { [%clk 0:08:44] } 7... Ne7 { [%clk 0:08:24] } 8.
Qe3 { [%clk 0:08:13] } 8... d5 { [%clk 0:08:08] } 9. d4 { [%clk 0:07:20] } 9...
exd4 { [%clk 0:07:28] } 10. cxd4 { [%clk 0:07:03] } 10... cxd4
{ [%clk 0:07:19] } 11. e5 { [%clk 0:06:14] } 11... Ba5+ { [%clk 0:06:34] } 12.
b4 { [%clk 0:05:57] } 12... dxe3 { [%clk 0:05:30] } 13. exf6 { [%clk 0:05:54] }
13... exf2+ { [%clk 0:05:17] } 14. Kxf2 { [%clk 0:05:52] } 14... O-O
{ [%clk 0:04:25] } 15. fxe7 { [%clk 0:05:40] } 15... Re8 { [%clk 0:04:21] } 16.
b5 { [%clk 0:05:23] } 16... a6 { [%clk 0:03:49] } 17. bxa6 { [%clk 0:05:05] }
17... Rxa6 { [%clk 0:03:37] } 18. Bb5 { [%clk 0:05:02] } 18... Bb6+
{ [%clk 0:03:09] } 19. Kf1 { [%clk 0:04:54] } 19... Rxa3 { [%clk 0:02:41] } 20.
Bxe8 { [%clk 0:04:41] } 20... Re3 { [%clk 0:02:12] } 21. Ng5 { [%clk 0:03:39] }
21... Be6 { [%clk 0:00:59] } 22. Bxf7+ { [%clk 0:03:30] } 22... Bxf7
{ [%clk 0:00:53] } 23. Nxf7 { [%clk 0:03:09] } 23... Kxf7 { [%clk 0:00:50] }
24. Nd2 { [%clk 0:02:58] } 24... Kxe7 { [%clk 0:00:46] } 25. g3
{ [%clk 0:02:53] } 25... Bd4 { [%clk 0:00:36] } 26. Rb1 { [%clk 0:02:43] }
26... Rd3 { [%clk 0:00:29] } 27. Rxb7+ { [%clk 0:02:37] } 27... Nd7
{ [%clk 0:00:26] } 28. Nb3 { [%clk 0:02:23] } 28... Rd1+ { [%clk 0:00:22] } 29.
Kg2 { [%clk 0:02:22] } 29... Ke6 { [%clk 0:00:19] } 30. Rxd1 { [%clk 0:02:19] }
1-0"
Rated Rapid game,https://lichess.org/Ya7PjmFx,2024.08.01,-,kos2003,Satyam_ezgg,1-0,2024.08.01,08:43:37,1619,1396,,,C30,King's Gambit,600+0,Normal,"1. e4 { [%clk 0:10:00] } 1... e5 { [%clk 0:10:00] } 2. f4 { [%clk 0:09:59] }
2... d6 { [%clk 0:09:53] } 3. Nf3 { [%clk 0:09:57] } 3... Bg4
{ [%clk 0:09:50] } 4. fxe5 { [%clk 0:09:53] } 4... dxe5 { [%clk 0:09:48] } 5.
Bc4 { [%clk 0:09:52] } 5... h6 { [%clk 0:09:40] } 6. O-O { [%clk 0:09:45] }
6... Nc6 { [%clk 0:09:39] } 7. c3 { [%clk 0:09:31] } 7... Nf6
{ [%clk 0:09:37] } 8. Qe1 { [%clk 0:09:26] } 8... Bc5+ { [%clk 0:09:34] } 9.
Kh1 { [%clk 0:09:24] } 9... O-O { [%clk 0:09:27] } 10. d3 { [%clk 0:09:22] }
10... Nh5 { [%clk 0:09:17] } 11. a4 { [%clk 0:09:19] } 11... Bxf3
{ [%clk 0:09:09] } 12. Rxf3 { [%clk 0:09:14] } 12... Nf4 { [%clk 0:09:06] } 13.
b4 { [%clk 0:09:06] } 13... Qg5 { [%clk 0:09:01] } 14. Bxf4 { [%clk 0:08:58] }
14... Qf5 { [%clk 0:08:59] } 15. bxc5 { [%clk 0:08:58] } 15... Qg6
{ [%clk 0:08:45] } 16. Bg3 { [%clk 0:08:45] } 16... Rad8 { [%clk 0:08:41] } 17.
Qf1 { [%clk 0:08:40] } 17... Kh8 { [%clk 0:08:37] } 18. Bxf7 { [%clk 0:08:33] }
18... Rxf7 { [%clk 0:08:28] } 19. Rxf7 { [%clk 0:08:31] } 19... Rxd3
{ [%clk 0:08:23] } 20. Rf8+ { [%clk 0:08:21] } 20... Kh7 { [%clk 0:08:20] } 21.
Qxd3 { [%clk 0:08:18] } 21... Qe6 { [%clk 0:08:14] } 1-0"
Rated Rapid game,https://lichess.org/8DB35oEv,2024.08.01,-,Cdzn1,olegsledak,0-1,2024.08.01,08:43:37,1678,1622,,,C50,Italian Game: Blackburne-Kostić Gambit,600+0,Normal,"1. e4 { [%clk 0:10:00] } 1... e5 { [%clk 0:10:00] } 2. Bc4 { [%clk 0:09:59] }
2... Nc6 { [%clk 0:09:59] } 3. Nf3 { [%clk 0:09:57] } 3... Nd4
{ [%clk 0:09:58] } 4. Nxe5 { [%clk 0:09:53] } 4... Qg5 { [%clk 0:09:53] } 5.
Nxf7 { [%clk 0:09:35] } 5... Qxg2 { [%clk 0:09:51] } 6. Rf1 { [%clk 0:09:33] }
6... Qxe4+ { [%clk 0:09:49] } 7. Qe2 { [%clk 0:09:29] } 7... Nxe2
{ [%clk 0:09:45] } 0-1"
Rated Rapid game,https://lichess.org/DvYWiqXN,2024.08.01,-,Boby993,Leinad1977,1-0,2024.08.01,08:43:41,1572,1571,,,C60,Ruy Lopez,600+0,Normal,"1. e4 { [%clk 0:10:00] } 1... e5 { [%clk 0:10:00] } 2. Nf3 { [%clk 0:09:59] }
2... Nc6 { [%clk 0:09:59] } 3. Bb5 { [%clk 0:09:58] } 3... Qf6
{ [%clk 0:09:57] } 4. Bxc6 { [%clk 0:09:48] } 4... Qxc6 { [%clk 0:09:55] } 5.
d3 { [%clk 0:09:47] } 5... d6 { [%clk 0:09:41] } 6. Nc3 { [%clk 0:09:44] } 6...
Be6 { [%clk 0:09:35] } 7. d4 { [%clk 0:09:36] } 7... Rd8 { [%clk 0:09:30] } 8.
d5 { [%clk 0:09:09] } 8... Bxd5 { [%clk 0:09:23] } 9. exd5 { [%clk 0:09:08] }
9... Qc5 { [%clk 0:09:15] } 10. Be3 { [%clk 0:09:02] } 10... Qa5
{ [%clk 0:09:11] } 11. Qd3 { [%clk 0:08:49] } 11... c6 { [%clk 0:08:59] } 12.
dxc6 { [%clk 0:08:43] } 12... bxc6 { [%clk 0:08:56] } 13. O-O-O
{ [%clk 0:08:37] } 13... Nf6 { [%clk 0:08:52] } 14. Qc4 { [%clk 0:08:29] }
14... d5 { [%clk 0:08:45] } 15. Qxc6+ { [%clk 0:08:22] } 15... Ke7
{ [%clk 0:08:29] } 16. Bc5+ { [%clk 0:08:15] } 1-0"
Rated Rapid game,https://lichess.org/OD58d8CG,2024.08.01,-,georginrus,en_chessant,1-0,2024.08.01,08:43:41,1253,1283,,,C26,Vienna Game: Mengarini Variation,600+0,Normal,"1. e4 { [%clk 0:10:00] } 1... e5 { [%clk 0:10:00] } 2. Nc3 { [%clk 0:09:57] }
2... Nf6 { [%clk 0:09:55] } 3. a3 { [%clk 0:09:56] } 3... Bc5
{ [%clk 0:09:54] } 4. h3 { [%clk 0:09:53] } 4... d6 { [%clk 0:09:53] } 5. Bc4
{ [%clk 0:09:49] } 5... h6 { [%clk 0:09:50] } 6. d3 { [%clk 0:09:48] } 6... Nc6
{ [%clk 0:09:48] } 7. Nf3 { [%clk 0:09:46] } 7... O-O { [%clk 0:09:44] } 8. O-O
{ [%clk 0:09:44] } 8... Re8 { [%clk 0:09:42] } 9. Re1 { [%clk 0:09:42] } 9...
Be6 { [%clk 0:09:41] } 10. Bb5 { [%clk 0:09:25] } 10... a6 { [%clk 0:09:26] }
11. Bxc6 { [%clk 0:09:21] } 11... bxc6 { [%clk 0:09:25] } 12. b4
{ [%clk 0:09:20] } 12... Bd4 { [%clk 0:09:22] } 13. Bb2 { [%clk 0:09:17] }
13... c5 { [%clk 0:09:06] } 14. bxc5 { [%clk 0:09:07] } 14... dxc5
{ [%clk 0:09:04] } 15. Na4 { [%clk 0:09:03] } 15... Bxb2 { [%clk 0:09:00] } 16.
Nxb2 { [%clk 0:09:01] } 16... c6 { [%clk 0:08:46] } 17. Na4 { [%clk 0:09:00] }
17... Qa5 { [%clk 0:08:37] } 18. c3 { [%clk 0:08:56] } 18... c4
{ [%clk 0:08:23] } 19. Nb2 { [%clk 0:08:38] } 19... cxd3 { [%clk 0:08:08] } 20.
Nxd3 { [%clk 0:08:35] } 20... Qxc3 { [%clk 0:07:44] } 21. Ndxe5
{ [%clk 0:08:29] } 21... Bb3 { [%clk 0:07:34] } 22. Qd6 { [%clk 0:08:04] }
22... Nxe4 { [%clk 0:07:14] } 23. Rac1 { [%clk 0:07:48] } 23... Nxd6
{ [%clk 0:07:05] } 24. Rxc3 { [%clk 0:07:41] } 24... Bd5 { [%clk 0:06:45] } 25.
Nxc6 { [%clk 0:07:30] } 25... Rxe1+ { [%clk 0:06:35] } 26. Nxe1
{ [%clk 0:07:27] } 26... Bxc6 { [%clk 0:06:31] } 27. Rxc6 { [%clk 0:07:25] }
27... Ne4 { [%clk 0:06:27] } 28. Nf3 { [%clk 0:07:22] } 28... a5
{ [%clk 0:06:21] } 29. Ne1 { [%clk 0:07:07] } 29... Nd2 { [%clk 0:05:47] } 30.
Rd6 { [%clk 0:06:59] } 30... Nb1 { [%clk 0:05:37] } 31. a4 { [%clk 0:06:57] }
31... Nc3 { [%clk 0:05:32] } 32. Rd4 { [%clk 0:06:52] } 32... Rb8
{ [%clk 0:05:22] } 33. Rc4 { [%clk 0:06:43] } 33... Nd5 { [%clk 0:05:07] } 34.
Rc5 { [%clk 0:06:38] } 34... Rb1 { [%clk 0:04:45] } 35. Rxd5 { [%clk 0:06:33] }
35... Rxe1+ { [%clk 0:04:43] } 36. Kh2 { [%clk 0:06:32] } 36... Re2
{ [%clk 0:04:39] } 37. Rxa5 { [%clk 0:06:30] } 37... Rxf2 { [%clk 0:04:39] }
38. Ra8+ { [%clk 0:06:29] } 38... Kh7 { [%clk 0:04:37] } 39. a5
{ [%clk 0:06:27] } 39... g5 { [%clk 0:04:32] } 40. Rb8 { [%clk 0:06:22] } 40...
Ra2 { [%clk 0:04:27] } 41. Rb7 { [%clk 0:06:18] } 41... Kg6 { [%clk 0:04:26] }
42. Rb6+ { [%clk 0:06:17] } 42... Kh5 { [%clk 0:04:24] } 43. Kg3
{ [%clk 0:06:13] } 43... f5 { [%clk 0:04:23] } 44. a6 { [%clk 0:06:11] } 44...
Ra3+ { [%clk 0:04:21] } 45. Kh2 { [%clk 0:06:09] } 45... Kh4 { [%clk 0:04:17] }
46. Rb4+ { [%clk 0:06:07] } 46... f4 { [%clk 0:04:14] } 47. Rb6
{ [%clk 0:06:01] } 47... f3 { [%clk 0:04:02] } 48. Rxh6# { [%clk 0:05:57] } 1-0"
Rated Rapid game,https://lichess.org/iLPpobOt,2024.08.01,-,Selmon_Bhai_1,vitos75,1-0,2024.08.01,08:43:41,1526,1478,,,C44,Scotch Game: Lolli Variation,600+0,Normal,"1. e4 { [%eval 0.15] [%clk 0:10:00] } 1... e5 { [%eval 0.21] [%clk 0:10:00] }
2. Nf3 { [%eval 0.11] [%clk 0:09:59] } 2... Nc6 { [%eval 0.19] [%clk 0:09:59] }
3. d4 { [%eval 0.09] [%clk 0:09:55] } 3... exd4 { [%eval 0.13] [%clk 0:09:57] }
4. Nxd4 { [%eval 0.06] [%clk 0:09:55] } 4... Nxd4 $6
{ [%eval 0.64] [%clk 0:09:55] } 5. Qxd4 { [%eval 0.45] [%clk 0:09:55] } 5... d6
{ [%eval 0.91] [%clk 0:09:54] } 6. b3 $6 { [%eval 0.23] [%clk 0:09:51] } 6...
Be6 { [%eval 0.67] [%clk 0:09:50] } 7. Bb2 { [%eval 0.37] [%clk 0:09:47] } 7...
Nf6 { [%eval 0.64] [%clk 0:09:47] } 8. Nc3 { [%eval 0.6] [%clk 0:09:38] } 8...
Be7 { [%eval 0.88] [%clk 0:09:45] } 9. O-O-O { [%eval 0.9] [%clk 0:09:32] }
9... O-O $6 { [%eval 1.52] [%clk 0:09:42] } 10. Kb1
{ [%eval 1.49] [%clk 0:09:31] } 10... c5 { [%eval 1.95] [%clk 0:09:40] } 11.
Qe3 { [%eval 2.17] [%clk 0:09:24] } 11... h6 { [%eval 2.82] [%clk 0:09:31] }
12. f3 { [%eval 2.32] [%clk 0:09:15] } 12... Nh7 $6
{ [%eval 3.08] [%clk 0:09:26] } 13. g4 { [%eval 3.04] [%clk 0:09:13] } 13...
Bg5 { [%eval 3.62] [%clk 0:09:20] } 14. Qf2 $2 { [%eval 2.42] [%clk 0:09:03] }
14... Qf6 $4 { [%eval 5.96] [%clk 0:09:08] } 15. h4
{ [%eval 5.7] [%clk 0:09:00] } 15... Bf4 { [%eval 5.94] [%clk 0:08:58] } 16.
Nd5 { [%eval 5.87] [%clk 0:08:52] } 1-0"
Rated Rapid game,https://lichess.org/r67q8mOZ,2024.08.01,-,DrMoonPhoenix,Rakhmanov_sv,0-1,2024.08.01,08:43:41,1858,1833,,,B30,Sicilian Defense: Nyezhmetdinov-Rossolimo Attack,600+0,Normal,"1. e4 { [%clk 0:10:00] } 1... c5 { [%clk 0:10:00] } 2. Nf3 { [%clk 0:09:59] }
2... Nc6 { [%clk 0:09:59] } 3. Bb5 { [%clk 0:09:57] } 3... e6
{ [%clk 0:09:57] } 4. Bxc6 { [%clk 0:09:55] } 4... bxc6 { [%clk 0:09:56] } 5.
O-O { [%clk 0:09:55] } 5... d5 { [%clk 0:09:53] } 6. exd5 { [%clk 0:09:54] }
6... cxd5 { [%clk 0:09:51] } 7. b3 { [%clk 0:09:53] } 7... Nf6
{ [%clk 0:09:40] } 8. d4 { [%clk 0:09:53] } 8... cxd4 { [%clk 0:09:36] } 9.
Qxd4 { [%clk 0:09:50] } 9... Be7 { [%clk 0:09:34] } 10. c4 { [%clk 0:09:42] }
10... Ba6 { [%clk 0:09:15] } 11. Rd1 { [%clk 0:09:39] } 11... O-O
{ [%clk 0:09:11] } 12. cxd5 { [%clk 0:09:38] } 12... exd5 { [%clk 0:09:06] }
13. Bg5 { [%clk 0:09:35] } 13... Re8 { [%clk 0:08:59] } 14. Nc3
{ [%clk 0:09:34] } 14... Bb7 { [%clk 0:08:17] } 15. Rac1 { [%clk 0:09:12] }
15... Rc8 { [%clk 0:08:12] } 16. Ne5 { [%clk 0:08:40] } 16... Bc5
{ [%clk 0:07:56] } 17. Bxf6 { [%clk 0:08:13] } 17... Qxf6 { [%clk 0:07:25] }
18. Nd7 { [%clk 0:07:52] } 18... Qxd4 { [%clk 0:07:18] } 19. Rxd4
{ [%clk 0:07:40] } 19... Bxd4 { [%clk 0:07:15] } 0-1"
Rated Rapid game,https://lichess.org/r47fqlqW,2024.08.01,-,chriskaituu,selezas,1-0,2024.08.01,08:43:41,1920,1936,,,C21,Danish Gambit,600+0,Normal,"1. e4 { [%clk 0:10:00] } 1... e5 { [%clk 0:10:00] } 2. d4 { [%clk 0:09:59] }
2... exd4 { [%clk 0:09:59] } 3. c3 { [%clk 0:09:58] } 3... dxc3
{ [%clk 0:09:57] } 4. Bc4 { [%clk 0:09:57] } 4... c6 { [%clk 0:09:50] } 5. Nxc3
{ [%clk 0:09:54] } 5... Bb4 { [%clk 0:09:40] } 6. Qb3 { [%clk 0:09:50] } 6...
Bxc3+ { [%clk 0:09:39] } 7. Qxc3 { [%clk 0:09:46] } 7... Qf6 { [%clk 0:09:35] }
8. Qb3 { [%clk 0:09:35] } 8... b5 { [%clk 0:09:30] } 9. Bd3 { [%clk 0:09:31] }
9... Ne7 { [%clk 0:09:22] } 10. Nf3 { [%clk 0:09:29] } 10... h6
{ [%clk 0:09:19] } 11. O-O { [%clk 0:09:26] } 11... d6 { [%clk 0:09:14] } 12.
Bd2 { [%clk 0:09:25] } 12... Qe6 { [%clk 0:09:07] } 13. Qc2 { [%clk 0:09:21] }
13... O-O { [%clk 0:09:05] } 14. Bc3 { [%clk 0:09:20] } 14... Na6
{ [%clk 0:09:01] } 15. Rfe1 { [%clk 0:09:13] } 15... Nc5 { [%clk 0:08:59] } 16.
Nd4 { [%clk 0:09:11] } 16... Qd7 { [%clk 0:08:57] } 17. Nf5 { [%clk 0:09:08] }
17... Nxd3 { [%clk 0:08:52] } 18. Qxd3 { [%clk 0:09:07] } 18... Nxf5
{ [%clk 0:08:48] } 19. exf5 { [%clk 0:09:05] } 19... Rd8 { [%clk 0:08:34] } 20.
Qd4 { [%clk 0:09:03] } 20... f6 { [%clk 0:08:26] } 21. Qg4 { [%clk 0:09:00] }
21... Qxf5 { [%clk 0:08:23] } 22. Qg3 { [%clk 0:08:53] } 22... Bb7
{ [%clk 0:08:16] } 23. Re7 { [%clk 0:08:51] } 23... Rd7 { [%clk 0:08:06] } 24.
Qxg7# { [%clk 0:08:50] } 1-0"
Rated Rapid game,https://lichess.org/duvqm6ls,2024.08.01,-,stiperi,jpscoco02,0-1,2024.08.01,08:43:41,1689,1685,,,B01,Scandinavian Defense: Mieses-Kotroc Variation,600+0,Normal,"1. e4 { [%clk 0:10:00] } 1... d5 { [%clk 0:10:00] } 2. exd5 { [%clk 0:09:57] }
2... Qxd5 { [%clk 0:09:56] } 3. c4 { [%clk 0:09:55] } 3... Qa5
{ [%clk 0:09:51] } 4. Nc3 { [%clk 0:09:50] } 4... Nf6 { [%clk 0:09:40] } 5. d3
{ [%clk 0:09:49] } 5... Ng4 { [%clk 0:09:31] } 6. h3 { [%clk 0:09:36] } 6...
Ne5 { [%clk 0:09:26] } 7. Be2 { [%clk 0:09:32] } 7... c6 { [%clk 0:09:20] } 8.
Bd2 { [%clk 0:09:28] } 8... Qb6 { [%clk 0:09:14] } 9. Na4 { [%clk 0:09:07] }
9... Qd4 { [%clk 0:08:56] } 10. Bc3 { [%clk 0:09:05] } 10... Qd6
{ [%clk 0:08:53] } 11. d4 { [%clk 0:08:29] } 11... Ng6 { [%clk 0:08:47] } 12.
g3 { [%clk 0:08:07] } 12... b5 { [%clk 0:08:33] } 13. cxb5 { [%clk 0:07:59] }
13... cxb5 { [%clk 0:08:25] } 14. Nc5 { [%clk 0:07:57] } 14... a6
{ [%clk 0:08:19] } 15. Bf3 { [%clk 0:07:54] } 15... Ra7 { [%clk 0:08:10] } 16.
Ne2 { [%clk 0:07:45] } 16... h5 { [%clk 0:07:58] } 17. h4 { [%clk 0:07:36] }
17... e6 { [%clk 0:07:51] } 18. Ne4 { [%clk 0:07:18] } 18... Qc7
{ [%clk 0:07:06] } 19. Rc1 { [%clk 0:07:10] } 19... Be7 { [%clk 0:06:47] } 20.
O-O { [%clk 0:06:46] } 20... Bxh4 { [%clk 0:06:17] } 21. gxh4
{ [%clk 0:06:43] } 21... Nxh4 { [%clk 0:06:13] } 22. N2g3 { [%clk 0:06:38] }
22... Qf4 { [%clk 0:05:57] } 23. Qd3 { [%clk 0:06:06] } 23... Nxf3+
{ [%clk 0:05:47] } 24. Kg2 { [%clk 0:06:02] } 24... Nh4+ { [%clk 0:05:27] } 25.
Kh1 { [%clk 0:06:01] } 25... Bb7 { [%clk 0:05:17] } 26. Bd2 { [%clk 0:05:51] }
26... Qg4 { [%clk 0:05:02] } 27. f3 { [%clk 0:05:39] } 27... Qh3+
{ [%clk 0:04:52] } 28. Kg1 { [%clk 0:05:36] } 28... Qg2# { [%clk 0:04:50] } 0-1"
Rated Rapid game,https://lichess.org/0E6QFkWx,2024.08.01,-,DYamen,oxythechomu,0-1,2024.08.01,08:43:41,1998,1971,,,A45,Indian Defense,600+0,Normal,"1. d4 { [%clk 0:10:00] } 1... Nf6 { [%clk 0:10:00] } 2. Bf4 { [%clk 0:09:57] }
2... c5 { [%clk 0:09:58] } 3. c3 { [%clk 0:09:55] } 3... Qb6 { [%clk 0:09:56] }
4. Qb3 { [%clk 0:09:53] } 4... cxd4 { [%clk 0:09:43] } 5. Qxb6
{ [%clk 0:09:42] } 5... axb6 { [%clk 0:09:43] } 6. Bxb8 { [%clk 0:09:41] } 6...
dxc3 { [%clk 0:09:33] } 7. Be5 { [%clk 0:09:38] } 7... Rxa2 { [%clk 0:09:25] }
8. Rxa2 { [%clk 0:07:27] } 8... c2 { [%clk 0:09:23] } 9. Kd2 { [%clk 0:07:08] }
9... cxb1=Q { [%clk 0:09:19] } 10. Ra8 { [%clk 0:07:06] } 10... Kd8
{ [%clk 0:07:55] } 11. Bd4 { [%clk 0:06:36] } 11... Ne4+ { [%clk 0:07:25] } 12.
Ke3 { [%clk 0:06:29] } 12... Nc5 { [%clk 0:07:25] } 0-1"
Rated Rapid game,https://lichess.org/Z8J3KsRC,2024.08.01,-,Deliluca,aux1960,0-1,2024.08.01,08:43:41,1886,1896,,,C00,French Defense: Two Knights Variation,600+0,Time forfeit,"1. e4 { [%clk 0:10:00] } 1... e6 { [%clk 0:10:00] } 2. Nf3 { [%clk 0:09:58] }
2... d5 { [%clk 0:09:58] } 3. Nc3 { [%clk 0:09:50] } 3... dxe4
{ [%clk 0:09:55] } 4. Nxe4 { [%clk 0:09:49] } 4... Nf6 { [%clk 0:09:53] } 5.
Bb5+ { [%clk 0:09:36] } 5... c6 { [%clk 0:09:46] } 6. Nxf6+ { [%clk 0:09:33] }
6... Qxf6 { [%clk 0:09:41] } 7. Ba4 { [%clk 0:09:21] } 7... Bc5
{ [%clk 0:09:37] } 8. d4 { [%clk 0:09:16] } 8... Bb6 { [%clk 0:09:32] } 9. O-O
{ [%clk 0:09:12] } 9... O-O { [%clk 0:09:30] } 10. c4 { [%clk 0:09:03] } 10...
Rd8 { [%clk 0:09:20] } 11. Bg5 { [%clk 0:08:49] } 11... Qg6 { [%clk 0:09:09] }
12. Bxd8 { [%clk 0:08:44] } 12... Bxd8 { [%clk 0:09:06] } 13. Bc2
{ [%clk 0:08:39] } 13... Qg4 { [%clk 0:08:56] } 14. h3 { [%clk 0:08:36] } 14...
Qh5 { [%clk 0:08:45] } 15. Ne5 { [%clk 0:08:27] } 15... Qxd1 { [%clk 0:08:38] }
16. Raxd1 { [%clk 0:08:24] } 16... Bf6 { [%clk 0:08:36] } 17. f4
{ [%clk 0:08:18] } 17... Na6 { [%clk 0:08:30] } 18. a3 { [%clk 0:08:15] } 18...
Be7 { [%clk 0:08:15] } 19. f5 { [%clk 0:07:57] } 19... f6 { [%clk 0:08:04] }
20. Ng4 { [%clk 0:07:46] } 20... c5 { [%clk 0:07:49] } 21. d5
{ [%clk 0:07:37] } 21... exd5 { [%clk 0:07:28] } 22. cxd5 { [%clk 0:07:34] }
22... Bd6 { [%clk 0:07:19] } 23. Rfe1 { [%clk 0:07:21] } 23... Nc7
{ [%clk 0:07:13] } 24. Ne3 { [%clk 0:07:13] } 24... b5 { [%clk 0:06:54] } 25.
g4 { [%clk 0:06:48] } 25... Bb7 { [%clk 0:06:32] } 26. Ng2 { [%clk 0:06:33] }
26... Rd8 { [%clk 0:05:51] } 0-1"
Rated Rapid game,https://lichess.org/eoniY9fj,2024.08.01,-,DrLichterstein,Jajanken1,0-1,2024.08.01,08:43:41,2025,2186,,,B02,Alekhine Defense: Scandinavian Variation,600+0,Normal,"1. e4 { [%clk 0:10:00] } 1... Nf6 { [%clk 0:10:00] } 2. Nc3 { [%clk 0:09:56] }
2... d5 { [%clk 0:09:58] } 3. e5 { [%clk 0:09:53] } 3... d4 { [%clk 0:09:57] }
4. exf6 { [%clk 0:09:45] } 4... dxc3 { [%clk 0:09:55] } 5. bxc3
{ [%clk 0:09:41] } 5... exf6 { [%clk 0:09:54] } 6. Bd3 { [%clk 0:09:33] } 6...
Nc6 { [%clk 0:09:39] } 7. Ne2 { [%clk 0:09:23] } 7... Ne5 { [%clk 0:09:28] } 8.
Be4 { [%clk 0:09:20] } 8... f5 { [%clk 0:09:16] } 9. f4 { [%clk 0:08:18] } 9...
fxe4 { [%clk 0:08:39] } 10. fxe5 { [%clk 0:08:15] } 10... Bg4
{ [%clk 0:08:22] } 11. O-O { [%clk 0:07:52] } 11... Bc5+ { [%clk 0:08:16] } 12.
Kh1 { [%clk 0:07:48] } 12... Qh4 { [%clk 0:07:15] } 13. Qe1 { [%clk 0:07:29] }
13... Qxe1 { [%clk 0:07:12] } 14. Rxe1 { [%clk 0:07:27] } 14... Bf2
{ [%clk 0:07:10] } 15. Rf1 { [%clk 0:07:22] } 15... Bh4 { [%clk 0:07:05] } 16.
c4 { [%clk 0:07:12] } 16... Bxe2 { [%clk 0:07:02] } 0-1"
Rated Rapid game,https://lichess.org/7KSGYMaO,2024.08.01,-,rithusaarangccs,Sergeev44Maksim,1-0,2024.08.01,08:43:41,658,690,,,C41,Philidor Defense,600+0,Time forfeit,"1. e4 { [%clk 0:10:00] } 1... e5 { [%clk 0:10:00] } 2. Nf3 { [%clk 0:09:55] }
2... d6 { [%clk 0:09:54] } 3. Bb5+ { [%clk 0:09:52] } 3... c6
{ [%clk 0:09:48] } 4. Bc4 { [%clk 0:09:50] } 4... Bg4 { [%clk 0:09:43] } 5. d3
{ [%clk 0:09:35] } 5... Bxf3 { [%clk 0:09:40] } 6. Qxf3 { [%clk 0:09:27] } 6...
d5 { [%clk 0:09:38] } 7. Bg5 { [%clk 0:09:24] } 7... dxc4 { [%clk 0:09:36] } 8.
Bxd8 { [%clk 0:09:20] } 1-0"
Rated Rapid game,https://lichess.org/m0JheKLC,2024.08.01,-,POCCOMAXA24,tofal99,1-0,2024.08.01,08:43:41,1939,1945,,,D02,Queen's Pawn Game: Zukertort Variation,600+0,Normal,"1. d4 { [%clk 0:10:00] } 1... d5 { [%clk 0:10:00] } 2. Nf3 { [%clk 0:09:21] }
2... Bf5 { [%clk 0:09:57] } 3. Bf4 { [%clk 0:09:19] } 3... Nf6
{ [%clk 0:09:55] } 4. Nbd2 { [%clk 0:09:17] } 4... e6 { [%clk 0:09:52] } 5. e3
{ [%clk 0:09:16] } 5... a6 { [%clk 0:09:51] } 6. a3 { [%clk 0:09:14] } 6... c5
{ [%clk 0:09:49] } 7. c4 { [%clk 0:09:09] } 7... dxc4 { [%clk 0:09:33] } 8.
Bxc4 { [%clk 0:09:06] } 8... b5 { [%clk 0:09:32] } 9. Be2 { [%clk 0:09:03] }
9... c4 { [%clk 0:09:31] } 10. O-O { [%clk 0:08:59] } 10... Nc6
{ [%clk 0:09:11] } 11. Nb1 { [%clk 0:08:45] } 11... Bd6 { [%clk 0:09:04] } 12.
Bg5 { [%clk 0:08:43] } 12... Be7 { [%clk 0:08:59] } 13. Nc3 { [%clk 0:08:40] }
13... O-O { [%clk 0:08:55] } 14. Re1 { [%clk 0:07:59] } 14... Na5
{ [%clk 0:08:48] } 15. Bf1 { [%clk 0:07:50] } 15... Nb3 { [%clk 0:08:32] } 16.
Ra2 { [%clk 0:07:49] } 16... Nd5 { [%clk 0:08:14] } 17. Bxe7 { [%clk 0:07:42] }
17... Nxe7 { [%clk 0:08:04] } 18. Nd2 { [%clk 0:07:32] } 18... Na5
{ [%clk 0:07:49] } 19. a4 { [%clk 0:07:30] } 19... b4 { [%clk 0:07:26] } 20.
Nce4 { [%clk 0:07:28] } 20... Bxe4 { [%clk 0:07:13] } 21. Nxe4
{ [%clk 0:07:13] } 21... b3 { [%clk 0:07:12] } 22. Ra1 { [%clk 0:07:12] } 22...
Rc8 { [%clk 0:07:06] } 23. Qd2 { [%clk 0:06:58] } 23... Nd5 { [%clk 0:06:44] }
24. Nc5 { [%clk 0:06:53] } 24... Qb6 { [%clk 0:05:42] } 25. Nd7
{ [%clk 0:06:29] } 25... Qb4 { [%clk 0:05:26] } 26. Qxb4 { [%clk 0:06:21] }
26... Nxb4 { [%clk 0:05:25] } 27. Nxf8 { [%clk 0:06:20] } 27... Kxf8
{ [%clk 0:04:48] } 28. Rac1 { [%clk 0:06:09] } 28... Ke7 { [%clk 0:04:27] } 29.
Be2 { [%clk 0:05:27] } 29... Kd6 { [%clk 0:04:22] } 30. Rc3 { [%clk 0:05:26] }
30... f5 { [%clk 0:03:58] } 31. Rec1 { [%clk 0:04:29] } 31... Na2
{ [%clk 0:03:55] } 32. Rxc4 { [%clk 0:04:28] } 32... Nxc1 { [%clk 0:03:27] }
33. Rxc8 { [%clk 0:04:18] } 33... Nxe2+ { [%clk 0:03:25] } 34. Kf1
{ [%clk 0:04:17] } 34... Nxd4 { [%clk 0:02:43] } 35. exd4 { [%clk 0:04:09] }
35... Kd5 { [%clk 0:02:43] } 36. Rc5+ { [%clk 0:04:08] } 1-0"
Rated Rapid game,https://lichess.org/Rlo4BRTL,2024.08.01,-,azizjalal,KirillKaluga,0-1,2024.08.01,08:43:42,1214,1189,,,D30,Queen's Gambit Declined,600+0,Normal,"1. d4 { [%clk 0:10:00] } 1... d5 { [%clk 0:10:00] } 2. c4 { [%clk 0:09:59] }
2... e6 { [%clk 0:09:55] } 3. e3 { [%clk 0:09:53] } 3... a6 { [%clk 0:09:50] }
4. g3 { [%clk 0:09:51] } 4... c6 { [%clk 0:09:48] } 5. Bg2 { [%clk 0:09:47] }
5... Nf6 { [%clk 0:09:45] } 6. Nf3 { [%clk 0:09:45] } 6... h6
{ [%clk 0:09:41] } 7. O-O { [%clk 0:09:43] } 7... Ne4 { [%clk 0:09:28] } 8.
Nbd2 { [%clk 0:09:39] } 8... f5 { [%clk 0:09:13] } 9. cxd5 { [%clk 0:09:35] }
9... cxd5 { [%clk 0:09:11] } 10. Ne5 { [%clk 0:09:33] } 10... Bd6
{ [%clk 0:09:06] } 11. Bxe4 { [%clk 0:09:30] } 11... dxe4 { [%clk 0:09:03] }
12. Ng6 { [%clk 0:09:22] } 12... Rg8 { [%clk 0:08:58] } 13. Nf4
{ [%clk 0:09:17] } 13... g5 { [%clk 0:08:52] } 14. Nh5 { [%clk 0:09:09] } 14...
Nd7 { [%clk 0:08:40] } 15. g4 { [%clk 0:09:07] } 15... b5 { [%clk 0:08:31] }
16. a3 { [%clk 0:08:59] } 16... Bb7 { [%clk 0:08:22] } 17. b4
{ [%clk 0:08:57] } 17... Qe7 { [%clk 0:07:58] } 18. h3 { [%clk 0:08:52] } 18...
f4 { [%clk 0:07:47] } 19. Nxe4 { [%clk 0:08:43] } 19... Bxe4 { [%clk 0:07:44] }
20. exf4 { [%clk 0:08:35] } 20... gxf4 { [%clk 0:07:35] } 21. Bxf4
{ [%clk 0:08:27] } 21... Bxf4 { [%clk 0:07:32] } 22. Nxf4 { [%clk 0:08:27] }
22... Rd8 { [%clk 0:07:21] } 23. Re1 { [%clk 0:08:24] } 23... Nf6
{ [%clk 0:07:02] } 24. f3 { [%clk 0:08:21] } 24... Bd5 { [%clk 0:06:48] } 25.
Nxd5 { [%clk 0:08:16] } 25... Nxd5 { [%clk 0:06:46] } 26. Re2
{ [%clk 0:08:08] } 26... Nf4 { [%clk 0:06:41] } 27. Re4 { [%clk 0:08:05] }
27... Nxh3+ { [%clk 0:06:39] } 28. Kh2 { [%clk 0:08:03] } 28... Ng5
{ [%clk 0:06:22] } 29. Re5 { [%clk 0:08:00] } 29... Rd5 { [%clk 0:05:59] } 30.
Rxd5 { [%clk 0:07:54] } 30... exd5 { [%clk 0:05:57] } 31. Qe1
{ [%clk 0:07:50] } 31... Nxf3+ { [%clk 0:05:54] } 0-1"
Rated Rapid game,https://lichess.org/pgelXy3L,2024.08.01,-,strong-men,ouzumaki_Boruto1986,1-0,2024.08.01,08:43:39,2311,2402,,,E07,Catalan Opening: Closed,600+0,Time forfeit,"1. d4 { [%eval 0.16] [%clk 0:10:00] } 1... Nf6 { [%eval 0.17] [%clk 0:10:00] }
2. c4 { [%eval 0.21] [%clk 0:09:59] } 2... e6 { [%eval 0.11] [%clk 0:09:58] }
3. g3 { [%eval 0.16] [%clk 0:09:58] } 3... d5 { [%eval 0.23] [%clk 0:09:58] }
4. Bg2 { [%eval 0.14] [%clk 0:09:57] } 4... Be7 { [%eval 0.22] [%clk 0:09:56] }
5. Nf3 { [%eval 0.16] [%clk 0:09:56] } 5... O-O { [%eval 0.28] [%clk 0:09:55] }
6. O-O { [%eval 0.25] [%clk 0:09:55] } 6... Nbd7
{ [%eval 0.37] [%clk 0:09:54] } 7. Nfd2 { [%eval 0.02] [%clk 0:09:49] } 7...
dxc4 $6 { [%eval 0.6] [%clk 0:09:43] } 8. Nxc4 { [%eval 0.53] [%clk 0:09:47] }
8... c5 { [%eval 0.71] [%clk 0:09:41] } 9. Nc3 { [%eval 0.75] [%clk 0:09:40] }
9... cxd4 { [%eval 1.06] [%clk 0:07:50] } 10. Qxd4
{ [%eval 1.05] [%clk 0:09:40] } 10... Bc5 { [%eval 0.99] [%clk 0:07:46] } 11.
Qd1 { [%eval 0.72] [%clk 0:09:37] } 11... Qe7 { [%eval 0.84] [%clk 0:07:40] }
12. Qb3 { [%eval 0.51] [%clk 0:09:24] } 12... a6 $6
{ [%eval 1.45] [%clk 0:06:06] } 13. Bf4 { [%eval 1.19] [%clk 0:08:56] } 13...
Nh5 $6 { [%eval 1.93] [%clk 0:04:55] } 14. Be3 $2
{ [%eval 0.64] [%clk 0:08:22] } 14... Rb8 $6 { [%eval 1.46] [%clk 0:04:13] }
15. Ne4 { [%eval 1.3] [%clk 0:08:10] } 15... b5 $4
{ [%eval 4.53] [%clk 0:03:34] } 16. Na5 { [%eval 4.71] [%clk 0:08:03] } 16...
Rb6 $2 { [%eval 7.08] [%clk 0:02:25] } 17. Nxc5 { [%eval 7.03] [%clk 0:07:49] }
17... Nxc5 { [%eval 6.88] [%clk 0:02:07] } 18. Qb4
{ [%eval 6.87] [%clk 0:07:46] } 1-0"
Rated Rapid game,https://lichess.org/K77GhJ9i,2024.08.01,-,Anas551,rodrigobernal,0-1,2024.08.01,08:43:46,1779,1793,,,B00,Owen Defense,600+0,Normal,"1. e4 { [%clk 0:10:00] } 1... b6 { [%clk 0:10:00] } 2. d4 { [%clk 0:09:57] }
2... Bb7 { [%clk 0:10:00] } 3. d5 { [%clk 0:09:56] } 3... e6 { [%clk 0:09:59] }
4. Bc4 { [%clk 0:09:51] } 4... Bc5 { [%clk 0:09:53] } 5. Nf3 { [%clk 0:09:48] }
5... exd5 { [%clk 0:08:52] } 6. exd5 { [%clk 0:09:40] } 6... Qe7+
{ [%clk 0:08:50] } 7. Be2 { [%clk 0:08:58] } 7... Nf6 { [%clk 0:08:14] } 8. Bg5
{ [%clk 0:08:53] } 8... O-O { [%clk 0:08:09] } 9. O-O { [%clk 0:08:52] } 9...
Re8 { [%clk 0:08:04] } 10. Bc4 { [%clk 0:08:41] } 10... Qd6 { [%clk 0:07:57] }
11. Nc3 { [%clk 0:08:20] } 11... Ba6 { [%clk 0:07:18] } 12. Bxa6
{ [%clk 0:07:46] } 12... Nxa6 { [%clk 0:07:15] } 13. a3 { [%clk 0:07:28] }
13... Qf8 { [%clk 0:06:13] } 14. Bxf6 { [%clk 0:07:24] } 14... gxf6
{ [%clk 0:06:12] } 15. b4 { [%clk 0:07:10] } 15... Bd6 { [%clk 0:06:02] } 16.
Nb5 { [%clk 0:06:57] } 16... Qg7 { [%clk 0:05:45] } 17. Nxd6 { [%clk 0:06:55] }
17... cxd6 { [%clk 0:05:44] } 18. Qd3 { [%clk 0:06:41] } 18... Nb8
{ [%clk 0:05:36] } 19. h3 { [%clk 0:06:20] } 19... a6 { [%clk 0:05:31] } 20.
Rfe1 { [%clk 0:06:14] } 20... Rf8 { [%clk 0:05:27] } 21. Re4 { [%clk 0:06:10] }
21... f5 { [%clk 0:05:21] } 22. Rf4 { [%clk 0:06:04] } 22... Qxa1+
{ [%clk 0:05:19] } 23. Kh2 { [%clk 0:06:01] } 23... b5 { [%clk 0:03:44] } 24.
Qxf5 { [%clk 0:05:55] } 24... f6 { [%clk 0:03:18] } 25. Rh4 { [%clk 0:05:24] }
25... Rf7 { [%clk 0:03:11] } 26. Rf4 { [%clk 0:05:04] } 26... Kf8
{ [%clk 0:02:23] } 27. Ng5 { [%clk 0:04:59] } 27... Qe5 { [%clk 0:02:18] } 28.
Nxf7 { [%clk 0:04:41] } 28... Qxf5 { [%clk 0:02:15] } 29. Rxf5
{ [%clk 0:04:36] } 29... Kxf7 { [%clk 0:02:13] } 30. g4 { [%clk 0:04:33] }
30... a5 { [%clk 0:02:04] } 31. g5 { [%clk 0:04:23] } 31... axb4
{ [%clk 0:01:59] } 32. Rxf6+ { [%clk 0:04:19] } 32... Kg7 { [%clk 0:01:56] }
33. axb4 { [%clk 0:04:16] } 33... Na6 { [%clk 0:01:51] } 34. Rxd6
{ [%clk 0:04:14] } 34... Nxb4 { [%clk 0:01:49] } 35. Rxd7+ { [%clk 0:04:12] }
35... Kg6 { [%clk 0:01:47] } 36. h4 { [%clk 0:04:10] } 36... Nxc2
{ [%clk 0:01:40] } 37. Rd6+ { [%clk 0:04:08] } 37... Kf5 { [%clk 0:01:27] } 38.
Rb6 { [%clk 0:04:02] } 38... Nd4 { [%clk 0:01:22] } 39. d6 { [%clk 0:03:59] }
39... Rd8 { [%clk 0:01:13] } 40. Kg3 { [%clk 0:03:55] } 40... Ke5
{ [%clk 0:01:11] } 41. Rb7 { [%clk 0:03:44] } 41... Rxd6 { [%clk 0:00:57] } 42.
Rxh7 { [%clk 0:03:42] } 42... b4 { [%clk 0:00:55] } 43. Rb7 { [%clk 0:03:37] }
43... b3 { [%clk 0:00:53] } 44. h5 { [%clk 0:03:10] } 44... Kf5
{ [%clk 0:00:45] } 45. g6 { [%clk 0:03:02] } 45... Rd8 { [%clk 0:00:28] } 46.
g7 { [%clk 0:02:54] } 46... Kg5 { [%clk 0:00:21] } 47. Rb4 { [%clk 0:02:30] }
47... Kxh5 { [%clk 0:00:19] } 48. g8=Q { [%clk 0:02:28] } 48... Rxg8+
{ [%clk 0:00:18] } 49. Kf4 { [%clk 0:02:26] } 49... Rd8 { [%clk 0:00:17] } 50.
Ke3 { [%clk 0:02:24] } 50... Nc2+ { [%clk 0:00:16] } 0-1"
Rated Rapid game,https://lichess.org/RcRXmXp4,2024.08.01,-,kausthav5678,americo1,0-1,2024.08.01,08:43:46,1291,1245,,,A00,Van't Kruijs Opening,600+0,Normal,"1. e3 { [%clk 0:10:00] } 1... b6 { [%clk 0:10:00] } 2. Qf3 { [%clk 0:09:59] }
2... Nc6 { [%clk 0:09:49] } 3. Bc4 { [%clk 0:09:58] } 3... e6
{ [%clk 0:09:44] } 4. d4 { [%clk 0:09:54] } 4... d5 { [%clk 0:09:42] } 5. Bb3
{ [%clk 0:09:51] } 5... Bb7 { [%clk 0:09:41] } 6. e4 { [%clk 0:09:49] } 6...
Nf6 { [%clk 0:09:31] } 7. exd5 { [%clk 0:09:46] } 7... Nxd5 { [%clk 0:09:25] }
8. Nh3 { [%clk 0:09:40] } 8... g6 { [%clk 0:09:13] } 9. Ng5 { [%clk 0:09:37] }
9... Qd7 { [%clk 0:09:06] } 10. Ba4 { [%clk 0:09:33] } 10... Bg7
{ [%clk 0:09:03] } 11. Bxc6 { [%clk 0:09:28] } 11... Bxc6 { [%clk 0:09:01] }
12. Qh3 { [%clk 0:09:18] } 12... h6 { [%clk 0:08:43] } 13. Ne4
{ [%clk 0:08:51] } 13... O-O-O { [%clk 0:08:31] } 14. Qd3 { [%clk 0:08:46] }
14... Nb4 { [%clk 0:08:24] } 15. Qc4 { [%clk 0:08:38] } 15... Nxc2+
{ [%clk 0:08:21] } 16. Kf1 { [%clk 0:08:36] } 16... Nxa1 { [%clk 0:08:15] } 17.
Bf4 { [%clk 0:08:24] } 17... Bxe4 { [%clk 0:08:08] } 18. Qa6+
{ [%clk 0:08:19] } 18... Kb8 { [%clk 0:07:55] } 19. Qb7+ { [%clk 0:08:03] }
19... Kxb7 { [%clk 0:07:51] } 0-1"
Rated Rapid game,https://lichess.org/3Q3xxj7I,2024.08.01,-,nikonru,Graxes,1-0,2024.08.01,08:43:46,1445,1428,,,D00,Blackmar-Diemer Gambit,600+0,Time forfeit,"1. d4 { [%clk 0:10:00] } 1... d5 { [%clk 0:10:00] } 2. e4 { [%clk 0:09:59] }
2... dxe4 { [%clk 0:09:58] } 3. d5 { [%clk 0:09:58] } 3... e6
{ [%clk 0:09:56] } 4. Bb5+ { [%clk 0:09:53] } 4... Bd7 { [%clk 0:09:50] } 5.
Bxd7+ { [%clk 0:09:50] } 5... Qxd7 { [%clk 0:09:49] } 6. Nc3 { [%clk 0:09:47] }
6... Bb4 { [%clk 0:09:43] } 7. Qd4 { [%clk 0:09:14] } 7... Bxc3+
{ [%clk 0:09:38] } 8. bxc3 { [%clk 0:09:11] } 8... exd5 { [%clk 0:09:23] } 9.
Ne2 { [%clk 0:08:51] } 9... Nc6 { [%clk 0:09:17] } 10. Qxg7 { [%clk 0:08:45] }
10... O-O-O { [%clk 0:08:44] } 11. Qxh8 { [%clk 0:08:39] } 11... d4
{ [%clk 0:08:40] } 12. Nxd4 { [%clk 0:08:33] } 12... Nxd4 { [%clk 0:08:33] }
13. Qxd4 { [%clk 0:08:31] } 13... Qa4 { [%clk 0:08:22] } 14. Qxa4
{ [%clk 0:08:25] } 1-0"
Rated Rapid game,https://lichess.org/DfKOZDdg,2024.08.01,-,mana7Aa,Sontungt,1-0,2024.08.01,08:43:46,1093,1079,,,C62,Ruy Lopez: Steinitz Defense,600+0,Normal,"1. e4 { [%clk 0:10:00] } 1... e5 { [%clk 0:10:00] } 2. Nf3 { [%clk 0:09:59] }
2... Nc6 { [%clk 0:09:56] } 3. Bb5 { [%clk 0:09:57] } 3... d6
{ [%clk 0:09:56] } 4. Bxc6+ { [%clk 0:09:55] } 4... bxc6 { [%clk 0:09:51] } 5.
d3 { [%clk 0:09:55] } 5... c5 { [%clk 0:09:48] } 6. Nc3 { [%clk 0:09:50] } 6...
Bg4 { [%clk 0:09:41] } 7. h3 { [%clk 0:09:45] } 7... Bxf3 { [%clk 0:09:40] } 8.
Qxf3 { [%clk 0:09:44] } 8... Be7 { [%clk 0:09:34] } 9. Be3 { [%clk 0:09:31] }
9... Bg5 { [%clk 0:09:28] } 10. O-O-O { [%clk 0:09:25] } 10... Nf6
{ [%clk 0:09:24] } 11. Bxg5 { [%clk 0:09:24] } 11... O-O { [%clk 0:09:20] } 12.
Bxf6 { [%clk 0:09:22] } 12... gxf6 { [%clk 0:09:19] } 13. Nd5
{ [%clk 0:09:17] } 13... Kh8 { [%clk 0:09:19] } 14. Qxf6+ { [%clk 0:09:13] }
14... Qxf6 { [%clk 0:09:17] } 15. Nxf6 { [%clk 0:09:12] } 15... Rab8
{ [%clk 0:09:15] } 16. g4 { [%clk 0:09:07] } 16... c6 { [%clk 0:09:14] } 17. h4
{ [%clk 0:08:58] } 17... Rfd8 { [%clk 0:09:07] } 18. g5 { [%clk 0:08:56] }
18... d5 { [%clk 0:09:05] } 19. h5 { [%clk 0:08:48] } 19... dxe4
{ [%clk 0:09:02] } 20. Nxe4 { [%clk 0:08:43] } 20... c4 { [%clk 0:08:59] } 21.
dxc4 { [%clk 0:08:35] } 21... Rg8 { [%clk 0:08:54] } 22. g6 { [%clk 0:08:24] }
22... hxg6 { [%clk 0:08:47] } 23. hxg6+ { [%clk 0:08:23] } 23... Kg7
{ [%clk 0:08:45] } 24. gxf7 { [%clk 0:08:20] } 24... Kxf7 { [%clk 0:08:43] }
25. Rh7+ { [%clk 0:08:12] } 25... Kg6 { [%clk 0:08:41] } 26. Rxa7
{ [%clk 0:08:10] } 26... Kf5 { [%clk 0:08:33] } 27. f3 { [%clk 0:07:55] } 27...
Rbd8 { [%clk 0:08:22] } 28. Rxd8 { [%clk 0:07:52] } 28... Rxd8
{ [%clk 0:08:20] } 29. b4 { [%clk 0:07:39] } 29... Rd4 { [%clk 0:08:14] } 30.
c5 { [%clk 0:07:32] } 30... Rxb4 { [%clk 0:08:13] } 31. Rc7 { [%clk 0:07:28] }
31... Rd4 { [%clk 0:07:50] } 32. Rxc6 { [%clk 0:07:23] } 32... Kf4
{ [%clk 0:07:46] } 33. Rf6+ { [%clk 0:07:20] } 33... Ke3 { [%clk 0:07:44] } 34.
Kb2 { [%clk 0:07:06] } 34... Rb4+ { [%clk 0:07:41] } 35. Ka3 { [%clk 0:07:02] }
35... Rc4 { [%clk 0:07:34] } 36. c3 { [%clk 0:06:54] } 36... Kd3
{ [%clk 0:07:27] } 37. Kb3 { [%clk 0:06:51] } 37... Ke3 { [%clk 0:07:18] } 38.
Kxc4 { [%clk 0:06:48] } 38... Ke2 { [%clk 0:07:16] } 39. c6 { [%clk 0:06:46] }
39... Ke3 { [%clk 0:07:13] } 40. c7 { [%clk 0:06:44] } 40... Ke2
{ [%clk 0:07:13] } 41. c8=Q { [%clk 0:06:43] } 41... Ke1 { [%clk 0:07:13] } 42.
a4 { [%clk 0:06:37] } 42... Kd1 { [%clk 0:07:13] } 43. a5 { [%clk 0:06:36] }
43... Kc2 { [%clk 0:07:13] } 44. a6 { [%clk 0:06:36] } 44... Kb1
{ [%clk 0:07:12] } 45. a7 { [%clk 0:06:36] } 45... Kc1 { [%clk 0:07:11] } 46.
a8=Q { [%clk 0:06:34] } 46... Kc2 { [%clk 0:07:11] } 47. Qa2+
{ [%clk 0:06:31] } 47... Kd1 { [%clk 0:07:09] } 48. Qd8+ { [%clk 0:06:31] }
48... Ke1 { [%clk 0:07:08] } 49. Qdd2+ { [%clk 0:06:28] } 49... Kf1
{ [%clk 0:07:06] } 50. Qc1# { [%clk 0:06:27] } 1-0"
Rated Rapid game,https://lichess.org/GrAe5Rv4,2024.08.01,-,luhee,digestiv,1-0,2024.08.01,08:43:46,1691,1613,,,C41,Philidor Defense,600+0,Normal,"1. e4 { [%clk 0:10:00] } 1... e5 { [%clk 0:10:00] } 2. Nf3 { [%clk 0:09:59] }
2... d6 { [%clk 0:09:58] } 3. Bc4 { [%clk 0:09:55] } 3... Nf6
{ [%clk 0:09:55] } 4. O-O { [%clk 0:09:52] } 4... h6 { [%clk 0:09:54] } 5. d4
{ [%clk 0:09:46] } 5... Nxe4 { [%clk 0:09:52] } 6. Re1 { [%clk 0:09:40] } 6...
d5 { [%clk 0:09:34] } 7. dxe5 { [%clk 0:09:26] } 7... Bg4 { [%clk 0:09:24] } 8.
Qxd5 { [%clk 0:09:04] } 8... Bxf3 { [%clk 0:09:02] } 9. Qxf7#
{ [%clk 0:08:54] } 1-0"
Rated Rapid game,https://lichess.org/FFsY9GrE,2024.08.01,-,ChessTactics28,Morrephy,0-1,2024.08.01,08:43:46,2315,2243,,,D41,Queen's Gambit Declined: Semi-Tarrasch Defense,600+0,Normal,"1. d4 { [%clk 0:10:00] } 1... Nf6 { [%clk 0:10:00] } 2. Nf3 { [%clk 0:09:49] }
2... e6 { [%clk 0:09:59] } 3. c4 { [%clk 0:09:38] } 3... d5 { [%clk 0:09:56] }
4. Nc3 { [%clk 0:09:36] } 4... c5 { [%clk 0:09:47] } 5. cxd5 { [%clk 0:09:29] }
5... exd5 { [%clk 0:09:46] } 6. Bg5 { [%clk 0:09:26] } 6... Be7
{ [%clk 0:09:36] } 7. e3 { [%clk 0:09:18] } 7... O-O { [%clk 0:09:27] } 8. Bd3
{ [%clk 0:09:09] } 8... h6 { [%clk 0:09:22] } 9. Bh4 { [%clk 0:09:05] } 9...
Nc6 { [%clk 0:09:20] } 10. O-O { [%clk 0:09:02] } 10... Bg4 { [%clk 0:09:16] }
11. dxc5 { [%clk 0:08:55] } 11... d4 { [%clk 0:09:08] } 12. exd4
{ [%clk 0:08:25] } 12... Nxd4 { [%clk 0:09:06] } 13. Bxf6 { [%clk 0:08:12] }
13... Bxf6 { [%clk 0:09:01] } 14. Be4 { [%clk 0:08:05] } 14... Qe7
{ [%clk 0:08:46] } 15. Re1 { [%clk 0:07:44] } 15... Qxc5 { [%clk 0:08:42] } 16.
Nd5 { [%clk 0:07:36] } 16... Nxf3+ { [%clk 0:08:34] } 17. Bxf3
{ [%clk 0:07:18] } 17... Bxb2 { [%clk 0:08:15] } 18. Bxg4 { [%clk 0:07:05] }
18... Bxa1 { [%clk 0:08:13] } 19. Ne7+ { [%clk 0:07:03] } 19... Kh8
{ [%clk 0:08:03] } 20. Qxa1 { [%clk 0:07:01] } 20... Rfe8 { [%clk 0:07:58] }
21. Nf5 { [%clk 0:06:53] } 21... Rxe1+ { [%clk 0:07:23] } 22. Qxe1
{ [%clk 0:06:50] } 22... h5 { [%clk 0:07:23] } 23. Bh3 { [%clk 0:06:47] } 23...
Rc8 { [%clk 0:07:17] } 24. g3 { [%clk 0:06:26] } 24... Qc1 { [%clk 0:07:11] }
25. Kf1 { [%clk 0:06:15] } 25... Qxe1+ { [%clk 0:07:08] } 26. Kxe1
{ [%clk 0:06:13] } 26... Rc1+ { [%clk 0:07:03] } 27. Kd2 { [%clk 0:06:10] }
27... Ra1 { [%clk 0:07:03] } 28. Nd6 { [%clk 0:06:04] } 28... Rxa2+
{ [%clk 0:06:53] } 29. Ke3 { [%clk 0:06:02] } 29... Ra3+ { [%clk 0:06:48] } 30.
Ke2 { [%clk 0:06:00] } 30... a5 { [%clk 0:06:27] } 31. Nxb7 { [%clk 0:05:44] }
31... a4 { [%clk 0:06:23] } 32. Nc5 { [%clk 0:05:10] } 32... Ra2+
{ [%clk 0:06:20] } 33. Ke3 { [%clk 0:05:07] } 33... a3 { [%clk 0:06:17] } 34.
Bf1 { [%clk 0:04:33] } 34... Rc2 { [%clk 0:05:51] } 35. Kd4 { [%clk 0:04:02] }
35... Rxc5 { [%clk 0:05:37] } 0-1"
Rated Rapid game,https://lichess.org/xS43M0D9,2024.08.01,-,xdllsad,vicuscarlsen,0-1,2024.08.01,08:43:46,1738,1696,,,B53,Sicilian Defense: Chekhover Variation,600+0,Normal,"1. e4 { [%eval 0.15] [%clk 0:10:00] } 1... c5 { [%eval 0.25] [%clk 0:10:00] }
2. Nf3 { [%eval 0.22] [%clk 0:09:58] } 2... d6 { [%eval 0.26] [%clk 0:09:59] }
3. d4 { [%eval 0.26] [%clk 0:09:57] } 3... cxd4 { [%eval 0.31] [%clk 0:09:59] }
4. Qxd4 { [%eval 0.08] [%clk 0:09:56] } 4... Nf6
{ [%eval 0.11] [%clk 0:09:59] } 5. Nc3 { [%eval 0.0] [%clk 0:09:55] } 5... Nc6
{ [%eval 0.02] [%clk 0:09:58] } 6. Bb5 { [%eval 0.0] [%clk 0:09:54] } 6... Bd7
{ [%eval 0.0] [%clk 0:09:54] } 7. Bxc6 { [%eval 0.0] [%clk 0:09:52] } 7... Bxc6
{ [%eval 0.0] [%clk 0:09:52] } 8. Bg5 { [%eval 0.04] [%clk 0:09:52] } 8... e5
$6 { [%eval 0.75] [%clk 0:09:41] } 9. Qd3 { [%eval 0.68] [%clk 0:09:51] } 9...
Be7 { [%eval 0.78] [%clk 0:09:39] } 10. O-O-O { [%eval 0.69] [%clk 0:09:49] }
10... O-O { [%eval 0.71] [%clk 0:09:37] } 11. h4
{ [%eval 0.19] [%clk 0:09:47] } 11... h6 $6 { [%eval 1.04] [%clk 0:09:35] } 12.
Be3 $2 { [%eval -1.52] [%clk 0:09:41] } 12... Qc7 $6
{ [%eval -0.69] [%clk 0:09:19] } 13. Nh2 $6 { [%eval -1.62] [%clk 0:09:26] }
13... Rfd8 $6 { [%eval -0.87] [%clk 0:09:14] } 14. g4
{ [%eval -0.72] [%clk 0:09:10] } 14... d5 { [%eval -0.86] [%clk 0:09:13] } 15.
g5 { [%eval -0.72] [%clk 0:08:58] } 15... dxe4 $2
{ [%eval 0.51] [%clk 0:09:09] } 16. Qe2 $2 { [%eval -1.58] [%clk 0:08:57] }
16... Nd5 { [%eval -1.6] [%clk 0:08:54] } 17. Nxd5
{ [%eval -1.54] [%clk 0:08:47] } 17... Bxd5 { [%eval -1.54] [%clk 0:08:49] }
18. Kb1 { [%eval -1.41] [%clk 0:08:42] } 18... Qa5 $6
{ [%eval -0.66] [%clk 0:08:47] } 19. a3 $2 { [%eval -2.31] [%clk 0:08:31] }
19... Bxa3 $2 { [%eval -0.73] [%clk 0:08:35] } 20. bxa3
{ [%eval -0.83] [%clk 0:08:31] } 20... Qxa3 { [%eval -0.71] [%clk 0:08:34] }
21. Qb5 $4 { [%eval #-4] [%clk 0:07:52] } 21... Ba2+
{ [%eval #-3] [%clk 0:08:20] } 0-1"
Rated Rapid game,https://lichess.org/to2AciS3,2024.08.01,-,Davido373,raytracing,0-1,2024.08.01,08:43:46,1239,1173,,,C50,"Italian Game: Giuoco Pianissimo, Italian Four Knights Variation",600+0,Normal,"1. e4 { [%clk 0:10:00] } 1... e5 { [%clk 0:10:00] } 2. Nf3 { [%clk 0:09:59] }
2... Nc6 { [%clk 0:09:57] } 3. Nc3 { [%clk 0:09:56] } 3... Bc5
{ [%clk 0:09:54] } 4. Bc4 { [%clk 0:09:55] } 4... Nf6 { [%clk 0:09:51] } 5. d3
{ [%clk 0:09:54] } 5... Ng4 { [%clk 0:09:47] } 6. O-O { [%clk 0:09:51] } 6...
Bxf2+ { [%clk 0:09:43] } 7. Kh1 { [%clk 0:09:48] } 7... Bc5 { [%clk 0:09:41] }
8. Qe2 { [%clk 0:09:19] } 8... d6 { [%clk 0:09:32] } 9. Nd5 { [%clk 0:09:13] }
9... Nf6 { [%clk 0:09:24] } 10. Nxf6+ { [%clk 0:09:05] } 10... gxf6
{ [%clk 0:09:21] } 11. Nh4 { [%clk 0:08:44] } 11... Be6 { [%clk 0:09:16] } 12.
Bxe6 { [%clk 0:08:42] } 12... fxe6 { [%clk 0:09:14] } 13. Qh5+
{ [%clk 0:08:40] } 13... Kd7 { [%clk 0:09:12] } 14. Qf7+ { [%clk 0:08:37] }
14... Qe7 { [%clk 0:09:06] } 15. Qh5 { [%clk 0:08:26] } 15... Raf8
{ [%clk 0:08:59] } 16. c3 { [%clk 0:08:14] } 16... b5 { [%clk 0:08:51] } 17.
Bd2 { [%clk 0:08:11] } 17... a5 { [%clk 0:08:49] } 18. Rac1 { [%clk 0:08:10] }
18... Bb6 { [%clk 0:08:41] } 19. d4 { [%clk 0:08:08] } 19... exd4
{ [%clk 0:08:37] } 20. cxd4 { [%clk 0:08:07] } 20... Nxd4 { [%clk 0:08:34] }
21. Nf5 { [%clk 0:07:54] } 21... exf5 { [%clk 0:08:28] } 22. exf5
{ [%clk 0:07:54] } 22... a4 { [%clk 0:08:11] } 23. Rfe1 { [%clk 0:07:49] }
23... Qf7 { [%clk 0:08:05] } 24. Qg4 { [%clk 0:07:29] } 24... Rhg8
{ [%clk 0:07:54] } 25. Qe4 { [%clk 0:07:22] } 25... Re8 { [%clk 0:07:49] } 26.
Qb7 { [%clk 0:07:16] } 26... Rxe1+ { [%clk 0:07:41] } 27. Rxe1
{ [%clk 0:07:16] } 27... Nc6 { [%clk 0:07:19] } 28. Rc1 { [%clk 0:06:54] }
28... Rc8 { [%clk 0:06:57] } 29. Qxc6+ { [%clk 0:06:51] } 29... Kd8
{ [%clk 0:06:53] } 30. Qb7 { [%clk 0:05:39] } 30... Qxa2 { [%clk 0:06:48] } 31.
Bf4 { [%clk 0:05:18] } 31... Qxb2 { [%clk 0:06:40] } 32. Rc6 { [%clk 0:04:47] }
32... Qa1+ { [%clk 0:06:23] } 33. Rc1 { [%clk 0:04:41] } 33... Qd4
{ [%clk 0:06:17] } 34. h3 { [%clk 0:04:06] } 34... Qxf4 { [%clk 0:06:14] } 0-1"
Rated Rapid game,https://lichess.org/EctJGgsQ,2024.08.01,-,elaheh1392,Akayharvest,1-0,2024.08.01,08:43:46,1594,1567,,,B10,Caro-Kann Defense: Two Knights Attack,600+0,Normal,"1. e4 { [%clk 0:10:00] } 1... c6 { [%clk 0:10:00] } 2. Nf3 { [%clk 0:09:58] }
2... d5 { [%clk 0:10:00] } 3. Nc3 { [%clk 0:09:54] } 3... dxe4
{ [%clk 0:09:58] } 4. Ne5 { [%clk 0:09:49] } 4... Bf5 { [%clk 0:09:58] } 5. Bc4
{ [%clk 0:09:47] } 5... e6 { [%clk 0:09:56] } 6. d4 { [%clk 0:09:31] } 6... Nf6
{ [%clk 0:09:54] } 7. Bf4 { [%clk 0:09:28] } 7... Be7 { [%clk 0:09:52] } 8. O-O
{ [%clk 0:09:24] } 8... O-O { [%clk 0:09:50] } 9. f3 { [%clk 0:09:21] } 9...
exf3 { [%clk 0:09:41] } 10. Qxf3 { [%clk 0:09:18] } 10... Nbd7
{ [%clk 0:09:40] } 11. Nxd7 { [%clk 0:09:09] } 11... Qxd7 { [%clk 0:09:37] }
12. Be5 { [%clk 0:09:08] } 12... b5 { [%clk 0:09:28] } 13. Bd3
{ [%clk 0:09:02] } 13... Bxd3 { [%clk 0:09:26] } 14. cxd3 { [%clk 0:09:01] }
14... a5 { [%clk 0:09:16] } 15. Qg3 { [%clk 0:08:59] } 15... b4
{ [%clk 0:09:07] } 16. Ne4 { [%clk 0:08:53] } 16... Qd8 { [%clk 0:08:55] } 17.
Nxf6+ { [%clk 0:08:41] } 17... Bxf6 { [%clk 0:08:53] } 18. Bxf6
{ [%clk 0:08:39] } 18... Qxf6 { [%clk 0:08:53] } 19. Rxf6 { [%clk 0:08:37] }
19... Rad8 { [%clk 0:08:39] } 20. Rf4 { [%clk 0:08:21] } 20... f6
{ [%clk 0:08:33] } 21. Rg4 { [%clk 0:08:18] } 21... g5 { [%clk 0:08:30] } 22.
h4 { [%clk 0:08:13] } 22... h6 { [%clk 0:08:26] } 23. hxg5 { [%clk 0:08:10] }
23... hxg5 { [%clk 0:08:26] } 24. Rf1 { [%clk 0:08:08] } 24... Rd7
{ [%clk 0:08:15] } 25. Rxg5+ { [%clk 0:08:00] } 25... fxg5 { [%clk 0:08:10] }
26. Qxg5+ { [%clk 0:07:59] } 26... Rg7 { [%clk 0:07:54] } 27. Rxf8+
{ [%clk 0:07:57] } 27... Kxf8 { [%clk 0:07:54] } 28. Qd8+ { [%clk 0:07:51] }
28... Kf7 { [%clk 0:07:50] } 29. Qxa5 { [%clk 0:07:48] } 29... Rg3
{ [%clk 0:07:35] } 30. Qxb4 { [%clk 0:07:42] } 30... Rxd3 { [%clk 0:07:32] }
31. Qb7+ { [%clk 0:07:40] } 31... Kf6 { [%clk 0:07:30] } 32. Qxc6
{ [%clk 0:07:38] } 32... Rxd4 { [%clk 0:07:27] } 33. Qf3+ { [%clk 0:07:36] }
33... Ke7 { [%clk 0:07:25] } 34. g4 { [%clk 0:07:33] } 34... Rd2
{ [%clk 0:07:20] } 35. Qb7+ { [%clk 0:07:27] } 35... Ke8 { [%clk 0:07:11] } 36.
Qc6+ { [%clk 0:07:21] } 36... Kf7 { [%clk 0:07:09] } 37. g5 { [%clk 0:07:17] }
37... Rxb2 { [%clk 0:07:05] } 38. Qf3+ { [%clk 0:07:04] } 38... Ke8
{ [%clk 0:07:00] } 39. g6 { [%clk 0:07:01] } 39... Rb1+ { [%clk 0:06:53] } 40.
Kh2 { [%clk 0:06:59] } 40... Rb2+ { [%clk 0:06:52] } 41. Kg3 { [%clk 0:06:58] }
41... Rxa2 { [%clk 0:06:41] } 42. g7 { [%clk 0:06:57] } 1-0"
Rated Rapid game,https://lichess.org/heKE1lqn,2024.08.01,-,mbato79,Antoine-pert,0-1,2024.08.01,08:43:46,1406,1426,,,B01,Scandinavian Defense: Valencian Variation,600+0,Time forfeit,"1. e4 { [%clk 0:10:00] } 1... d5 { [%clk 0:10:00] } 2. exd5 { [%clk 0:09:58] }
2... Qxd5 { [%clk 0:10:00] } 3. Nc3 { [%clk 0:09:51] } 3... Qd8
{ [%clk 0:09:59] } 4. Bc4 { [%clk 0:09:48] } 4... Nc6 { [%clk 0:09:54] } 5. Nf3
{ [%clk 0:09:46] } 5... Bg4 { [%clk 0:09:50] } 6. h3 { [%clk 0:09:44] } 6...
Bxf3 { [%clk 0:09:49] } 7. Qxf3 { [%clk 0:09:42] } 7... Nf6 { [%clk 0:09:48] }
8. O-O { [%clk 0:09:33] } 8... e6 { [%clk 0:09:46] } 9. Re1 { [%clk 0:09:30] }
9... Nd4 { [%clk 0:09:33] } 10. Bb3 { [%clk 0:08:25] } 10... Nxf3+
{ [%clk 0:09:19] } 0-1"
Rated Rapid game,https://lichess.org/C3xRqvWv,2024.08.01,-,perenlei,tuantakur01,0-1,2024.08.01,08:43:46,1844,1944,,,B00,Pirc Defense,600+0,Normal,"1. e4 { [%clk 0:10:00] } 1... d6 { [%clk 0:10:00] } 2. d3 { [%clk 0:09:57] }
2... e5 { [%clk 0:09:57] } 3. Nc3 { [%clk 0:09:49] } 3... Nc6
{ [%clk 0:09:54] } 4. a3 { [%clk 0:09:45] } 4... Be6 { [%clk 0:09:48] } 5. Be2
{ [%clk 0:09:45] } 5... Qd7 { [%clk 0:09:45] } 6. Be3 { [%clk 0:09:43] } 6...
b6 { [%clk 0:09:41] } 7. Nf3 { [%clk 0:09:41] } 7... f5 { [%clk 0:09:37] } 8.
Ng5 { [%clk 0:09:37] } 8... f4 { [%clk 0:09:34] } 9. Nxe6 { [%clk 0:09:35] }
9... Qxe6 { [%clk 0:09:31] } 10. Bd2 { [%clk 0:09:30] } 10... Nf6
{ [%clk 0:09:29] } 11. h3 { [%clk 0:09:22] } 11... Be7 { [%clk 0:09:28] } 12.
Bg4 { [%clk 0:09:08] } 12... Nxg4 { [%clk 0:09:19] } 13. hxg4
{ [%clk 0:09:06] } 13... h6 { [%clk 0:09:14] } 14. Nd5 { [%clk 0:09:04] } 14...
O-O-O { [%clk 0:09:05] } 15. c4 { [%clk 0:08:54] } 15... Bg5 { [%clk 0:09:01] }
16. b4 { [%clk 0:08:45] } 16... Nd4 { [%clk 0:08:55] } 17. f3
{ [%clk 0:08:40] } 17... Kb7 { [%clk 0:08:36] } 18. b5 { [%clk 0:08:23] } 18...
Qf7 { [%clk 0:08:11] } 19. Qa4 { [%clk 0:08:08] } 19... Ne6 { [%clk 0:07:59] }
20. Qb4 { [%clk 0:07:41] } 20... Nc5 { [%clk 0:07:50] } 21. Ke2
{ [%clk 0:07:34] } 21... a5 { [%clk 0:07:38] } 22. Qb1 { [%clk 0:07:22] } 22...
Ne6 { [%clk 0:07:24] } 23. Qg1 { [%clk 0:05:37] } 23... Nd4+ { [%clk 0:07:15] }
24. Kd1 { [%clk 0:05:35] } 24... Qd7 { [%clk 0:06:57] } 25. Rb1
{ [%clk 0:05:33] } 25... Rc8 { [%clk 0:06:45] } 26. Bc3 { [%clk 0:05:01] }
26... Ne6 { [%clk 0:06:38] } 27. Bxa5 { [%clk 0:04:35] } 27... bxa5
{ [%clk 0:06:28] } 28. a4 { [%clk 0:03:56] } 28... Nc5 { [%clk 0:06:21] } 29.
Qf1 { [%clk 0:03:39] } 29... Ra8 { [%clk 0:06:10] } 30. Ra1 { [%clk 0:03:23] }
30... Nb3 { [%clk 0:06:03] } 31. Ra3 { [%clk 0:03:19] } 31... Nd4
{ [%clk 0:05:59] } 32. Kd2 { [%clk 0:03:07] } 32... c5 { [%clk 0:05:43] } 33.
bxc6+ { [%clk 0:03:04] } 33... Nxc6 { [%clk 0:05:31] } 34. Qb1+
{ [%clk 0:03:02] } 34... Nb4 { [%clk 0:05:27] } 35. Nxb4 { [%clk 0:03:00] }
35... axb4 { [%clk 0:05:25] } 36. Qxb4+ { [%clk 0:02:59] } 36... Kc7
{ [%clk 0:05:23] } 37. Rb1 { [%clk 0:02:38] } 37... Qc6 { [%clk 0:05:13] } 38.
Qc3 { [%clk 0:02:06] } 38... Rab8 { [%clk 0:03:54] } 39. Rxb8
{ [%clk 0:01:58] } 39... Rxb8 { [%clk 0:03:51] } 40. a5 { [%clk 0:01:57] }
40... Ra8 { [%clk 0:03:47] } 41. Qa1 { [%clk 0:01:42] } 41... Ra6
{ [%clk 0:03:44] } 42. Rb3 { [%clk 0:01:38] } 42... Qc5 { [%clk 0:02:35] } 43.
Rb5 { [%clk 0:01:36] } 43... Qe3+ { [%clk 0:02:27] } 44. Kc3 { [%clk 0:01:32] }
44... Qd4+ { [%clk 0:02:25] } 0-1"
Rated Rapid game,https://lichess.org/JzHp28r3,2024.08.01,-,Ciaobis,CoraxDZ,1-0,2024.08.01,08:43:46,1106,1099,,,B21,Sicilian Defense: Smith-Morra Gambit,600+0,Normal,"1. e4 { [%clk 0:10:00] } 1... c5 { [%clk 0:10:00] } 2. d4 { [%clk 0:09:59] }
2... cxd4 { [%clk 0:09:59] } 3. Qxd4 { [%clk 0:09:58] } 3... Nc6
{ [%clk 0:09:55] } 4. Qe3 { [%clk 0:09:56] } 4... e6 { [%clk 0:09:53] } 5. e5
{ [%clk 0:09:54] } 5... Qc7 { [%clk 0:09:44] } 6. Nf3 { [%clk 0:09:51] } 6...
d6 { [%clk 0:09:34] } 7. Bb5 { [%clk 0:09:43] } 7... Bd7 { [%clk 0:09:19] } 8.
Bxc6 { [%clk 0:09:39] } 8... Bxc6 { [%clk 0:09:12] } 9. Qc3 { [%clk 0:09:35] }
9... f6 { [%clk 0:08:49] } 10. Bf4 { [%clk 0:09:27] } 10... Ne7
{ [%clk 0:08:30] } 11. Nbd2 { [%clk 0:09:24] } 11... Ng6 { [%clk 0:08:28] } 12.
exd6 { [%clk 0:09:13] } 12... Bxd6 { [%clk 0:08:23] } 13. Bxd6
{ [%clk 0:09:11] } 13... Qxd6 { [%clk 0:08:19] } 14. O-O-O { [%clk 0:09:07] }
14... O-O { [%clk 0:08:17] } 15. Ne4 { [%clk 0:09:04] } 15... Qf4+
{ [%clk 0:08:11] } 16. Ned2 { [%clk 0:09:00] } 16... Rfd8 { [%clk 0:07:47] }
17. g3 { [%clk 0:08:56] } 17... Qd6 { [%clk 0:07:14] } 18. Nc4
{ [%clk 0:08:53] } 18... Qc5 { [%clk 0:06:44] } 19. Rxd8+ { [%clk 0:08:48] }
19... Rxd8 { [%clk 0:06:42] } 20. Rd1 { [%clk 0:08:46] } 20... Rxd1+
{ [%clk 0:06:08] } 21. Kxd1 { [%clk 0:08:43] } 21... Qxf2 { [%clk 0:05:53] }
22. Nd4 { [%clk 0:08:31] } 22... Qg1+ { [%clk 0:05:39] } 23. Kd2
{ [%clk 0:08:29] } 23... Qxh2+ { [%clk 0:05:37] } 24. Ne2 { [%clk 0:08:28] }
24... Bf3 { [%clk 0:05:18] } 25. Qxf3 { [%clk 0:08:24] } 25... Ne5
{ [%clk 0:05:09] } 26. Nxe5 { [%clk 0:08:20] } 26... fxe5 { [%clk 0:05:06] }
27. Qxb7 { [%clk 0:08:18] } 27... Qh6+ { [%clk 0:04:53] } 28. Kc3
{ [%clk 0:08:15] } 28... Qe3+ { [%clk 0:04:48] } 29. Kb4 { [%clk 0:08:05] }
29... Qd2+ { [%clk 0:04:38] } 30. Nc3 { [%clk 0:08:00] } 30... Qd4+
{ [%clk 0:04:32] } 31. Kb3 { [%clk 0:07:56] } 31... e4 { [%clk 0:04:23] } 32.
Qc8+ { [%clk 0:07:52] } 32... Kf7 { [%clk 0:04:20] } 33. Qc7+
{ [%clk 0:07:45] } 33... Kf6 { [%clk 0:04:19] } 34. Qf4+ { [%clk 0:07:43] }
34... Kg6 { [%clk 0:04:14] } 35. Nxe4 { [%clk 0:07:41] } 35... Qb6+
{ [%clk 0:03:59] } 36. Kc3 { [%clk 0:07:30] } 36... Qa5+ { [%clk 0:03:53] } 37.
Kb3 { [%clk 0:07:26] } 37... Qf5 { [%clk 0:03:39] } 38. Nd6 { [%clk 0:07:07] }
38... Qxf4 { [%clk 0:03:34] } 39. gxf4 { [%clk 0:07:05] } 39... Kf6
{ [%clk 0:03:27] } 40. c4 { [%clk 0:06:57] } 40... h5 { [%clk 0:03:24] } 41. c5
{ [%clk 0:06:55] } 41... h4 { [%clk 0:03:23] } 42. c6 { [%clk 0:06:53] } 42...
h3 { [%clk 0:03:22] } 43. Ne4+ { [%clk 0:06:48] } 43... Ke7 { [%clk 0:03:18] }
44. c7 { [%clk 0:06:46] } 44... Kd7 { [%clk 0:03:18] } 45. Nf2
{ [%clk 0:06:41] } 45... h2 { [%clk 0:03:13] } 46. Kb4 { [%clk 0:06:37] } 46...
Kxc7 { [%clk 0:03:11] } 47. Kc5 { [%clk 0:06:36] } 47... a6 { [%clk 0:02:59] }
48. b4 { [%clk 0:06:31] } 48... e5 { [%clk 0:02:42] } 49. fxe5
{ [%clk 0:06:29] } 49... g5 { [%clk 0:02:41] } 50. Kd5 { [%clk 0:06:17] } 50...
g4 { [%clk 0:02:40] } 51. Nh1 { [%clk 0:06:15] } 51... g3 { [%clk 0:02:36] }
52. Nxg3 { [%clk 0:06:13] } 52... Kb6 { [%clk 0:02:34] } 53. e6
{ [%clk 0:06:11] } 53... Kb5 { [%clk 0:02:30] } 54. a3 { [%clk 0:06:07] } 54...
Ka4 { [%clk 0:02:28] } 55. e7 { [%clk 0:06:05] } 55... Kxa3 { [%clk 0:02:27] }
56. e8=Q { [%clk 0:06:03] } 56... Kxb4 { [%clk 0:02:24] } 57. Qc6
{ [%clk 0:05:55] } 57... a5 { [%clk 0:02:22] } 58. Qc1 { [%clk 0:05:51] } 58...
a4 { [%clk 0:02:18] } 59. Qb1+ { [%clk 0:05:50] } 59... Ka3 { [%clk 0:02:15] }
60. Qa1+ { [%clk 0:05:49] } 60... Kb3 { [%clk 0:02:14] } 61. Kc5
{ [%clk 0:05:46] } 61... a3 { [%clk 0:02:13] } 62. Kd4 { [%clk 0:05:37] } 62...
a2 { [%clk 0:02:12] } 63. Kd3 { [%clk 0:05:33] } 63... Ka3 { [%clk 0:02:10] }
64. Kc2 { [%clk 0:05:31] } 64... Kb4 { [%clk 0:02:02] } 65. Qxa2
{ [%clk 0:05:29] } 65... Kb5 { [%clk 0:02:00] } 66. Kd3 { [%clk 0:05:27] }
66... Kb4 { [%clk 0:01:59] } 67. Qxh2 { [%clk 0:05:25] } 67... Kb5
{ [%clk 0:01:58] } 68. Ne4 { [%clk 0:05:23] } 68... Kb4 { [%clk 0:01:57] } 69.
Qd6+ { [%clk 0:05:20] } 69... Kb5 { [%clk 0:01:56] } 70. Nc3+
{ [%clk 0:05:18] } 70... Ka5 { [%clk 0:01:55] } 71. Qd8+ { [%clk 0:05:11] }
71... Ka6 { [%clk 0:01:52] } 72. Kc4 { [%clk 0:05:09] } 72... Ka7
{ [%clk 0:01:51] } 73. Nb5+ { [%clk 0:05:06] } 73... Ka6 { [%clk 0:01:46] } 74.
Kc5 { [%clk 0:05:02] } 74... Kb7 { [%clk 0:01:45] } 75. Qc7+ { [%clk 0:04:59] }
75... Ka6 { [%clk 0:01:44] } 76. Qa7# { [%clk 0:04:55] } 1-0"
Rated Rapid game,https://lichess.org/Vc13ZrxM,2024.08.01,-,ittop,tomshko,0-1,2024.08.01,08:43:46,1846,1910,,,A00,Van Geet Opening,600+0,Time forfeit,"1. Nc3 { [%clk 0:10:00] } 1... d5 { [%clk 0:10:00] } 2. e3 { [%clk 0:09:58] }
2... e5 { [%clk 0:09:57] } 3. Bb5+ { [%clk 0:09:51] } 3... c6
{ [%clk 0:09:56] } 4. Ba4 { [%clk 0:09:49] } 4... Bb4 { [%clk 0:09:46] } 5.
Nge2 { [%clk 0:09:29] } 5... Nf6 { [%clk 0:09:45] } 6. a3 { [%clk 0:09:25] }
6... Ba5 { [%clk 0:09:43] } 7. O-O { [%clk 0:09:16] } 7... O-O
{ [%clk 0:09:41] } 8. b4 { [%clk 0:08:56] } 8... Bc7 { [%clk 0:09:30] } 9. Bb2
{ [%clk 0:08:48] } 9... Bg4 { [%clk 0:09:20] } 10. f3 { [%clk 0:08:46] } 10...
Bd7 { [%clk 0:09:14] } 11. Qe1 { [%clk 0:08:34] } 11... Re8 { [%clk 0:09:07] }
12. Qh4 { [%clk 0:08:25] } 12... Bf5 { [%clk 0:09:04] } 13. e4
{ [%clk 0:08:12] } 13... dxe4 { [%clk 0:09:02] } 14. fxe4 { [%clk 0:08:03] }
14... Bg6 { [%clk 0:08:56] } 15. d3 { [%clk 0:07:54] } 15... Nbd7
{ [%clk 0:08:54] } 16. Bb3 { [%clk 0:07:33] } 16... b5 { [%clk 0:08:45] } 17.
Kh1 { [%clk 0:07:29] } 17... Nb6 { [%clk 0:08:36] } 18. Qg3 { [%clk 0:07:15] }
18... a5 { [%clk 0:08:26] } 19. bxa5 { [%clk 0:07:01] } 19... Rxa5
{ [%clk 0:08:23] } 20. h4 { [%clk 0:06:53] } 20... Na4 { [%clk 0:08:13] } 21.
Nxa4 { [%clk 0:06:41] } 21... bxa4 { [%clk 0:08:05] } 22. Ba2
{ [%clk 0:06:33] } 22... Rb5 { [%clk 0:07:52] } 23. Bc3 { [%clk 0:06:24] }
23... Ba5 { [%clk 0:07:22] } 24. Bc4 { [%clk 0:06:07] } 24... Rc5
{ [%clk 0:07:17] } 25. Bxa5 { [%clk 0:05:52] } 25... Rxa5 { [%clk 0:07:05] }
26. Rab1 { [%clk 0:05:35] } 26... Rc5 { [%clk 0:07:01] } 27. Nc3
{ [%clk 0:05:20] } 27... Ra5 { [%clk 0:06:52] } 28. Rf2 { [%clk 0:05:00] }
28... Qd4 { [%clk 0:06:48] } 29. Ne2 { [%clk 0:04:50] } 29... Qc5
{ [%clk 0:06:41] } 30. Rbf1 { [%clk 0:04:44] } 30... Qxa3 { [%clk 0:06:25] }
31. Rxf6 { [%clk 0:04:33] } 31... gxf6 { [%clk 0:06:21] } 32. h5
{ [%clk 0:04:25] } 32... Kg7 { [%clk 0:06:18] } 33. hxg6 { [%clk 0:04:22] }
33... fxg6 { [%clk 0:06:07] } 34. d4 { [%clk 0:03:45] } 34... Qxg3
{ [%clk 0:05:55] } 35. Nxg3 { [%clk 0:03:43] } 35... exd4 { [%clk 0:05:52] }
36. Bd3 { [%clk 0:03:27] } 36... a3 { [%clk 0:05:48] } 37. Ra1
{ [%clk 0:03:25] } 37... Ra4 { [%clk 0:05:38] } 38. Ne2 { [%clk 0:03:22] }
38... Rb8 { [%clk 0:05:36] } 39. Nc1 { [%clk 0:03:15] } 39... c5
{ [%clk 0:05:29] } 40. Kh2 { [%clk 0:02:41] } 40... c4 { [%clk 0:05:25] } 41.
Be2 { [%clk 0:02:39] } 41... Rb2 { [%clk 0:05:22] } 42. Bd1 { [%clk 0:02:31] }
42... a2 { [%clk 0:05:19] } 43. c3 { [%clk 0:02:30] } 43... d3
{ [%clk 0:05:09] } 44. Bxa4 { [%clk 0:02:27] } 44... Rb1 { [%clk 0:05:05] } 45.
Rxa2 { [%clk 0:02:19] } 45... Rxc1 { [%clk 0:05:03] } 46. Rd2
{ [%clk 0:02:02] } 46... Rxc3 { [%clk 0:05:01] } 47. Bb5 { [%clk 0:02:00] }
47... Rc2 { [%clk 0:04:56] } 48. Rd1 { [%clk 0:01:34] } 48... d2
{ [%clk 0:04:41] } 49. Bxc4 { [%clk 0:01:32] } 49... Rxc4 { [%clk 0:04:40] }
50. Rxd2 { [%clk 0:01:19] } 50... Rxe4 { [%clk 0:04:38] } 51. Rd7+
{ [%clk 0:01:17] } 51... Kh6 { [%clk 0:04:37] } 52. Rd3 { [%clk 0:01:12] }
52... g5 { [%clk 0:04:34] } 53. Rh3+ { [%clk 0:01:10] } 53... Kg6
{ [%clk 0:04:31] } 54. Rc3 { [%clk 0:01:06] } 54... h5 { [%clk 0:04:28] } 55.
Kh3 { [%clk 0:01:04] } 55... h4 { [%clk 0:04:23] } 56. Rc8 { [%clk 0:00:59] }
56... Kf5 { [%clk 0:04:19] } 57. Rc5+ { [%clk 0:00:56] } 57... Re5
{ [%clk 0:04:15] } 58. Rc4 { [%clk 0:00:53] } 58... Re3+ { [%clk 0:03:58] } 59.
Kh2 { [%clk 0:00:51] } 59... Kg6 { [%clk 0:03:55] } 60. Rc8 { [%clk 0:00:48] }
60... f5 { [%clk 0:03:52] } 61. Rc6+ { [%clk 0:00:47] } 61... Kh5
{ [%clk 0:03:50] } 62. Rc5 { [%clk 0:00:45] } 62... f4 { [%clk 0:03:29] } 63.
Rc8 { [%clk 0:00:44] } 63... Kg4 { [%clk 0:03:27] } 64. Rg8 { [%clk 0:00:41] }
64... f3 { [%clk 0:03:23] } 65. gxf3+ { [%clk 0:00:40] } 65... Rxf3
{ [%clk 0:03:21] } 66. Kg2 { [%clk 0:00:37] } 66... Rg3+ { [%clk 0:03:19] } 67.
Kh2 { [%clk 0:00:35] } 67... Kf3 { [%clk 0:03:15] } 68. Rf8+ { [%clk 0:00:31] }
68... Ke2 { [%clk 0:03:13] } 69. Kh1 { [%clk 0:00:28] } 69... g4
{ [%clk 0:03:08] } 70. Re8+ { [%clk 0:00:21] } 70... Kf3 { [%clk 0:03:06] } 71.
Rf8+ { [%clk 0:00:19] } 71... Ke2 { [%clk 0:03:03] } 72. Re8+
{ [%clk 0:00:18] } 72... Re3 { [%clk 0:03:02] } 73. Rf8 { [%clk 0:00:18] }
73... Rf3 { [%clk 0:02:59] } 74. Rh8 { [%clk 0:00:15] } 74... h3
{ [%clk 0:02:58] } 75. Kh2 { [%clk 0:00:10] } 75... Kf2 { [%clk 0:02:55] } 76.
Re8 { [%clk 0:00:05] } 76... Kf1 { [%clk 0:02:50] } 0-1"
Rated Rapid game,https://lichess.org/JwlNkT1x,2024.08.01,-,themasterblastertan,marsel_kisel,1/2-1/2,2024.08.01,08:43:48,1196,1227,,,C57,"Italian Game: Two Knights Defense, Knight Attack, Normal Variation",600+0,Normal,"1. e4 { [%clk 0:10:00] } 1... e5 { [%clk 0:10:00] } 2. Bc4 { [%clk 0:09:59] }
2... Nf6 { [%clk 0:09:58] } 3. Nf3 { [%clk 0:09:56] } 3... Nc6
{ [%clk 0:09:53] } 4. Ng5 { [%clk 0:09:54] } 4... d5 { [%clk 0:09:37] } 5. exd5
{ [%clk 0:09:46] } 5... Nxd5 { [%clk 0:09:35] } 6. d3 { [%clk 0:09:42] } 6...
h6 { [%clk 0:09:33] } 7. Bxd5 { [%clk 0:09:35] } 7... Qxd5 { [%clk 0:09:31] }
8. Ne4 { [%clk 0:09:34] } 8... f5 { [%clk 0:09:25] } 9. Nbc3 { [%clk 0:09:31] }
9... Qd8 { [%clk 0:09:07] } 10. Nd2 { [%clk 0:09:22] } 10... Bd6
{ [%clk 0:08:43] } 11. O-O { [%clk 0:09:14] } 11... Qf6 { [%clk 0:08:21] } 12.
Nb3 { [%clk 0:09:02] } 12... f4 { [%clk 0:08:02] } 13. Nd5 { [%clk 0:08:56] }
13... Qg6 { [%clk 0:07:58] } 14. Nxc7+ { [%clk 0:08:51] } 14... Kd7
{ [%clk 0:07:51] } 15. Nxa8 { [%clk 0:08:51] } 15... Ke7 { [%clk 0:07:45] } 16.
Qf3 { [%clk 0:08:46] } 16... Bg4 { [%clk 0:07:40] } 17. Qe4 { [%clk 0:08:36] }
17... Bf5 { [%clk 0:07:31] } 18. Qf3 { [%clk 0:08:32] } 18... Bg4
{ [%clk 0:07:29] } 19. Qe4 { [%clk 0:08:25] } 19... Bf5 { [%clk 0:07:28] } 20.
Qd5 { [%clk 0:08:12] } 20... Rxa8 { [%clk 0:07:19] } 21. Re1 { [%clk 0:08:06] }
21... Bh3 { [%clk 0:07:16] } 22. Qf3 { [%clk 0:07:59] } 22... Bg4
{ [%clk 0:07:13] } 23. Qe4 { [%clk 0:07:55] } 23... Bf5 { [%clk 0:07:11] } 24.
Qd5 { [%clk 0:07:52] } 24... Rd8 { [%clk 0:07:01] } 25. Qf3 { [%clk 0:07:39] }
25... Bg4 { [%clk 0:06:55] } 26. Qe4 { [%clk 0:07:36] } 26... Bf5
{ [%clk 0:06:53] } 27. Qf3 { [%clk 0:07:34] } 27... Bg4 { [%clk 0:06:52] } 28.
Qe4 { [%clk 0:07:32] } 28... Bf5 { [%clk 0:06:51] } 29. Qf3 { [%clk 0:07:30] }
1/2-1/2"
Rated Rapid game,https://lichess.org/Vl3mcvVX,2024.08.01,-,Karomatulloh,ayratgal,1-0,2024.08.01,08:43:49,1830,1881,,,C00,French Defense,600+0,Normal,"1. e4 { [%clk 0:10:00] } 1... e6 { [%clk 0:10:00] } 2. Bc4 { [%clk 0:09:59] }
2... b6 { [%clk 0:09:57] } 3. Nf3 { [%clk 0:09:57] } 3... Bb7
{ [%clk 0:09:55] } 4. d3 { [%clk 0:09:56] } 4... h6 { [%clk 0:09:54] } 5. a3
{ [%clk 0:09:55] } 5... d6 { [%clk 0:09:52] } 6. b3 { [%clk 0:09:53] } 6... Nd7
{ [%clk 0:09:51] } 7. d4 { [%clk 0:09:50] } 7... Bxe4 { [%clk 0:09:42] } 8.
Nbd2 { [%clk 0:09:48] } 8... Bb7 { [%clk 0:09:40] } 9. Bb2 { [%clk 0:09:47] }
9... Ngf6 { [%clk 0:09:38] } 10. O-O { [%clk 0:09:43] } 10... Be7
{ [%clk 0:09:37] } 11. Re1 { [%clk 0:09:39] } 11... O-O { [%clk 0:09:35] } 12.
Bd3 { [%clk 0:09:33] } 12... e5 { [%clk 0:09:31] } 13. dxe5 { [%clk 0:09:32] }
13... dxe5 { [%clk 0:09:30] } 14. Nc4 { [%clk 0:09:30] } 14... Bxf3
{ [%clk 0:09:22] } 15. Qxf3 { [%clk 0:09:27] } 15... Bd6 { [%clk 0:09:20] } 16.
Rad1 { [%clk 0:09:20] } 16... Re8 { [%clk 0:09:17] } 17. Qf5 { [%clk 0:09:14] }
17... Qe7 { [%clk 0:09:05] } 18. Nxd6 { [%clk 0:09:04] } 18... cxd6
{ [%clk 0:09:04] } 19. Bb5 { [%clk 0:08:58] } 19... Qe6 { [%clk 0:08:58] } 20.
Qf3 { [%clk 0:08:44] } 20... Re7 { [%clk 0:08:46] } 21. Qxa8+
{ [%clk 0:08:35] } 21... Re8 { [%clk 0:08:41] } 1-0"
Rated Rapid game,https://lichess.org/JJXgXaaX,2024.08.01,-,Chessmagistrix,tomswer,1-0,2024.08.01,08:43:49,2154,2169,,,B01,Scandinavian Defense,600+0,Time forfeit,"1. e4 { [%clk 0:10:00] } 1... d5 { [%clk 0:10:00] } 2. e5 { [%clk 0:09:59] }
2... Bf5 { [%clk 0:09:51] } 3. d4 { [%clk 0:09:56] } 3... e6 { [%clk 0:09:49] }
4. Bd3 { [%clk 0:09:52] } 4... Bg6 { [%clk 0:09:40] } 5. Bxg6
{ [%clk 0:09:39] } 5... hxg6 { [%clk 0:09:37] } 6. c4 { [%clk 0:09:30] } 6...
c5 { [%clk 0:09:35] } 7. cxd5 { [%clk 0:09:22] } 7... exd5 { [%clk 0:09:28] }
8. Nf3 { [%clk 0:09:16] } 8... Nc6 { [%clk 0:09:24] } 9. Qa4 { [%clk 0:09:09] }
9... Qb6 { [%clk 0:08:48] } 10. Nc3 { [%clk 0:08:54] } 10... Rd8
{ [%clk 0:08:18] } 11. dxc5 { [%clk 0:08:46] } 11... Bxc5 { [%clk 0:08:04] }
12. O-O { [%clk 0:08:44] } 12... Ne7 { [%clk 0:07:40] } 13. b3
{ [%clk 0:08:17] } 13... Kf8 { [%clk 0:07:08] } 14. Qb5 { [%clk 0:07:40] }
14... Qxb5 { [%clk 0:06:49] } 15. Nxb5 { [%clk 0:07:36] } 15... a6
{ [%clk 0:06:48] } 16. Ba3 { [%clk 0:07:03] } 16... Bxa3 { [%clk 0:05:51] } 17.
Nxa3 { [%clk 0:06:53] } 17... Rh5 { [%clk 0:05:49] } 18. Rfe1
{ [%clk 0:06:37] } 18... Nb4 { [%clk 0:05:26] } 19. g4 { [%clk 0:06:28] } 19...
Rh6 { [%clk 0:05:00] } 20. Rad1 { [%clk 0:05:53] } 20... Nxa2
{ [%clk 0:04:32] } 21. Nc2 { [%clk 0:05:32] } 21... Nc3 { [%clk 0:04:19] } 22.
Rd3 { [%clk 0:05:29] } 22... Rc8 { [%clk 0:03:54] } 23. Ne3 { [%clk 0:05:15] }
23... b5 { [%clk 0:03:13] } 24. b4 { [%clk 0:04:58] } 24... Na2
{ [%clk 0:00:56] } 25. Nxd5 { [%clk 0:04:38] } 25... Nxd5 { [%clk 0:00:55] }
26. Rxd5 { [%clk 0:04:36] } 26... Nxb4 { [%clk 0:00:54] } 27. Rd7
{ [%clk 0:04:30] } 27... Ke8 { [%clk 0:00:52] } 28. Rb7 { [%clk 0:04:17] }
28... Nd3 { [%clk 0:00:50] } 29. Rd1 { [%clk 0:04:07] } 29... Nc5
{ [%clk 0:00:34] } 30. Ra7 { [%clk 0:04:00] } 30... b4 { [%clk 0:00:33] } 31.
Rb1 { [%clk 0:03:47] } 31... b3 { [%clk 0:00:31] } 32. Nd4 { [%clk 0:03:41] }
32... Rh4 { [%clk 0:00:26] } 33. f3 { [%clk 0:03:37] } 33... Rb8
{ [%clk 0:00:17] } 34. Rc7 { [%clk 0:03:27] } 34... Ne6 { [%clk 0:00:16] } 35.
Nxe6 { [%clk 0:03:23] } 35... fxe6 { [%clk 0:00:16] } 36. Rc6
{ [%clk 0:03:22] } 36... a5 { [%clk 0:00:15] } 37. Rxe6+ { [%clk 0:03:20] }
37... Kf7 { [%clk 0:00:14] } 38. Ra6 { [%clk 0:03:18] } 38... Rhh8
{ [%clk 0:00:10] } 39. Rxa5 { [%clk 0:03:15] } 39... Rhc8 { [%clk 0:00:10] }
40. Rd5 { [%clk 0:02:52] } 40... b2 { [%clk 0:00:09] } 41. Rdd1
{ [%clk 0:02:49] } 41... Rc2 { [%clk 0:00:07] } 42. Rf1 { [%clk 0:02:29] }
42... Rh8 { [%clk 0:00:06] } 43. Rf2 { [%clk 0:02:13] } 43... Rhc8
{ [%clk 0:00:04] } 44. Kg2 { [%clk 0:02:04] } 44... Rxf2+ { [%clk 0:00:03] }
45. Kxf2 { [%clk 0:02:01] } 45... Rc2+ { [%clk 0:00:03] } 46. Kg3
{ [%clk 0:01:58] } 46... Ke6 { [%clk 0:00:03] } 47. f4 { [%clk 0:01:57] } 47...
Rc3+ { [%clk 0:00:02] } 48. Kf2 { [%clk 0:01:53] } 48... Rc2+
{ [%clk 0:00:02] } 49. Ke3 { [%clk 0:01:52] } 49... Rxh2 { [%clk 0:00:01] } 50.
Kd3 { [%clk 0:01:51] } 50... Rh3+ { [%clk 0:00:01] } 51. Ke4 { [%clk 0:01:48] }
51... Rh4 { [%clk 0:00:01] } 52. Rxb2 { [%clk 0:01:32] } 52... Rh3
{ [%clk 0:00:01] } 53. Rb6+ { [%clk 0:01:29] } 53... Kf7 { [%clk 0:00:01] } 54.
f5 { [%clk 0:01:28] } 54... Kg8 { [%clk 0:00:01] } 55. fxg6 { [%clk 0:01:22] }
55... Kf8 { [%clk 0:00:01] } 56. Kd5 { [%clk 0:01:20] } 56... Ke7
{ [%clk 0:00:01] } 57. Rb7+ { [%clk 0:01:18] } 57... Kd8 { [%clk 0:00:01] } 58.
Kd6 { [%clk 0:01:17] } 58... Rd3+ { [%clk 0:00:01] } 59. Ke6 { [%clk 0:01:15] }
59... Kc8 { [%clk 0:00:01] } 60. Rxg7 { [%clk 0:01:14] } 60... Rc3
{ [%clk 0:00:00] } 61. Rg8+ { [%clk 0:01:12] } 1-0"
Rated Rapid game,https://lichess.org/Os687ZAu,2024.08.01,-,BondSharp,bt30-0442,1-0,2024.08.01,08:43:49,1213,1234,,,C00,French Defense: Mediterranean Defense,600+0,Normal,"1. e4 { [%clk 0:10:00] } 1... e6 { [%clk 0:10:00] } 2. d4 { [%clk 0:09:59] }
2... Nf6 { [%clk 0:09:59] } 3. Nc3 { [%clk 0:09:58] } 3... Bb4
{ [%clk 0:09:57] } 4. a3 { [%clk 0:09:52] } 4... Bxc3+ { [%clk 0:09:53] } 5.
bxc3 { [%clk 0:09:51] } 5... Nxe4 { [%clk 0:09:52] } 6. Bb2 { [%clk 0:09:48] }
6... b6 { [%clk 0:09:49] } 7. Bd3 { [%clk 0:09:46] } 7... Bb7
{ [%clk 0:09:46] } 8. Qe2 { [%clk 0:09:43] } 8... Nf6 { [%clk 0:09:44] } 9.
O-O-O { [%clk 0:09:32] } 9... Bxg2 { [%clk 0:09:42] } 10. Nf3
{ [%clk 0:08:42] } 10... Bxh1 { [%clk 0:09:39] } 11. Rxh1 { [%clk 0:08:41] }
11... Nc6 { [%clk 0:09:37] } 12. Rg1 { [%clk 0:08:14] } 12... g6
{ [%clk 0:09:33] } 13. Ne5 { [%clk 0:08:02] } 13... Nxe5 { [%clk 0:09:31] } 14.
Qxe5 { [%clk 0:08:00] } 14... Qe7 { [%clk 0:09:21] } 15. Be4 { [%clk 0:07:53] }
15... O-O-O { [%clk 0:09:16] } 16. d5 { [%clk 0:07:36] } 16... Nxe4
{ [%clk 0:09:12] } 17. Qxe4 { [%clk 0:07:29] } 17... Rde8 { [%clk 0:09:10] }
18. dxe6 { [%clk 0:07:25] } 18... Qxe6 { [%clk 0:09:07] } 19. Qa8#
{ [%clk 0:07:23] } 1-0"
Rated Rapid game,https://lichess.org/cO5dVbkq,2024.08.01,-,Vl_Zhukov57,Sergey-Cergey,1-0,2024.08.01,08:43:49,1676,1694,,,A45,Indian Defense,600+0,Normal,"1. d4 { [%clk 0:10:00] } 1... Nf6 { [%clk 0:10:00] } 2. a4 { [%clk 0:09:59] }
2... g6 { [%clk 0:09:59] } 3. a5 { [%clk 0:09:58] } 3... Bg7 { [%clk 0:09:59] }
4. c3 { [%clk 0:09:56] } 4... e6 { [%clk 0:09:44] } 5. b4 { [%clk 0:09:54] }
5... a6 { [%clk 0:09:41] } 6. Nf3 { [%clk 0:09:50] } 6... b6 { [%clk 0:09:15] }
7. axb6 { [%clk 0:09:47] } 7... cxb6 { [%clk 0:09:13] } 8. e3
{ [%clk 0:09:46] } 8... Bb7 { [%clk 0:09:09] } 9. Be2 { [%clk 0:09:44] } 9...
Nc6 { [%clk 0:09:03] } 10. Ba3 { [%clk 0:09:35] } 10... b5 { [%clk 0:08:54] }
11. Nbd2 { [%clk 0:09:33] } 11... O-O { [%clk 0:08:52] } 12. c4
{ [%clk 0:09:27] } 12... bxc4 { [%clk 0:08:43] } 13. Bxc4 { [%clk 0:09:26] }
13... Nd5 { [%clk 0:08:36] } 14. Bxd5 { [%clk 0:09:22] } 14... exd5
{ [%clk 0:08:36] } 15. O-O { [%clk 0:09:09] } 15... Re8 { [%clk 0:08:34] } 16.
Nb3 { [%clk 0:09:03] } 16... Na7 { [%clk 0:08:27] } 17. Nc5 { [%clk 0:09:01] }
17... Qb6 { [%clk 0:08:21] } 1-0"
Rated Rapid game,https://lichess.org/wPy3lGfp,2024.08.01,-,barsparov,musti44,1-0,2024.08.01,08:43:49,1700,1778,,,C50,"Italian Game: Giuoco Pianissimo, Normal",600+0,Time forfeit,"1. e4 { [%clk 0:10:00] } 1... e5 { [%clk 0:10:00] } 2. Bc4 { [%clk 0:09:59] }
2... Nc6 { [%clk 0:10:00] } 3. d3 { [%clk 0:09:57] } 3... Nf6
{ [%clk 0:09:58] } 4. Nf3 { [%clk 0:09:55] } 4... Bc5 { [%clk 0:09:56] } 5. Be3
{ [%clk 0:09:53] } 5... Bb6 { [%clk 0:09:49] } 6. O-O { [%clk 0:09:51] } 6...
O-O { [%clk 0:09:46] } 7. Bb5 { [%clk 0:09:48] } 7... a6 { [%clk 0:09:43] } 8.
Bxc6 { [%clk 0:09:47] } 8... dxc6 { [%clk 0:09:43] } 9. Nxe5 { [%clk 0:09:44] }
9... Bg4 { [%clk 0:09:20] } 10. Nf3 { [%clk 0:09:42] } 10... c5
{ [%clk 0:08:35] } 11. Nc3 { [%clk 0:09:32] } 11... Nd7 { [%clk 0:08:25] } 12.
Nd5 { [%clk 0:09:25] } 12... Ne5 { [%clk 0:08:20] } 13. Nxb6 { [%clk 0:09:11] }
13... cxb6 { [%clk 0:08:10] } 14. Bg5 { [%clk 0:08:50] } 14... Qd6
{ [%clk 0:07:44] } 15. Bf4 { [%clk 0:08:43] } 15... Nxf3+ { [%clk 0:07:27] }
16. Qxf3 { [%clk 0:08:39] } 16... Bd7 { [%clk 0:07:21] } 17. Bxd6
{ [%clk 0:08:37] } 1-0"
Rated Rapid game,https://lichess.org/Tej1S4Lv,2024.08.01,-,tiajammal,Toastbekfest,0-1,2024.08.01,08:43:49,1351,1479,,,A01,Nimzo-Larsen Attack: Classical Variation,600+0,Normal,"1. b3 { [%clk 0:10:00] } 1... d5 { [%clk 0:10:00] } 2. Bb2 { [%clk 0:09:59] }
2... Bf5 { [%clk 0:09:56] } 3. Nc3 { [%clk 0:09:58] } 3... Nc6
{ [%clk 0:09:42] } 4. Nf3 { [%clk 0:09:57] } 4... e5 { [%clk 0:09:40] } 5. g3
{ [%clk 0:09:56] } 5... d4 { [%clk 0:09:38] } 6. Na4 { [%clk 0:09:55] } 6...
Nf6 { [%clk 0:09:18] } 7. Bg2 { [%clk 0:09:54] } 7... Nb4 { [%clk 0:09:02] } 8.
d3 { [%clk 0:09:52] } 8... Bd6 { [%clk 0:08:25] } 9. Nh4 { [%clk 0:09:49] }
9... Bg4 { [%clk 0:08:17] } 10. c3 { [%clk 0:09:42] } 10... Nc6
{ [%clk 0:08:02] } 11. cxd4 { [%clk 0:09:41] } 11... Nxd4 { [%clk 0:08:00] }
12. f3 { [%clk 0:09:35] } 12... Bb4+ { [%clk 0:07:42] } 13. Bc3
{ [%clk 0:09:25] } 13... Bxc3+ { [%clk 0:07:22] } 14. Nxc3 { [%clk 0:09:23] }
14... Be6 { [%clk 0:07:13] } 15. e3 { [%clk 0:09:14] } 15... Nc6
{ [%clk 0:07:01] } 16. Na4 { [%clk 0:09:08] } 16... Qd6 { [%clk 0:06:50] } 17.
d4 { [%clk 0:08:59] } 17... exd4 { [%clk 0:06:44] } 18. exd4 { [%clk 0:08:58] }
18... Nxd4 { [%clk 0:06:27] } 19. O-O { [%clk 0:08:53] } 19... O-O-O
{ [%clk 0:06:24] } 20. Nc3 { [%clk 0:08:38] } 20... Rhe8 { [%clk 0:06:21] } 21.
Ne4 { [%clk 0:08:32] } 21... Nxe4 { [%clk 0:06:18] } 22. fxe4
{ [%clk 0:08:31] } 22... Qc5 { [%clk 0:05:58] } 23. Re1 { [%clk 0:08:07] }
23... Nc2+ { [%clk 0:05:43] } 24. Kf1 { [%clk 0:07:58] } 24... Rxd1
{ [%clk 0:05:42] } 25. Raxd1 { [%clk 0:07:55] } 25... Nxe1 { [%clk 0:05:41] }
26. Rxe1 { [%clk 0:07:54] } 26... Bg4 { [%clk 0:05:32] } 27. e5
{ [%clk 0:07:45] } 27... Rxe5 { [%clk 0:05:29] } 28. Rxe5 { [%clk 0:07:42] }
28... Qxe5 { [%clk 0:05:27] } 29. Bf3 { [%clk 0:07:34] } 29... Qb5+
{ [%clk 0:05:13] } 30. Kf2 { [%clk 0:07:31] } 30... Bxf3 { [%clk 0:05:08] } 31.
Nxf3 { [%clk 0:07:30] } 31... Qd3 { [%clk 0:04:58] } 32. Ne5 { [%clk 0:07:25] }
32... Qf5+ { [%clk 0:04:53] } 33. Nf3 { [%clk 0:07:24] } 33... f6
{ [%clk 0:04:50] } 34. Kg2 { [%clk 0:07:22] } 34... Qc2+ { [%clk 0:04:48] } 35.
Kh3 { [%clk 0:07:19] } 35... Qxa2 { [%clk 0:04:47] } 36. Nd4 { [%clk 0:07:18] }
36... Qd2 { [%clk 0:04:34] } 37. Nf3 { [%clk 0:07:10] } 37... Qe3
{ [%clk 0:04:31] } 38. Nh4 { [%clk 0:07:00] } 38... Qxb3 { [%clk 0:04:29] } 39.
Nf5 { [%clk 0:06:59] } 39... g6 { [%clk 0:04:25] } 40. Ne7+ { [%clk 0:06:57] }
40... Kd7 { [%clk 0:04:23] } 41. Ng8 { [%clk 0:06:52] } 41... Qxg8
{ [%clk 0:04:19] } 0-1"
Rated Rapid game,https://lichess.org/OTuQm889,2024.08.01,-,Srj7,David-2017,1-0,2024.08.01,08:43:49,1312,1299,,,A40,Horwitz Defense,600+0,Normal,"1. d4 { [%clk 0:10:00] } 1... e6 { [%clk 0:10:00] } 2. e3 { [%clk 0:10:00] }
2... d5 { [%clk 0:09:59] } 3. b3 { [%clk 0:10:00] } 3... Nf6 { [%clk 0:09:58] }
4. h3 { [%clk 0:10:00] } 4... b6 { [%clk 0:09:56] } 5. Bb5+ { [%clk 0:09:59] }
5... c6 { [%clk 0:09:51] } 6. Be2 { [%clk 0:09:58] } 6... Be7
{ [%clk 0:09:42] } 7. Bb2 { [%clk 0:09:56] } 7... O-O { [%clk 0:09:40] } 8. Nc3
{ [%clk 0:09:55] } 8... c5 { [%clk 0:09:38] } 9. Nf3 { [%clk 0:09:52] } 9...
cxd4 { [%clk 0:09:37] } 10. Nxd4 { [%clk 0:09:51] } 10... Bb7
{ [%clk 0:09:36] } 11. O-O { [%clk 0:09:47] } 11... Nbd7 { [%clk 0:09:35] } 12.
Bb5 { [%clk 0:09:43] } 12... e5 { [%clk 0:09:32] } 13. Nc6 { [%clk 0:09:37] }
13... Bxc6 { [%clk 0:09:30] } 14. Bxc6 { [%clk 0:09:37] } 14... Nb8
{ [%clk 0:09:25] } 15. Bxd5 { [%clk 0:09:33] } 15... Nxd5 { [%clk 0:09:23] }
16. Nxd5 { [%clk 0:09:31] } 16... Bc5 { [%clk 0:09:16] } 17. Bxe5
{ [%clk 0:09:29] } 17... Nc6 { [%clk 0:09:11] } 18. Bc3 { [%clk 0:09:08] }
18... Re8 { [%clk 0:08:59] } 19. Qf3 { [%clk 0:09:06] } 19... Ne5
{ [%clk 0:08:47] } 20. Bxe5 { [%clk 0:09:04] } 20... Rxe5 { [%clk 0:08:45] }
21. Rfd1 { [%clk 0:08:58] } 21... Ba3 { [%clk 0:08:25] } 22. Nxb6
{ [%clk 0:08:39] } 22... Qxb6 { [%clk 0:08:02] } 23. Qxa8+ { [%clk 0:08:36] }
23... Bf8 { [%clk 0:07:59] } 24. Rd8 { [%clk 0:08:25] } 24... g6
{ [%clk 0:07:41] } 25. Rxf8+ { [%clk 0:08:21] } 25... Kg7 { [%clk 0:07:40] }
26. Rg8+ { [%clk 0:08:18] } 1-0"
Rated Rapid game,https://lichess.org/Rc4Fn3VB,2024.08.01,-,Ritalidia,chess_jj,1-0,2024.08.01,08:43:49,836,827,,,C25,Vienna Game: Anderssen Defense,600+0,Time forfeit,"1. e4 { [%clk 0:10:00] } 1... e5 { [%clk 0:10:00] } 2. Nc3 { [%clk 0:09:54] }
2... Bc5 { [%clk 0:09:55] } 3. Qe2 { [%clk 0:09:44] } 3... Nf6
{ [%clk 0:09:27] } 4. d3 { [%clk 0:09:39] } 4... Nc6 { [%clk 0:09:21] } 5. Nf3
{ [%clk 0:09:29] } 5... Qe7 { [%clk 0:09:19] } 6. Bg5 { [%clk 0:09:27] } 6...
O-O { [%clk 0:09:17] } 7. O-O-O { [%clk 0:09:26] } 7... d6 { [%clk 0:09:09] }
8. Nh4 { [%clk 0:07:53] } 8... Nd4 { [%clk 0:08:28] } 9. Qh5 { [%clk 0:07:41] }
9... Nxh5 { [%clk 0:08:26] } 10. Bxe7 { [%clk 0:07:38] } 10... Bg4
{ [%clk 0:08:18] } 11. f3 { [%clk 0:07:35] } 11... Rfe8 { [%clk 0:06:36] } 12.
Nd5 { [%clk 0:06:50] } 12... Be6 { [%clk 0:06:16] } 13. Nxc7 { [%clk 0:06:40] }
13... Rac8 { [%clk 0:05:55] } 14. Nxe8 { [%clk 0:06:26] } 14... Rxe8
{ [%clk 0:05:53] } 15. Bxd6 { [%clk 0:06:24] } 15... Bxd6 { [%clk 0:05:49] }
16. c3 { [%clk 0:06:20] } 16... Nc6 { [%clk 0:05:17] } 17. g4
{ [%clk 0:05:30] } 17... Nf4 { [%clk 0:05:02] } 18. h3 { [%clk 0:05:10] } 18...
Bxa2 { [%clk 0:04:56] } 19. c4 { [%clk 0:04:54] } 19... Nd4 { [%clk 0:04:50] }
20. Nf5 { [%clk 0:04:12] } 20... Nb3+ { [%clk 0:04:46] } 21. Kc2
{ [%clk 0:04:09] } 21... Bb4 { [%clk 0:04:22] } 22. g5 { [%clk 0:03:14] } 22...
Nd4+ { [%clk 0:04:18] } 23. Kc1 { [%clk 0:03:01] } 23... Nxf5
{ [%clk 0:04:06] } 24. exf5 { [%clk 0:02:54] } 24... Rd8 { [%clk 0:03:55] } 25.
Rg1 { [%clk 0:02:49] } 25... Nxh3 { [%clk 0:03:45] } 26. Bxh3
{ [%clk 0:02:46] } 26... e4 { [%clk 0:03:40] } 27. fxe4 { [%clk 0:02:45] }
27... Bb3 { [%clk 0:03:36] } 28. Rdf1 { [%clk 0:02:40] } 28... Rxd3
{ [%clk 0:03:31] } 29. g6 { [%clk 0:02:37] } 29... Rxh3 { [%clk 0:03:28] } 30.
gxf7+ { [%clk 0:02:32] } 30... Kxf7 { [%clk 0:03:23] } 31. Rf4
{ [%clk 0:02:29] } 31... Bxc4 { [%clk 0:03:14] } 32. e5 { [%clk 0:02:24] }
32... Bd3 { [%clk 0:03:07] } 33. Rxb4 { [%clk 0:02:22] } 33... Bxf5
{ [%clk 0:03:05] } 34. Rxb7+ { [%clk 0:02:20] } 34... Ke6 { [%clk 0:03:00] }
35. Rxa7 { [%clk 0:02:18] } 35... Kxe5 { [%clk 0:02:59] } 36. Raxg7
{ [%clk 0:02:16] } 36... Be6 { [%clk 0:02:38] } 37. b4 { [%clk 0:02:15] } 37...
Rc3+ { [%clk 0:02:24] } 38. Kb2 { [%clk 0:02:11] } 38... Rb3+
{ [%clk 0:02:17] } 39. Kc2 { [%clk 0:02:08] } 39... Rxb4 { [%clk 0:02:15] } 40.
Rxh7 { [%clk 0:02:07] } 40... Rc4+ { [%clk 0:02:13] } 41. Kb3
{ [%clk 0:02:05] } 41... Rc1+ { [%clk 0:02:05] } 42. Kb2 { [%clk 0:02:04] }
42... Rxg1 { [%clk 0:02:04] } 43. Rh5+ { [%clk 0:02:01] } 43... Bf5
{ [%clk 0:02:01] } 44. Rh2 { [%clk 0:01:58] } 44... Rb1+ { [%clk 0:01:56] } 45.
Kc3 { [%clk 0:01:56] } 45... Kd5 { [%clk 0:01:54] } 46. Rd2+ { [%clk 0:01:54] }
46... Ke5 { [%clk 0:01:49] } 47. Kc4 { [%clk 0:01:52] } 47... Be6+
{ [%clk 0:01:43] } 48. Kc3 { [%clk 0:01:50] } 48... Rb3+ { [%clk 0:01:37] } 49.
Kc2 { [%clk 0:01:47] } 49... Rb5 { [%clk 0:01:27] } 50. Re2+ { [%clk 0:01:46] }
50... Kd6 { [%clk 0:01:25] } 51. Kc3 { [%clk 0:01:44] } 51... Rc5+
{ [%clk 0:01:23] } 52. Kd4 { [%clk 0:01:41] } 52... Kc6 { [%clk 0:01:19] } 53.
Rxe6+ { [%clk 0:01:40] } 53... Kb5 { [%clk 0:01:15] } 54. Re2
{ [%clk 0:01:35] } 54... Rc4+ { [%clk 0:01:11] } 55. Kd3 { [%clk 0:01:33] }
55... Kb4 { [%clk 0:01:10] } 56. Rb2+ { [%clk 0:01:31] } 56... Kc5
{ [%clk 0:01:06] } 57. Re2 { [%clk 0:01:29] } 57... Kb4 { [%clk 0:01:02] } 58.
Rd2 { [%clk 0:01:25] } 58... Rc3+ { [%clk 0:00:56] } 59. Ke2 { [%clk 0:01:23] }
59... Kb3 { [%clk 0:00:54] } 60. Kd1 { [%clk 0:01:21] } 60... Kc4
{ [%clk 0:00:48] } 61. Ke2 { [%clk 0:01:18] } 61... Rd3 { [%clk 0:00:42] } 62.
Rc2+ { [%clk 0:01:14] } 62... Kd4 { [%clk 0:00:36] } 63. Rc8 { [%clk 0:01:13] }
63... Ke4 { [%clk 0:00:32] } 64. Re8+ { [%clk 0:01:11] } 64... Kd4
{ [%clk 0:00:30] } 65. Rd8+ { [%clk 0:01:09] } 65... Ke4 { [%clk 0:00:28] } 66.
Rxd3 { [%clk 0:01:08] } 66... Kf4 { [%clk 0:00:26] } 67. Rd4+
{ [%clk 0:01:07] } 67... Ke5 { [%clk 0:00:25] } 68. Ke3 { [%clk 0:01:06] }
68... Ke6 { [%clk 0:00:23] } 69. Ke4 { [%clk 0:01:05] } 1-0"
Rated Rapid game,https://lichess.org/KoLRjyKc,2024.08.01,-,tramputin,olek1971,1-0,2024.08.01,08:43:49,1343,1436,,,D02,Queen's Pawn Game: Zukertort Variation,600+0,Normal,"1. d4 { [%clk 0:10:00] } 1... d5 { [%clk 0:10:00] } 2. Nf3 { [%clk 0:09:58] }
2... h6 { [%clk 0:09:58] } 3. Nc3 { [%clk 0:09:55] } 3... Bf5
{ [%clk 0:09:55] } 4. Bf4 { [%clk 0:09:51] } 4... e6 { [%clk 0:09:51] } 5. Ne5
{ [%clk 0:09:49] } 5... Nd7 { [%clk 0:09:37] } 6. Nxd7 { [%clk 0:09:47] } 6...
Qxd7 { [%clk 0:09:37] } 7. g4 { [%clk 0:09:45] } 7... Bxg4 { [%clk 0:09:28] }
8. f3 { [%clk 0:09:44] } 8... Bf5 { [%clk 0:09:27] } 9. Qd2 { [%clk 0:09:37] }
9... Qc6 { [%clk 0:09:18] } 10. e3 { [%clk 0:09:34] } 10... Bb4
{ [%clk 0:09:10] } 11. Bb5 { [%clk 0:09:32] } 1-0"
Rated Rapid game,https://lichess.org/oOqCo3DD,2024.08.01,-,Yaltirrakli,Correcamino1,1-0,2024.08.01,08:43:49,1316,1321,,,C10,French Defense: Paulsen Variation,600+0,Normal,"1. d4 { [%clk 0:10:00] } 1... d5 { [%clk 0:10:00] } 2. Nc3 { [%clk 0:09:56] }
2... e6 { [%clk 0:09:59] } 3. e4 { [%clk 0:09:52] } 3... h5 { [%clk 0:09:56] }
4. e5 { [%clk 0:09:50] } 4... g6 { [%clk 0:09:54] } 5. Nf3 { [%clk 0:09:12] }
5... Bh6 { [%clk 0:09:51] } 6. Bxh6 { [%clk 0:08:47] } 6... Rxh6
{ [%clk 0:09:49] } 7. Bd3 { [%clk 0:08:31] } 7... c6 { [%clk 0:09:46] } 8. Ne2
{ [%clk 0:08:11] } 8... a6 { [%clk 0:09:43] } 9. c4 { [%clk 0:07:15] } 9... Bd7
{ [%clk 0:09:30] } 10. c5 { [%clk 0:06:41] } 10... Qa5+ { [%clk 0:09:12] } 11.
Qd2 { [%clk 0:06:34] } 11... Qxd2+ { [%clk 0:09:10] } 12. Nxd2
{ [%clk 0:06:31] } 12... Ne7 { [%clk 0:09:04] } 13. f4 { [%clk 0:06:21] } 13...
Nf5 { [%clk 0:09:00] } 14. Bxf5 { [%clk 0:06:17] } 14... exf5
{ [%clk 0:08:58] } 15. a4 { [%clk 0:06:05] } 15... Kf8 { [%clk 0:08:53] } 16.
b4 { [%clk 0:06:00] } 16... Be6 { [%clk 0:08:50] } 17. b5 { [%clk 0:05:52] }
17... axb5 { [%clk 0:08:46] } 18. Nc3 { [%clk 0:05:48] } 18... b4
{ [%clk 0:08:38] } 19. Ne2 { [%clk 0:05:40] } 19... Ra5 { [%clk 0:08:28] } 20.
O-O { [%clk 0:05:32] } 20... Na6 { [%clk 0:08:25] } 21. Nb3 { [%clk 0:05:20] }
21... Rxa4 { [%clk 0:07:59] } 22. Rxa4 { [%clk 0:05:17] } 22... b5
{ [%clk 0:07:51] } 23. Rxa6 { [%clk 0:05:15] } 23... Bc8 { [%clk 0:07:47] } 24.
Rxc6 { [%clk 0:05:13] } 24... Bb7 { [%clk 0:07:44] } 25. Rb6 { [%clk 0:05:07] }
25... Bc8 { [%clk 0:07:41] } 26. Rxb5 { [%clk 0:05:05] } 26... g5
{ [%clk 0:07:35] } 27. fxg5 { [%clk 0:05:00] } 27... Rc6 { [%clk 0:07:32] } 28.
Rxb4 { [%clk 0:04:57] } 28... Ba6 { [%clk 0:07:28] } 29. Na5 { [%clk 0:04:49] }
29... Rg6 { [%clk 0:07:20] } 30. Nf4 { [%clk 0:04:43] } 30... Rxg5
{ [%clk 0:07:17] } 31. Rfb1 { [%clk 0:04:38] } 31... Bc4 { [%clk 0:07:07] } 32.
Rb8+ { [%clk 0:04:26] } 32... Kg7 { [%clk 0:07:03] } 33. Nxc4
{ [%clk 0:04:24] } 33... dxc4 { [%clk 0:07:01] } 34. c6 { [%clk 0:04:23] }
34... Rg4 { [%clk 0:06:57] } 35. c7 { [%clk 0:04:20] } 35... Rxf4
{ [%clk 0:06:56] } 36. c8=Q { [%clk 0:04:17] } 36... Rxd4 { [%clk 0:06:54] }
37. Qg8+ { [%clk 0:04:12] } 37... Kh6 { [%clk 0:06:50] } 38. Qh8+
{ [%clk 0:04:10] } 38... Kg5 { [%clk 0:06:49] } 39. Rg8+ { [%clk 0:04:08] }
39... Kf4 { [%clk 0:06:47] } 40. Rf1+ { [%clk 0:04:05] } 40... Ke3
{ [%clk 0:06:40] } 41. e6 { [%clk 0:03:58] } 41... fxe6 { [%clk 0:06:36] } 42.
Re1+ { [%clk 0:03:56] } 42... Kd3 { [%clk 0:06:33] } 43. Rd8 { [%clk 0:03:52] }
43... Rxd8 { [%clk 0:06:29] } 44. Qxd8+ { [%clk 0:03:50] } 44... Kc3
{ [%clk 0:06:27] } 45. Qf6+ { [%clk 0:03:46] } 45... Kd2 { [%clk 0:06:22] } 46.
Kf1 { [%clk 0:03:39] } 46... c3 { [%clk 0:06:20] } 47. Qd4+ { [%clk 0:03:35] }
47... Kc2 { [%clk 0:06:18] } 48. Qd1+ { [%clk 0:03:28] } 48... Kb2
{ [%clk 0:06:11] } 49. Re2+ { [%clk 0:03:27] } 49... Ka3 { [%clk 0:06:05] } 50.
Qa1+ { [%clk 0:03:23] } 50... Kb3 { [%clk 0:06:04] } 51. Qa2+
{ [%clk 0:03:20] } 51... Kb4 { [%clk 0:06:01] } 52. Rc2 { [%clk 0:03:18] }
52... e5 { [%clk 0:05:56] } 53. Ke2 { [%clk 0:03:16] } 53... e4
{ [%clk 0:05:54] } 54. Ke3 { [%clk 0:03:15] } 54... Kc5 { [%clk 0:05:52] } 55.
Rxc3+ { [%clk 0:03:12] } 55... Kd6 { [%clk 0:05:49] } 56. Qd2+
{ [%clk 0:03:10] } 56... Ke5 { [%clk 0:05:46] } 57. Qd4+ { [%clk 0:03:08] }
57... Ke6 { [%clk 0:05:43] } 58. Rc6+ { [%clk 0:03:07] } 58... Kf7
{ [%clk 0:05:41] } 59. Qd5+ { [%clk 0:03:05] } 59... Kg7 { [%clk 0:05:39] } 60.
Qd7+ { [%clk 0:03:03] } 60... Kg8 { [%clk 0:05:37] } 61. Rc8#
{ [%clk 0:03:02] } 1-0"
Rated Rapid game,https://lichess.org/VvuycnNQ,2024.08.01,-,Srivatsa-23,AleksandrChuchkalov,0-1,2024.08.01,08:43:49,1773,1868,,,B23,Sicilian Defense: Closed,600+0,Normal,"1. e4 { [%eval 0.15] [%clk 0:10:00] } 1... c5 { [%eval 0.25] [%clk 0:10:00] }
2. Nc3 { [%eval 0.21] [%clk 0:09:58] } 2... e6 { [%eval 0.46] [%clk 0:09:58] }
3. Nf3 { [%eval 0.37] [%clk 0:09:57] } 3... Nc6 { [%eval 0.33] [%clk 0:09:55] }
4. Bc4 { [%eval 0.0] [%clk 0:09:54] } 4... Nf6 { [%eval 0.0] [%clk 0:09:50] }
5. d3 { [%eval -0.17] [%clk 0:09:51] } 5... d5 { [%eval 0.0] [%clk 0:09:49] }
6. exd5 { [%eval -0.32] [%clk 0:09:48] } 6... exd5
{ [%eval -0.38] [%clk 0:09:47] } 7. Bb5 { [%eval -0.29] [%clk 0:09:48] } 7...
Be7 { [%eval 0.0] [%clk 0:09:45] } 8. Ne5 $6 { [%eval -0.69] [%clk 0:09:44] }
8... Qc7 { [%eval -0.7] [%clk 0:09:42] } 9. d4 $2
{ [%eval -1.96] [%clk 0:09:30] } 9... O-O { [%eval -1.93] [%clk 0:09:33] } 10.
Bf4 { [%eval -2.48] [%clk 0:09:19] } 10... cxd4 $4
{ [%eval 2.57] [%clk 0:09:24] } 11. Ne2 $4 { [%eval -5.7] [%clk 0:09:12] }
11... Nxe5 { [%eval -5.64] [%clk 0:09:21] } 12. Nxd4
{ [%eval -6.16] [%clk 0:09:04] } 12... Nd3+ { [%eval -6.3] [%clk 0:09:13] } 13.
Qxd3 { [%eval -6.25] [%clk 0:08:57] } 13... Qxf4
{ [%eval -5.98] [%clk 0:09:11] } 14. O-O { [%eval -6.38] [%clk 0:08:57] } 14...
Bd6 { [%eval -5.73] [%clk 0:09:04] } 15. Nf3 { [%eval -7.3] [%clk 0:08:53] }
15... Bg4 { [%eval -6.28] [%clk 0:09:00] } 16. g3
{ [%eval -7.89] [%clk 0:08:34] } 16... Qxf3 { [%eval -7.88] [%clk 0:08:57] }
17. Qxf3 { [%eval -7.86] [%clk 0:08:33] } 17... Bxf3
{ [%eval -7.9] [%clk 0:08:55] } 18. h4 { [%eval -8.16] [%clk 0:08:29] } 18...
a6 { [%eval -7.93] [%clk 0:08:51] } 19. Bd3 { [%eval -7.92] [%clk 0:08:27] }
19... Ne4 { [%eval -7.99] [%clk 0:08:48] } 20. Rfe1
{ [%eval -8.19] [%clk 0:08:22] } 20... Rae8 { [%eval -7.39] [%clk 0:08:44] }
21. Rad1 { [%eval -8.23] [%clk 0:08:19] } 21... Bc5
{ [%eval -8.15] [%clk 0:08:40] } 22. Bxe4 { [%eval -8.16] [%clk 0:08:16] }
22... dxe4 { [%eval -8.07] [%clk 0:08:37] } 23. Rd5
{ [%eval -8.13] [%clk 0:08:12] } 23... b6 { [%eval -8.05] [%clk 0:08:20] } 24.
c3 { [%eval -8.18] [%clk 0:07:58] } 24... e3 { [%eval -8.31] [%clk 0:08:18] }
25. fxe3 { [%eval -9.87] [%clk 0:07:51] } 25... Bxd5
{ [%eval -9.79] [%clk 0:08:15] } 0-1"
Rated Rapid game,https://lichess.org/4rNu2Bul,2024.08.01,-,Divya86,Ramayllo,0-1,2024.08.01,08:43:49,1046,1142,,,B20,Sicilian Defense,600+0,Normal,"1. e4 { [%eval 0.15] [%clk 0:10:00] } 1... c5 { [%eval 0.25] [%clk 0:10:00] }
2. Qh5 $6 { [%eval -0.37] [%clk 0:09:51] } 2... g6 $6
{ [%eval 0.48] [%clk 0:09:55] } 3. Qf3 $2 { [%eval -0.71] [%clk 0:09:46] } 3...
e6 { [%eval -0.56] [%clk 0:09:51] } 4. Nc3 { [%eval -0.84] [%clk 0:09:35] }
4... Bg7 $6 { [%eval 0.0] [%clk 0:09:48] } 5. Nh3 $2
{ [%eval -1.47] [%clk 0:09:24] } 5... d5 $2 { [%eval 0.21] [%clk 0:09:47] } 6.
exd5 { [%eval 0.24] [%clk 0:09:13] } 6... exd5 { [%eval 0.26] [%clk 0:09:42] }
7. Nxd5 { [%eval 0.0] [%clk 0:09:09] } 7... Ne7 { [%eval 0.11] [%clk 0:09:37] }
8. Qe3 $4 { [%eval -5.43] [%clk 0:08:54] } 8... O-O $4
{ [%eval 2.01] [%clk 0:09:35] } 9. Nxe7+ { [%eval 1.84] [%clk 0:08:46] } 9...
Kh8 { [%eval 2.01] [%clk 0:09:25] } 10. Bc4 $2 { [%eval 0.21] [%clk 0:08:30] }
10... Re8 $2 { [%eval 2.58] [%clk 0:09:21] } 11. Qxc5 $4
{ [%eval -2.67] [%clk 0:07:59] } 11... Rxe7+ { [%eval -2.4] [%clk 0:09:16] }
12. Kd1 { [%eval -2.1] [%clk 0:07:51] } 12... Bxh3
{ [%eval -1.95] [%clk 0:08:56] } 13. Re1 $4 { [%eval -5.66] [%clk 0:07:29] }
13... Rxe1+ { [%eval -5.58] [%clk 0:08:47] } 14. Kxe1
{ [%eval -5.5] [%clk 0:07:25] } 14... Bxg2 { [%eval -5.43] [%clk 0:08:45] } 15.
Bxf7 { [%eval -6.85] [%clk 0:07:15] } 15... Nd7 { [%eval -6.8] [%clk 0:08:38] }
16. Qb4 $4 { [%eval #-4] [%clk 0:06:54] } 16... a5 $2
{ [%eval -7.12] [%clk 0:08:31] } 17. Qxb7 $2 { [%eval #-13] [%clk 0:06:47] }
17... Bxb7 $6 { [%eval -10.16] [%clk 0:08:28] } 18. d3
{ [%eval -10.57] [%clk 0:06:37] } 18... Qe7+ { [%eval -10.52] [%clk 0:08:22] }
19. Be3 { [%eval -10.49] [%clk 0:06:31] } 19... Qxf7
{ [%eval -10.64] [%clk 0:08:21] } 20. Rd1 { [%eval -10.67] [%clk 0:06:27] }
20... Bxb2 { [%eval -10.44] [%clk 0:08:19] } 21. Bh6 $6
{ [%eval #-5] [%clk 0:06:14] } 21... Bc3+ { [%eval #-4] [%clk 0:08:16] } 22.
Ke2 { [%eval #-2] [%clk 0:06:12] } 22... Qe7+ { [%eval #-6] [%clk 0:08:14] }
23. Kf1 { [%eval #-5] [%clk 0:06:08] } 23... Re8 { [%eval #-5] [%clk 0:08:06] }
24. Rb1 { [%eval #-2] [%clk 0:05:56] } 24... Qe2+
{ [%eval #-2] [%clk 0:08:03] } 25. Kg1 { [%eval #-2] [%clk 0:05:51] } 25... Qf3
{ [%eval #-2] [%clk 0:07:44] } 26. Kf1 { [%eval #-1] [%clk 0:05:30] } 26...
Qg2# { [%clk 0:07:42] } 0-1"
Rated Rapid game,https://lichess.org/HFtQC04A,2024.08.01,-,Gutesende101,Zdenek033,1-0,2024.08.01,08:43:49,1719,1703,,,A03,Bird Opening: Dutch Variation,600+0,Normal,"1. f4 { [%clk 0:10:00] } 1... d5 { [%clk 0:10:00] } 2. Nf3 { [%clk 0:09:59] }
2... Bg4 { [%clk 0:09:54] } 3. e3 { [%clk 0:09:57] } 3... e6 { [%clk 0:09:52] }
4. Bd3 { [%clk 0:09:55] } 4... Nf6 { [%clk 0:09:50] } 5. O-O { [%clk 0:09:38] }
5... Bd6 { [%clk 0:09:47] } 6. b3 { [%clk 0:09:34] } 6... O-O
{ [%clk 0:09:43] } 7. Bb2 { [%clk 0:09:34] } 7... Nbd7 { [%clk 0:09:42] } 8.
Na3 { [%clk 0:09:33] } 8... a6 { [%clk 0:09:39] } 9. c4 { [%clk 0:09:32] } 9...
c6 { [%clk 0:09:31] } 10. Rb1 { [%clk 0:09:26] } 10... Qb6 { [%clk 0:09:25] }
11. Nc2 { [%clk 0:09:09] } 11... Bxf4 { [%clk 0:09:20] } 12. Kh1
{ [%clk 0:09:00] } 12... Bd6 { [%clk 0:09:13] } 13. Be2 { [%clk 0:08:44] }
13... Qc7 { [%clk 0:09:10] } 14. d4 { [%clk 0:08:41] } 14... Bxf3
{ [%clk 0:09:05] } 15. Bxf3 { [%clk 0:08:39] } 15... Bxh2 { [%clk 0:09:03] }
16. Ne1 { [%clk 0:08:31] } 16... Bg3 { [%clk 0:08:50] } 17. Nd3
{ [%clk 0:08:27] } 17... dxc4 { [%clk 0:08:04] } 18. bxc4 { [%clk 0:08:18] }
18... e5 { [%clk 0:07:22] } 19. dxe5 { [%clk 0:08:01] } 19... Nxe5
{ [%clk 0:07:16] } 20. Nxe5 { [%clk 0:07:55] } 20... Bxe5 { [%clk 0:07:14] }
21. Ba3 { [%clk 0:07:52] } 21... Rfd8 { [%clk 0:07:01] } 22. Qc2
{ [%clk 0:07:45] } 22... Rd7 { [%clk 0:06:37] } 23. Qf5 { [%clk 0:07:25] }
23... Rad8 { [%clk 0:06:03] } 24. g4 { [%clk 0:06:50] } 24... Rd3
{ [%clk 0:05:53] } 25. g5 { [%clk 0:06:38] } 25... Rxa3 { [%clk 0:05:33] } 26.
gxf6 { [%clk 0:06:36] } 26... Bxf6 { [%clk 0:05:32] } 27. Be4
{ [%clk 0:06:34] } 27... g6 { [%clk 0:04:30] } 28. Qxf6 { [%clk 0:06:29] }
28... Rxe3 { [%clk 0:04:29] } 29. Bg2 { [%clk 0:06:18] } 29... Red3
{ [%clk 0:03:47] } 30. Rbe1 { [%clk 0:06:12] } 30... R3d7 { [%clk 0:02:47] }
31. Bh3 { [%clk 0:06:02] } 31... Qg3 { [%clk 0:02:12] } 1-0"
Rated Rapid game,https://lichess.org/tAtlZH72,2024.08.01,-,Steiner76,alihaji83,0-1,2024.08.01,08:43:49,1167,1183,,,C46,Three Knights Opening,600+0,Normal,"1. e4 { [%clk 0:10:00] } 1... e5 { [%clk 0:10:00] } 2. Nf3 { [%clk 0:09:54] }
2... Nc6 { [%clk 0:09:59] } 3. Nc3 { [%clk 0:09:48] } 3... Nd4
{ [%clk 0:09:54] } 4. Bc4 { [%clk 0:09:43] } 4... Bc5 { [%clk 0:09:47] } 5. O-O
{ [%clk 0:09:37] } 5... Nf6 { [%clk 0:09:45] } 6. d3 { [%clk 0:09:35] } 6...
O-O { [%clk 0:09:42] } 7. Bg5 { [%clk 0:09:33] } 7... h6 { [%clk 0:09:39] } 8.
Bxf6 { [%clk 0:09:31] } 8... Qxf6 { [%clk 0:09:37] } 9. Nd5 { [%clk 0:09:29] }
9... Qd6 { [%clk 0:09:32] } 10. Nxd4 { [%clk 0:09:21] } 10... exd4
{ [%clk 0:09:28] } 11. a4 { [%clk 0:09:06] } 11... c6 { [%clk 0:09:27] } 12. a5
{ [%clk 0:08:15] } 12... cxd5 { [%clk 0:09:23] } 13. exd5 { [%clk 0:08:14] }
13... b6 { [%clk 0:09:22] } 14. axb6 { [%clk 0:08:12] } 14... Bxb6
{ [%clk 0:09:20] } 15. Ra4 { [%clk 0:08:05] } 15... Bc7 { [%clk 0:09:18] } 16.
Bb3 { [%clk 0:07:58] } 16... Qxh2# { [%clk 0:09:13] } 0-1"
Rated Rapid game,https://lichess.org/FouUefhK,2024.08.01,-,Mr_Rz,Fanlugia,1-0,2024.08.01,08:43:53,1734,1722,,,D06,Queen's Gambit Declined: Marshall Defense,600+0,Normal,"1. d4 { [%clk 0:10:00] } 1... Nf6 { [%clk 0:10:00] } 2. c4 { [%clk 0:09:59] }
2... d5 { [%clk 0:09:57] } 3. Nc3 { [%clk 0:09:58] } 3... Bf5
{ [%clk 0:09:56] } 4. Bf4 { [%clk 0:09:51] } 4... e6 { [%clk 0:09:55] } 5. e3
{ [%clk 0:09:49] } 5... c6 { [%clk 0:09:51] } 6. Nf3 { [%clk 0:09:47] } 6...
Nbd7 { [%clk 0:09:49] } 7. Be2 { [%clk 0:09:43] } 7... Qb6 { [%clk 0:09:46] }
8. Na4 { [%clk 0:09:36] } 8... Qa5+ { [%clk 0:09:38] } 9. Nc3
{ [%clk 0:09:35] } 9... Bb4 { [%clk 0:09:36] } 10. Rc1 { [%clk 0:09:25] } 10...
Ne4 { [%clk 0:09:32] } 11. a3 { [%clk 0:09:17] } 11... Bxc3+ { [%clk 0:09:29] }
12. bxc3 { [%clk 0:09:16] } 12... Nxc3 { [%clk 0:09:28] } 13. Qd2
{ [%clk 0:09:15] } 13... Qxa3 { [%clk 0:09:13] } 14. Qxc3 { [%clk 0:09:13] }
14... Qxc3+ { [%clk 0:09:08] } 15. Rxc3 { [%clk 0:09:12] } 15... O-O
{ [%clk 0:08:24] } 16. c5 { [%clk 0:09:09] } 16... Nf6 { [%clk 0:08:19] } 17.
Nh4 { [%clk 0:09:00] } 17... Ne4 { [%clk 0:08:05] } 18. Rb3 { [%clk 0:08:53] }
18... Bg6 { [%clk 0:07:50] } 19. Nxg6 { [%clk 0:08:50] } 19... hxg6
{ [%clk 0:07:47] } 20. O-O { [%clk 0:08:48] } 20... g5 { [%clk 0:07:40] } 21.
Bd6 { [%clk 0:08:46] } 21... Nxd6 { [%clk 0:07:38] } 22. cxd6
{ [%clk 0:08:45] } 22... b6 { [%clk 0:07:31] } 23. f4 { [%clk 0:08:40] } 23...
gxf4 { [%clk 0:07:26] } 24. Rxf4 { [%clk 0:08:35] } 24... Rfd8
{ [%clk 0:07:25] } 25. Bd3 { [%clk 0:08:33] } 25... Rxd6 { [%clk 0:07:24] } 26.
Rh4 { [%clk 0:08:32] } 26... b5 { [%clk 0:06:56] } 27. Kf2 { [%clk 0:08:16] }
27... Kf8 { [%clk 0:06:53] } 28. Ke2 { [%clk 0:08:04] } 28... Ke7
{ [%clk 0:06:48] } 29. Ra3 { [%clk 0:07:57] } 29... a5 { [%clk 0:06:44] } 30.
Rh7 { [%clk 0:07:53] } 30... b4 { [%clk 0:06:36] } 31. Ra1 { [%clk 0:07:50] }
31... g6 { [%clk 0:06:32] } 32. Bxg6 { [%clk 0:07:48] } 32... Kf6
{ [%clk 0:06:23] } 33. Bd3 { [%clk 0:07:37] } 33... a4 { [%clk 0:06:13] } 34.
Rh6+ { [%clk 0:07:34] } 34... Ke7 { [%clk 0:06:08] } 35. Kd2 { [%clk 0:07:29] }
35... a3 { [%clk 0:06:05] } 36. Kc2 { [%clk 0:07:27] } 36... Rdd8
{ [%clk 0:05:59] } 37. Kb3 { [%clk 0:07:26] } 37... Rab8 { [%clk 0:05:43] } 38.
g3 { [%clk 0:07:15] } 38... Kd6 { [%clk 0:05:28] } 39. Rf6 { [%clk 0:07:13] }
39... Rb7 { [%clk 0:05:16] } 40. Be2 { [%clk 0:06:59] } 40... Rh8
{ [%clk 0:05:13] } 41. h4 { [%clk 0:06:58] } 41... Rg8 { [%clk 0:05:07] } 42.
g4 { [%clk 0:06:56] } 42... c5 { [%clk 0:04:57] } 43. dxc5+ { [%clk 0:06:51] }
43... Kxc5 { [%clk 0:04:57] } 44. g5 { [%clk 0:06:45] } 44... Kd6
{ [%clk 0:04:14] } 45. Rf4 { [%clk 0:06:31] } 45... Kc5 { [%clk 0:04:03] } 46.
Rc1+ { [%clk 0:06:27] } 46... Kd6 { [%clk 0:03:54] } 47. Rxb4
{ [%clk 0:06:25] } 47... Rxb4+ { [%clk 0:03:48] } 48. Kxb4 { [%clk 0:06:24] }
48... a2 { [%clk 0:03:47] } 49. Ra1 { [%clk 0:06:23] } 49... Rb8+
{ [%clk 0:03:45] } 50. Bb5 { [%clk 0:06:21] } 50... Ra8 { [%clk 0:03:43] } 51.
Kc3 { [%clk 0:05:57] } 51... Rb8 { [%clk 0:03:33] } 52. Bd3 { [%clk 0:05:53] }
52... Rh8 { [%clk 0:03:18] } 53. Rxa2 { [%clk 0:05:44] } 53... Rxh4
{ [%clk 0:03:17] } 54. Ra6+ { [%clk 0:05:43] } 54... Ke5 { [%clk 0:03:12] } 55.
g6 { [%clk 0:05:38] } 55... fxg6 { [%clk 0:03:05] } 56. Bxg6 { [%clk 0:05:36] }
56... Rg4 { [%clk 0:02:57] } 57. Bf7 { [%clk 0:05:28] } 57... Rc4+
{ [%clk 0:02:47] } 58. Kd3 { [%clk 0:05:25] } 58... Rh4 { [%clk 0:02:14] } 59.
Rxe6+ { [%clk 0:05:19] } 59... Kf5 { [%clk 0:02:12] } 60. Rd6
{ [%clk 0:05:15] } 60... Rh1 { [%clk 0:01:58] } 61. Rxd5+ { [%clk 0:05:12] }
61... Kf6 { [%clk 0:01:56] } 62. Be8 { [%clk 0:05:05] } 62... Rd1+
{ [%clk 0:01:54] } 63. Ke4 { [%clk 0:05:04] } 63... Rh1 { [%clk 0:01:31] } 64.
Rf5+ { [%clk 0:04:47] } 64... Ke6 { [%clk 0:01:27] } 65. Bf7+
{ [%clk 0:04:45] } 65... Kd6 { [%clk 0:01:25] } 66. Bd5 { [%clk 0:04:33] }
66... Rh4+ { [%clk 0:01:20] } 67. Rf4 { [%clk 0:04:32] } 67... Rh5
{ [%clk 0:01:18] } 68. Rf6+ { [%clk 0:04:20] } 68... Kc5 { [%clk 0:01:13] } 69.
Rc6+ { [%clk 0:04:18] } 69... Kb4 { [%clk 0:01:09] } 70. Kd4 { [%clk 0:04:15] }
70... Rh4+ { [%clk 0:00:55] } 71. e4 { [%clk 0:04:13] } 71... Rh1
{ [%clk 0:00:53] } 72. Rb6+ { [%clk 0:04:07] } 72... Ka5 { [%clk 0:00:51] } 73.
Rb2 { [%clk 0:04:05] } 73... Rd1+ { [%clk 0:00:49] } 74. Kc5 { [%clk 0:04:04] }
74... Rc1+ { [%clk 0:00:48] } 75. Bc4 { [%clk 0:04:03] } 75... Ka4
{ [%clk 0:00:37] } 76. Ra2# { [%clk 0:03:56] } 1-0"
Rated Rapid game,https://lichess.org/FiEgG14u,2024.08.01,-,ogmleco,tch_haonhan2017,1-0,2024.08.01,08:43:53,1189,1194,,,C23,Bishop's Opening,600+0,Normal,"1. e4 { [%clk 0:10:00] } 1... e5 { [%clk 0:10:00] } 2. Bc4 { [%clk 0:09:58] }
2... Nc6 { [%clk 0:09:54] } 3. c3 { [%clk 0:09:45] } 3... d6 { [%clk 0:09:52] }
4. Qf3 { [%clk 0:09:41] } 4... Na5 { [%clk 0:09:13] } 5. Qxf7#
{ [%clk 0:09:36] } 1-0"
Rated Rapid game,https://lichess.org/Q7dGzfxk,2024.08.01,-,sicetsimpliciter,CANSENNARO,0-1,2024.08.01,08:43:53,1848,1880,,,C31,"King's Gambit Declined: Falkbeer Countergambit, Modern Transfer",600+0,Normal,"1. e4 { [%clk 0:10:00] } 1... e5 { [%clk 0:10:00] } 2. f4 { [%clk 0:09:59] }
2... d5 { [%clk 0:09:58] } 3. exd5 { [%clk 0:09:57] } 3... exf4
{ [%clk 0:09:56] } 4. Qe2+ { [%clk 0:09:51] } 4... Qe7 { [%clk 0:09:54] } 5.
Qxe7+ { [%clk 0:09:49] } 5... Bxe7 { [%clk 0:09:53] } 6. Nf3 { [%clk 0:09:35] }
6... Nf6 { [%clk 0:09:51] } 7. c4 { [%clk 0:09:30] } 7... c6 { [%clk 0:09:48] }
8. dxc6 { [%clk 0:09:21] } 8... Nxc6 { [%clk 0:09:48] } 9. b3
{ [%clk 0:09:08] } 9... Nb4 { [%clk 0:09:43] } 10. Kd1 { [%clk 0:08:51] } 10...
Bf5 { [%clk 0:09:35] } 11. Na3 { [%clk 0:08:40] } 11... O-O { [%clk 0:09:25] }
12. Nd4 { [%clk 0:08:19] } 12... Bg4+ { [%clk 0:09:21] } 13. Be2
{ [%clk 0:08:13] } 13... Bxe2+ { [%clk 0:09:19] } 14. Nxe2 { [%clk 0:08:11] }
14... Ne4 { [%clk 0:09:16] } 15. Rf1 { [%clk 0:08:04] } 15... g5
{ [%clk 0:09:11] } 16. Nb5 { [%clk 0:07:52] } 16... a6 { [%clk 0:09:02] } 17.
Nbd4 { [%clk 0:07:49] } 17... Bf6 { [%clk 0:08:59] } 18. Rb1 { [%clk 0:07:33] }
18... Rad8 { [%clk 0:08:56] } 19. a3 { [%clk 0:06:53] } 19... Bxd4
{ [%clk 0:08:32] } 20. Nxd4 { [%clk 0:06:49] } 20... Rxd4 { [%clk 0:08:29] }
21. axb4 { [%clk 0:06:46] } 21... Nc3+ { [%clk 0:08:26] } 22. Kc2
{ [%clk 0:06:37] } 22... Nxb1 { [%clk 0:08:24] } 23. Kxb1 { [%clk 0:06:36] }
23... b5 { [%clk 0:08:21] } 24. cxb5 { [%clk 0:06:24] } 24... axb5
{ [%clk 0:08:21] } 25. Rd1 { [%clk 0:06:20] } 25... Rxb4 { [%clk 0:08:17] } 26.
Ka2 { [%clk 0:06:15] } 26... Ra8+ { [%clk 0:08:15] } 27. Kb2 { [%clk 0:06:14] }
27... Re4 { [%clk 0:08:13] } 28. h3 { [%clk 0:05:54] } 28... Re2
{ [%clk 0:08:05] } 29. Rg1 { [%clk 0:05:52] } 29... Rae8 { [%clk 0:08:01] } 30.
g3 { [%clk 0:05:38] } 30... f3 { [%clk 0:07:58] } 31. Rf1 { [%clk 0:05:30] }
31... f2 { [%clk 0:07:54] } 32. Kc2 { [%clk 0:05:26] } 32... R8e6
{ [%clk 0:07:47] } 33. Kd3 { [%clk 0:05:24] } 33... Kg7 { [%clk 0:07:40] } 34.
Bb2+ { [%clk 0:05:18] } 34... Kg6 { [%clk 0:07:37] } 35. g4 { [%clk 0:05:12] }
35... h5 { [%clk 0:07:33] } 36. gxh5+ { [%clk 0:05:07] } 36... Kxh5
{ [%clk 0:07:31] } 37. Bd4 { [%clk 0:05:06] } 37... Kh4 { [%clk 0:07:27] } 38.
Bxf2+ { [%clk 0:05:03] } 38... Kxh3 { [%clk 0:07:19] } 39. Be3
{ [%clk 0:05:00] } 39... Rg2 { [%clk 0:07:11] } 40. Rxf7 { [%clk 0:04:58] }
40... Rd6+ { [%clk 0:07:08] } 41. Kc2 { [%clk 0:04:51] } 41... g4
{ [%clk 0:07:05] } 42. Bf4 { [%clk 0:04:46] } 42... Rc6+ { [%clk 0:06:38] } 43.
Kd3 { [%clk 0:04:39] } 43... Rf2 { [%clk 0:06:23] } 44. Rh7+ { [%clk 0:04:32] }
44... Kg2 { [%clk 0:06:20] } 45. Be3 { [%clk 0:04:24] } 45... Rf5
{ [%clk 0:06:06] } 46. Rb7 { [%clk 0:04:09] } 46... Kf3 { [%clk 0:05:59] } 47.
Rg7 { [%clk 0:04:02] } 47... g3 { [%clk 0:05:56] } 48. Rd7 { [%clk 0:03:42] }
48... Rg6 { [%clk 0:05:46] } 49. Kc2 { [%clk 0:03:24] } 49... g2
{ [%clk 0:05:42] } 50. Bg1 { [%clk 0:03:19] } 50... Rg4 { [%clk 0:05:34] } 51.
Rd3+ { [%clk 0:03:16] } 51... Kf4 { [%clk 0:05:26] } 52. Rd4+
{ [%clk 0:03:02] } 52... Kg5 { [%clk 0:05:22] } 53. Rd3 { [%clk 0:02:59] }
53... Rf1 { [%clk 0:05:18] } 54. Be3+ { [%clk 0:02:57] } 54... Kh4
{ [%clk 0:05:12] } 55. Rd5 { [%clk 0:02:51] } 55... g1=Q { [%clk 0:05:03] } 56.
Bxg1 { [%clk 0:02:49] } 56... Rfxg1 { [%clk 0:04:49] } 57. Rxb5
{ [%clk 0:02:46] } 57... R1g3 { [%clk 0:04:34] } 58. Rd5 { [%clk 0:02:42] }
58... Rb4 { [%clk 0:04:30] } 59. d3 { [%clk 0:02:35] } 59... Rb7
{ [%clk 0:04:25] } 60. Rd4+ { [%clk 0:02:29] } 60... Kg5 { [%clk 0:04:22] } 61.
Kc3 { [%clk 0:02:27] } 61... Rc7+ { [%clk 0:04:19] } 62. Rc4 { [%clk 0:02:12] }
62... Rxc4+ { [%clk 0:04:11] } 63. bxc4 { [%clk 0:02:11] } 63... Kf6
{ [%clk 0:04:11] } 64. Kd4 { [%clk 0:02:09] } 64... Ke6 { [%clk 0:04:09] } 65.
c5 { [%clk 0:02:02] } 65... Kd7 { [%clk 0:04:07] } 66. Kd5 { [%clk 0:01:59] }
66... Rxd3+ { [%clk 0:04:05] } 0-1"
Rated Rapid game,https://lichess.org/tvJoENCv,2024.08.01,-,rom4ik87,kai_077,1-0,2024.08.01,08:43:53,961,940,,,B00,Nimzowitsch Defense,600+0,Normal,"1. e4 { [%clk 0:10:00] } 1... Nc6 { [%clk 0:10:00] } 2. Nc3 { [%clk 0:09:58] }
2... Nb4 { [%clk 0:09:56] } 3. d3 { [%clk 0:09:46] } 3... e5 { [%clk 0:09:49] }
4. Nd5 { [%clk 0:09:31] } 4... Bc5 { [%clk 0:09:42] } 5. Nxb4
{ [%clk 0:09:27] } 5... Qf6 { [%clk 0:09:39] } 6. f3 { [%clk 0:09:15] } 6...
Bxb4+ { [%clk 0:09:34] } 7. Bd2 { [%clk 0:09:14] } 7... Bc5 { [%clk 0:09:32] }
8. Nh3 { [%clk 0:09:04] } 8... d6 { [%clk 0:09:26] } 9. Bg5 { [%clk 0:09:01] }
9... Qg6 { [%clk 0:09:21] } 10. c3 { [%clk 0:08:50] } 10... Bxh3
{ [%clk 0:09:19] } 11. gxh3 { [%clk 0:08:34] } 11... Qxg5 { [%clk 0:09:16] }
12. d4 { [%clk 0:08:27] } 12... exd4 { [%clk 0:09:12] } 13. cxd4
{ [%clk 0:08:26] } 13... Bb4+ { [%clk 0:09:10] } 14. Ke2 { [%clk 0:08:21] }
14... Qb5+ { [%clk 0:08:41] } 15. Kf2 { [%clk 0:08:14] } 15... Qa5
{ [%clk 0:08:28] } 16. a3 { [%clk 0:07:56] } 16... Bd2 { [%clk 0:08:25] } 17.
b4 { [%clk 0:07:50] } 17... Bxb4 { [%clk 0:08:14] } 18. axb4 { [%clk 0:07:47] }
18... Qxb4 { [%clk 0:08:07] } 19. Rb1 { [%clk 0:07:27] } 19... Qc3
{ [%clk 0:07:53] } 20. Bb5+ { [%clk 0:07:22] } 20... c6 { [%clk 0:07:48] } 21.
Be2 { [%clk 0:06:54] } 21... Nf6 { [%clk 0:07:40] } 22. d5 { [%clk 0:06:37] }
22... cxd5 { [%clk 0:07:35] } 23. Bb5+ { [%clk 0:06:29] } 23... Kd8
{ [%clk 0:07:18] } 24. exd5 { [%clk 0:06:19] } 24... Rc8 { [%clk 0:07:12] } 25.
Rc1 { [%clk 0:05:50] } 25... Qa5 { [%clk 0:07:04] } 26. Bc4 { [%clk 0:05:36] }
26... Qa4 { [%clk 0:06:41] } 27. Bd3 { [%clk 0:05:23] } 27... b5
{ [%clk 0:06:31] } 28. Bf5 { [%clk 0:05:21] } 28... Qd4+ { [%clk 0:06:02] } 29.
Qxd4 { [%clk 0:05:12] } 29... Nd7 { [%clk 0:05:27] } 30. Bxd7
{ [%clk 0:04:47] } 30... Kxd7 { [%clk 0:05:24] } 31. Qxa7+ { [%clk 0:04:43] }
31... Kd8 { [%clk 0:05:17] } 32. Rxc8+ { [%clk 0:04:37] } 32... Kxc8
{ [%clk 0:05:13] } 33. Qa8+ { [%clk 0:04:36] } 33... Kc7 { [%clk 0:05:12] } 34.
Qxh8 { [%clk 0:04:34] } 1-0"
Rated Rapid game,https://lichess.org/3rzmYHsf,2024.08.01,-,zinghanruijie,psadawartwale,0-1,2024.08.01,08:43:53,1324,1366,,,C40,King's Pawn Game: McConnell Defense,600+0,Normal,"1. e4 { [%clk 0:10:00] } 1... e5 { [%clk 0:10:00] } 2. Nf3 { [%clk 0:09:57] }
2... Qf6 { [%clk 0:10:00] } 3. Bc4 { [%clk 0:09:52] } 3... h6
{ [%clk 0:09:58] } 4. Nc3 { [%clk 0:09:49] } 4... c6 { [%clk 0:09:56] } 5. d4
{ [%clk 0:09:38] } 5... d6 { [%clk 0:09:54] } 6. dxe5 { [%clk 0:09:35] } 6...
dxe5 { [%clk 0:09:53] } 7. O-O { [%clk 0:09:24] } 7... g5 { [%clk 0:09:50] } 8.
b4 { [%clk 0:09:13] } 8... Bxb4 { [%clk 0:09:45] } 9. Na4 { [%clk 0:09:05] }
9... b5 { [%clk 0:09:36] } 10. Bxf7+ { [%clk 0:08:25] } 10... Kxf7
{ [%clk 0:09:31] } 11. Nb2 { [%clk 0:07:54] } 11... g4 { [%clk 0:09:20] } 12.
Nd2 { [%clk 0:07:42] } 12... Ne7 { [%clk 0:09:09] } 13. h3 { [%clk 0:07:39] }
13... gxh3 { [%clk 0:09:03] } 14. gxh3 { [%clk 0:07:34] } 14... Qh4
{ [%clk 0:08:44] } 15. Kh2 { [%clk 0:07:27] } 15... Qxh3+ { [%clk 0:08:38] }
16. Kg1 { [%clk 0:07:23] } 16... Rg8+ { [%clk 0:08:31] } 17. Qg4
{ [%clk 0:07:06] } 17... Rxg4# { [%clk 0:08:28] } 0-1"
Rated Rapid game,https://lichess.org/IiTIeDXx,2024.08.01,-,basel6,mdranjbar,1-0,2024.08.01,08:43:53,1696,1660,,,D10,Slav Defense,600+0,Normal,"1. d4 { [%clk 0:10:00] } 1... d5 { [%clk 0:10:00] } 2. c4 { [%clk 0:09:58] }
2... c6 { [%clk 0:09:52] } 3. Qc2 { [%clk 0:09:55] } 3... Nd7
{ [%clk 0:09:20] } 4. Nf3 { [%clk 0:09:53] } 4... a6 { [%clk 0:09:03] } 5. Nc3
{ [%clk 0:09:48] } 5... h6 { [%clk 0:08:58] } 6. Bf4 { [%clk 0:09:47] } 6...
Ngf6 { [%clk 0:08:52] } 7. e3 { [%clk 0:09:45] } 7... e6 { [%clk 0:08:50] } 8.
Bd3 { [%clk 0:09:44] } 8... Nh5 { [%clk 0:08:36] } 9. Bg3 { [%clk 0:09:40] }
9... Nxg3 { [%clk 0:08:34] } 10. hxg3 { [%clk 0:09:40] } 10... Nf6
{ [%clk 0:08:32] } 11. O-O-O { [%clk 0:09:32] } 11... Bd6 { [%clk 0:08:16] }
12. c5 { [%clk 0:09:26] } 12... Bc7 { [%clk 0:08:14] } 13. Ne2
{ [%clk 0:09:24] } 13... Qe7 { [%clk 0:08:01] } 14. Nf4 { [%clk 0:09:11] }
14... Bd7 { [%clk 0:07:35] } 15. Qb3 { [%clk 0:09:08] } 15... O-O-O
{ [%clk 0:07:25] } 16. Nd2 { [%clk 0:08:37] } 16... Ng4 { [%clk 0:07:22] } 17.
Rdf1 { [%clk 0:07:58] } 17... e5 { [%clk 0:07:19] } 18. Ne2 { [%clk 0:07:33] }
18... e4 { [%clk 0:06:50] } 19. Bc2 { [%clk 0:07:18] } 19... Qf6
{ [%clk 0:06:43] } 20. f3 { [%clk 0:07:11] } 20... Nxe3 { [%clk 0:06:26] } 21.
fxe4 { [%clk 0:07:05] } 21... Nxf1 { [%clk 0:06:18] } 22. Rxf1
{ [%clk 0:07:05] } 22... Qg6 { [%clk 0:05:47] } 23. exd5 { [%clk 0:07:00] }
23... Bf5 { [%clk 0:05:36] } 24. Bxf5+ { [%clk 0:06:51] } 24... Qxf5
{ [%clk 0:05:30] } 25. Rxf5 { [%clk 0:06:51] } 25... Rxd5 { [%clk 0:05:21] }
26. Rxd5 { [%clk 0:06:48] } 26... cxd5 { [%clk 0:05:20] } 27. Qxd5
{ [%clk 0:06:46] } 27... f6 { [%clk 0:05:14] } 28. Nf4 { [%clk 0:06:41] } 28...
Rd8 { [%clk 0:04:55] } 29. Qe6+ { [%clk 0:06:37] } 29... Kb8 { [%clk 0:04:52] }
30. Nc4 { [%clk 0:06:35] } 30... Rxd4 { [%clk 0:04:44] } 31. Nb6
{ [%clk 0:06:12] } 31... Bxb6 { [%clk 0:04:26] } 32. cxb6 { [%clk 0:06:12] }
1-0"
Rated Rapid game,https://lichess.org/fSX5gLyV,2024.08.01,-,lualugame,smolet,1-0,2024.08.01,08:43:53,1984,1998,,,C55,"Italian Game: Two Knights Defense, Modern Bishop's Opening",600+0,Normal,"1. e4 { [%clk 0:10:00] } 1... e5 { [%clk 0:10:00] } 2. Bc4 { [%clk 0:09:58] }
2... Nf6 { [%clk 0:09:58] } 3. d3 { [%clk 0:09:54] } 3... Be7
{ [%clk 0:09:56] } 4. Nf3 { [%clk 0:09:47] } 4... Nc6 { [%clk 0:09:52] } 5. O-O
{ [%clk 0:09:39] } 5... O-O { [%clk 0:09:50] } 6. a3 { [%clk 0:09:37] } 6... d5
{ [%clk 0:09:48] } 7. exd5 { [%clk 0:09:35] } 7... Nxd5 { [%clk 0:09:46] } 8.
Re1 { [%clk 0:09:27] } 8... Bf6 { [%clk 0:09:44] } 9. Nbd2 { [%clk 0:09:15] }
9... Bg4 { [%clk 0:09:39] } 10. Ne4 { [%clk 0:09:12] } 10... Be7
{ [%clk 0:09:31] } 11. Be3 { [%clk 0:09:08] } 11... b6 { [%clk 0:09:23] } 12.
h3 { [%clk 0:09:01] } 12... Nxe3 { [%clk 0:09:20] } 13. Rxe3 { [%clk 0:08:56] }
13... Bxf3 { [%clk 0:09:17] } 14. Rxf3 { [%clk 0:08:51] } 14... Nd4
{ [%clk 0:09:13] } 15. Rg3 { [%clk 0:08:42] } 15... b5 { [%clk 0:09:08] } 16.
Ba2 { [%clk 0:08:39] } 16... Rc8 { [%clk 0:09:05] } 17. c3 { [%clk 0:08:22] }
17... Ne6 { [%clk 0:08:48] } 18. Qg4 { [%clk 0:08:16] } 18... Bh4
{ [%clk 0:08:18] } 19. Rf3 { [%clk 0:07:54] } 19... Re8 { [%clk 0:07:39] } 20.
Rd1 { [%clk 0:07:34] } 20... c5 { [%clk 0:07:37] } 21. g3 { [%clk 0:07:05] }
21... c4 { [%clk 0:07:15] } 22. gxh4 { [%clk 0:06:36] } 22... Nf4
{ [%clk 0:07:12] } 23. Rg3 { [%clk 0:06:00] } 23... g6 { [%clk 0:06:55] } 24.
dxc4 { [%clk 0:05:57] } 24... Qe7 { [%clk 0:06:23] } 25. c5 { [%clk 0:05:49] }
25... Kg7 { [%clk 0:06:13] } 26. Nd6 { [%clk 0:05:46] } 26... Rf8
{ [%clk 0:05:42] } 27. Nxc8 { [%clk 0:05:41] } 27... f5 { [%clk 0:05:32] } 28.
Nxe7 { [%clk 0:05:36] } 28... fxg4 { [%clk 0:05:26] } 29. Rxg4
{ [%clk 0:05:14] } 29... Nxh3+ { [%clk 0:05:22] } 30. Kg2 { [%clk 0:05:06] }
30... Nxf2 { [%clk 0:05:20] } 31. Rd7 { [%clk 0:05:00] } 31... Nxg4
{ [%clk 0:05:15] } 32. c6 { [%clk 0:04:55] } 32... Nf6 { [%clk 0:05:02] } 33.
Rxa7 { [%clk 0:04:50] } 33... e4 { [%clk 0:04:52] } 34. c7 { [%clk 0:04:48] }
34... e3 { [%clk 0:04:36] } 35. Kf1 { [%clk 0:04:45] } 35... Nd5+
{ [%clk 0:04:31] } 36. Ke2 { [%clk 0:04:44] } 36... Nxe7 { [%clk 0:04:31] } 37.
c8=Q { [%clk 0:04:41] } 37... Rxc8 { [%clk 0:04:29] } 38. Rxe7+
{ [%clk 0:04:39] } 38... Kh6 { [%clk 0:04:27] } 39. Kxe3 { [%clk 0:04:31] }
39... Rd8 { [%clk 0:04:25] } 40. Re5 { [%clk 0:04:18] } 40... Rb8
{ [%clk 0:04:17] } 41. Bd5 { [%clk 0:04:04] } 41... Rb6 { [%clk 0:04:08] } 42.
Bf3 { [%clk 0:04:00] } 42... Kg7 { [%clk 0:04:01] } 43. h5 { [%clk 0:03:40] }
43... gxh5 { [%clk 0:03:53] } 44. Rxh5 { [%clk 0:03:35] } 44... Kg6
{ [%clk 0:03:40] } 45. Rh4 { [%clk 0:03:14] } 45... h6 { [%clk 0:03:38] } 46.
Kf4 { [%clk 0:02:47] } 46... Rf6+ { [%clk 0:03:34] } 47. Kg3 { [%clk 0:02:44] }
47... Kg5 { [%clk 0:03:28] } 48. Rb4 { [%clk 0:02:40] } 48... Rb6
{ [%clk 0:03:25] } 49. a4 { [%clk 0:02:35] } 1-0"
Rated Rapid game,https://lichess.org/Gv2m6ccN,2024.08.01,-,M_Gowtham_TN19_IND,Al1253,1-0,2024.08.01,08:43:53,1795,1770,,,B07,Pirc Defense,600+0,Normal,"1. e4 { [%clk 0:10:00] } 1... d6 { [%clk 0:10:00] } 2. d4 { [%clk 0:09:57] }
2... Nf6 { [%clk 0:09:59] } 3. Nc3 { [%clk 0:09:51] } 3... g6
{ [%clk 0:09:57] } 4. Be2 { [%clk 0:09:48] } 4... Bg7 { [%clk 0:09:56] } 5. e5
{ [%clk 0:09:46] } 5... a6 { [%clk 0:09:38] } 6. exf6 { [%clk 0:09:43] } 6...
Bxf6 { [%clk 0:09:36] } 7. Be3 { [%clk 0:09:38] } 7... O-O { [%clk 0:09:34] }
8. Nf3 { [%clk 0:09:37] } 8... b5 { [%clk 0:09:26] } 9. Ne4 { [%clk 0:08:31] }
9... Bg7 { [%clk 0:09:18] } 10. O-O { [%clk 0:07:52] } 10... Bb7
{ [%clk 0:09:17] } 11. Ng3 { [%clk 0:07:47] } 11... Nd7 { [%clk 0:09:03] } 12.
c3 { [%clk 0:07:43] } 12... Rc8 { [%clk 0:08:50] } 13. a4 { [%clk 0:07:23] }
13... c6 { [%clk 0:08:47] } 14. axb5 { [%clk 0:07:21] } 14... cxb5
{ [%clk 0:08:46] } 15. Nd2 { [%clk 0:06:56] } 15... e5 { [%clk 0:08:27] } 16.
dxe5 { [%clk 0:06:55] } 16... Bxe5 { [%clk 0:08:24] } 17. Nde4
{ [%clk 0:06:46] } 17... f5 { [%clk 0:08:16] } 18. Nxd6 { [%clk 0:06:19] }
18... f4 { [%clk 0:08:02] } 19. Nxb7 { [%clk 0:06:07] } 19... Qf6
{ [%clk 0:07:51] } 20. Qxd7 { [%clk 0:05:43] } 20... fxg3 { [%clk 0:07:47] }
21. fxg3 { [%clk 0:05:39] } 1-0"
Rated Rapid game,https://lichess.org/hYChM6dL,2024.08.01,-,Messi_better,slimmshady,0-1,2024.08.01,08:43:53,1582,1575,,,A07,King's Indian Attack,600+0,Normal,"1. Nf3 { [%eval 0.17] [%clk 0:10:00] } 1... d5 { [%eval 0.18] [%clk 0:10:00] }
2. g3 { [%eval 0.06] [%clk 0:09:59] } 2... Nc6 { [%eval 0.24] [%clk 0:09:59] }
3. Bg2 { [%eval -0.15] [%clk 0:09:58] } 3... e5
{ [%eval -0.08] [%clk 0:09:58] } 4. d3 { [%eval -0.11] [%clk 0:09:57] } 4... e4
$6 { [%eval 0.68] [%clk 0:09:56] } 5. dxe4 { [%eval 0.7] [%clk 0:09:57] } 5...
dxe4 { [%eval 0.79] [%clk 0:09:55] } 6. Nfd2 $2
{ [%eval -0.39] [%clk 0:09:56] } 6... Nf6 $6 { [%eval 0.56] [%clk 0:09:53] } 7.
O-O $6 { [%eval -0.1] [%clk 0:09:54] } 7... Bf5 { [%eval 0.0] [%clk 0:09:50] }
8. c4 { [%eval -0.42] [%clk 0:09:50] } 8... Bc5 $6
{ [%eval 0.3] [%clk 0:09:39] } 9. a3 $6 { [%eval -0.63] [%clk 0:09:47] } 9...
O-O { [%eval -0.19] [%clk 0:09:37] } 10. b4 $6 { [%eval -0.86] [%clk 0:09:36] }
10... Bd4 { [%eval -0.74] [%clk 0:09:31] } 11. Ra2
{ [%eval -0.74] [%clk 0:09:34] } 11... Re8 { [%eval -0.65] [%clk 0:09:22] } 12.
Nb3 { [%eval -0.92] [%clk 0:09:29] } 12... Be5 $6
{ [%eval -0.06] [%clk 0:09:00] } 13. N1d2 $6 { [%eval -0.97] [%clk 0:09:04] }
13... Nd4 $6 { [%eval -0.2] [%clk 0:08:59] } 14. e3 $2
{ [%eval -2.33] [%clk 0:08:55] } 14... Nxb3 $2 { [%eval -0.81] [%clk 0:08:56] }
15. Nxb3 { [%eval -0.73] [%clk 0:08:54] } 15... Qe7
{ [%eval -0.61] [%clk 0:08:35] } 16. Qc2 { [%eval -0.79] [%clk 0:08:16] } 16...
c6 { [%eval -0.71] [%clk 0:08:10] } 17. Nd4 { [%eval -0.89] [%clk 0:08:13] }
17... Bxd4 { [%eval -0.73] [%clk 0:08:05] } 18. exd4
{ [%eval -0.69] [%clk 0:08:11] } 18... Rad8 { [%eval -0.68] [%clk 0:08:03] }
19. Be3 { [%eval -0.77] [%clk 0:07:50] } 19... Ng4 $6
{ [%eval -0.11] [%clk 0:07:52] } 20. Bf4 $2 { [%eval -2.03] [%clk 0:07:06] }
20... Rxd4 { [%eval -2.0] [%clk 0:07:35] } 21. Re1 $2
{ [%eval -4.64] [%clk 0:06:55] } 21... Nf6 $4 { [%eval -1.15] [%clk 0:07:23] }
22. f3 $6 { [%eval -1.94] [%clk 0:06:37] } 22... Qd7
{ [%eval -2.21] [%clk 0:06:54] } 23. fxe4 { [%eval -2.58] [%clk 0:06:31] }
23... Nxe4 $6 { [%eval -1.85] [%clk 0:06:49] } 24. Qf2 $4
{ [%eval -5.97] [%clk 0:05:55] } 24... Nxf2 { [%eval -6.0] [%clk 0:06:47] } 0-1"
Rated Rapid game,https://lichess.org/d8SNrZ7n,2024.08.01,-,Ahshar72,hastasiempre,1-0,2024.08.01,08:43:53,1372,1369,,,C23,Bishop's Opening,600+0,Normal,"1. e4 { [%clk 0:10:00] } 1... e5 { [%clk 0:10:00] } 2. Bc4 { [%clk 0:09:58] }
2... Nc6 { [%clk 0:09:59] } 3. h3 { [%clk 0:09:53] } 3... Nf6
{ [%clk 0:09:58] } 4. Nc3 { [%clk 0:09:50] } 4... Bc5 { [%clk 0:09:56] } 5. a3
{ [%clk 0:09:47] } 5... h6 { [%clk 0:09:53] } 6. d3 { [%clk 0:09:45] } 6... a6
{ [%clk 0:09:51] } 7. Bd2 { [%clk 0:09:43] } 7... O-O { [%clk 0:09:46] } 8. Qc1
{ [%clk 0:09:39] } 8... Nh5 { [%clk 0:09:39] } 9. Bxh6 { [%clk 0:09:35] } 9...
Nf4 { [%clk 0:09:37] } 10. Bxf4 { [%clk 0:09:31] } 10... exf4
{ [%clk 0:09:35] } 11. Qxf4 { [%clk 0:09:29] } 11... Qf6 { [%clk 0:09:33] } 12.
Qxf6 { [%clk 0:09:27] } 12... gxf6 { [%clk 0:09:31] } 13. Nf3
{ [%clk 0:09:25] } 13... Ne5 { [%clk 0:09:28] } 14. Nd2 { [%clk 0:09:08] }
14... Ng6 { [%clk 0:09:23] } 15. Nb3 { [%clk 0:08:53] } 15... Ba7
{ [%clk 0:09:20] } 16. Nd5 { [%clk 0:08:47] } 16... Nh4 { [%clk 0:09:16] } 17.
Nxf6+ { [%clk 0:08:35] } 17... Kg7 { [%clk 0:09:14] } 18. Nd5
{ [%clk 0:08:30] } 18... Nxg2+ { [%clk 0:09:11] } 19. Kd2 { [%clk 0:08:24] }
19... Nh4 { [%clk 0:09:05] } 20. Rhg1+ { [%clk 0:08:22] } 20... Kh8
{ [%clk 0:09:03] } 21. Nf6 { [%clk 0:08:15] } 21... Nf3+ { [%clk 0:09:01] } 22.
Kc1 { [%clk 0:08:11] } 22... Nxg1 { [%clk 0:08:59] } 23. Kd2 { [%clk 0:08:10] }
23... Bxf2 { [%clk 0:08:56] } 1-0"
Rated Rapid game,https://lichess.org/3yg2l7sf,2024.08.01,-,plshkv,DenisAlekseev2017,0-1,2024.08.01,08:43:53,1164,1153,,,D31,Semi-Slav Defense: Marshall Gambit,600+0,Normal,"1. d4 { [%clk 0:10:00] } 1... d5 { [%clk 0:10:00] } 2. e4 { [%clk 0:09:58] }
2... c6 { [%clk 0:09:43] } 3. c4 { [%clk 0:09:40] } 3... e6 { [%clk 0:09:32] }
4. Nc3 { [%clk 0:09:17] } 4... Nf6 { [%clk 0:09:26] } 5. Bg5 { [%clk 0:09:05] }
5... Be7 { [%clk 0:09:21] } 6. Nf3 { [%clk 0:08:41] } 6... O-O
{ [%clk 0:09:13] } 7. Bd3 { [%clk 0:08:40] } 7... dxe4 { [%clk 0:09:10] } 8.
Nxe4 { [%clk 0:08:26] } 8... Nxe4 { [%clk 0:09:07] } 9. Bxe4 { [%clk 0:08:20] }
9... Bxg5 { [%clk 0:09:06] } 10. Nxg5 { [%clk 0:08:15] } 10... Qxg5
{ [%clk 0:09:04] } 11. d5 { [%clk 0:07:50] } 11... cxd5 { [%clk 0:09:01] } 12.
cxd5 { [%clk 0:07:49] } 12... exd5 { [%clk 0:08:59] } 13. Bxd5
{ [%clk 0:07:37] } 13... Re8+ { [%clk 0:08:56] } 14. Kf1 { [%clk 0:07:23] }
14... Rd8 { [%clk 0:08:43] } 15. Qc1 { [%clk 0:06:49] } 15... Qxc1+
{ [%clk 0:08:37] } 16. Rxc1 { [%clk 0:06:45] } 16... Nc6 { [%clk 0:08:30] } 17.
Be4 { [%clk 0:06:27] } 17... Be6 { [%clk 0:08:07] } 18. h3 { [%clk 0:06:12] }
18... Bxa2 { [%clk 0:07:57] } 19. Kg1 { [%clk 0:06:09] } 19... Bd5
{ [%clk 0:07:33] } 20. Bf5 { [%clk 0:05:49] } 20... Nd4 { [%clk 0:06:48] } 21.
Rc5 { [%clk 0:05:25] } 21... Nxf5 { [%clk 0:06:39] } 22. Kh2 { [%clk 0:05:11] }
22... Rac8 { [%clk 0:06:31] } 23. Rcc1 { [%clk 0:05:05] } 23... Rxc1
{ [%clk 0:06:28] } 24. Rxc1 { [%clk 0:05:03] } 24... Nh4 { [%clk 0:06:17] } 25.
Kg3 { [%clk 0:04:40] } 25... Nxg2 { [%clk 0:06:03] } 26. b4 { [%clk 0:04:28] }
26... a6 { [%clk 0:05:51] } 27. f4 { [%clk 0:04:22] } 27... Ne3
{ [%clk 0:05:46] } 28. Kf2 { [%clk 0:04:12] } 28... Nf5 { [%clk 0:05:31] } 29.
Ke2 { [%clk 0:04:01] } 29... Re8+ { [%clk 0:05:28] } 30. Kf2 { [%clk 0:03:55] }
30... Re3 { [%clk 0:05:18] } 31. Rc5 { [%clk 0:03:21] } 31... Rf3+
{ [%clk 0:05:09] } 32. Kg2 { [%clk 0:03:15] } 32... Rc3+ { [%clk 0:05:05] } 33.
Kh2 { [%clk 0:03:03] } 33... Rxc5 { [%clk 0:04:55] } 34. bxc5
{ [%clk 0:03:01] } 34... a5 { [%clk 0:04:47] } 35. Kg1 { [%clk 0:02:59] } 35...
a4 { [%clk 0:04:45] } 36. Kf1 { [%clk 0:02:58] } 36... a3 { [%clk 0:04:44] }
37. Ke1 { [%clk 0:02:58] } 37... a2 { [%clk 0:04:44] } 38. Kd1
{ [%clk 0:02:57] } 38... a1=Q+ { [%clk 0:04:40] } 39. Kc2 { [%clk 0:02:55] }
39... Ne3+ { [%clk 0:04:38] } 40. Kd3 { [%clk 0:02:53] } 40... b5
{ [%clk 0:04:29] } 41. Kxe3 { [%clk 0:02:51] } 41... b4 { [%clk 0:04:25] } 42.
f5 { [%clk 0:02:46] } 42... b3 { [%clk 0:04:22] } 43. Kf4 { [%clk 0:02:45] }
43... b2 { [%clk 0:04:21] } 44. Ke5 { [%clk 0:02:44] } 44... b1=Q+
{ [%clk 0:04:19] } 45. Kxd5 { [%clk 0:02:42] } 45... Qaa2+ { [%clk 0:04:17] }
46. Kd6 { [%clk 0:02:40] } 46... Qd3+ { [%clk 0:04:15] } 47. Ke7
{ [%clk 0:02:38] } 47... Qae2# { [%clk 0:04:09] } 0-1"
Rated Rapid game,https://lichess.org/1AstJcTw,2024.08.01,-,themissioner,Alek_Sav,1-0,2024.08.01,08:43:56,1326,1347,,,C23,Bishop's Opening: Boi Variation,600+0,Normal,"1. e4 { [%clk 0:10:00] } 1... e5 { [%clk 0:10:00] } 2. Bc4 { [%clk 0:09:58] }
2... Bc5 { [%clk 0:09:55] } 3. d3 { [%clk 0:09:56] } 3... Nf6
{ [%clk 0:09:52] } 4. h3 { [%clk 0:09:55] } 4... Nc6 { [%clk 0:09:50] } 5. Nf3
{ [%clk 0:09:53] } 5... h6 { [%clk 0:09:35] } 6. Nc3 { [%clk 0:09:51] } 6...
Nd4 { [%clk 0:09:20] } 7. Nxe5 { [%clk 0:09:43] } 7... Qe7 { [%clk 0:09:08] }
8. Bxf7+ { [%clk 0:09:39] } 8... Kd8 { [%clk 0:08:59] } 9. f4
{ [%clk 0:09:34] } 9... d6 { [%clk 0:08:51] } 10. Ng6 { [%clk 0:09:30] } 10...
Qxe4+ { [%clk 0:08:32] } 11. Nxe4 { [%clk 0:09:27] } 1-0"
Rated Rapid game,https://lichess.org/I8miN3o2,2024.08.01,-,YerbolAstana2022,Gustavbro,0-1,2024.08.01,08:43:56,1191,1116,,,C34,King's Gambit Accepted: Fischer Defense,600+0,Normal,"1. e4 { [%clk 0:10:00] } 1... e5 { [%clk 0:10:00] } 2. f4 { [%clk 0:09:59] }
2... d6 { [%clk 0:09:52] } 3. Nf3 { [%clk 0:09:57] } 3... exf4
{ [%clk 0:09:50] } 4. Bc4 { [%clk 0:09:54] } 4... Be6 { [%clk 0:09:47] } 5.
Bxe6 { [%clk 0:09:51] } 5... fxe6 { [%clk 0:09:45] } 6. d4 { [%clk 0:09:47] }
6... d5 { [%clk 0:09:39] } 7. e5 { [%clk 0:09:46] } 7... Nh6 { [%clk 0:09:29] }
8. Bxf4 { [%clk 0:09:44] } 8... Ng4 { [%clk 0:09:19] } 9. Ng5
{ [%clk 0:09:38] } 9... h5 { [%clk 0:09:07] } 10. O-O { [%clk 0:09:35] } 10...
Qe7 { [%clk 0:08:50] } 11. h3 { [%clk 0:09:26] } 11... Nh6 { [%clk 0:08:41] }
12. c3 { [%clk 0:09:21] } 12... g6 { [%clk 0:08:37] } 13. Qb3
{ [%clk 0:09:18] } 13... c6 { [%clk 0:08:29] } 14. Nd2 { [%clk 0:09:12] } 14...
Bg7 { [%clk 0:08:17] } 15. c4 { [%clk 0:08:51] } 15... Rf8 { [%clk 0:08:06] }
16. cxd5 { [%clk 0:08:40] } 16... exd5 { [%clk 0:07:57] } 17. Nh7
{ [%clk 0:08:18] } 17... Rxf4 { [%clk 0:07:22] } 18. Rxf4 { [%clk 0:08:15] }
18... Nd7 { [%clk 0:07:11] } 19. Raf1 { [%clk 0:08:07] } 19... O-O-O
{ [%clk 0:07:05] } 20. Qa4 { [%clk 0:07:35] } 20... a6 { [%clk 0:06:52] } 21.
Qc2 { [%clk 0:07:32] } 21... Nf5 { [%clk 0:06:35] } 22. Nf3 { [%clk 0:07:12] }
22... Ne3 { [%clk 0:06:20] } 23. Qxg6 { [%clk 0:06:55] } 23... Nxf1
{ [%clk 0:06:16] } 24. Kxf1 { [%clk 0:06:53] } 24... Nxe5 { [%clk 0:06:00] }
25. dxe5 { [%clk 0:06:40] } 25... Bxe5 { [%clk 0:05:59] } 26. Rf7
{ [%clk 0:06:20] } 26... Qd6 { [%clk 0:05:00] } 27. Qf5+ { [%clk 0:06:15] }
27... Rd7 { [%clk 0:04:45] } 28. Rxd7 { [%clk 0:06:03] } 28... Qxd7
{ [%clk 0:04:43] } 29. Nxe5 { [%clk 0:06:01] } 29... Qxf5+ { [%clk 0:04:39] }
0-1"
Rated Rapid game,https://lichess.org/vyuZGtmm,2024.08.01,-,Abolfazl_Tari,LadyVS,0-1,2024.08.01,08:43:56,1296,1311,,,B00,Nimzowitsch Defense,600+0,Normal,"1. e4 { [%eval 0.15] [%clk 0:10:00] } 1... Nc6 { [%eval 0.32] [%clk 0:10:00] }
2. Qf3 $6 { [%eval -0.39] [%clk 0:09:53] } 2... d5
{ [%eval -0.13] [%clk 0:09:58] } 3. Bb5 { [%eval -0.17] [%clk 0:09:48] } 3...
a6 { [%eval 0.26] [%clk 0:09:42] } 4. Bd3 $2 { [%eval -1.37] [%clk 0:09:44] }
4... Nf6 { [%eval -1.34] [%clk 0:09:32] } 5. e5 $2
{ [%eval -3.22] [%clk 0:09:40] } 5... Nxe5 { [%eval -3.26] [%clk 0:09:29] } 6.
Qg3 { [%eval -3.21] [%clk 0:09:29] } 6... Nxd3+ { [%eval -3.3] [%clk 0:09:16] }
7. Qxd3 { [%eval -3.25] [%clk 0:09:26] } 7... e6
{ [%eval -2.64] [%clk 0:09:11] } 8. Qb3 { [%eval -3.17] [%clk 0:09:22] } 8...
b5 { [%eval -2.59] [%clk 0:09:00] } 9. Nf3 { [%eval -2.82] [%clk 0:09:19] }
9... Bb7 { [%eval -2.53] [%clk 0:08:57] } 10. c3
{ [%eval -2.63] [%clk 0:09:02] } 10... Bc5 { [%eval -2.0] [%clk 0:08:42] } 11.
d4 { [%eval -2.02] [%clk 0:09:00] } 11... Bb6 { [%eval -1.51] [%clk 0:08:28] }
12. Bg5 { [%eval -1.68] [%clk 0:08:57] } 12... O-O
{ [%eval -1.76] [%clk 0:08:25] } 13. Ne5 { [%eval -2.24] [%clk 0:08:52] } 13...
h6 { [%eval -1.77] [%clk 0:08:17] } 14. Bh4 { [%eval -2.09] [%clk 0:08:45] }
14... g5 { [%eval -1.49] [%clk 0:08:06] } 15. Bg3
{ [%eval -1.53] [%clk 0:08:43] } 15... Ne4 { [%eval -1.04] [%clk 0:07:58] } 16.
Ng4 $2 { [%eval -2.84] [%clk 0:08:23] } 16... Nxg3 $2
{ [%eval -1.2] [%clk 0:07:47] } 17. hxg3 { [%eval -1.19] [%clk 0:08:18] } 17...
Kg7 { [%eval -1.12] [%clk 0:07:40] } 18. Qc2 { [%eval -1.47] [%clk 0:08:12] }
18... Qd6 $6 { [%eval -0.67] [%clk 0:07:24] } 19. Nd2
{ [%eval -0.59] [%clk 0:08:08] } 19... c5 $6 { [%eval -0.04] [%clk 0:07:22] }
20. Rxh6 $6 { [%eval -0.84] [%clk 0:07:55] } 20... f5 $2
{ [%eval 1.69] [%clk 0:07:10] } 21. f3 $4 { [%eval -2.63] [%clk 0:07:40] }
21... cxd4 $2 { [%eval -1.2] [%clk 0:07:01] } 22. cxd4 $2
{ [%eval -3.13] [%clk 0:07:22] } 22... Rac8 $6 { [%eval -2.26] [%clk 0:06:53] }
23. f4 $4 { [%eval -6.78] [%clk 0:05:29] } 23... Rxc2
{ [%eval -6.5] [%clk 0:06:46] } 0-1"
Rated Rapid game,https://lichess.org/A5VSxVgI,2024.08.01,-,desire0101,emanz23,1/2-1/2,2024.08.01,08:43:56,1521,1610,,,B50,Sicilian Defense,600+0,Time forfeit,"1. e4 { [%clk 0:10:00] } 1... c5 { [%clk 0:10:00] } 2. Nf3 { [%clk 0:09:54] }
2... d6 { [%clk 0:09:57] } 3. d4 { [%clk 0:09:53] } 3... cxd4
{ [%clk 0:09:54] } 4. Nxd4 { [%clk 0:09:52] } 4... Nc6 { [%clk 0:09:53] } 5.
Bb5 { [%clk 0:09:51] } 5... Bd7 { [%clk 0:09:45] } 6. Bxc6 { [%clk 0:09:48] }
6... Bxc6 { [%clk 0:09:40] } 7. Nxc6 { [%clk 0:09:46] } 7... bxc6
{ [%clk 0:09:38] } 8. O-O { [%clk 0:09:45] } 8... e5 { [%clk 0:09:36] } 9. Nc3
{ [%clk 0:09:43] } 9... Nf6 { [%clk 0:09:33] } 10. Bg5 { [%clk 0:09:41] } 10...
Be7 { [%clk 0:09:31] } 11. a4 { [%clk 0:09:35] } 11... h6 { [%clk 0:09:28] }
12. Bxf6 { [%clk 0:09:33] } 12... gxf6 { [%clk 0:09:25] } 13. b4
{ [%clk 0:09:31] } 13... h5 { [%clk 0:09:15] } 14. Ne2 { [%clk 0:09:29] } 14...
Qd7 { [%clk 0:09:09] } 15. Ng3 { [%clk 0:09:25] } 15... Bf8 { [%clk 0:08:32] }
16. Nxh5 { [%clk 0:09:13] } 16... Qe6 { [%clk 0:08:11] } 17. Qf3
{ [%clk 0:09:02] } 17... d5 { [%clk 0:07:59] } 18. Nxf6+ { [%clk 0:09:01] }
18... Ke7 { [%clk 0:07:50] } 19. Ng4 { [%clk 0:08:30] } 19... dxe4
{ [%clk 0:07:43] } 20. Qxe4 { [%clk 0:08:28] } 20... f6 { [%clk 0:07:25] } 21.
Rfe1 { [%clk 0:07:55] } 21... Rh4 { [%clk 0:07:16] } 22. f3 { [%clk 0:07:47] }
22... Rd8 { [%clk 0:06:42] } 23. g3 { [%clk 0:07:34] } 23... Rd4
{ [%clk 0:06:31] } 24. Qe3 { [%clk 0:07:27] } 24... Rh5 { [%clk 0:06:09] } 25.
Qxd4 { [%clk 0:07:15] } 25... exd4 { [%clk 0:05:54] } 26. Rxe6+
{ [%clk 0:07:14] } 26... Kxe6 { [%clk 0:05:53] } 27. Nf2 { [%clk 0:07:11] }
27... c5 { [%clk 0:05:36] } 28. Re1+ { [%clk 0:07:09] } 28... Kf7
{ [%clk 0:05:27] } 29. b5 { [%clk 0:06:57] } 29... Rd5 { [%clk 0:04:58] } 30.
Ne4 { [%clk 0:06:30] } 30... c4 { [%clk 0:04:49] } 31. Nd2 { [%clk 0:06:20] }
31... c3 { [%clk 0:04:36] } 32. Ne4 { [%clk 0:06:15] } 32... f5
{ [%clk 0:04:27] } 33. Ng5+ { [%clk 0:06:11] } 33... Kg6 { [%clk 0:03:57] } 34.
Ne6 { [%clk 0:05:53] } 34... Bd6 { [%clk 0:03:38] } 35. Nd8 { [%clk 0:05:24] }
35... d3 { [%clk 0:03:26] } 36. cxd3 { [%clk 0:05:18] } 36... Rxd3
{ [%clk 0:03:24] } 37. Nb7 { [%clk 0:05:01] } 37... Ba3 { [%clk 0:03:06] } 38.
Ra1 { [%clk 0:04:52] } 38... Bb2 { [%clk 0:02:56] } 39. Nc5 { [%clk 0:04:50] }
39... Rxf3 { [%clk 0:02:51] } 40. Kg2 { [%clk 0:04:36] } 40... Re3
{ [%clk 0:02:39] } 41. Kf2 { [%clk 0:04:33] } 41... Re8 { [%clk 0:02:26] } 42.
Rf1 { [%clk 0:04:19] } 42... c2 { [%clk 0:02:23] } 43. Nb3 { [%clk 0:04:17] }
43... Rc8 { [%clk 0:02:12] } 44. Nc1 { [%clk 0:04:15] } 44... Rd8
{ [%clk 0:01:56] } 45. Ke3 { [%clk 0:04:10] } 45... Rd1 { [%clk 0:01:53] } 46.
Ke2 { [%clk 0:03:59] } 46... Rxc1 { [%clk 0:01:45] } 47. Rxc1
{ [%clk 0:03:56] } 47... Bxc1 { [%clk 0:01:43] } 48. Kd3 { [%clk 0:03:55] }
48... f4 { [%clk 0:01:25] } 49. gxf4 { [%clk 0:03:52] } 49... Bxf4
{ [%clk 0:01:23] } 50. Kxc2 { [%clk 0:03:51] } 50... Bxh2 { [%clk 0:01:21] }
51. a5 { [%clk 0:03:50] } 51... Kf7 { [%clk 0:01:10] } 52. b6
{ [%clk 0:03:48] } 52... a6 { [%clk 0:01:05] } 53. Kc3 { [%clk 0:03:46] } 53...
Ke6 { [%clk 0:01:03] } 54. Kc4 { [%clk 0:03:45] } 54... Kd6 { [%clk 0:01:00] }
55. b7 { [%clk 0:03:35] } 55... Kc6 { [%clk 0:00:58] } 56. b8=Q
{ [%clk 0:03:33] } 56... Bxb8 { [%clk 0:00:56] } 57. Kb4 { [%clk 0:03:32] }
57... Bd6+ { [%clk 0:00:53] } 58. Kc4 { [%clk 0:03:31] } 58... Ba3
{ [%clk 0:00:48] } 59. Kb3 { [%clk 0:03:29] } 59... Bc5 { [%clk 0:00:45] } 60.
Kc4 { [%clk 0:03:28] } 60... Bf2 { [%clk 0:00:42] } 61. Kb4 { [%clk 0:03:24] }
61... Be1+ { [%clk 0:00:40] } 62. Ka4 { [%clk 0:03:23] } 62... Kc5
{ [%clk 0:00:39] } 63. Ka3 { [%clk 0:03:20] } 63... Kb5 { [%clk 0:00:37] } 64.
Kb3 { [%clk 0:03:17] } 64... Kxa5 { [%clk 0:00:36] } 65. Ka3 { [%clk 0:03:16] }
65... Kb5 { [%clk 0:00:35] } 66. Kb3 { [%clk 0:03:14] } 66... a5
{ [%clk 0:00:34] } 67. Ka3 { [%clk 0:03:13] } 67... Bd2 { [%clk 0:00:32] } 68.
Kb3 { [%clk 0:03:11] } 68... a4+ { [%clk 0:00:31] } 69. Ka3 { [%clk 0:03:10] }
69... Be1 { [%clk 0:00:28] } 70. Kb2 { [%clk 0:03:07] } 70... Kb4
{ [%clk 0:00:27] } 71. Ka2 { [%clk 0:03:05] } 71... Bc3 { [%clk 0:00:25] } 72.
Kb1 { [%clk 0:03:03] } 72... Kb3 { [%clk 0:00:24] } 73. Kc1 { [%clk 0:03:01] }
73... Bd4 { [%clk 0:00:22] } 74. Kb1 { [%clk 0:02:59] } 74... a3
{ [%clk 0:00:20] } 75. Kc1 { [%clk 0:02:57] } 75... a2 { [%clk 0:00:19] } 76.
Kd2 { [%clk 0:02:56] } 76... a1=Q { [%clk 0:00:17] } 77. Kd3 { [%clk 0:02:55] }
77... Qc3+ { [%clk 0:00:15] } 78. Ke4 { [%clk 0:02:53] } 78... Qc5
{ [%clk 0:00:12] } 79. Kd3 { [%clk 0:02:51] } 79... Kb4 { [%clk 0:00:11] } 80.
Ke4 { [%clk 0:02:49] } 80... Bf6 { [%clk 0:00:09] } 81. Kf4 { [%clk 0:02:46] }
81... Qc4+ { [%clk 0:00:09] } 82. Kf5 { [%clk 0:02:44] } 82... Bc3
{ [%clk 0:00:07] } 83. Kg5 { [%clk 0:02:38] } 83... Qd5+ { [%clk 0:00:07] } 84.
Kf4 { [%clk 0:02:37] } 84... Kc4 { [%clk 0:00:05] } 85. Ke3 { [%clk 0:02:34] }
85... Kc5 { [%clk 0:00:04] } 86. Ke2 { [%clk 0:02:31] } 86... Kd6
{ [%clk 0:00:03] } 87. Ke3 { [%clk 0:02:29] } 87... Ke5 { [%clk 0:00:02] } 88.
Ke2 { [%clk 0:02:25] } 88... Ke4 { [%clk 0:00:02] } 89. Kf2 { [%clk 0:02:22] }
89... Qd3 { [%clk 0:00:00] } 90. Kg2 { [%clk 0:02:19] } 1/2-1/2"
Rated Rapid game,https://lichess.org/XUQNRsIa,2024.08.01,-,MyChessSins,BaffyRacevasky,1-0,2024.08.01,08:43:56,2409,2297,,,A11,English Opening: Caro-Kann Defensive System,600+0,Normal,"1. c4 { [%eval 0.12] [%clk 0:10:00] } 1... c6 { [%eval 0.23] [%clk 0:10:00] }
2. g3 { [%eval 0.17] [%clk 0:09:59] } 2... d5 { [%eval 0.14] [%clk 0:09:59] }
3. Bg2 { [%eval -0.1] [%clk 0:09:58] } 3... e5 { [%eval -0.1] [%clk 0:09:53] }
4. cxd5 { [%eval -0.19] [%clk 0:09:55] } 4... cxd5
{ [%eval -0.14] [%clk 0:09:53] } 5. d4 { [%eval -0.15] [%clk 0:09:54] } 5... e4
{ [%eval -0.15] [%clk 0:09:49] } 6. Nc3 { [%eval -0.11] [%clk 0:09:52] } 6...
Nf6 { [%eval 0.01] [%clk 0:08:57] } 7. Bg5 { [%eval -0.11] [%clk 0:09:45] }
7... Be7 { [%eval 0.42] [%clk 0:08:55] } 8. Qb3 { [%eval 0.38] [%clk 0:09:41] }
8... Be6 { [%eval 0.42] [%clk 0:08:15] } 9. Qxb7
{ [%eval 0.25] [%clk 0:09:29] } 9... Nbd7 { [%eval 0.5] [%clk 0:08:12] } 10.
Qb3 $6 { [%eval -0.48] [%clk 0:09:13] } 10... Rb8
{ [%eval -0.57] [%clk 0:08:07] } 11. Qc2 { [%eval -0.58] [%clk 0:09:11] } 11...
O-O { [%eval -0.41] [%clk 0:08:06] } 12. e3 { [%eval -0.42] [%clk 0:09:10] }
12... h6 { [%eval -0.46] [%clk 0:08:05] } 13. Bxf6
{ [%eval -0.39] [%clk 0:09:03] } 13... Bxf6 $6 { [%eval 0.51] [%clk 0:08:01] }
14. Nge2 { [%eval 0.58] [%clk 0:09:02] } 14... Nb6
{ [%eval 0.58] [%clk 0:07:59] } 15. O-O { [%eval 0.53] [%clk 0:08:52] } 15...
Nc4 { [%eval 0.96] [%clk 0:07:58] } 16. b3 { [%eval 1.05] [%clk 0:08:51] }
16... Nd6 $6 { [%eval 1.68] [%clk 0:07:56] } 17. Nf4
{ [%eval 1.61] [%clk 0:08:39] } 17... Nf5 { [%eval 1.78] [%clk 0:07:39] } 18.
Rac1 { [%eval 1.67] [%clk 0:07:46] } 18... Rc8 { [%eval 1.85] [%clk 0:07:31] }
19. Qb2 { [%eval 1.73] [%clk 0:07:44] } 19... g6 $2
{ [%eval 2.95] [%clk 0:07:00] } 20. Na4 $2 { [%eval 1.64] [%clk 0:07:20] }
20... Qd7 $2 { [%eval 2.96] [%clk 0:06:46] } 21. Nc5
{ [%eval 3.12] [%clk 0:07:11] } 21... Qe7 $2 { [%eval 4.29] [%clk 0:06:42] }
22. Ncxe6 { [%eval 4.25] [%clk 0:07:08] } 22... fxe6
{ [%eval 4.14] [%clk 0:06:42] } 23. Nxg6 { [%eval 4.06] [%clk 0:07:06] } 23...
Qg7 { [%eval 4.23] [%clk 0:06:39] } 24. Nxf8 { [%eval 4.22] [%clk 0:07:03] }
24... Rxf8 { [%eval 4.23] [%clk 0:06:39] } 25. Rc6
{ [%eval 3.97] [%clk 0:06:50] } 25... h5 { [%eval 4.14] [%clk 0:06:36] } 26.
Rxe6 { [%eval 4.11] [%clk 0:06:44] } 26... h4 { [%eval 4.56] [%clk 0:06:34] }
27. Qe2 { [%eval 4.49] [%clk 0:06:15] } 27... Bxd4
{ [%eval 4.94] [%clk 0:05:57] } 28. Qh5 { [%eval 4.97] [%clk 0:06:03] } 28...
Rf6 { [%eval 5.86] [%clk 0:05:07] } 29. Re8+ { [%eval 5.97] [%clk 0:05:43] }
29... Rf8 { [%eval 5.91] [%clk 0:04:58] } 30. Rxf8+
{ [%eval 5.8] [%clk 0:05:41] } 30... Kxf8 { [%eval 6.82] [%clk 0:04:57] } 31.
Qxf5+ { [%eval 6.7] [%clk 0:05:39] } 1-0"
Rated Rapid game,https://lichess.org/czWSSmb7,2024.08.01,-,Cg0007,wounir,1-0,2024.08.01,08:43:56,1295,1280,,,C46,Three Knights Opening: Winawer Defense,600+0,Normal,"1. e4 { [%clk 0:10:00] } 1... e5 { [%clk 0:10:00] } 2. Nf3 { [%clk 0:09:58] }
2... Nc6 { [%clk 0:09:59] } 3. Nc3 { [%clk 0:09:56] } 3... f5
{ [%clk 0:09:36] } 4. exf5 { [%clk 0:09:40] } 4... Nf6 { [%clk 0:09:12] } 5.
Qe2 { [%clk 0:09:31] } 5... Nb4 { [%clk 0:08:07] } 6. Nxe5 { [%clk 0:09:27] }
6... Nxc2+ { [%clk 0:07:55] } 7. Kd1 { [%clk 0:09:25] } 7... d6
{ [%clk 0:07:09] } 8. Nc6+ { [%clk 0:09:19] } 1-0"
Rated Rapid game,https://lichess.org/juxNIMcJ,2024.08.01,-,Maruf_1970,Notsogoodchessguy,0-1,2024.08.01,08:43:56,2160,2054,,,C55,Italian Game: Two Knights Defense,600+0,Normal,"1. e4 { [%eval 0.15] [%clk 0:10:00] } 1... e5 { [%eval 0.21] [%clk 0:10:00] }
2. Nf3 { [%eval 0.11] [%clk 0:09:58] } 2... Nc6 { [%eval 0.19] [%clk 0:09:59] }
3. Bc4 { [%eval 0.14] [%clk 0:09:53] } 3... Nf6 { [%eval 0.17] [%clk 0:09:57] }
4. O-O { [%eval -0.2] [%clk 0:09:45] } 4... Nxe4
{ [%eval -0.23] [%clk 0:09:54] } 5. Re1 $6 { [%eval -1.2] [%clk 0:09:43] } 5...
d5 { [%eval -0.99] [%clk 0:09:51] } 6. Bb5 { [%eval -1.08] [%clk 0:09:37] }
6... Bc5 { [%eval -0.99] [%clk 0:09:50] } 7. d4
{ [%eval -1.19] [%clk 0:09:32] } 7... exd4 { [%eval -0.98] [%clk 0:09:33] } 8.
Ne5 $2 { [%eval -3.12] [%clk 0:09:09] } 8... O-O
{ [%eval -3.03] [%clk 0:07:33] } 9. Bxc6 { [%eval -3.54] [%clk 0:09:07] } 9...
bxc6 { [%eval -3.55] [%clk 0:07:33] } 10. Nxc6 $2
{ [%eval -5.74] [%clk 0:09:05] } 10... Qf6 { [%eval -5.57] [%clk 0:07:22] } 11.
Na5 $4 { [%eval -8.81] [%clk 0:08:59] } 11... Qxf2+
{ [%eval -8.51] [%clk 0:07:15] } 12. Kh1 { [%eval -8.12] [%clk 0:08:57] } 12...
d3 { [%eval -7.96] [%clk 0:07:14] } 13. cxd3 $2 { [%eval #-2] [%clk 0:08:46] }
13... Qg1+ { [%eval #-1] [%clk 0:07:10] } 14. Rxg1
{ [%eval #-1] [%clk 0:08:42] } 14... Nf2# { [%clk 0:07:10] } 0-1"
Rated Rapid game,https://lichess.org/DX8N0Le2,2024.08.01,-,FedorBoyanovich_2015,Rasul1980,0-1,2024.08.01,08:43:56,1825,1848,,,B02,Alekhine Defense: Scandinavian Variation,600+0,Normal,"1. e4 { [%clk 0:10:00] } 1... Nf6 { [%clk 0:10:00] } 2. Nc3 { [%clk 0:09:57] }
2... d5 { [%clk 0:09:57] } 3. e5 { [%clk 0:09:55] } 3... Nfd7
{ [%clk 0:09:55] } 4. d4 { [%clk 0:09:54] } 4... e6 { [%clk 0:09:53] } 5. Nf3
{ [%clk 0:09:52] } 5... c5 { [%clk 0:09:48] } 6. Bg5 { [%clk 0:09:50] } 6...
Be7 { [%clk 0:09:39] } 7. Bxe7 { [%clk 0:09:47] } 7... Qxe7 { [%clk 0:09:38] }
8. Bb5 { [%clk 0:09:44] } 8... cxd4 { [%clk 0:09:26] } 9. Qxd4
{ [%clk 0:09:39] } 9... Nc6 { [%clk 0:09:23] } 10. Qa4 { [%clk 0:09:34] } 10...
Qc5 { [%clk 0:08:39] } 11. Bxc6 { [%clk 0:09:31] } 11... bxc6
{ [%clk 0:08:35] } 12. O-O { [%clk 0:09:28] } 12... O-O { [%clk 0:08:20] } 13.
Rad1 { [%clk 0:09:16] } 13... Nb6 { [%clk 0:08:14] } 14. Qh4 { [%clk 0:09:07] }
14... h6 { [%clk 0:07:49] } 15. Rfe1 { [%clk 0:08:34] } 15... Nc4
{ [%clk 0:06:49] } 16. b3 { [%clk 0:08:30] } 16... Nb6 { [%clk 0:06:34] } 17.
Rd3 { [%clk 0:07:53] } 17... Ba6 { [%clk 0:06:25] } 18. Rde3 { [%clk 0:07:41] }
18... Rad8 { [%clk 0:06:12] } 19. Qd4 { [%clk 0:07:29] } 19... Qe7
{ [%clk 0:06:03] } 20. Na4 { [%clk 0:07:11] } 20... Bb5 { [%clk 0:05:35] } 21.
Nxb6 { [%clk 0:07:09] } 21... axb6 { [%clk 0:05:33] } 22. a4 { [%clk 0:07:07] }
22... Ba6 { [%clk 0:05:14] } 23. Qxb6 { [%clk 0:07:00] } 23... Bb7
{ [%clk 0:05:13] } 24. Nd4 { [%clk 0:06:55] } 24... c5 { [%clk 0:05:03] } 25.
Nf3 { [%clk 0:06:47] } 25... d4 { [%clk 0:04:54] } 26. Rd3 { [%clk 0:06:39] }
26... Bxf3 { [%clk 0:04:35] } 27. Rxf3 { [%clk 0:06:36] } 27... Rb8
{ [%clk 0:04:21] } 28. Qa5 { [%clk 0:06:30] } 28... Rfc8 { [%clk 0:04:01] } 29.
Re4 { [%clk 0:06:03] } 29... Qg5 { [%clk 0:03:46] } 30. Qe1 { [%clk 0:05:30] }
30... Rd8 { [%clk 0:03:30] } 31. Ref4 { [%clk 0:05:25] } 31... Rd7
{ [%clk 0:03:22] } 32. h4 { [%clk 0:05:15] } 32... Qg6 { [%clk 0:02:59] } 33.
Rg3 { [%clk 0:04:58] } 33... Qxc2 { [%clk 0:02:51] } 34. Rfg4
{ [%clk 0:04:50] } 34... g6 { [%clk 0:02:40] } 35. Qa5 { [%clk 0:04:28] } 35...
Rxb3 { [%clk 0:02:14] } 36. Qa8+ { [%clk 0:04:10] } 36... Kg7
{ [%clk 0:01:55] } 37. Rxb3 { [%clk 0:03:52] } 37... Qxb3 { [%clk 0:01:35] }
38. h5 { [%clk 0:03:34] } 38... Qd1+ { [%clk 0:01:27] } 39. Kh2
{ [%clk 0:03:30] } 39... Qxg4 { [%clk 0:01:25] } 40. hxg6 { [%clk 0:03:28] }
40... Qxg6 { [%clk 0:01:17] } 41. Qc6 { [%clk 0:03:19] } 41... Rd8
{ [%clk 0:00:58] } 42. Qc7 { [%clk 0:03:14] } 42... Qg5 { [%clk 0:00:53] } 43.
Qxc5 { [%clk 0:03:04] } 43... d3 { [%clk 0:00:49] } 44. a5 { [%clk 0:02:51] }
44... d2 { [%clk 0:00:41] } 45. f4 { [%clk 0:02:50] } 45... Qh4+
{ [%clk 0:00:37] } 46. Kg1 { [%clk 0:02:43] } 46... d1=Q# { [%clk 0:00:36] }
0-1"
Rated Rapid game,https://lichess.org/uBWlx0Ko,2024.08.01,-,Kazikuse,kittkarr,1/2-1/2,2024.08.01,08:43:56,1818,1817,,,B10,Caro-Kann Defense,600+0,Normal,"1. e4 { [%clk 0:10:00] } 1... c6 { [%clk 0:10:00] } 2. f4 { [%clk 0:09:57] }
2... d5 { [%clk 0:09:56] } 3. e5 { [%clk 0:09:56] } 3... e6 { [%clk 0:09:51] }
4. Nf3 { [%clk 0:09:54] } 4... Ne7 { [%clk 0:09:49] } 5. d4 { [%clk 0:09:50] }
5... g6 { [%clk 0:09:44] } 6. Bd3 { [%clk 0:09:49] } 6... Bg7
{ [%clk 0:09:43] } 7. O-O { [%clk 0:09:47] } 7... a6 { [%clk 0:09:39] } 8. c3
{ [%clk 0:09:44] } 8... c5 { [%clk 0:09:38] } 9. Be3 { [%clk 0:09:41] } 9...
cxd4 { [%clk 0:09:36] } 10. cxd4 { [%clk 0:09:39] } 10... Nbc6
{ [%clk 0:09:35] } 11. Nc3 { [%clk 0:09:35] } 11... Bd7 { [%clk 0:09:31] } 12.
a3 { [%clk 0:09:33] } 12... b5 { [%clk 0:09:29] } 13. b4 { [%clk 0:09:29] }
13... Rc8 { [%clk 0:09:27] } 14. Rc1 { [%clk 0:09:26] } 14... O-O
{ [%clk 0:09:24] } 15. h3 { [%clk 0:09:17] } 15... Nf5 { [%clk 0:09:22] } 16.
Bxf5 { [%clk 0:09:14] } 16... exf5 { [%clk 0:09:19] } 17. Ng5
{ [%clk 0:09:07] } 17... h6 { [%clk 0:09:14] } 18. Nf3 { [%clk 0:09:04] } 18...
Qe7 { [%clk 0:09:03] } 19. Nxd5 { [%clk 0:09:02] } 19... Qe6 { [%clk 0:08:59] }
20. Nb6 { [%clk 0:08:55] } 20... Rce8 { [%clk 0:08:52] } 21. Nxd7
{ [%clk 0:08:51] } 21... Qxd7 { [%clk 0:08:50] } 22. d5 { [%clk 0:08:44] }
22... Ne7 { [%clk 0:08:43] } 23. d6 { [%clk 0:08:38] } 23... Nc6
{ [%clk 0:08:37] } 24. Qd5 { [%clk 0:08:33] } 24... Rc8 { [%clk 0:08:33] } 25.
Nd4 { [%clk 0:08:27] } 25... Nxd4 { [%clk 0:08:30] } 26. Bxd4
{ [%clk 0:08:24] } 26... Rfd8 { [%clk 0:08:21] } 27. Rfe1 { [%clk 0:08:09] }
27... Kf8 { [%clk 0:08:17] } 28. Kh1 { [%clk 0:07:57] } 28... h5
{ [%clk 0:07:35] } 29. Rxc8 { [%clk 0:07:44] } 29... Rxc8 { [%clk 0:07:33] }
30. e6 { [%clk 0:07:36] } 30... fxe6 { [%clk 0:07:30] } 31. Bxg7+
{ [%clk 0:07:35] } 31... Kxg7 { [%clk 0:07:28] } 32. Qxe6 { [%clk 0:07:25] }
32... Qxe6 { [%clk 0:07:25] } 33. Rxe6 { [%clk 0:07:24] } 33... Rd8
{ [%clk 0:07:24] } 34. Re7+ { [%clk 0:07:20] } 34... Kf6 { [%clk 0:07:21] } 35.
Ra7 { [%clk 0:07:10] } 35... Rxd6 { [%clk 0:07:19] } 36. Kh2 { [%clk 0:07:08] }
36... g5 { [%clk 0:07:17] } 37. fxg5+ { [%clk 0:07:07] } 37... Kxg5
{ [%clk 0:07:15] } 38. Rg7+ { [%clk 0:07:06] } 38... Kf6 { [%clk 0:07:11] } 39.
Rg3 { [%clk 0:07:04] } 39... f4 { [%clk 0:07:06] } 40. Rf3 { [%clk 0:07:01] }
40... Kf5 { [%clk 0:07:04] } 41. Rc3 { [%clk 0:06:40] } 41... h4
{ [%clk 0:07:00] } 42. Rc5+ { [%clk 0:06:38] } 42... Kg6 { [%clk 0:06:53] } 43.
Re5 { [%clk 0:06:30] } 43... Rf6 { [%clk 0:06:50] } 44. Re2 { [%clk 0:06:22] }
44... f3 { [%clk 0:06:47] } 45. gxf3 { [%clk 0:06:22] } 45... Rxf3
{ [%clk 0:06:45] } 46. Re6+ { [%clk 0:06:21] } 46... Kg5 { [%clk 0:06:42] } 47.
Rxa6 { [%clk 0:06:18] } 47... Rf2+ { [%clk 0:06:39] } 48. Kg1
{ [%clk 0:06:16] } 48... Ra2 { [%clk 0:06:36] } 49. Ra5 { [%clk 0:06:15] }
49... Kf4 { [%clk 0:06:34] } 50. Rxb5 { [%clk 0:06:12] } 50... Rxa3
{ [%clk 0:06:33] } 51. Ra5 { [%clk 0:06:08] } 51... Rb3 { [%clk 0:06:31] } 52.
b5 { [%clk 0:06:07] } 52... Kg3 { [%clk 0:06:29] } 53. Ra1 { [%clk 0:05:51] }
53... Kxh3 { [%clk 0:06:18] } 54. b6 { [%clk 0:05:44] } 54... Rxb6
{ [%clk 0:06:16] } 55. Ra3+ { [%clk 0:05:43] } 55... Kg4 { [%clk 0:06:14] } 56.
Ra2 { [%clk 0:05:33] } 56... Rf6 { [%clk 0:06:06] } 57. Rg2+ { [%clk 0:05:30] }
57... Kh5 { [%clk 0:05:59] } 58. Kh2 { [%clk 0:05:29] } 58... Rf3
{ [%clk 0:05:55] } 59. Rg1 { [%clk 0:05:25] } 59... h3 { [%clk 0:05:45] } 60.
Rg3 { [%clk 0:05:17] } 60... Rxg3 { [%clk 0:05:37] } 61. Kxg3
{ [%clk 0:05:16] } 61... h2 { [%clk 0:05:37] } 62. Kxh2 { [%clk 0:05:15] }
1/2-1/2"
Rated Rapid game,https://lichess.org/acW8szI8,2024.08.01,-,Osci416,rkamal1898,1/2-1/2,2024.08.01,08:43:56,1964,1998,,,B00,St. George Defense,600+0,Normal,"1. e4 { [%clk 0:10:00] } 1... a6 { [%clk 0:10:00] } 2. d4 { [%clk 0:09:58] }
2... h6 { [%clk 0:10:00] } 3. Nc3 { [%clk 0:09:56] } 3... e6 { [%clk 0:10:00] }
4. Nf3 { [%clk 0:09:55] } 4... d6 { [%clk 0:10:00] } 5. Bd3 { [%clk 0:09:53] }
5... Nd7 { [%clk 0:10:00] } 6. Be3 { [%clk 0:09:52] } 6... Qe7
{ [%clk 0:09:59] } 7. O-O { [%clk 0:09:51] } 7... g6 { [%clk 0:09:59] } 8. d5
{ [%clk 0:09:50] } 8... e5 { [%clk 0:09:57] } 9. Nd2 { [%clk 0:09:48] } 9...
Bg7 { [%clk 0:09:55] } 10. f4 { [%clk 0:09:47] } 10... exf4 { [%clk 0:09:54] }
11. Bxf4 { [%clk 0:09:46] } 11... Ne5 { [%clk 0:09:53] } 12. Nf3
{ [%clk 0:09:44] } 12... Nf6 { [%clk 0:09:51] } 13. Nxe5 { [%clk 0:09:37] }
13... dxe5 { [%clk 0:09:50] } 14. Bg3 { [%clk 0:09:37] } 14... O-O
{ [%clk 0:09:46] } 15. Nb1 { [%clk 0:09:28] } 15... Nh5 { [%clk 0:09:39] } 16.
Bf2 { [%clk 0:09:20] } 16... Nf4 { [%clk 0:09:37] } 17. Nd2 { [%clk 0:09:15] }
17... Qg5 { [%clk 0:09:30] } 18. Bg3 { [%clk 0:09:01] } 18... Nh5
{ [%clk 0:09:11] } 19. Nf3 { [%clk 0:08:56] } 19... Qe7 { [%clk 0:09:04] } 20.
Bf2 { [%clk 0:08:42] } 20... Nf4 { [%clk 0:08:57] } 21. Be3 { [%clk 0:08:37] }
21... b6 { [%clk 0:08:38] } 22. c3 { [%clk 0:08:20] } 22... Qd6
{ [%clk 0:08:34] } 23. Qd2 { [%clk 0:08:17] } 23... Kh7 { [%clk 0:08:22] } 24.
Nh4 { [%clk 0:08:08] } 24... Qe7 { [%clk 0:08:00] } 25. g3 { [%clk 0:07:53] }
25... Nxd3 { [%clk 0:07:36] } 26. Qxd3 { [%clk 0:07:50] } 26... Bh3
{ [%clk 0:07:32] } 27. Rf2 { [%clk 0:07:40] } 27... Bg4 { [%clk 0:06:59] } 28.
Raf1 { [%clk 0:07:34] } 28... Bh3 { [%clk 0:06:45] } 29. Re1 { [%clk 0:07:29] }
29... Rad8 { [%clk 0:06:37] } 30. c4 { [%clk 0:07:25] } 30... c6
{ [%clk 0:06:36] } 31. b3 { [%clk 0:07:22] } 31... cxd5 { [%clk 0:06:34] } 32.
cxd5 { [%clk 0:07:14] } 32... Qb4 { [%clk 0:06:30] } 33. Bd2 { [%clk 0:07:07] }
33... Qa3 { [%clk 0:06:24] } 34. Be3 { [%clk 0:06:40] } 34... Qb4
{ [%clk 0:06:13] } 35. Rc1 { [%clk 0:06:32] } 35... Kg8 { [%clk 0:05:35] } 36.
Bd2 { [%clk 0:06:17] } 36... Qd4 { [%clk 0:05:23] } 37. Qxd4 { [%clk 0:06:02] }
37... exd4 { [%clk 0:05:21] } 38. Rc6 { [%clk 0:05:57] } 38... d3
{ [%clk 0:05:03] } 39. Be3 { [%clk 0:05:51] } 39... Bg4 { [%clk 0:04:53] } 40.
Kg2 { [%clk 0:05:45] } 40... Be2 { [%clk 0:04:51] } 41. Nf3 { [%clk 0:05:10] }
41... g5 { [%clk 0:04:32] } 42. Rxb6 { [%clk 0:04:57] } 42... g4
{ [%clk 0:04:27] } 43. Nd2 { [%clk 0:04:38] } 43... Rc8 { [%clk 0:04:23] } 44.
Nc4 { [%clk 0:03:51] } 44... Bf3+ { [%clk 0:04:04] } 45. Kf1 { [%clk 0:03:42] }
45... f5 { [%clk 0:04:02] } 46. Nd6 { [%clk 0:03:31] } 46... Rcd8
{ [%clk 0:03:53] } 47. Nxf5 { [%clk 0:03:24] } 47... Rxf5 { [%clk 0:03:21] }
48. exf5 { [%clk 0:03:04] } 48... Rxd5 { [%clk 0:03:18] } 49. Ke1
{ [%clk 0:03:00] } 49... Rxf5 { [%clk 0:03:14] } 50. Bxh6 { [%clk 0:02:37] }
50... Re5+ { [%clk 0:03:11] } 51. Kd2 { [%clk 0:02:31] } 51... Bxh6+
{ [%clk 0:03:04] } 52. Rxh6 { [%clk 0:02:29] } 52... Re2+ { [%clk 0:03:02] }
53. Rxe2 { [%clk 0:02:26] } 53... dxe2 { [%clk 0:02:59] } 54. Rg6+
{ [%clk 0:02:24] } 54... Kf7 { [%clk 0:02:58] } 55. Rxg4 { [%clk 0:02:22] }
55... Bxg4 { [%clk 0:02:56] } 56. a4 { [%clk 0:02:18] } 56... Ke6
{ [%clk 0:02:53] } 57. b4 { [%clk 0:02:17] } 57... Kd5 { [%clk 0:02:51] } 58.
h3 { [%clk 0:02:14] } 58... Bxh3 { [%clk 0:02:49] } 59. Kxe2 { [%clk 0:02:13] }
59... Bd7 { [%clk 0:02:48] } 60. b5 { [%clk 0:02:03] } 60... a5
{ [%clk 0:02:44] } 61. b6 { [%clk 0:02:02] } 61... Kc6 { [%clk 0:02:43] } 62.
Kd3 { [%clk 0:01:56] } 62... Kxb6 { [%clk 0:02:42] } 63. Kc4 { [%clk 0:01:53] }
63... Bxa4 { [%clk 0:02:40] } 64. g4 { [%clk 0:01:53] } 64... Bc2
{ [%clk 0:02:37] } 65. g5 { [%clk 0:01:51] } 65... Bg6 { [%clk 0:02:35] } 66.
Kb3 { [%clk 0:01:47] } 66... Kb5 { [%clk 0:02:33] } 67. Ka3 { [%clk 0:01:46] }
67... a4 { [%clk 0:02:24] } 68. Ka2 { [%clk 0:01:42] } 68... Kb4
{ [%clk 0:02:22] } 69. Ka1 { [%clk 0:01:41] } 69... Kb3 { [%clk 0:02:20] }
1/2-1/2"
Rated Rapid game,https://lichess.org/fN0HRoQs,2024.08.01,-,VP-DinhQuangThuong,Behradbabazadeh,1-0,2024.08.01,08:43:56,1474,1426,,,C44,Scotch Game,600+0,Normal,"1. e4 { [%clk 0:10:00] } 1... e5 { [%clk 0:10:00] } 2. Nf3 { [%clk 0:09:59] }
2... Nc6 { [%clk 0:09:58] } 3. d4 { [%clk 0:09:57] } 3... Bd6
{ [%clk 0:09:48] } 4. Ng5 { [%clk 0:09:50] } 1-0"
Rated Rapid game,https://lichess.org/qXpxagLe,2024.08.01,-,amf-nando,iksnzae,0-1,2024.08.01,08:43:56,851,938,,,C40,King's Pawn Game: Gunderam Gambit,600+0,Normal,"1. e4 { [%clk 0:10:00] } 1... e5 { [%clk 0:10:00] } 2. Nf3 { [%clk 0:09:59] }
2... c6 { [%clk 0:09:52] } 3. Bc4 { [%clk 0:09:57] } 3... d5 { [%clk 0:09:48] }
4. exd5 { [%clk 0:09:46] } 4... cxd5 { [%clk 0:09:46] } 5. Bb5+
{ [%clk 0:09:44] } 5... Bd7 { [%clk 0:09:40] } 6. Nc3 { [%clk 0:09:25] } 6...
a6 { [%clk 0:09:30] } 7. Bf1 { [%clk 0:08:58] } 7... Nc6 { [%clk 0:09:13] } 8.
Nxd5 { [%clk 0:08:52] } 8... Nh6 { [%clk 0:08:47] } 9. Bc4 { [%clk 0:08:34] }
9... Nd4 { [%clk 0:08:43] } 10. Nxe5 { [%clk 0:08:24] } 10... Bf5
{ [%clk 0:08:31] } 11. d3 { [%clk 0:07:42] } 11... Bd6 { [%clk 0:08:18] } 12.
Nxf7 { [%clk 0:07:26] } 12... Nxf7 { [%clk 0:08:15] } 13. O-O
{ [%clk 0:06:56] } 13... Qh4 { [%clk 0:07:29] } 14. Re1+ { [%clk 0:06:39] }
14... Be5 { [%clk 0:07:14] } 15. Rxe5+ { [%clk 0:06:26] } 15... Nxe5
{ [%clk 0:07:12] } 16. Nc7+ { [%clk 0:06:22] } 16... Ke7 { [%clk 0:07:03] } 17.
Nxa8 { [%clk 0:06:20] } 17... Rxa8 { [%clk 0:07:01] } 18. f4 { [%clk 0:06:05] }
18... Bg4 { [%clk 0:06:40] } 19. g3 { [%clk 0:05:53] } 19... Nef3+
{ [%clk 0:06:29] } 20. Qxf3 { [%clk 0:05:39] } 20... Nxf3+ { [%clk 0:06:25] }
21. Kg2 { [%clk 0:05:35] } 21... Qh3+ { [%clk 0:06:21] } 0-1"
Rated Rapid game,https://lichess.org/GlEOUeag,2024.08.01,-,ZambrottaSS,ValeriyManin,1-0,2024.08.01,08:43:58,1662,1469,,,C02,French Defense: Advance Variation,600+0,Normal,"1. e4 { [%clk 0:10:00] } 1... e6 { [%clk 0:10:00] } 2. d4 { [%clk 0:09:55] }
2... d5 { [%clk 0:09:57] } 3. e5 { [%clk 0:09:53] } 3... c5 { [%clk 0:09:55] }
4. c3 { [%clk 0:09:50] } 4... cxd4 { [%clk 0:09:54] } 5. Qxd4
{ [%clk 0:09:43] } 5... Nc6 { [%clk 0:09:50] } 6. Bb5 { [%clk 0:09:37] } 6...
Ne7 { [%clk 0:09:47] } 7. Qe3 { [%clk 0:09:29] } 7... Bd7 { [%clk 0:09:32] } 8.
Bxc6 { [%clk 0:09:24] } 8... Bxc6 { [%clk 0:09:20] } 9. Nf3 { [%clk 0:09:17] }
9... Nf5 { [%clk 0:09:19] } 10. Qe2 { [%clk 0:09:13] } 10... a6
{ [%clk 0:09:13] } 11. O-O { [%clk 0:09:05] } 11... Bb5 { [%clk 0:09:11] } 12.
Qe1 { [%clk 0:08:54] } 12... Bxf1 { [%clk 0:09:09] } 13. Kxf1
{ [%clk 0:08:50] } 13... Bc5 { [%clk 0:09:04] } 14. b4 { [%clk 0:08:41] } 14...
Be7 { [%clk 0:08:57] } 15. a4 { [%clk 0:08:31] } 15... O-O { [%clk 0:08:54] }
16. a5 { [%clk 0:08:29] } 16... f6 { [%clk 0:08:52] } 17. exf6
{ [%clk 0:08:25] } 17... Bxf6 { [%clk 0:08:51] } 18. Qxe6+ { [%clk 0:08:23] }
18... Rf7 { [%clk 0:08:23] } 19. Qxf5 { [%clk 0:08:06] } 19... Qe7
{ [%clk 0:08:08] } 20. Qxd5 { [%clk 0:07:53] } 20... Rd8 { [%clk 0:08:02] } 21.
Qb3 { [%clk 0:07:21] } 21... Qd7 { [%clk 0:07:40] } 22. Bd2 { [%clk 0:07:04] }
22... Qb5+ { [%clk 0:07:31] } 23. Kg1 { [%clk 0:06:53] } 23... Qd7
{ [%clk 0:06:23] } 24. Ra2 { [%clk 0:06:41] } 24... Kh8 { [%clk 0:06:20] } 25.
h3 { [%clk 0:06:29] } 25... Re7 { [%clk 0:05:58] } 26. Na3 { [%clk 0:06:02] }
26... Rde8 { [%clk 0:05:37] } 27. Ra1 { [%clk 0:05:41] } 27... Re2
{ [%clk 0:05:33] } 28. Rd1 { [%clk 0:05:32] } 28... h6 { [%clk 0:05:17] } 29.
Bxh6 { [%clk 0:05:12] } 29... gxh6 { [%clk 0:05:11] } 30. Rxd7
{ [%clk 0:05:10] } 1-0"
Rated Rapid game,https://lichess.org/FFyeQRl2,2024.08.01,-,chesschampisme,dark-saga,1-0,2024.08.01,08:43:59,1060,1122,,,D10,Slav Defense: Exchange Variation,600+0,Normal,"1. d4 { [%clk 0:10:00] } 1... c6 { [%clk 0:10:00] } 2. c4 { [%clk 0:09:58] }
2... d5 { [%clk 0:09:58] } 3. cxd5 { [%clk 0:09:57] } 3... cxd5
{ [%clk 0:09:55] } 4. Nc3 { [%clk 0:09:55] } 4... e6 { [%clk 0:09:52] } 5. Nf3
{ [%clk 0:09:46] } 5... Bb4 { [%clk 0:09:34] } 6. Qa4+ { [%clk 0:09:43] } 6...
Nc6 { [%clk 0:09:32] } 7. a3 { [%clk 0:09:38] } 7... Bxc3+ { [%clk 0:09:28] }
8. bxc3 { [%clk 0:09:34] } 8... Ne7 { [%clk 0:09:28] } 9. e3 { [%clk 0:09:13] }
9... O-O { [%clk 0:09:21] } 10. Qc2 { [%clk 0:09:06] } 10... h6
{ [%clk 0:09:17] } 11. Be2 { [%clk 0:08:58] } 11... a5 { [%clk 0:09:01] } 12.
Qd3 { [%clk 0:08:56] } 12... a4 { [%clk 0:08:57] } 13. Bd1 { [%clk 0:08:51] }
13... Qa5 { [%clk 0:08:56] } 14. Bb2 { [%clk 0:08:48] } 14... b5
{ [%clk 0:08:29] } 15. Bc2 { [%clk 0:08:46] } 15... Ba6 { [%clk 0:08:27] } 16.
Qh7# { [%clk 0:08:44] } 1-0"
Rated Rapid game,https://lichess.org/oMnMpjMx,2024.08.01,-,Isma64,la_dub,0-1,2024.08.01,08:43:59,1348,1342,,,B01,Scandinavian Defense,600+0,Normal,"1. e4 { [%clk 0:10:00] } 1... d5 { [%clk 0:10:00] } 2. Nc3 { [%clk 0:09:55] }
2... d4 { [%clk 0:09:54] } 3. Nd5 { [%clk 0:09:53] } 3... Nf6
{ [%clk 0:09:43] } 4. Nxf6+ { [%clk 0:09:49] } 4... gxf6 { [%clk 0:09:40] } 5.
Bd3 { [%clk 0:09:43] } 5... Nc6 { [%clk 0:09:35] } 6. Nf3 { [%clk 0:09:41] }
6... Bg4 { [%clk 0:09:33] } 7. Bb5 { [%clk 0:09:38] } 7... Qd6
{ [%clk 0:09:18] } 8. Bxc6+ { [%clk 0:09:36] } 8... Qxc6 { [%clk 0:09:16] } 9.
d3 { [%clk 0:09:28] } 9... O-O-O { [%clk 0:09:14] } 10. O-O { [%clk 0:09:17] }
10... Rg8 { [%clk 0:08:47] } 11. Qe1 { [%clk 0:09:12] } 11... Bxf3
{ [%clk 0:08:42] } 12. g3 { [%clk 0:09:04] } 12... f5 { [%clk 0:08:25] } 13.
Bd2 { [%clk 0:08:48] } 13... Bh6 { [%clk 0:08:15] } 14. Bxh6 { [%clk 0:08:45] }
14... Qxh6 { [%clk 0:08:14] } 15. Qc1 { [%clk 0:08:17] } 15... Qh3
{ [%clk 0:08:12] } 0-1"
Rated Rapid game,https://lichess.org/uM5IBzJj,2024.08.01,-,Ivansotelo123,josepaciano,1-0,2024.08.01,08:43:59,1578,1591,,,D02,Queen's Pawn Game: Anti-Torre,600+0,Normal,"1. d4 { [%eval 0.16] [%clk 0:10:00] } 1... d5 { [%eval 0.23] [%clk 0:10:00] }
2. Nf3 { [%eval 0.2] [%clk 0:09:58] } 2... Bg4 { [%eval 0.65] [%clk 0:09:57] }
3. h3 $6 { [%eval -0.02] [%clk 0:09:57] } 3... Bxf3
{ [%eval 0.0] [%clk 0:09:55] } 4. exf3 { [%eval -0.03] [%clk 0:09:55] } 4... e6
{ [%eval 0.02] [%clk 0:09:54] } 5. Bd3 { [%eval -0.01] [%clk 0:09:54] } 5... c5
{ [%eval 0.0] [%clk 0:09:53] } 6. b3 $6 { [%eval -0.65] [%clk 0:09:46] } 6...
cxd4 { [%eval -0.55] [%clk 0:09:51] } 7. O-O $6
{ [%eval -1.11] [%clk 0:09:42] } 7... e5 $2 { [%eval 0.33] [%clk 0:09:46] } 8.
Bb2 { [%eval -0.08] [%clk 0:09:39] } 8... Nf6 { [%eval 0.28] [%clk 0:09:38] }
9. Nd2 $2 { [%eval -0.74] [%clk 0:09:24] } 9... Bb4
{ [%eval -0.3] [%clk 0:09:24] } 10. a3 $2 { [%eval -1.95] [%clk 0:08:50] }
10... Bc3 { [%eval -1.91] [%clk 0:09:21] } 11. Bxc3
{ [%eval -1.91] [%clk 0:08:38] } 11... dxc3 { [%eval -2.01] [%clk 0:09:19] }
12. Nb1 { [%eval -1.96] [%clk 0:08:34] } 12... d4
{ [%eval -1.98] [%clk 0:09:17] } 13. Re1 { [%eval -1.97] [%clk 0:08:32] } 13...
Qc7 $2 { [%eval 0.14] [%clk 0:09:08] } 14. Bb5+
{ [%eval -0.03] [%clk 0:08:26] } 14... Nc6 $2 { [%eval 1.9] [%clk 0:08:59] }
15. Bxc6+ { [%eval 1.88] [%clk 0:08:17] } 15... bxc6
{ [%eval 1.91] [%clk 0:08:57] } 16. Qxd4 { [%eval 1.9] [%clk 0:08:08] } 16...
O-O { [%eval 2.05] [%clk 0:08:49] } 17. Rxe5 $2 { [%eval 0.2] [%clk 0:07:57] }
17... Rad8 { [%eval 0.24] [%clk 0:08:37] } 18. Qxc3
{ [%eval 0.16] [%clk 0:07:51] } 18... Rd1+ { [%eval 0.23] [%clk 0:08:25] } 19.
Re1 { [%eval 0.2] [%clk 0:07:31] } 19... Rxe1+ $2
{ [%eval 2.04] [%clk 0:08:14] } 20. Qxe1 { [%eval 2.03] [%clk 0:07:29] } 20...
Nd5 $2 { [%eval 3.24] [%clk 0:08:11] } 21. Nc3 { [%eval 3.4] [%clk 0:07:20] }
21... Nxc3 { [%eval 3.98] [%clk 0:08:01] } 22. Qxc3
{ [%eval 3.91] [%clk 0:07:18] } 22... Re8 { [%eval 4.27] [%clk 0:07:51] } 23.
Kf1 $4 { [%eval -8.32] [%clk 0:07:13] } 23... Qe5 $4
{ [%eval 4.63] [%clk 0:07:39] } 24. Qxe5 { [%eval 4.62] [%clk 0:07:10] } 24...
Rxe5 { [%eval 4.57] [%clk 0:07:36] } 25. Re1 { [%eval 4.41] [%clk 0:07:07] }
25... Rd5 $4 { [%eval #1] [%clk 0:07:33] } 26. Re8# { [%clk 0:07:05] } 1-0"
Rated Rapid game,https://lichess.org/1jUmlpCn,2024.08.01,-,Akshay2709,AntonKaramyshev,0-1,2024.08.01,08:43:59,1623,1639,,,C62,Ruy Lopez: Steinitz Defense,600+0,Normal,"1. e4 { [%clk 0:10:00] } 1... e5 { [%clk 0:10:00] } 2. Nf3 { [%clk 0:09:58] }
2... Nc6 { [%clk 0:09:54] } 3. Bb5 { [%clk 0:09:56] } 3... d6
{ [%clk 0:09:49] } 4. Nc3 { [%clk 0:09:52] } 4... Bg4 { [%clk 0:09:44] } 5. h3
{ [%clk 0:09:50] } 5... Bh5 { [%clk 0:09:41] } 6. g4 { [%clk 0:09:49] } 6...
Bg6 { [%clk 0:09:40] } 7. d3 { [%clk 0:09:48] } 7... Qd7 { [%clk 0:09:35] } 8.
h4 { [%clk 0:09:46] } 8... Qxg4 { [%clk 0:09:18] } 9. Bxc6+ { [%clk 0:09:38] }
9... bxc6 { [%clk 0:09:16] } 10. Be3 { [%clk 0:09:29] } 10... Bh5
{ [%clk 0:09:10] } 11. Nd2 { [%clk 0:09:15] } 11... Qxd1+ { [%clk 0:08:56] }
12. Nxd1 { [%clk 0:09:07] } 12... Bxd1 { [%clk 0:08:43] } 13. Rxd1
{ [%clk 0:09:05] } 13... Be7 { [%clk 0:08:32] } 14. Nc4 { [%clk 0:08:53] }
14... c5 { [%clk 0:08:16] } 15. Na5 { [%clk 0:08:46] } 15... Bf6
{ [%clk 0:08:12] } 16. Nc6 { [%clk 0:08:45] } 16... Ne7 { [%clk 0:07:58] } 17.
Nxe7 { [%clk 0:08:36] } 17... Bxe7 { [%clk 0:07:57] } 18. Ke2
{ [%clk 0:08:32] } 18... O-O { [%clk 0:07:53] } 19. Rdg1 { [%clk 0:08:29] }
19... g6 { [%clk 0:07:37] } 20. h5 { [%clk 0:08:27] } 20... Bf6
{ [%clk 0:07:34] } 21. hxg6 { [%clk 0:08:25] } 21... fxg6 { [%clk 0:07:29] }
22. Bh6 { [%clk 0:08:22] } 22... Bg7 { [%clk 0:07:13] } 23. Bxg7
{ [%clk 0:08:18] } 23... Kxg7 { [%clk 0:07:12] } 24. Rh3 { [%clk 0:08:06] }
24... Rf4 { [%clk 0:07:05] } 25. Rgh1 { [%clk 0:08:04] } 25... h5
{ [%clk 0:06:44] } 26. Rg1 { [%clk 0:07:57] } 26... Kh6 { [%clk 0:06:41] } 27.
Rhg3 { [%clk 0:07:54] } 27... Rf6 { [%clk 0:06:39] } 28. Ke3 { [%clk 0:07:49] }
28... Raf8 { [%clk 0:06:35] } 29. f3 { [%clk 0:07:44] } 29... Rg8
{ [%clk 0:06:13] } 30. Rf1 { [%clk 0:07:36] } 30... g5 { [%clk 0:05:57] } 31.
Ke2 { [%clk 0:07:14] } 31... Rgf8 { [%clk 0:05:42] } 32. Rfg1
{ [%clk 0:06:58] } 32... g4 { [%clk 0:05:36] } 33. fxg4 { [%clk 0:06:52] }
33... Rf2+ { [%clk 0:05:33] } 34. Ke3 { [%clk 0:06:51] } 34... hxg4
{ [%clk 0:05:30] } 35. Rh1+ { [%clk 0:06:33] } 35... Kg5 { [%clk 0:05:25] } 36.
Rhg1 { [%clk 0:06:29] } 36... R8f3+ { [%clk 0:05:14] } 37. Rxf3
{ [%clk 0:06:25] } 37... Rxf3+ { [%clk 0:05:09] } 38. Ke2 { [%clk 0:06:19] }
38... Kf4 { [%clk 0:04:49] } 39. Rf1 { [%clk 0:06:18] } 39... Rxf1
{ [%clk 0:04:47] } 40. Kxf1 { [%clk 0:06:17] } 40... Kf3 { [%clk 0:04:46] } 41.
Kg1 { [%clk 0:06:16] } 41... Kg3 { [%clk 0:04:45] } 42. a3 { [%clk 0:06:11] }
42... a5 { [%clk 0:04:39] } 43. c3 { [%clk 0:06:10] } 43... a4
{ [%clk 0:04:37] } 44. Kf1 { [%clk 0:05:52] } 44... Kh2 { [%clk 0:04:33] } 45.
Kf2 { [%clk 0:05:51] } 45... g3+ { [%clk 0:04:32] } 46. Kf1 { [%clk 0:05:50] }
46... g2+ { [%clk 0:04:31] } 47. Kf2 { [%clk 0:05:49] } 47... g1=Q+
{ [%clk 0:04:31] } 48. Kf3 { [%clk 0:05:48] } 48... Qg3+ { [%clk 0:04:30] } 0-1"
Rated Rapid game,https://lichess.org/ahYydSPT,2024.08.01,-,rocksdxebec38,Borisych78,1-0,2024.08.01,08:43:59,1501,1483,,,C50,Italian Game: Paris Defense,600+0,Normal,"1. e4 { [%clk 0:10:00] } 1... e5 { [%clk 0:10:00] } 2. Nf3 { [%clk 0:09:59] }
2... Nc6 { [%clk 0:09:59] } 3. Bc4 { [%clk 0:09:58] } 3... d6
{ [%clk 0:09:58] } 4. d3 { [%clk 0:09:56] } 4... Be6 { [%clk 0:09:57] } 5. Nbd2
{ [%clk 0:09:45] } 5... Bxc4 { [%clk 0:09:55] } 6. Nxc4 { [%clk 0:09:43] } 6...
h6 { [%clk 0:09:55] } 7. O-O { [%clk 0:09:42] } 7... g5 { [%clk 0:09:51] } 8.
Ne3 { [%clk 0:09:33] } 8... Nf6 { [%clk 0:09:48] } 9. Nd5 { [%clk 0:09:25] }
9... Be7 { [%clk 0:09:45] } 10. Re1 { [%clk 0:09:17] } 10... Nxd5
{ [%clk 0:09:41] } 11. exd5 { [%clk 0:09:16] } 11... Nd4 { [%clk 0:09:41] } 12.
Nxd4 { [%clk 0:09:14] } 12... exd4 { [%clk 0:09:40] } 13. Qh5
{ [%clk 0:09:07] } 13... Qd7 { [%clk 0:09:19] } 14. Bxg5 { [%clk 0:09:01] }
14... O-O-O { [%clk 0:09:13] } 15. Bxe7 { [%clk 0:08:55] } 15... Rde8
{ [%clk 0:09:07] } 16. Bf6 { [%clk 0:08:47] } 16... Rxe1+ { [%clk 0:09:02] }
17. Rxe1 { [%clk 0:08:46] } 17... Rg8 { [%clk 0:09:02] } 18. Qxh6
{ [%clk 0:08:38] } 18... Rg6 { [%clk 0:09:01] } 1-0"
Rated Rapid game,https://lichess.org/PFUMeqhW,2024.08.01,-,FazilMuseyibli,Rakhiba,1-0,2024.08.01,08:43:59,1780,1799,,,B13,Caro-Kann Defense: Exchange Variation,600+0,Normal,"1. e4 { [%eval 0.15] [%clk 0:10:00] } 1... c6 { [%eval 0.26] [%clk 0:10:00] }
2. d4 { [%eval 0.28] [%clk 0:09:58] } 2... d5 { [%eval 0.3] [%clk 0:09:59] } 3.
exd5 { [%eval 0.1] [%clk 0:09:57] } 3... cxd5 { [%eval 0.18] [%clk 0:09:58] }
4. Bd3 { [%eval 0.1] [%clk 0:09:56] } 4... e6 { [%eval 0.42] [%clk 0:09:57] }
5. c3 { [%eval 0.28] [%clk 0:09:55] } 5... Be7 { [%eval 0.6] [%clk 0:09:55] }
6. Nf3 { [%eval 0.41] [%clk 0:09:53] } 6... b6 $6
{ [%eval 1.04] [%clk 0:09:54] } 7. O-O { [%eval 0.98] [%clk 0:09:52] } 7... Nf6
{ [%eval 0.76] [%clk 0:09:52] } 8. Re1 { [%eval 1.08] [%clk 0:09:51] } 8... O-O
{ [%eval 1.12] [%clk 0:09:50] } 9. Bf4 { [%eval 1.05] [%clk 0:09:49] } 9... Bd6
{ [%eval 1.28] [%clk 0:09:48] } 10. Ne5 { [%eval 1.07] [%clk 0:09:47] } 10...
a5 { [%eval 1.36] [%clk 0:09:46] } 11. Qc2 $6 { [%eval 0.45] [%clk 0:09:39] }
11... h6 { [%eval 1.0] [%clk 0:09:42] } 12. Re3 $6
{ [%eval 0.37] [%clk 0:09:23] } 12... Ba6 { [%eval 0.84] [%clk 0:09:41] } 13.
Be2 { [%eval 0.42] [%clk 0:09:00] } 13... Bxe2 { [%eval 0.91] [%clk 0:09:39] }
14. Qxe2 { [%eval 0.89] [%clk 0:09:00] } 14... Nfd7 $2
{ [%eval 2.92] [%clk 0:09:23] } 15. Rg3 $2 { [%eval 1.46] [%clk 0:08:56] }
15... Nxe5 $2 { [%eval 3.33] [%clk 0:09:15] } 16. dxe5
{ [%eval 3.44] [%clk 0:08:52] } 16... Be7 { [%eval 3.41] [%clk 0:09:11] } 17.
Bxh6 { [%eval 3.46] [%clk 0:08:49] } 17... Bh4 $4 { [%eval #5] [%clk 0:09:10] }
18. Rxg7+ { [%eval #4] [%clk 0:08:44] } 18... Kh8 { [%eval #4] [%clk 0:09:10] }
19. Qh5 { [%eval #6] [%clk 0:08:32] } 19... Bf6 { [%eval #3] [%clk 0:08:57] }
20. exf6 { [%eval #5] [%clk 0:08:24] } 20... Qxf6 { [%eval #5] [%clk 0:08:56] }
21. Bg5+ $4 { [%eval 5.68] [%clk 0:08:12] } 21... Kxg7
{ [%eval 5.82] [%clk 0:08:55] } 22. Bxf6+ { [%eval 5.7] [%clk 0:08:10] } 22...
Kxf6 { [%eval 5.4] [%clk 0:08:54] } 23. Qh6+ { [%eval 5.6] [%clk 0:08:07] }
23... Ke7 { [%eval 5.48] [%clk 0:08:53] } 24. Qg5+
{ [%eval 4.93] [%clk 0:08:05] } 24... Kd7 { [%eval 5.53] [%clk 0:08:51] } 25.
Na3 { [%eval 5.51] [%clk 0:08:02] } 25... Nc6 { [%eval 5.52] [%clk 0:08:50] }
26. Rd1 { [%eval 5.43] [%clk 0:07:59] } 26... Rab8
{ [%eval 5.97] [%clk 0:08:48] } 27. Nb5 { [%eval 5.96] [%clk 0:07:58] } 27...
Ne7 { [%eval 5.96] [%clk 0:08:40] } 28. c4 { [%eval 6.19] [%clk 0:07:54] }
28... Rbc8 { [%eval 6.09] [%clk 0:08:38] } 29. cxd5
{ [%eval 6.1] [%clk 0:07:52] } 29... Nxd5 { [%eval 6.03] [%clk 0:08:37] } 30.
Nc3 { [%eval 5.96] [%clk 0:07:46] } 30... Rc5 { [%eval 6.42] [%clk 0:08:34] }
31. Nxd5 { [%eval 6.37] [%clk 0:07:43] } 31... Rxd5
{ [%eval 6.26] [%clk 0:08:33] } 32. Rxd5+ { [%eval 6.26] [%clk 0:07:42] } 32...
exd5 { [%eval 6.24] [%clk 0:08:32] } 33. Qxd5+ { [%eval 6.13] [%clk 0:07:42] }
33... Kc7 { [%eval 6.31] [%clk 0:08:31] } 34. Qc4+
{ [%eval 6.08] [%clk 0:07:39] } 34... Kb7 { [%eval 6.42] [%clk 0:08:30] } 35.
Qe4+ { [%eval 6.4] [%clk 0:07:36] } 35... Ka6 { [%eval 6.62] [%clk 0:08:25] }
36. Qd3+ { [%eval 6.54] [%clk 0:07:34] } 36... Kb7
{ [%eval 6.45] [%clk 0:08:23] } 37. Qd7+ { [%eval 6.38] [%clk 0:07:32] } 37...
Ka6 { [%eval 6.27] [%clk 0:08:22] } 38. a4 { [%eval 6.14] [%clk 0:07:28] }
38... f5 { [%eval 6.5] [%clk 0:08:16] } 39. Qb5+
{ [%eval 6.47] [%clk 0:07:23] } 39... Kb7 { [%eval 6.42] [%clk 0:08:15] } 40.
Qd5+ { [%eval 6.21] [%clk 0:07:21] } 40... Ka6 { [%eval 6.39] [%clk 0:08:11] }
41. h3 { [%eval 6.08] [%clk 0:07:19] } 41... f4 { [%eval 6.07] [%clk 0:08:08] }
42. b4 { [%eval 6.35] [%clk 0:07:17] } 42... axb4
{ [%eval 6.07] [%clk 0:08:07] } 43. Qb5+ { [%eval 6.08] [%clk 0:07:15] } 43...
Kb7 { [%eval 6.06] [%clk 0:08:05] } 44. Qxb4 { [%eval 5.99] [%clk 0:07:14] }
44... f3 $4 { [%eval 9.0] [%clk 0:08:04] } 45. Qxf8
{ [%eval 7.6] [%clk 0:07:11] } 1-0"
Rated Rapid game,https://lichess.org/9sJ8c3Kq,2024.08.01,-,MuratShurat,babljak01,0-1,2024.08.01,08:43:59,2096,2191,,,B13,Caro-Kann Defense: Exchange Variation,600+0,Time forfeit,"1. e4 { [%clk 0:10:00] } 1... c6 { [%clk 0:10:00] } 2. d4 { [%clk 0:09:58] }
2... d5 { [%clk 0:09:58] } 3. exd5 { [%clk 0:09:57] } 3... cxd5
{ [%clk 0:09:56] } 4. Bd3 { [%clk 0:09:57] } 4... Nc6 { [%clk 0:09:54] } 5. c3
{ [%clk 0:09:55] } 5... Nf6 { [%clk 0:09:52] } 6. Nf3 { [%clk 0:09:54] } 6...
Bg4 { [%clk 0:09:50] } 7. Bf4 { [%clk 0:09:49] } 7... e6 { [%clk 0:09:48] } 8.
Nbd2 { [%clk 0:09:43] } 8... Bd6 { [%clk 0:09:46] } 9. Bxd6 { [%clk 0:09:42] }
9... Qxd6 { [%clk 0:09:44] } 10. O-O { [%clk 0:09:42] } 10... O-O
{ [%clk 0:09:42] } 11. Qe1 { [%clk 0:09:39] } 11... h6 { [%clk 0:09:35] } 12.
Ne5 { [%clk 0:09:37] } 12... Qd8 { [%clk 0:09:23] } 13. f4 { [%clk 0:09:32] }
13... Qb6 { [%clk 0:09:03] } 14. Rb1 { [%clk 0:09:16] } 14... Rad8
{ [%clk 0:09:00] } 15. Qh4 { [%clk 0:08:52] } 15... Bf5 { [%clk 0:08:37] } 16.
Bxf5 { [%clk 0:08:48] } 16... exf5 { [%clk 0:08:34] } 17. Qh3
{ [%clk 0:08:19] } 17... Nxd4 { [%clk 0:08:10] } 18. Kh1 { [%clk 0:08:02] }
18... Nc6 { [%clk 0:07:32] } 19. Qxf5 { [%clk 0:07:54] } 19... Nxe5
{ [%clk 0:07:14] } 20. fxe5 { [%clk 0:07:47] } 20... Ne4 { [%clk 0:06:56] } 21.
Nxe4 { [%clk 0:07:39] } 21... dxe4 { [%clk 0:06:53] } 22. Qxe4
{ [%clk 0:07:38] } 22... Rd2 { [%clk 0:06:45] } 23. Qf5 { [%clk 0:06:32] }
23... Qc6 { [%clk 0:06:20] } 24. Qf3 { [%clk 0:06:02] } 24... Qg6
{ [%clk 0:06:05] } 25. Rbe1 { [%clk 0:05:48] } 25... Re8 { [%clk 0:05:31] } 26.
Qxb7 { [%clk 0:05:13] } 26... Red8 { [%clk 0:05:02] } 27. Qe4
{ [%clk 0:04:48] } 27... Qe6 { [%clk 0:04:41] } 28. Qf5 { [%clk 0:04:34] }
28... Qd5 { [%clk 0:04:28] } 29. Qe4 { [%clk 0:04:23] } 29... Qxe4
{ [%clk 0:04:23] } 30. Rxe4 { [%clk 0:04:21] } 30... Rxb2 { [%clk 0:04:22] }
31. a4 { [%clk 0:03:42] } 31... Rdd2 { [%clk 0:04:12] } 32. Rg1
{ [%clk 0:03:38] } 32... Ra2 { [%clk 0:04:05] } 33. Rb4 { [%clk 0:02:58] }
33... Re2 { [%clk 0:03:51] } 34. Rb8+ { [%clk 0:02:53] } 34... Kh7
{ [%clk 0:03:49] } 35. Rb7 { [%clk 0:02:52] } 35... Rxe5 { [%clk 0:03:35] } 36.
Rxa7 { [%clk 0:02:50] } 36... f5 { [%clk 0:03:28] } 37. h3 { [%clk 0:02:29] }
37... Ree2 { [%clk 0:03:13] } 38. h4 { [%clk 0:02:13] } 38... Rec2
{ [%clk 0:03:06] } 39. h5 { [%clk 0:02:04] } 39... Rxc3 { [%clk 0:02:59] } 40.
Rf1 { [%clk 0:02:03] } 40... Rc4 { [%clk 0:02:52] } 41. Rxf5 { [%clk 0:01:54] }
41... Rg4 { [%clk 0:02:24] } 42. Rff7 { [%clk 0:01:31] } 42... Raxg2
{ [%clk 0:02:16] } 43. a5 { [%clk 0:01:21] } 43... Rg1+ { [%clk 0:02:05] } 44.
Kh2 { [%clk 0:01:18] } 44... R4g2+ { [%clk 0:02:03] } 45. Kh3
{ [%clk 0:01:16] } 45... Rg5 { [%clk 0:01:59] } 46. Kh2 { [%clk 0:01:08] }
46... R1g4 { [%clk 0:01:47] } 47. Kh3 { [%clk 0:01:03] } 47... Rg1
{ [%clk 0:01:45] } 48. Kh2 { [%clk 0:01:01] } 48... Ra1 { [%clk 0:01:36] } 49.
a6 { [%clk 0:00:59] } 49... Rxh5+ { [%clk 0:01:32] } 50. Kg3 { [%clk 0:00:54] }
50... Rg5+ { [%clk 0:01:28] } 51. Kf4 { [%clk 0:00:52] } 51... Rf1+
{ [%clk 0:01:16] } 52. Ke4 { [%clk 0:00:50] } 52... Rxf7 { [%clk 0:01:13] } 53.
Rxf7 { [%clk 0:00:50] } 53... Ra5 { [%clk 0:01:10] } 54. a7 { [%clk 0:00:49] }
54... Kg6 { [%clk 0:01:04] } 55. Rb7 { [%clk 0:00:45] } 55... h5
{ [%clk 0:01:00] } 56. Kf4 { [%clk 0:00:43] } 56... Kh6 { [%clk 0:00:54] } 57.
Rc7 { [%clk 0:00:40] } 57... g5+ { [%clk 0:00:51] } 58. Kg3 { [%clk 0:00:37] }
58... h4+ { [%clk 0:00:48] } 59. Kg4 { [%clk 0:00:36] } 59... Ra4+
{ [%clk 0:00:46] } 60. Kh3 { [%clk 0:00:33] } 60... Ra3+ { [%clk 0:00:44] } 61.
Kg4 { [%clk 0:00:32] } 61... Ra4+ { [%clk 0:00:43] } 62. Kh3 { [%clk 0:00:31] }
62... Ra5 { [%clk 0:00:40] } 63. Kg4 { [%clk 0:00:29] } 63... Kg6
{ [%clk 0:00:36] } 64. Rc6+ { [%clk 0:00:27] } 64... Kf7 { [%clk 0:00:35] } 65.
Rc7+ { [%clk 0:00:26] } 65... Ke6 { [%clk 0:00:33] } 66. Rg7 { [%clk 0:00:25] }
66... Kf6 { [%clk 0:00:30] } 67. Rb7 { [%clk 0:00:23] } 67... Ra4+
{ [%clk 0:00:28] } 68. Kh3 { [%clk 0:00:21] } 68... Ra3+ { [%clk 0:00:27] } 69.
Kg4 { [%clk 0:00:20] } 69... h3 { [%clk 0:00:25] } 70. Rb6+ { [%clk 0:00:15] }
70... Kg7 { [%clk 0:00:22] } 71. Kxg5 { [%clk 0:00:13] } 71... h2
{ [%clk 0:00:19] } 72. Rg6+ { [%clk 0:00:09] } 72... Kh7 { [%clk 0:00:16] } 73.
Rh6+ { [%clk 0:00:08] } 73... Kg7 { [%clk 0:00:15] } 74. Rxh2
{ [%clk 0:00:08] } 74... Ra5+ { [%clk 0:00:12] } 75. Kg4 { [%clk 0:00:06] }
75... Ra4+ { [%clk 0:00:11] } 76. Kg3 { [%clk 0:00:06] } 76... Ra3+
{ [%clk 0:00:10] } 77. Kg2 { [%clk 0:00:06] } 77... Ra2+ { [%clk 0:00:08] } 78.
Kg3 { [%clk 0:00:06] } 78... Rxa7 { [%clk 0:00:07] } 79. Kg4 { [%clk 0:00:05] }
79... Kg6 { [%clk 0:00:06] } 80. Rh5 { [%clk 0:00:05] } 80... Ra4+
{ [%clk 0:00:04] } 81. Kg3 { [%clk 0:00:03] } 81... Kxh5 { [%clk 0:00:03] } 82.
Kf3 { [%clk 0:00:02] } 82... Ra3+ { [%clk 0:00:00] } 0-1"
Rated Rapid game,https://lichess.org/DwsTctaW,2024.08.01,-,Firekiller9030,antimeran,1-0,2024.08.01,08:43:59,1828,1862,,,C44,Scotch Game,600+0,Normal,"1. e4 { [%clk 0:10:00] } 1... e5 { [%clk 0:10:00] } 2. Nf3 { [%clk 0:09:59] }
2... Nc6 { [%clk 0:09:59] } 3. d4 { [%clk 0:09:58] } 3... f6 { [%clk 0:09:57] }
4. dxe5 { [%clk 0:09:56] } 4... Nxe5 { [%clk 0:09:56] } 5. Nxe5
{ [%clk 0:09:54] } 5... fxe5 { [%clk 0:09:55] } 6. Qh5+ { [%clk 0:09:53] } 6...
g6 { [%clk 0:09:50] } 7. Qxe5+ { [%clk 0:09:51] } 7... Qe7 { [%clk 0:09:46] }
8. Qxh8 { [%clk 0:09:51] } 8... Qxe4+ { [%clk 0:09:45] } 9. Be2
{ [%clk 0:09:37] } 9... Nf6 { [%clk 0:09:43] } 10. Qxf6 { [%clk 0:09:32] }
10... Qxg2 { [%clk 0:09:38] } 11. Qe5+ { [%clk 0:09:05] } 11... Be7
{ [%clk 0:09:35] } 12. Rf1 { [%clk 0:08:59] } 12... d6 { [%clk 0:09:34] } 13.
Qg3 { [%clk 0:08:51] } 13... Qxg3 { [%clk 0:09:30] } 14. fxg3
{ [%clk 0:08:49] } 14... Bd7 { [%clk 0:09:28] } 15. Bc4 { [%clk 0:08:41] }
15... O-O-O { [%clk 0:09:26] } 16. Rf7 { [%clk 0:08:35] } 16... Re8
{ [%clk 0:09:18] } 17. Nc3 { [%clk 0:08:26] } 17... h5 { [%clk 0:09:16] } 18.
Nd5 { [%clk 0:08:03] } 18... Bd8+ { [%clk 0:09:08] } 19. Kf2 { [%clk 0:07:53] }
19... c6 { [%clk 0:09:06] } 20. Rxd7 { [%clk 0:07:42] } 20... Kxd7
{ [%clk 0:09:02] } 21. Nf6+ { [%clk 0:07:41] } 21... Ke7 { [%clk 0:09:00] } 22.
Nxe8 { [%clk 0:07:41] } 22... Kxe8 { [%clk 0:08:58] } 23. Be3
{ [%clk 0:07:36] } 23... d5 { [%clk 0:08:56] } 24. Bd3 { [%clk 0:07:32] } 1-0"
Rated Rapid game,https://lichess.org/dE60mG7q,2024.08.01,-,Ym_me,Sammy0709,1-0,2024.08.01,08:43:59,1736,1745,,,C36,King's Gambit Accepted: Modern Defense,600+0,Normal,"1. e4 { [%clk 0:10:00] } 1... e5 { [%clk 0:10:00] } 2. f4 { [%clk 0:09:59] }
2... exf4 { [%clk 0:09:52] } 3. Nf3 { [%clk 0:09:58] } 3... d5
{ [%clk 0:09:51] } 4. exd5 { [%clk 0:09:56] } 4... Qxd5 { [%clk 0:09:49] } 5.
Nc3 { [%clk 0:09:54] } 5... Qe6+ { [%clk 0:09:40] } 6. Be2 { [%clk 0:09:53] }
6... Nc6 { [%clk 0:09:38] } 7. d4 { [%clk 0:09:50] } 7... Bd6
{ [%clk 0:09:29] } 8. d5 { [%clk 0:09:49] } 8... Qh6 { [%clk 0:09:00] } 9. dxc6
{ [%clk 0:09:47] } 9... bxc6 { [%clk 0:08:58] } 10. Ne4 { [%clk 0:09:33] }
10... Qe6 { [%clk 0:08:50] } 11. Nxd6+ { [%clk 0:09:30] } 11... cxd6
{ [%clk 0:08:49] } 12. Bxf4 { [%clk 0:09:28] } 12... Nf6 { [%clk 0:08:46] } 13.
Qxd6 { [%clk 0:09:27] } 13... Nd5 { [%clk 0:08:36] } 14. Qxe6+
{ [%clk 0:09:18] } 14... Bxe6 { [%clk 0:08:32] } 15. Bd6 { [%clk 0:09:07] }
15... Rd8 { [%clk 0:08:30] } 16. Bc5 { [%clk 0:09:05] } 16... a5
{ [%clk 0:08:22] } 17. O-O { [%clk 0:09:04] } 17... Nf4 { [%clk 0:08:10] } 18.
Rae1 { [%clk 0:08:49] } 18... Rd5 { [%clk 0:08:04] } 19. Ba3 { [%clk 0:08:35] }
19... c5 { [%clk 0:08:01] } 20. Bb5+ { [%clk 0:08:33] } 20... Kf8
{ [%clk 0:07:55] } 21. Ne5 { [%clk 0:08:24] } 21... g6 { [%clk 0:07:52] } 22.
Rxf4 { [%clk 0:08:21] } 22... Kg7 { [%clk 0:07:47] } 23. c4 { [%clk 0:08:15] }
23... Rd4 { [%clk 0:07:35] } 24. Rxd4 { [%clk 0:08:10] } 24... cxd4
{ [%clk 0:07:34] } 25. b3 { [%clk 0:08:06] } 25... Rd8 { [%clk 0:07:27] } 26.
Bb2 { [%clk 0:08:04] } 26... d3 { [%clk 0:07:24] } 27. Nc6+ { [%clk 0:08:01] }
1-0"
Rated Rapid game,https://lichess.org/m68eH05y,2024.08.01,-,JULIUS58,Moorgreendude,1-0,2024.08.01,08:43:59,1733,1716,,,A80,Dutch Defense,600+0,Normal,"1. d4 { [%clk 0:10:00] } 1... f5 { [%clk 0:10:00] } 2. c3 { [%clk 0:09:59] }
2... Nf6 { [%clk 0:09:58] } 3. e3 { [%clk 0:09:58] } 3... g6 { [%clk 0:09:57] }
4. Bd3 { [%clk 0:09:57] } 4... Bg7 { [%clk 0:09:55] } 5. Qc2 { [%clk 0:09:56] }
5... d6 { [%clk 0:09:54] } 6. Nf3 { [%clk 0:09:55] } 6... O-O
{ [%clk 0:09:47] } 7. h3 { [%clk 0:09:46] } 7... Nc6 { [%clk 0:09:43] } 8. Nbd2
{ [%clk 0:09:45] } 8... d5 { [%clk 0:09:42] } 9. b3 { [%clk 0:09:41] } 9... Ne4
{ [%clk 0:09:35] } 10. Bb2 { [%clk 0:09:36] } 10... h6 { [%clk 0:09:13] } 11.
a3 { [%clk 0:09:32] } 11... a6 { [%clk 0:09:07] } 12. c4 { [%clk 0:09:26] }
12... e6 { [%clk 0:08:58] } 13. c5 { [%clk 0:09:24] } 13... Ne7
{ [%clk 0:08:51] } 14. b4 { [%clk 0:09:14] } 14... g5 { [%clk 0:08:25] } 15.
Nh2 { [%clk 0:09:07] } 15... b6 { [%clk 0:08:09] } 16. Ndf3 { [%clk 0:08:50] }
16... Ng6 { [%clk 0:08:04] } 17. g3 { [%clk 0:08:32] } 17... c6
{ [%clk 0:07:47] } 18. Ne5 { [%clk 0:08:20] } 18... Bxe5 { [%clk 0:07:41] } 19.
dxe5 { [%clk 0:08:18] } 19... Qc7 { [%clk 0:07:39] } 20. Nf3 { [%clk 0:08:12] }
20... Kh7 { [%clk 0:07:18] } 21. Bd4 { [%clk 0:07:44] } 21... b5
{ [%clk 0:07:15] } 22. O-O-O { [%clk 0:07:37] } 22... a5 { [%clk 0:07:09] } 23.
Kb2 { [%clk 0:07:33] } 23... axb4 { [%clk 0:07:07] } 24. axb4
{ [%clk 0:07:29] } 24... Bd7 { [%clk 0:06:58] } 25. Ra1 { [%clk 0:07:27] }
25... Qb7 { [%clk 0:06:32] } 26. Rxa8 { [%clk 0:07:07] } 26... Rxa8
{ [%clk 0:06:30] } 27. Ra1 { [%clk 0:07:07] } 27... Ra7 { [%clk 0:06:10] } 28.
Bxe4 { [%clk 0:07:04] } 28... fxe4 { [%clk 0:06:07] } 29. Nh2
{ [%clk 0:07:00] } 29... Qa8 { [%clk 0:06:00] } 30. Rxa7 { [%clk 0:06:56] }
30... Qxa7 { [%clk 0:05:58] } 31. Ng4 { [%clk 0:06:49] } 31... h5
{ [%clk 0:05:40] } 32. Nf6+ { [%clk 0:06:47] } 32... Kh6 { [%clk 0:05:38] } 33.
Ng8+ { [%clk 0:06:41] } 33... Kg7 { [%clk 0:05:34] } 34. Nf6 { [%clk 0:06:39] }
34... Bc8 { [%clk 0:05:13] } 35. Nxh5+ { [%clk 0:06:36] } 35... Kh6
{ [%clk 0:05:09] } 36. Nf6 { [%clk 0:06:24] } 36... Qa4 { [%clk 0:04:55] } 37.
Qxa4 { [%clk 0:05:56] } 37... bxa4 { [%clk 0:04:54] } 38. Ka3
{ [%clk 0:05:56] } 38... Ba6 { [%clk 0:04:53] } 39. Kxa4 { [%clk 0:05:55] }
39... Bf1 { [%clk 0:04:51] } 40. Nd7 { [%clk 0:05:16] } 40... Bxh3
{ [%clk 0:04:48] } 41. b5 { [%clk 0:05:12] } 41... Ne7 { [%clk 0:04:41] } 42.
Nb8 { [%clk 0:05:02] } 42... cxb5+ { [%clk 0:04:39] } 43. Kxb5
{ [%clk 0:05:01] } 43... Bf1+ { [%clk 0:04:36] } 44. Kb6 { [%clk 0:04:55] }
44... Nc8+ { [%clk 0:04:24] } 45. Kc7 { [%clk 0:04:49] } 45... Na7
{ [%clk 0:04:20] } 46. Kd6 { [%clk 0:04:36] } 46... Nb5+ { [%clk 0:04:18] } 47.
Kxe6 { [%clk 0:04:33] } 47... Nxd4+ { [%clk 0:04:17] } 48. exd4
{ [%clk 0:04:29] } 48... Bh3+ { [%clk 0:04:13] } 49. Kxd5 { [%clk 0:04:25] }
49... Bc8 { [%clk 0:04:09] } 50. Kxe4 { [%clk 0:04:20] } 50... Kh5
{ [%clk 0:04:04] } 51. d5 { [%clk 0:04:16] } 51... Kg4 { [%clk 0:04:02] } 52.
e6 { [%clk 0:04:12] } 52... Kh3 { [%clk 0:04:00] } 1-0"
Rated Rapid game,https://lichess.org/5rQW3ZJO,2024.08.01,-,lkir,DeinAndrei_99,0-1,2024.08.01,08:43:59,1775,1777,,,A45,Indian Defense,600+0,Normal,"1. d4 { [%eval 0.16] [%clk 0:10:00] } 1... Nf6 { [%eval 0.17] [%clk 0:10:00] }
2. Bf4 { [%eval 0.05] [%clk 0:09:58] } 2... e6 { [%eval 0.11] [%clk 0:09:53] }
3. h3 { [%eval -0.23] [%clk 0:09:56] } 3... Nc6 { [%eval 0.12] [%clk 0:09:48] }
4. g4 { [%eval -0.16] [%clk 0:09:50] } 4... b6 { [%eval -0.07] [%clk 0:09:40] }
5. g5 $6 { [%eval -0.87] [%clk 0:09:48] } 5... Nh5
{ [%eval -0.81] [%clk 0:09:32] } 6. Qd2 $6 { [%eval -1.42] [%clk 0:09:47] }
6... Nxf4 { [%eval -1.46] [%clk 0:09:26] } 7. Qxf4
{ [%eval -1.37] [%clk 0:09:46] } 7... Bd6 { [%eval -1.19] [%clk 0:09:23] } 8.
Qd2 { [%eval -1.1] [%clk 0:09:40] } 8... Bb7 { [%eval -1.06] [%clk 0:09:20] }
9. f3 $2 { [%eval -3.08] [%clk 0:09:34] } 9... Na5
{ [%eval -2.72] [%clk 0:09:07] } 10. Nc3 $2 { [%eval -5.31] [%clk 0:09:31] }
10... Nc4 { [%eval -5.18] [%clk 0:09:05] } 11. Qd1 $4
{ [%eval #-1] [%clk 0:09:25] } 11... Qxg5 { [%eval #-5] [%clk 0:09:00] } 12. e4
{ [%eval #-2] [%clk 0:09:10] } 12... Bg3+ { [%eval #-1] [%clk 0:08:51] } 13.
Ke2 { [%eval #-1] [%clk 0:09:03] } 13... Qe3# { [%clk 0:08:50] } 0-1"
Rated Rapid game,https://lichess.org/yIiJnxJe,2024.08.01,-,robinson_huso,C62armen,0-1,2024.08.01,08:43:59,1223,1322,,,C44,Ponziani Opening,600+0,Normal,"1. e4 { [%clk 0:10:00] } 1... e5 { [%clk 0:10:00] } 2. Nf3 { [%clk 0:09:58] }
2... Nc6 { [%clk 0:09:59] } 3. c3 { [%clk 0:09:57] } 3... d6 { [%clk 0:09:56] }
4. d4 { [%clk 0:09:56] } 4... exd4 { [%clk 0:09:52] } 5. cxd4
{ [%clk 0:09:55] } 5... Nf6 { [%clk 0:09:50] } 6. d5 { [%clk 0:09:51] } 6...
Ne5 { [%clk 0:09:48] } 7. Nxe5 { [%clk 0:09:49] } 7... dxe5 { [%clk 0:09:47] }
8. Nc3 { [%clk 0:09:43] } 8... Bc5 { [%clk 0:09:44] } 9. Be3 { [%clk 0:09:38] }
9... Bd6 { [%clk 0:09:39] } 10. Qa4+ { [%clk 0:09:26] } 10... Bd7
{ [%clk 0:09:37] } 11. Qb3 { [%clk 0:09:21] } 11... b6 { [%clk 0:09:35] } 12.
Bb5 { [%clk 0:09:16] } 12... O-O { [%clk 0:09:32] } 13. Bg5 { [%clk 0:09:07] }
13... a6 { [%clk 0:09:24] } 14. Bxd7 { [%clk 0:09:05] } 14... Qxd7
{ [%clk 0:09:20] } 15. Bxf6 { [%clk 0:09:04] } 15... gxf6 { [%clk 0:09:19] }
16. Qd1 { [%clk 0:08:52] } 16... Bc5 { [%clk 0:09:08] } 17. h3
{ [%clk 0:08:43] } 17... Kh8 { [%clk 0:09:06] } 18. O-O { [%clk 0:08:33] }
18... Rg8 { [%clk 0:09:05] } 19. a3 { [%clk 0:08:15] } 19... Qxh3
{ [%clk 0:09:02] } 20. Ne2 { [%clk 0:08:00] } 20... Qxg2# { [%clk 0:08:58] }
0-1"
Rated Rapid game,https://lichess.org/Hk3rHyPR,2024.08.01,-,NoursLeVrai,Hemachandran2011,0-1,2024.08.01,08:43:59,960,943,,,A01,Nimzo-Larsen Attack: Modern Variation,600+0,Normal,"1. b3 { [%eval 0.0] [%clk 0:10:00] } 1... e5 { [%eval 0.0] [%clk 0:10:00] } 2.
Bb2 { [%eval 0.0] [%clk 0:09:59] } 2... Nc6 { [%eval 0.1] [%clk 0:09:48] } 3.
e4 { [%eval -0.31] [%clk 0:09:57] } 3... Nf6 { [%eval -0.33] [%clk 0:09:45] }
4. d4 $2 { [%eval -1.67] [%clk 0:09:47] } 4... exd4
{ [%eval -1.77] [%clk 0:09:33] } 5. Bxd4 $6 { [%eval -2.43] [%clk 0:09:45] }
5... Nxe4 { [%eval -2.51] [%clk 0:09:31] } 6. Qe2 $2
{ [%eval -4.82] [%clk 0:09:34] } 6... Qe7 $2 { [%eval -1.92] [%clk 0:09:28] }
7. Bb2 { [%eval -1.85] [%clk 0:09:12] } 7... Qb4+ $4
{ [%eval 1.43] [%clk 0:09:18] } 8. c3 $4 { [%eval -1.88] [%clk 0:09:04] } 8...
Qe7 { [%eval -1.89] [%clk 0:08:51] } 9. g3 { [%eval -2.25] [%clk 0:08:54] }
9... b6 $6 { [%eval -1.62] [%clk 0:08:40] } 10. Bg2
{ [%eval -2.0] [%clk 0:08:52] } 10... Bb7 $4 { [%eval 2.42] [%clk 0:08:38] }
11. Bxe4 { [%eval 2.49] [%clk 0:08:47] } 11... O-O-O
{ [%eval 2.53] [%clk 0:08:14] } 12. Nd2 { [%eval 2.51] [%clk 0:08:42] } 12...
Re8 { [%eval 2.72] [%clk 0:08:12] } 13. O-O-O { [%eval 2.82] [%clk 0:08:31] }
13... Ne5 $2 { [%eval 4.28] [%clk 0:08:06] } 14. c4
{ [%eval 3.42] [%clk 0:08:20] } 14... Bxe4 { [%eval 4.0] [%clk 0:07:56] } 15.
Nxe4 $2 { [%eval 2.81] [%clk 0:08:18] } 15... Nd3+ $2
{ [%eval 5.18] [%clk 0:07:43] } 16. Rxd3 { [%eval 5.22] [%clk 0:08:16] } 16...
Qxe4 { [%eval 5.09] [%clk 0:07:42] } 17. Qxe4 { [%eval 4.26] [%clk 0:08:06] }
17... Rxe4 { [%eval 4.31] [%clk 0:07:40] } 18. Nf3
{ [%eval 4.29] [%clk 0:08:00] } 18... Bc5 { [%eval 5.05] [%clk 0:07:30] } 19.
Ng5 $2 { [%eval 3.85] [%clk 0:07:55] } 19... Bxf2 $4
{ [%eval 7.83] [%clk 0:07:20] } 20. Nxf7 $4 { [%eval 3.53] [%clk 0:07:49] }
20... Rhe8 { [%eval 3.22] [%clk 0:07:11] } 21. Ng5 $4
{ [%eval 0.13] [%clk 0:07:40] } 21... Be3+ { [%eval 0.14] [%clk 0:07:07] } 22.
Kd1 { [%eval -0.27] [%clk 0:07:37] } 22... Bxg5 { [%eval -0.3] [%clk 0:07:05] }
23. Bxg7 { [%eval -0.29] [%clk 0:07:31] } 23... Re2
{ [%eval 0.04] [%clk 0:06:41] } 24. Rf1 $4 { [%eval -3.8] [%clk 0:07:25] }
24... Rxa2 $4 { [%eval -0.64] [%clk 0:06:20] } 25. Rc3 $4
{ [%eval #-12] [%clk 0:07:03] } 25... Rd2+ { [%eval #-11] [%clk 0:06:11] } 26.
Kc1 { [%eval #-11] [%clk 0:06:59] } 26... Rf2+ { [%eval #-11] [%clk 0:06:04] }
27. Kb1 { [%eval #-10] [%clk 0:06:55] } 27... Rxf1+
{ [%eval #-9] [%clk 0:06:02] } 28. Kc2 { [%eval #-3] [%clk 0:06:53] } 28...
Rf2+ { [%eval #-2] [%clk 0:05:59] } 29. Kb1 { [%eval #-2] [%clk 0:06:51] }
29... Re1+ { [%eval #-1] [%clk 0:05:56] } 30. Rc1
{ [%eval #-1] [%clk 0:06:50] } 30... Rxc1# { [%clk 0:05:53] } 0-1"
Rated Rapid tournament https://lichess.org/tournament/DsgKQQdY,https://lichess.org/FBpfs3m8,2024.08.01,-,aar11,Li8407,0-1,2024.08.01,08:43:59,1643,1938,,,C23,Bishop's Opening: Lewis Gambit,600+0,Normal,"1. e4 { [%clk 0:05:00] } 1... e5 { [%clk 0:10:00] } 2. Bc4 { [%clk 0:04:57] }
2... Bc5 { [%clk 0:09:59] } 3. d4 { [%clk 0:04:56] } 3... exd4
{ [%clk 0:09:57] } 4. Bxf7+ { [%clk 0:04:54] } 4... Kxf7 { [%clk 0:09:47] } 5.
Qh5+ { [%clk 0:04:52] } 5... g6 { [%clk 0:09:46] } 6. Qxc5 { [%clk 0:04:51] }
6... Nc6 { [%clk 0:09:41] } 7. Nf3 { [%clk 0:04:48] } 7... Qe7
{ [%clk 0:09:38] } 8. Qc4+ { [%clk 0:04:41] } 8... Qe6 { [%clk 0:09:33] } 9.
Qxe6+ { [%clk 0:04:36] } 9... dxe6 { [%clk 0:09:32] } 10. O-O
{ [%clk 0:04:35] } 10... e5 { [%clk 0:09:30] } 11. Bg5 { [%clk 0:04:33] } 11...
Nge7 { [%clk 0:09:27] } 12. c3 { [%clk 0:04:30] } 12... dxc3 { [%clk 0:09:23] }
13. Nxc3 { [%clk 0:04:28] } 13... Bg4 { [%clk 0:09:21] } 14. Bxe7
{ [%clk 0:04:21] } 14... Bxf3 { [%clk 0:09:09] } 15. Bh4 { [%clk 0:04:09] }
15... Bg4 { [%clk 0:09:04] } 16. f3 { [%clk 0:04:08] } 16... Be6
{ [%clk 0:09:02] } 17. Nb5 { [%clk 0:04:00] } 17... Rac8 { [%clk 0:08:59] } 18.
Bf2 { [%clk 0:03:56] } 18... a6 { [%clk 0:08:57] } 19. Nc3 { [%clk 0:03:54] }
19... Rhd8 { [%clk 0:08:53] } 20. Rad1 { [%clk 0:03:51] } 20... Rxd1
{ [%clk 0:08:51] } 21. Rxd1 { [%clk 0:03:50] } 21... Rd8 { [%clk 0:08:50] } 22.
Rxd8 { [%clk 0:03:48] } 22... Nxd8 { [%clk 0:08:49] } 23. Kf1
{ [%clk 0:03:47] } 23... Ke7 { [%clk 0:08:44] } 24. Ke2 { [%clk 0:03:46] }
24... Kd7 { [%clk 0:08:41] } 25. Kd3 { [%clk 0:03:44] } 25... Nc6
{ [%clk 0:08:38] } 26. b3 { [%clk 0:03:42] } 26... Nb4+ { [%clk 0:08:30] } 27.
Kd2 { [%clk 0:03:36] } 27... h5 { [%clk 0:08:27] } 28. a3 { [%clk 0:03:35] }
28... Nc6 { [%clk 0:08:22] } 29. b4 { [%clk 0:03:33] } 29... b5
{ [%clk 0:08:21] } 30. Bc5 { [%clk 0:03:21] } 30... Bc4 { [%clk 0:08:15] } 31.
h4 { [%clk 0:03:03] } 31... Nd8 { [%clk 0:08:13] } 32. Nd5 { [%clk 0:02:53] }
32... Bxd5 { [%clk 0:08:11] } 33. exd5 { [%clk 0:02:52] } 33... c6
{ [%clk 0:08:02] } 34. d6 { [%clk 0:02:49] } 34... Ne6 { [%clk 0:07:55] } 35.
Kd3 { [%clk 0:02:47] } 35... Nf4+ { [%clk 0:07:53] } 36. Ke4 { [%clk 0:02:45] }
36... Nxg2 { [%clk 0:07:52] } 37. Kxe5 { [%clk 0:02:45] } 37... Nxh4
{ [%clk 0:07:51] } 38. Kf4 { [%clk 0:02:44] } 38... Ng2+ { [%clk 0:07:42] } 39.
Kg5 { [%clk 0:02:42] } 39... Ne1 { [%clk 0:07:36] } 40. Kxg6 { [%clk 0:02:40] }
40... h4 { [%clk 0:07:35] } 41. Bg1 { [%clk 0:02:37] } 41... h3
{ [%clk 0:07:32] } 42. f4 { [%clk 0:02:36] } 42... Nf3 { [%clk 0:07:30] } 43.
Bc5 { [%clk 0:02:32] } 43... h2 { [%clk 0:07:29] } 44. f5 { [%clk 0:02:31] }
44... h1=Q { [%clk 0:07:27] } 45. f6 { [%clk 0:02:29] } 45... Ne5+
{ [%clk 0:07:24] } 46. Kg7 { [%clk 0:02:27] } 46... Qg2+ { [%clk 0:07:21] } 47.
Kf8 { [%clk 0:02:26] } 47... Ng6+ { [%clk 0:07:16] } 48. Kf7 { [%clk 0:02:23] }
48... Nh8+ { [%clk 0:07:15] } 49. Kf8 { [%clk 0:02:21] } 49... Qg6
{ [%clk 0:07:13] } 50. Bg1 { [%clk 0:02:17] } 50... Qf7# { [%clk 0:07:11] } 0-1"
Rated Rapid tournament https://lichess.org/tournament/DsgKQQdY,https://lichess.org/OqwToL28,2024.08.01,-,Vinod5062,osmandurguti,0-1,2024.08.01,08:43:59,1629,1770,,,D00,Queen's Pawn Game,600+0,Normal,"1. d4 { [%clk 0:05:00] } 1... d5 { [%clk 0:05:00] } 2. e3 { [%clk 0:04:59] }
2... g6 { [%clk 0:04:58] } 3. c4 { [%clk 0:04:57] } 3... Bg7 { [%clk 0:04:58] }
4. Nc3 { [%clk 0:04:25] } 4... dxc4 { [%clk 0:04:55] } 5. Bxc4
{ [%clk 0:04:23] } 5... c6 { [%clk 0:04:54] } 6. Qb3 { [%clk 0:04:21] } 6... e6
{ [%clk 0:04:52] } 7. Nf3 { [%clk 0:04:19] } 7... Ne7 { [%clk 0:04:51] } 8. e4
{ [%clk 0:04:18] } 8... O-O { [%clk 0:04:50] } 9. e5 { [%clk 0:04:17] } 9...
Nd5 { [%clk 0:04:47] } 10. O-O { [%clk 0:04:04] } 10... b5 { [%clk 0:04:41] }
11. Be2 { [%clk 0:03:56] } 11... a5 { [%clk 0:04:38] } 12. Ne4
{ [%clk 0:03:55] } 12... f6 { [%clk 0:04:28] } 13. exf6 { [%clk 0:03:49] }
13... Nxf6 { [%clk 0:04:24] } 14. Nc5 { [%clk 0:03:37] } 14... Qd5
{ [%clk 0:04:17] } 15. Qc2 { [%clk 0:03:08] } 15... Nfd7 { [%clk 0:04:13] } 16.
Be3 { [%clk 0:02:33] } 16... Na6 { [%clk 0:04:09] } 17. Rad1 { [%clk 0:02:11] }
17... Qf5 { [%clk 0:03:26] } 18. Bd3 { [%clk 0:01:59] } 18... Qf7
{ [%clk 0:03:18] } 19. Ng5 { [%clk 0:01:55] } 19... Qf6 { [%clk 0:03:13] } 20.
Ncxe6 { [%clk 0:01:47] } 20... Nb4 { [%clk 0:02:51] } 21. Qb3
{ [%clk 0:01:20] } 21... Nd5 { [%clk 0:02:42] } 22. Nxf8 { [%clk 0:01:01] }
22... Bxf8 { [%clk 0:02:35] } 23. Nf3 { [%clk 0:00:49] } 23... Bd6
{ [%clk 0:02:29] } 24. Bg5 { [%clk 0:00:43] } 24... Qg7 { [%clk 0:02:21] } 25.
Qc2 { [%clk 0:00:41] } 25... Bb7 { [%clk 0:02:13] } 26. Rfe1 { [%clk 0:00:33] }
26... Rf8 { [%clk 0:02:03] } 27. Qc1 { [%clk 0:00:30] } 27... Bf4
{ [%clk 0:01:52] } 28. Bxf4 { [%clk 0:00:27] } 28... Nxf4 { [%clk 0:01:51] }
29. Ne5 { [%clk 0:00:23] } 29... Nxe5 { [%clk 0:01:46] } 30. dxe5
{ [%clk 0:00:21] } 30... Qe7 { [%clk 0:01:35] } 31. Be4 { [%clk 0:00:08] }
31... c5 { [%clk 0:01:28] } 32. Bxb7 { [%clk 0:00:02] } 32... Qxb7
{ [%clk 0:01:26] } 33. Qxc5 { [%clk 0:00:02] } 33... Qxg2# { [%clk 0:01:24] }
0-1"
Rated Rapid tournament https://lichess.org/tournament/DsgKQQdY,https://lichess.org/HlmOlcr3,2024.08.01,-,aizereshka,rkmusic,1-0,2024.08.01,08:43:59,1912,1732,,,B00,King's Pawn Game,600+0,Abandoned,1. e4 { [%clk 0:10:00] } 1-0
Rated Rapid tournament https://lichess.org/tournament/DsgKQQdY,https://lichess.org/2HgX9k5V,2024.08.01,-,Cobbaltchess,maschamp,0-1,2024.08.01,08:43:59,1859,2141,,,B50,Sicilian Defense: Modern Variations,600+0,Normal,"1. e4 { [%clk 0:10:00] } 1... c5 { [%clk 0:10:00] } 2. Nf3 { [%clk 0:09:56] }
2... d6 { [%clk 0:09:58] } 3. Bc4 { [%clk 0:09:55] } 3... Nc6
{ [%clk 0:09:55] } 4. c3 { [%clk 0:09:50] } 4... Nf6 { [%clk 0:09:54] } 5. Ng5
{ [%clk 0:09:44] } 5... Ne5 { [%clk 0:09:51] } 6. Bb5+ { [%clk 0:09:35] } 6...
Bd7 { [%clk 0:09:49] } 7. Qa4 { [%clk 0:09:31] } 7... a6 { [%clk 0:09:42] } 8.
Bxd7+ { [%clk 0:09:28] } 8... Nexd7 { [%clk 0:09:41] } 9. Nxf7
{ [%clk 0:09:19] } 9... Kxf7 { [%clk 0:09:38] } 10. Qb3+ { [%clk 0:09:17] }
10... Ke8 { [%clk 0:09:28] } 11. Qxb7 { [%clk 0:09:13] } 11... g6
{ [%clk 0:09:22] } 12. d3 { [%clk 0:09:09] } 12... Bg7 { [%clk 0:09:08] } 13.
O-O { [%clk 0:09:07] } 13... Ne5 { [%clk 0:08:56] } 14. f4 { [%clk 0:08:55] }
14... Nxd3 { [%clk 0:08:33] } 15. e5 { [%clk 0:08:43] } 15... dxe5
{ [%clk 0:08:28] } 16. fxe5 { [%clk 0:08:41] } 16... Nxe5 { [%clk 0:08:16] }
17. Bg5 { [%clk 0:08:33] } 17... Rb8 { [%clk 0:07:51] } 18. Qxa6
{ [%clk 0:08:29] } 18... Qb6 { [%clk 0:07:17] } 19. Qe2 { [%clk 0:08:17] }
19... c4+ { [%clk 0:07:10] } 20. Kh1 { [%clk 0:08:12] } 20... Ned7
{ [%clk 0:06:33] } 21. Na3 { [%clk 0:08:05] } 21... Qxb2 { [%clk 0:06:22] } 22.
Qe6 { [%clk 0:07:09] } 22... Qxa3 { [%clk 0:06:10] } 23. Rad1
{ [%clk 0:07:03] } 23... Qa7 { [%clk 0:05:25] } 24. Qxc4 { [%clk 0:06:50] }
24... Qc5 { [%clk 0:04:55] } 25. Qf4 { [%clk 0:06:27] } 25... Qe5
{ [%clk 0:04:29] } 26. Qh4 { [%clk 0:06:13] } 26... h6 { [%clk 0:04:13] } 27.
Bf4 { [%clk 0:06:09] } 27... Qe4 { [%clk 0:03:40] } 28. Qg3 { [%clk 0:05:54] }
28... Nh5 { [%clk 0:03:07] } 29. Qh3 { [%clk 0:05:45] } 29... Rd8
{ [%clk 0:02:43] } 30. Bc7 { [%clk 0:05:31] } 30... Qc6 { [%clk 0:01:57] } 31.
Bxd8 { [%clk 0:05:21] } 31... Kxd8 { [%clk 0:01:57] } 32. Rf7
{ [%clk 0:05:11] } 32... Rg8 { [%clk 0:01:38] } 33. Qd3 { [%clk 0:05:05] }
33... Bf6 { [%clk 0:00:53] } 34. c4 { [%clk 0:04:44] } 34... Nf4
{ [%clk 0:00:51] } 35. Qh3 { [%clk 0:04:32] } 35... Nxh3 { [%clk 0:00:49] } 0-1"
Rated Rapid tournament https://lichess.org/tournament/DsgKQQdY,https://lichess.org/qkATHc3l,2024.08.01,-,BlackArt,NikitaRudenko,1-0,2024.08.01,08:43:59,1870,1644,,,A04,Zukertort Opening: Slav Invitation,600+0,Time forfeit,"1. Nf3 { [%clk 0:10:00] } 1... c6 { [%clk 0:05:00] } 2. e4 { [%clk 0:09:58] }
2... d5 { [%clk 0:04:58] } 3. exd5 { [%clk 0:09:57] } 3... cxd5
{ [%clk 0:04:57] } 4. d4 { [%clk 0:09:56] } 4... g6 { [%clk 0:04:52] } 5. Nc3
{ [%clk 0:09:56] } 5... Bg7 { [%clk 0:04:50] } 6. g3 { [%clk 0:09:54] } 6...
Nc6 { [%clk 0:04:47] } 7. Bg2 { [%clk 0:09:53] } 7... Nf6 { [%clk 0:04:44] } 8.
h3 { [%clk 0:09:50] } 8... O-O { [%clk 0:04:38] } 9. Be3 { [%clk 0:09:49] }
9... Re8 { [%clk 0:04:36] } 10. O-O { [%clk 0:09:47] } 10... e5
{ [%clk 0:04:33] } 11. Kh2 { [%clk 0:09:44] } 11... e4 { [%clk 0:04:25] } 12.
Nd2 { [%clk 0:09:25] } 12... Qb6 { [%clk 0:04:14] } 13. Nb3 { [%clk 0:09:16] }
13... a5 { [%clk 0:04:04] } 14. a3 { [%clk 0:09:07] } 14... Be6
{ [%clk 0:03:31] } 15. Qd2 { [%clk 0:09:04] } 15... Qc7 { [%clk 0:03:29] } 16.
Nc5 { [%clk 0:09:01] } 16... Bc8 { [%clk 0:03:19] } 17. Nb5 { [%clk 0:08:44] }
17... Qe7 { [%clk 0:03:12] } 18. Bf4 { [%clk 0:08:34] } 18... Nd7
{ [%clk 0:02:46] } 19. Nxd7 { [%clk 0:08:19] } 19... Bxd7 { [%clk 0:02:37] }
20. c3 { [%clk 0:08:18] } 20... Nxd4 { [%clk 0:02:06] } 21. Nxd4
{ [%clk 0:08:13] } 21... f5 { [%clk 0:01:57] } 22. Rfe1 { [%clk 0:08:08] }
22... g5 { [%clk 0:01:53] } 23. Be3 { [%clk 0:08:02] } 23... f4
{ [%clk 0:01:46] } 24. gxf4 { [%clk 0:08:00] } 24... gxf4 { [%clk 0:01:46] }
25. Bxf4 { [%clk 0:08:00] } 25... Be5 { [%clk 0:01:20] } 26. Bg3
{ [%clk 0:07:54] } 26... Bxg3+ { [%clk 0:01:06] } 27. fxg3 { [%clk 0:07:54] }
27... Qe5 { [%clk 0:01:02] } 28. Qe3 { [%clk 0:07:45] } 28... Re7
{ [%clk 0:00:59] } 29. Rf1 { [%clk 0:07:43] } 29... Rg7 { [%clk 0:00:58] } 30.
Rf4 { [%clk 0:07:41] } 30... h5 { [%clk 0:00:25] } 31. Raf1 { [%clk 0:07:38] }
31... Re8 { [%clk 0:00:21] } 32. Nf3 { [%clk 0:07:24] } 32... Qc7
{ [%clk 0:00:12] } 33. Nh4 { [%clk 0:07:21] } 33... b5 { [%clk 0:00:05] } 34.
Rf6 { [%clk 0:07:06] } 34... b4 { [%clk 0:00:01] } 35. axb4 { [%clk 0:07:03] }
1-0"
Rated Rapid tournament https://lichess.org/tournament/DsgKQQdY,https://lichess.org/S8R2z4zl,2024.08.01,-,CalmAndClear,Schachautomat,0-1,2024.08.01,08:43:59,879,1751,,,A45,Indian Defense: Tartakower Attack,600+0,Normal,"1. d4 { [%clk 0:10:00] } 1... Nf6 { [%clk 0:10:00] } 2. g3 { [%clk 0:09:56] }
2... d5 { [%clk 0:09:58] } 3. Bg2 { [%clk 0:09:55] } 3... e6 { [%clk 0:09:57] }
4. e3 { [%clk 0:09:52] } 4... Nbd7 { [%clk 0:09:56] } 5. a4 { [%clk 0:09:48] }
5... b6 { [%clk 0:09:54] } 6. c3 { [%clk 0:09:47] } 6... Bb7 { [%clk 0:09:52] }
7. b4 { [%clk 0:09:46] } 7... c5 { [%clk 0:09:50] } 8. a5 { [%clk 0:09:44] }
8... cxb4 { [%clk 0:09:40] } 9. cxb4 { [%clk 0:09:39] } 9... Bxb4+
{ [%clk 0:09:23] } 10. Bd2 { [%clk 0:09:33] } 10... Bxd2+ { [%clk 0:09:07] }
11. Nxd2 { [%clk 0:09:30] } 11... O-O { [%clk 0:09:02] } 12. Bf1
{ [%clk 0:09:27] } 12... bxa5 { [%clk 0:08:43] } 13. Bd3 { [%clk 0:09:20] }
13... Rc8 { [%clk 0:08:30] } 14. Ngf3 { [%clk 0:09:11] } 14... Qc7
{ [%clk 0:08:10] } 15. O-O { [%clk 0:09:08] } 15... Ne4 { [%clk 0:07:52] } 16.
Nxe4 { [%clk 0:08:50] } 16... dxe4 { [%clk 0:07:51] } 17. Rc1
{ [%clk 0:08:45] } 17... Qxc1 { [%clk 0:07:47] } 18. Qxc1 { [%clk 0:08:43] }
18... Rxc1 { [%clk 0:07:46] } 19. Rxc1 { [%clk 0:08:42] } 19... exd3
{ [%clk 0:07:37] } 20. Rc7 { [%clk 0:08:26] } 20... Bxf3 { [%clk 0:07:33] } 0-1"
Rated Rapid tournament https://lichess.org/tournament/DsgKQQdY,https://lichess.org/HATG74KN,2024.08.01,-,louwdameon18,Nyagem,0-1,2024.08.01,08:43:59,1618,1694,,,B00,Nimzowitsch Defense,600+0,Time forfeit,"1. e4 { [%clk 0:10:00] } 1... Nc6 { [%clk 0:10:00] } 2. Nc3 { [%clk 0:09:59] }
2... Nf6 { [%clk 0:09:57] } 3. f4 { [%clk 0:09:51] } 3... e6 { [%clk 0:09:53] }
4. e5 { [%clk 0:09:47] } 4... Nd5 { [%clk 0:09:50] } 5. Nf3 { [%clk 0:09:31] }
5... Nxf4 { [%clk 0:09:29] } 6. d4 { [%clk 0:09:18] } 6... Nd5
{ [%clk 0:09:14] } 7. Nxd5 { [%clk 0:09:07] } 7... exd5 { [%clk 0:09:11] } 8.
Bd3 { [%clk 0:09:03] } 8... d6 { [%clk 0:09:03] } 9. O-O { [%clk 0:08:28] }
9... a6 { [%clk 0:08:58] } 10. exd6 { [%clk 0:08:22] } 10... Bxd6
{ [%clk 0:08:55] } 11. Ng5 { [%clk 0:08:05] } 11... Be6 { [%clk 0:08:22] } 12.
Nxe6 { [%clk 0:07:58] } 12... fxe6 { [%clk 0:08:19] } 13. Qh5+
{ [%clk 0:07:55] } 13... Kd7 { [%clk 0:08:13] } 14. c4 { [%clk 0:07:38] } 14...
g6 { [%clk 0:07:55] } 15. Qe2 { [%clk 0:07:24] } 15... Nxd4 { [%clk 0:07:48] }
16. Qg4 { [%clk 0:07:13] } 16... dxc4 { [%clk 0:06:25] } 17. Bxc4
{ [%clk 0:07:04] } 17... Nf5 { [%clk 0:06:16] } 18. Bg5 { [%clk 0:06:40] }
18... h5 { [%clk 0:05:29] } 19. Bxe6+ { [%clk 0:06:26] } 19... Kxe6
{ [%clk 0:05:26] } 20. Qe4+ { [%clk 0:06:24] } 20... Kd7 { [%clk 0:04:45] } 21.
Bxd8 { [%clk 0:06:14] } 21... Rhxd8 { [%clk 0:04:41] } 22. Rxf5
{ [%clk 0:06:07] } 22... gxf5 { [%clk 0:04:36] } 23. Qxf5+ { [%clk 0:06:04] }
23... Kc6 { [%clk 0:04:31] } 24. a4 { [%clk 0:05:49] } 24... Kb6
{ [%clk 0:04:23] } 25. a5+ { [%clk 0:05:46] } 25... Ka7 { [%clk 0:04:20] } 26.
Ra4 { [%clk 0:05:30] } 26... Rf8 { [%clk 0:04:05] } 27. Qd5 { [%clk 0:05:10] }
27... Rae8 { [%clk 0:03:55] } 28. Ra1 { [%clk 0:04:47] } 28... Re5
{ [%clk 0:03:34] } 29. Qd4+ { [%clk 0:04:39] } 29... Bc5 { [%clk 0:03:23] } 0-1"
Rated Rapid tournament https://lichess.org/tournament/DsgKQQdY,https://lichess.org/Ippe74Mj,2024.08.01,-,omniprin,ramsy1503,0-1,2024.08.01,08:43:59,1613,1576,,,C00,French Defense: Knight Variation,600+0,Time forfeit,"1. e4 { [%clk 0:10:00] } 1... e6 { [%clk 0:10:00] } 2. Nf3 { [%clk 0:09:58] }
2... Nf6 { [%clk 0:09:44] } 3. Nc3 { [%clk 0:09:54] } 3... b6
{ [%clk 0:09:43] } 4. Be2 { [%clk 0:09:52] } 4... Bb7 { [%clk 0:09:42] } 5. d3
{ [%clk 0:09:48] } 5... d6 { [%clk 0:09:40] } 6. O-O { [%clk 0:09:46] } 6... h6
{ [%clk 0:09:38] } 7. Re1 { [%clk 0:09:31] } 7... g5 { [%clk 0:09:28] } 8. Nd2
{ [%clk 0:09:18] } 8... d5 { [%clk 0:09:09] } 9. exd5 { [%clk 0:09:09] } 9...
Nxd5 { [%clk 0:09:08] } 10. Nxd5 { [%clk 0:09:04] } 10... Bxd5
{ [%clk 0:09:06] } 11. Bf3 { [%clk 0:09:02] } 11... Bxf3 { [%clk 0:08:59] } 12.
Nxf3 { [%clk 0:08:59] } 12... Bd6 { [%clk 0:08:54] } 13. c4 { [%clk 0:08:38] }
13... c5 { [%clk 0:08:49] } 14. Bd2 { [%clk 0:08:20] } 14... Nd7
{ [%clk 0:08:42] } 15. Bc3 { [%clk 0:08:17] } 15... Rg8 { [%clk 0:08:34] } 16.
d4 { [%clk 0:08:13] } 16... Qe7 { [%clk 0:08:12] } 17. d5 { [%clk 0:08:06] }
17... O-O-O { [%clk 0:07:53] } 18. dxe6 { [%clk 0:07:52] } 18... fxe6
{ [%clk 0:07:51] } 19. Qa4 { [%clk 0:07:38] } 19... Kb7 { [%clk 0:07:37] } 20.
Rab1 { [%clk 0:06:48] } 20... Nb8 { [%clk 0:07:26] } 21. b4 { [%clk 0:06:39] }
21... cxb4 { [%clk 0:07:17] } 22. Bxb4 { [%clk 0:06:37] } 22... Bxb4
{ [%clk 0:07:14] } 23. Rxb4 { [%clk 0:06:33] } 23... Na6 { [%clk 0:07:08] } 24.
Rbb1 { [%clk 0:06:25] } 24... Nc5 { [%clk 0:07:05] } 25. Qb5 { [%clk 0:06:11] }
25... Rd3 { [%clk 0:06:51] } 26. Ne5 { [%clk 0:05:45] } 26... Qd6
{ [%clk 0:06:04] } 27. Nxd3 { [%clk 0:05:31] } 27... Nxd3 { [%clk 0:05:59] }
28. Rf1 { [%clk 0:04:59] } 28... a6 { [%clk 0:04:56] } 29. Qb3
{ [%clk 0:04:46] } 29... Nc5 { [%clk 0:04:49] } 30. Qc3 { [%clk 0:04:37] }
30... Qf8 { [%clk 0:04:22] } 31. Qb4 { [%clk 0:04:09] } 31... Qd6
{ [%clk 0:04:19] } 32. Rfd1 { [%clk 0:03:56] } 32... Qc6 { [%clk 0:04:12] } 33.
Qc3 { [%clk 0:03:44] } 33... Ne4 { [%clk 0:03:53] } 34. Qd3 { [%clk 0:03:00] }
34... Rg7 { [%clk 0:03:39] } 35. f3 { [%clk 0:02:49] } 35... Nc5
{ [%clk 0:03:32] } 36. Qd4 { [%clk 0:02:34] } 36... Rf7 { [%clk 0:03:28] } 37.
Qe3 { [%clk 0:02:13] } 37... Rf4 { [%clk 0:03:20] } 38. Re1 { [%clk 0:01:58] }
38... Rxc4 { [%clk 0:03:13] } 39. h3 { [%clk 0:01:43] } 39... Rc2
{ [%clk 0:02:54] } 40. a3 { [%clk 0:01:35] } 40... Rc4 { [%clk 0:02:22] } 41.
Qe2 { [%clk 0:01:30] } 41... Rf4 { [%clk 0:02:15] } 42. Qe5 { [%clk 0:01:24] }
42... Rh4 { [%clk 0:01:43] } 43. Rbc1 { [%clk 0:01:08] } 43... a5
{ [%clk 0:01:18] } 44. Rc2 { [%clk 0:01:05] } 44... Ka6 { [%clk 0:01:15] } 45.
Qe2+ { [%clk 0:01:01] } 45... Ka7 { [%clk 0:01:12] } 46. Rd1 { [%clk 0:00:59] }
46... Rf4 { [%clk 0:01:04] } 47. Qe5 { [%clk 0:00:54] } 47... Rf5
{ [%clk 0:00:59] } 48. Qg7+ { [%clk 0:00:51] } 48... Ka6 { [%clk 0:00:53] } 49.
Rf2 { [%clk 0:00:48] } 49... h5 { [%clk 0:00:48] } 50. Qd4 { [%clk 0:00:45] }
50... Rd5 { [%clk 0:00:45] } 51. Qa1 { [%clk 0:00:43] } 51... g4
{ [%clk 0:00:41] } 52. hxg4 { [%clk 0:00:41] } 52... hxg4 { [%clk 0:00:39] }
53. fxg4 { [%clk 0:00:40] } 53... Rg5 { [%clk 0:00:35] } 54. Rf4
{ [%clk 0:00:28] } 54... e5 { [%clk 0:00:29] } 55. Rc4 { [%clk 0:00:18] } 55...
e4 { [%clk 0:00:26] } 56. Qd4 { [%clk 0:00:12] } 56... Rxg4 { [%clk 0:00:22] }
57. Re1 { [%clk 0:00:05] } 57... Qg6 { [%clk 0:00:15] } 58. Qd2
{ [%clk 0:00:04] } 58... e3 { [%clk 0:00:13] } 59. Qe2 { [%clk 0:00:02] } 59...
Rxc4 { [%clk 0:00:11] } 60. Qxc4+ { [%clk 0:00:00] } 60... Kb7
{ [%clk 0:00:04] } 61. Qe2 { [%clk 0:00:00] } 61... Kc6 { [%clk 0:00:03] } 62.
Qxe3 { [%clk 0:00:00] } 62... Kb7 { [%clk 0:00:01] } 0-1"
Rated Rapid tournament https://lichess.org/tournament/hfavrWA4,https://lichess.org/W1856bhc,2024.08.01,-,Jyoti_Xavier8D,ChistyakovStepan,1-0,2024.08.01,08:44:03,1470,1469,,,C63,Ruy Lopez: Schliemann Defense,600+0,Normal,"1. e4 { [%clk 0:10:00] } 1... e5 { [%clk 0:10:00] } 2. Nf3 { [%clk 0:10:00] }
2... Nc6 { [%clk 0:09:58] } 3. Bb5 { [%clk 0:09:56] } 3... f5
{ [%clk 0:09:55] } 4. d3 { [%clk 0:09:49] } 4... a6 { [%clk 0:09:53] } 5. Ba4
{ [%clk 0:09:47] } 5... b5 { [%clk 0:09:51] } 6. Bb3 { [%clk 0:09:46] } 6...
fxe4 { [%clk 0:09:49] } 7. dxe4 { [%clk 0:09:44] } 7... Be7 { [%clk 0:09:46] }
8. O-O { [%clk 0:09:38] } 8... Nf6 { [%clk 0:09:43] } 9. Nc3 { [%clk 0:09:31] }
9... b4 { [%clk 0:09:25] } 10. Nd5 { [%clk 0:09:28] } 10... Nd4
{ [%clk 0:09:21] } 11. Nxd4 { [%clk 0:09:19] } 11... exd4 { [%clk 0:09:17] }
12. Qxd4 { [%clk 0:09:19] } 12... Nxd5 { [%clk 0:09:15] } 13. Qxd5
{ [%clk 0:09:15] } 1-0"
Rated Rapid tournament https://lichess.org/tournament/hfavrWA4,https://lichess.org/FrF9S9kb,2024.08.01,-,htthth123,Letsee00,1-0,2024.08.01,08:44:03,1400,1205,,,C42,Russian Game: Italian Variation,600+0,Normal,"1. e4 { [%clk 0:10:00] } 1... e5 { [%clk 0:10:00] } 2. Nf3 { [%clk 0:09:59] }
2... Nf6 { [%clk 0:09:58] } 3. Bc4 { [%clk 0:09:58] } 3... Bc5
{ [%clk 0:09:51] } 4. O-O { [%clk 0:09:54] } 4... Nxe4 { [%clk 0:09:47] } 5.
Qe2 { [%clk 0:09:51] } 5... d5 { [%clk 0:09:40] } 6. Bb3 { [%clk 0:09:45] }
6... O-O { [%clk 0:09:36] } 7. Nxe5 { [%clk 0:09:43] } 7... Qf6
{ [%clk 0:09:19] } 8. Nd3 { [%clk 0:09:32] } 8... Bb6 { [%clk 0:08:53] } 9.
Bxd5 { [%clk 0:09:27] } 9... Qe7 { [%clk 0:08:20] } 10. Qxe4 { [%clk 0:09:24] }
10... Qd7 { [%clk 0:07:48] } 11. Bb3 { [%clk 0:09:16] } 11... Re8
{ [%clk 0:07:47] } 12. Qh4 { [%clk 0:09:06] } 12... Re2 { [%clk 0:07:30] } 13.
Nc3 { [%clk 0:08:53] } 13... Re6 { [%clk 0:06:51] } 14. Bxe6 { [%clk 0:08:47] }
14... Qxe6 { [%clk 0:06:49] } 15. Nf4 { [%clk 0:08:42] } 15... Qg4
{ [%clk 0:06:19] } 16. Qd8# { [%clk 0:08:39] } 1-0"
Rated Rapid tournament https://lichess.org/tournament/hfavrWA4,https://lichess.org/xkUgX4zf,2024.08.01,-,Chernoye_more,Ice-zombie,0-1,2024.08.01,08:44:03,1429,1486,,,B01,Scandinavian Defense: Mieses-Kotroc Variation,600+0,Normal,"1. e4 { [%eval 0.15] [%clk 0:10:00] } 1... d5 { [%eval 0.54] [%clk 0:10:00] }
2. exd5 { [%eval 0.48] [%clk 0:09:59] } 2... Qxd5
{ [%eval 0.45] [%clk 0:09:18] } 3. Nc3 { [%eval 0.55] [%clk 0:09:56] } 3...
Qe5+ { [%eval 0.75] [%clk 0:08:47] } 4. Be2 { [%eval 0.68] [%clk 0:09:54] }
4... Qa5 { [%eval 0.71] [%clk 0:08:30] } 5. d4 { [%eval 0.69] [%clk 0:09:51] }
5... Nf6 { [%eval 0.85] [%clk 0:08:18] } 6. Be3 { [%eval 0.48] [%clk 0:09:48] }
6... e5 $6 { [%eval 1.34] [%clk 0:08:08] } 7. dxe5
{ [%eval 1.27] [%clk 0:09:45] } 7... Qxe5 { [%eval 1.23] [%clk 0:07:57] } 8.
Qd2 $6 { [%eval 0.57] [%clk 0:09:43] } 8... Bd6 $2
{ [%eval 1.59] [%clk 0:07:55] } 9. Bd4 $6 { [%eval 0.82] [%clk 0:09:36] } 9...
Qe7 { [%eval 0.78] [%clk 0:07:48] } 10. Bxf6 $2 { [%eval -0.3] [%clk 0:09:33] }
10... Qxf6 { [%eval -0.09] [%clk 0:07:40] } 11. Nf3
{ [%eval -0.28] [%clk 0:09:31] } 11... Bf4 $6 { [%eval 0.54] [%clk 0:07:32] }
12. Qd4 { [%eval 0.07] [%clk 0:09:20] } 12... Qxd4
{ [%eval 0.03] [%clk 0:07:28] } 13. Nxd4 { [%eval 0.06] [%clk 0:09:17] } 13...
O-O { [%eval 0.11] [%clk 0:07:26] } 14. Nd5 { [%eval 0.2] [%clk 0:09:13] }
14... Be5 { [%eval 0.7] [%clk 0:07:21] } 15. Nb5 $2
{ [%eval -0.43] [%clk 0:09:10] } 15... c6 { [%eval -0.48] [%clk 0:06:46] } 16.
Nbc7 $2 { [%eval -2.94] [%clk 0:09:06] } 16... Rd8 $2
{ [%eval -0.67] [%clk 0:06:34] } 17. Nxa8 $2 { [%eval -1.69] [%clk 0:08:51] }
17... cxd5 { [%eval -1.64] [%clk 0:06:32] } 18. O-O
{ [%eval -1.71] [%clk 0:08:42] } 18... Bxb2 $2 { [%eval 0.18] [%clk 0:06:26] }
19. Rab1 $6 { [%eval -0.6] [%clk 0:08:39] } 19... Be5
{ [%eval -0.57] [%clk 0:06:24] } 20. Rfd1 { [%eval -0.91] [%clk 0:08:36] }
20... Nc6 { [%eval -0.9] [%clk 0:06:21] } 21. Bf3
{ [%eval -0.84] [%clk 0:08:30] } 21... Be6 { [%eval -0.72] [%clk 0:06:18] } 22.
Rxb7 { [%eval -0.67] [%clk 0:08:23] } 22... Rxa8
{ [%eval -0.64] [%clk 0:06:12] } 23. Bxd5 { [%eval -0.75] [%clk 0:08:20] }
23... Rd8 { [%eval -0.71] [%clk 0:06:09] } 24. Rb5 $2
{ [%eval -1.9] [%clk 0:08:16] } 24... a6 $6 { [%eval -1.2] [%clk 0:06:04] } 25.
Rc5 { [%eval -1.44] [%clk 0:08:13] } 25... Ne7 $2
{ [%eval -0.37] [%clk 0:05:51] } 26. c4 $2 { [%eval -2.21] [%clk 0:08:11] }
26... Kf8 $6 { [%eval -1.37] [%clk 0:05:47] } 27. Kf1 $2
{ [%eval -3.05] [%clk 0:08:08] } 27... Rd6 $2 { [%eval -1.8] [%clk 0:05:44] }
28. Ke1 $2 { [%eval -3.37] [%clk 0:08:05] } 28... Nxd5
{ [%eval -3.12] [%clk 0:05:35] } 29. cxd5 { [%eval -3.04] [%clk 0:08:00] }
29... Bd7 { [%eval -3.17] [%clk 0:05:33] } 30. Ra5 $4
{ [%eval -6.58] [%clk 0:07:50] } 30... Bc3+ { [%eval -6.58] [%clk 0:05:23] }
31. Kf1 { [%eval -6.53] [%clk 0:07:45] } 31... Bxa5
{ [%eval -6.56] [%clk 0:05:22] } 32. Rb1 { [%eval -7.29] [%clk 0:07:35] } 32...
Bb5+ { [%eval -7.2] [%clk 0:05:14] } 33. Kg1 { [%eval -7.07] [%clk 0:07:32] }
33... Rxd5 { [%eval -7.03] [%clk 0:05:13] } 34. Rc1
{ [%eval -7.02] [%clk 0:07:28] } 34... Bc3 { [%eval -7.0] [%clk 0:05:11] } 35.
h3 { [%eval -7.33] [%clk 0:07:21] } 35... Bb2 { [%eval -7.17] [%clk 0:05:08] }
36. Rc2 { [%eval -7.2] [%clk 0:07:17] } 36... Be5
{ [%eval -6.95] [%clk 0:05:02] } 37. Rc8+ { [%eval -7.79] [%clk 0:07:10] }
37... Ke7 { [%eval -7.61] [%clk 0:04:57] } 38. Ra8 $2
{ [%eval #-1] [%clk 0:07:06] } 38... Rd1# { [%clk 0:04:54] } 0-1"
Rated Rapid tournament https://lichess.org/tournament/hfavrWA4,https://lichess.org/C2jvLNW2,2024.08.01,-,JosephineC,GeorgedelaRoi,1-0,2024.08.01,08:44:03,1291,1415,,,B15,Caro-Kann Defense: Campomanes Attack,600+0,Normal,"1. e4 { [%clk 0:10:00] } 1... d5 { [%clk 0:10:00] } 2. d4 { [%clk 0:09:57] }
2... c6 { [%clk 0:09:58] } 3. Nc3 { [%clk 0:09:55] } 3... Nf6
{ [%clk 0:09:55] } 4. exd5 { [%clk 0:09:53] } 4... Nxd5 { [%clk 0:09:53] } 5.
Qf3 { [%clk 0:09:51] } 5... Nd7 { [%clk 0:09:28] } 6. Bc4 { [%clk 0:09:50] }
6... N7f6 { [%clk 0:09:25] } 7. Nge2 { [%clk 0:09:44] } 7... Bg4
{ [%clk 0:09:22] } 8. Qg3 { [%clk 0:09:41] } 8... e6 { [%clk 0:08:52] } 9. O-O
{ [%clk 0:09:33] } 9... Bd6 { [%clk 0:08:50] } 10. Qh4 { [%clk 0:09:29] } 10...
Bxe2 { [%clk 0:08:39] } 11. Bxe2 { [%clk 0:09:27] } 11... O-O
{ [%clk 0:08:37] } 12. g3 { [%clk 0:09:22] } 12... Be7 { [%clk 0:08:28] } 13.
Qh3 { [%clk 0:09:17] } 13... Nxc3 { [%clk 0:08:15] } 14. bxc3
{ [%clk 0:09:16] } 14... Ne4 { [%clk 0:07:58] } 15. Bb2 { [%clk 0:09:11] }
15... Nd2 { [%clk 0:07:45] } 16. Rfd1 { [%clk 0:09:04] } 16... Bg5
{ [%clk 0:07:38] } 17. f4 { [%clk 0:09:01] } 17... Bxf4 { [%clk 0:07:24] } 18.
gxf4 { [%clk 0:08:59] } 18... Ne4 { [%clk 0:07:23] } 19. Bd3 { [%clk 0:08:49] }
19... f5 { [%clk 0:07:14] } 20. Bxe4 { [%clk 0:08:39] } 20... fxe4
{ [%clk 0:07:13] } 21. c4 { [%clk 0:08:33] } 21... Rxf4 { [%clk 0:07:05] } 22.
Rd2 { [%clk 0:08:20] } 22... Qg5+ { [%clk 0:06:59] } 23. Rg2 { [%clk 0:08:18] }
23... Qf5 { [%clk 0:06:35] } 24. Qc3 { [%clk 0:07:50] } 24... Rg4
{ [%clk 0:06:03] } 25. Rf1 { [%clk 0:07:44] } 25... Rxg2+ { [%clk 0:06:00] }
26. Kxg2 { [%clk 0:07:42] } 26... Qg4+ { [%clk 0:05:55] } 27. Kh1
{ [%clk 0:07:41] } 27... Qh3 { [%clk 0:05:33] } 28. Qxh3 { [%clk 0:07:37] } 1-0"
Rated Rapid tournament https://lichess.org/tournament/hfavrWA4,https://lichess.org/keegIhll,2024.08.01,-,Johenri,Lynda35,1-0,2024.08.01,08:44:03,1382,1419,,,A40,Queen's Pawn Game,600+0,Abandoned,1. d4 { [%clk 0:10:00] } 1-0
Rated Rapid tournament https://lichess.org/tournament/hfavrWA4,https://lichess.org/46pzEOcI,2024.08.01,-,acherepkov,sevinchruxsor,0-1,2024.08.01,08:44:03,827,1445,,,C00,French Defense: Steinitz Attack,600+0,Normal,"1. e4 { [%clk 0:10:00] } 1... e6 { [%clk 0:10:00] } 2. e5 { [%clk 0:09:54] }
2... Nc6 { [%clk 0:09:58] } 3. f4 { [%clk 0:09:53] } 3... d6 { [%clk 0:09:51] }
4. Bb5 { [%clk 0:09:45] } 4... Bd7 { [%clk 0:09:44] } 5. d4 { [%clk 0:09:36] }
5... a6 { [%clk 0:09:39] } 6. Ba4 { [%clk 0:09:35] } 6... dxe5
{ [%clk 0:09:37] } 7. dxe5 { [%clk 0:09:27] } 7... Bb4+ { [%clk 0:09:31] } 8.
Bd2 { [%clk 0:09:22] } 8... Be7 { [%clk 0:09:28] } 9. Nf3 { [%clk 0:09:16] }
9... Nh6 { [%clk 0:09:08] } 10. Nc3 { [%clk 0:09:10] } 10... O-O
{ [%clk 0:09:07] } 11. Qe2 { [%clk 0:09:04] } 11... Nf5 { [%clk 0:09:04] } 12.
O-O-O { [%clk 0:09:00] } 12... Nfd4 { [%clk 0:09:02] } 13. Qe4
{ [%clk 0:08:48] } 13... Nf5 { [%clk 0:08:49] } 14. g3 { [%clk 0:08:00] } 14...
b5 { [%clk 0:08:41] } 15. Bb3 { [%clk 0:07:55] } 15... b4 { [%clk 0:08:35] }
16. Ne2 { [%clk 0:07:48] } 16... a5 { [%clk 0:08:34] } 17. c3
{ [%clk 0:07:36] } 17... a4 { [%clk 0:08:29] } 18. Bc4 { [%clk 0:07:21] } 18...
bxc3 { [%clk 0:08:25] } 19. Bxc3 { [%clk 0:07:16] } 19... Bb4
{ [%clk 0:08:15] } 20. Qxc6 { [%clk 0:06:58] } 20... Bxc3 { [%clk 0:07:47] }
21. bxc3 { [%clk 0:06:43] } 21... Bxc6 { [%clk 0:07:31] } 22. Rxd8
{ [%clk 0:06:41] } 22... Raxd8 { [%clk 0:07:30] } 23. Nfd4 { [%clk 0:06:31] }
23... Bxh1 { [%clk 0:07:28] } 24. Nxf5 { [%clk 0:06:26] } 24... exf5
{ [%clk 0:07:26] } 25. Nd4 { [%clk 0:06:21] } 25... Rxd4 { [%clk 0:07:22] } 26.
cxd4 { [%clk 0:06:20] } 26... Bc6 { [%clk 0:07:18] } 27. d5 { [%clk 0:06:17] }
27... Bb7 { [%clk 0:07:16] } 28. d6 { [%clk 0:06:13] } 28... cxd6
{ [%clk 0:07:14] } 29. exd6 { [%clk 0:06:12] } 29... Rd8 { [%clk 0:07:12] } 30.
g4 { [%clk 0:05:52] } 30... fxg4 { [%clk 0:07:08] } 31. f5 { [%clk 0:05:50] }
31... Rxd6 { [%clk 0:07:06] } 32. Bb3 { [%clk 0:05:40] } 32... axb3
{ [%clk 0:07:04] } 33. f6 { [%clk 0:05:39] } 33... gxf6 { [%clk 0:07:02] } 0-1"
Rated Rapid game,https://lichess.org/HUH655Ek,2024.08.01,-,Ramambo,wanjau_ndiritu,1-0,2024.08.01,08:44:06,1789,1764,,,A00,Van't Kruijs Opening,600+0,Normal,"1. e3 { [%clk 0:10:00] } 1... d5 { [%clk 0:10:00] } 2. e4 { [%clk 0:09:56] }
2... dxe4 { [%clk 0:09:58] } 3. Nc3 { [%clk 0:09:55] } 3... Nf6
{ [%clk 0:09:56] } 4. Qe2 { [%clk 0:09:54] } 4... Bf5 { [%clk 0:09:53] } 5.
Qb5+ { [%clk 0:09:51] } 5... Bd7 { [%clk 0:09:45] } 6. Qxb7 { [%clk 0:09:49] }
6... Bc6 { [%clk 0:09:30] } 7. Bb5 { [%clk 0:09:47] } 7... Nbd7
{ [%clk 0:09:24] } 8. Bxc6 { [%clk 0:09:42] } 8... Rb8 { [%clk 0:09:22] } 9.
Qxa7 { [%clk 0:09:39] } 9... e6 { [%clk 0:09:20] } 10. Nb5 { [%clk 0:09:37] }
10... Bd6 { [%clk 0:09:18] } 11. Bxd7+ { [%clk 0:09:19] } 11... Nxd7
{ [%clk 0:09:15] } 12. Nxd6+ { [%clk 0:09:15] } 12... cxd6 { [%clk 0:09:15] }
13. Ne2 { [%clk 0:09:12] } 13... O-O { [%clk 0:09:13] } 14. O-O
{ [%clk 0:09:11] } 14... Ra8 { [%clk 0:09:13] } 15. Qe3 { [%clk 0:09:08] }
15... Nf6 { [%clk 0:09:12] } 16. b3 { [%clk 0:09:06] } 16... d5
{ [%clk 0:09:11] } 17. Bb2 { [%clk 0:09:04] } 17... Ng4 { [%clk 0:09:10] } 18.
Qg3 { [%clk 0:09:00] } 18... h5 { [%clk 0:09:09] } 19. h3 { [%clk 0:08:58] }
19... Nf6 { [%clk 0:09:04] } 20. Nf4 { [%clk 0:08:55] } 20... g6
{ [%clk 0:09:01] } 21. f3 { [%clk 0:08:51] } 21... Qb6+ { [%clk 0:08:57] } 22.
Kh1 { [%clk 0:08:48] } 22... Rad8 { [%clk 0:08:52] } 23. fxe4
{ [%clk 0:08:46] } 23... Nxe4 { [%clk 0:08:47] } 24. Qd3 { [%clk 0:08:14] }
24... Nf2+ { [%clk 0:08:44] } 25. Rxf2 { [%clk 0:08:10] } 25... Qxf2
{ [%clk 0:08:42] } 26. Qc3 { [%clk 0:08:04] } 26... d4 { [%clk 0:08:36] } 27.
Qf3 { [%clk 0:07:52] } 27... Qxd2 { [%clk 0:08:31] } 28. Rc1 { [%clk 0:07:42] }
28... Rc8 { [%clk 0:08:21] } 29. Qg3 { [%clk 0:07:35] } 29... Rxc2
{ [%clk 0:08:04] } 30. Rxc2 { [%clk 0:07:32] } 30... Qxc2 { [%clk 0:08:01] }
31. Bxd4 { [%clk 0:07:31] } 31... Qxa2 { [%clk 0:07:56] } 32. Nxh5
{ [%clk 0:07:29] } 32... Qxb3 { [%clk 0:07:54] } 33. Kh2 { [%clk 0:07:20] }
33... Qxg3+ { [%clk 0:07:49] } 34. Nxg3 { [%clk 0:07:18] } 34... Rd8
{ [%clk 0:07:47] } 35. Bf6 { [%clk 0:07:15] } 35... Ra8 { [%clk 0:07:42] } 36.
Ne4 { [%clk 0:07:04] } 36... Ra4 { [%clk 0:07:39] } 37. Nc5 { [%clk 0:06:52] }
37... Rf4 { [%clk 0:07:36] } 38. Ba1 { [%clk 0:06:48] } 38... Kf8
{ [%clk 0:07:25] } 39. Be5 { [%clk 0:06:40] } 39... Rf1 { [%clk 0:07:22] } 40.
Kg3 { [%clk 0:06:29] } 40... Ke7 { [%clk 0:07:21] } 41. Bh8 { [%clk 0:06:18] }
41... f6 { [%clk 0:07:18] } 42. Kg4 { [%clk 0:06:05] } 42... Rb1
{ [%clk 0:07:11] } 43. Ne4 { [%clk 0:06:01] } 43... f5+ { [%clk 0:07:08] } 44.
Kf4 { [%clk 0:05:56] } 44... fxe4 { [%clk 0:07:07] } 45. Kxe4
{ [%clk 0:05:55] } 45... Rb4+ { [%clk 0:07:06] } 46. Ke3 { [%clk 0:05:52] }
46... Kf7 { [%clk 0:07:03] } 47. Ke2 { [%clk 0:05:48] } 47... Rb3
{ [%clk 0:07:02] } 48. Kd2 { [%clk 0:05:45] } 48... g5 { [%clk 0:06:59] } 49.
Ke2 { [%clk 0:05:42] } 49... Kg6 { [%clk 0:06:58] } 50. Kd2 { [%clk 0:05:39] }
50... Kf5 { [%clk 0:06:57] } 51. Ke2 { [%clk 0:05:36] } 51... e5
{ [%clk 0:06:55] } 52. Kf2 { [%clk 0:05:33] } 52... e4 { [%clk 0:06:53] } 53.
Ke2 { [%clk 0:05:30] } 53... g4 { [%clk 0:06:41] } 54. h4 { [%clk 0:05:24] }
54... g3 { [%clk 0:06:33] } 55. Kd2 { [%clk 0:05:19] } 55... Kg4
{ [%clk 0:06:32] } 56. Bf6 { [%clk 0:05:15] } 56... Rb2+ { [%clk 0:06:26] } 57.
Bxb2 { [%clk 0:05:13] } 57... Kxh4 { [%clk 0:06:23] } 58. Ke3
{ [%clk 0:05:12] } 58... Kg4 { [%clk 0:06:22] } 59. Kxe4 { [%clk 0:05:09] }
59... Kh4 { [%clk 0:06:20] } 60. Ke3 { [%clk 0:05:07] } 60... Kg4
{ [%clk 0:06:19] } 61. Be5 { [%clk 0:05:03] } 61... Kf5 { [%clk 0:06:18] } 62.
Bxg3 { [%clk 0:05:01] } 62... Kg4 { [%clk 0:06:17] } 63. Kf2 { [%clk 0:05:00] }
63... Kg5 { [%clk 0:06:16] } 64. Bb8 { [%clk 0:04:58] } 64... Kg4
{ [%clk 0:06:15] } 65. g3 { [%clk 0:04:57] } 65... Kg5 { [%clk 0:06:14] } 66.
Kf3 { [%clk 0:04:55] } 66... Kg6 { [%clk 0:06:13] } 67. Kf4 { [%clk 0:04:53] }
67... Kh5 { [%clk 0:06:12] } 68. g4+ { [%clk 0:04:48] } 68... Kh6
{ [%clk 0:06:11] } 69. Kf5 { [%clk 0:04:47] } 69... Kh7 { [%clk 0:06:09] } 70.
g5 { [%clk 0:04:46] } 70... Kg7 { [%clk 0:06:08] } 71. Be5+ { [%clk 0:04:43] }
71... Kh7 { [%clk 0:06:06] } 72. g6+ { [%clk 0:04:41] } 72... Kg8
{ [%clk 0:06:05] } 73. Kf6 { [%clk 0:04:35] } 73... Kh8 { [%clk 0:06:03] } 74.
Kf7# { [%clk 0:04:33] } 1-0"
Rated Rapid game,https://lichess.org/3is9zrGT,2024.08.01,-,papa10,quan201,0-1,2024.08.01,08:44:06,1886,1937,,,B12,Caro-Kann Defense: Advance Variation,600+0,Normal,"1. e4 { [%clk 0:10:00] } 1... c6 { [%clk 0:10:00] } 2. d4 { [%clk 0:09:58] }
2... d5 { [%clk 0:09:58] } 3. e5 { [%clk 0:09:57] } 3... Bf5 { [%clk 0:09:56] }
4. f4 { [%clk 0:09:55] } 4... e6 { [%clk 0:09:53] } 5. Nf3 { [%clk 0:09:53] }
5... Nd7 { [%clk 0:09:50] } 6. Bd3 { [%clk 0:09:50] } 6... Bxd3
{ [%clk 0:09:48] } 7. Qxd3 { [%clk 0:09:49] } 7... c5 { [%clk 0:09:48] } 8. c3
{ [%clk 0:09:47] } 8... Ne7 { [%clk 0:09:34] } 9. Ng5 { [%clk 0:09:41] } 9...
Ng6 { [%clk 0:09:28] } 10. Qg3 { [%clk 0:09:22] } 10... h6 { [%clk 0:09:25] }
11. Nf3 { [%clk 0:09:16] } 11... cxd4 { [%clk 0:09:13] } 12. cxd4
{ [%clk 0:09:14] } 12... Rc8 { [%clk 0:09:06] } 13. O-O { [%clk 0:09:10] }
13... Be7 { [%clk 0:09:02] } 14. Nc3 { [%clk 0:09:03] } 14... O-O
{ [%clk 0:08:57] } 15. Bd2 { [%clk 0:08:54] } 15... Qb6 { [%clk 0:08:43] } 16.
Rab1 { [%clk 0:08:50] } 16... f6 { [%clk 0:08:23] } 17. Na4 { [%clk 0:08:33] }
17... Qa6 { [%clk 0:08:15] } 18. b3 { [%clk 0:08:31] } 18... Kh7
{ [%clk 0:08:08] } 19. Nh4 { [%clk 0:08:20] } 19... Nxh4 { [%clk 0:07:59] } 20.
Qxh4 { [%clk 0:08:15] } 20... Rf7 { [%clk 0:07:43] } 21. Qg4 { [%clk 0:08:08] }
21... Qd3 { [%clk 0:07:28] } 22. Rbd1 { [%clk 0:07:52] } 22... Qxd4+
{ [%clk 0:07:23] } 23. Kh1 { [%clk 0:07:44] } 23... fxe5 { [%clk 0:07:22] } 24.
f5 { [%clk 0:07:16] } 24... Qxg4 { [%clk 0:07:13] } 0-1"
Rated Rapid game,https://lichess.org/mNrbQA3g,2024.08.01,-,G2Azzy,gnomus75,1-0,2024.08.01,08:44:06,1255,1297,,,A40,Queen's Pawn Game,600+0,Normal,"1. d4 { [%clk 0:10:00] } 1... h5 { [%clk 0:10:00] } 2. Bf4 { [%clk 0:09:56] }
2... a5 { [%clk 0:09:58] } 3. e3 { [%clk 0:09:54] } 3... c6 { [%clk 0:09:57] }
4. Nf3 { [%clk 0:09:52] } 4... Qb6 { [%clk 0:09:55] } 5. b3 { [%clk 0:09:44] }
5... d6 { [%clk 0:09:48] } 6. Be2 { [%clk 0:09:37] } 6... g6 { [%clk 0:09:43] }
7. O-O { [%clk 0:09:34] } 7... Bg7 { [%clk 0:09:42] } 8. Nbd2
{ [%clk 0:09:32] } 8... Nf6 { [%clk 0:09:39] } 9. Rc1 { [%clk 0:09:14] } 9...
Nbd7 { [%clk 0:09:32] } 10. c4 { [%clk 0:09:03] } 10... c5 { [%clk 0:09:27] }
11. dxc5 { [%clk 0:08:37] } 11... Nxc5 { [%clk 0:09:23] } 12. Ng5
{ [%clk 0:08:20] } 12... O-O { [%clk 0:09:11] } 13. Ngf3 { [%clk 0:07:49] }
13... e5 { [%clk 0:09:04] } 14. Bg5 { [%clk 0:07:45] } 14... e4
{ [%clk 0:08:55] } 15. Nd4 { [%clk 0:07:28] } 15... a4 { [%clk 0:07:59] } 16.
Nb5 { [%clk 0:07:13] } 16... Bd7 { [%clk 0:07:50] } 17. Nd4 { [%clk 0:06:50] }
17... axb3 { [%clk 0:07:38] } 18. axb3 { [%clk 0:06:47] } 18... Nd3
{ [%clk 0:06:42] } 19. Bxd3 { [%clk 0:06:29] } 19... exd3 { [%clk 0:06:39] }
20. N2f3 { [%clk 0:06:13] } 20... Bg4 { [%clk 0:06:18] } 21. Qxd3
{ [%clk 0:06:05] } 21... Bxf3 { [%clk 0:06:11] } 22. Nxf3 { [%clk 0:06:05] }
22... Rfe8 { [%clk 0:05:53] } 23. Nd4 { [%clk 0:05:39] } 23... Ne4
{ [%clk 0:05:43] } 24. Nb5 { [%clk 0:05:31] } 24... Nxg5 { [%clk 0:05:34] } 25.
Nxd6 { [%clk 0:05:21] } 25... Red8 { [%clk 0:05:29] } 26. c5 { [%clk 0:05:02] }
26... Qc7 { [%clk 0:05:09] } 27. Qb5 { [%clk 0:04:40] } 27... Be5
{ [%clk 0:04:45] } 28. Nxb7 { [%clk 0:04:11] } 28... Rab8 { [%clk 0:04:36] }
29. c6 { [%clk 0:03:54] } 29... Bxh2+ { [%clk 0:04:21] } 30. Kh1
{ [%clk 0:03:47] } 30... Qe5 { [%clk 0:02:54] } 31. Rc5 { [%clk 0:03:24] }
31... Rd5 { [%clk 0:02:29] } 32. Rxd5 { [%clk 0:03:17] } 32... Rxb7
{ [%clk 0:02:21] } 33. Rd8+ { [%clk 0:02:48] } 33... Kg7 { [%clk 0:02:11] } 34.
Qxb7 { [%clk 0:02:45] } 34... Nf3 { [%clk 0:02:07] } 35. Rd7 { [%clk 0:02:30] }
35... Qf6 { [%clk 0:01:57] } 36. gxf3 { [%clk 0:02:16] } 36... Qxf3+
{ [%clk 0:01:50] } 37. Kxh2 { [%clk 0:02:11] } 37... g5 { [%clk 0:01:08] } 38.
c7 { [%clk 0:01:25] } 38... g4 { [%clk 0:01:06] } 39. Qxf3 { [%clk 0:01:21] }
39... gxf3 { [%clk 0:01:04] } 40. Rg1+ { [%clk 0:01:20] } 40... Kf6
{ [%clk 0:01:02] } 41. Rd6+ { [%clk 0:01:15] } 41... Ke7 { [%clk 0:01:00] } 1-0"
Rated Rapid game,https://lichess.org/gpaHrwq8,2024.08.01,-,syg12,zariziawang,1-0,2024.08.01,08:44:06,1640,1635,,,A85,Dutch Defense: Queen's Knight Variation,600+0,Normal,"1. c4 { [%clk 0:10:00] } 1... f5 { [%clk 0:10:00] } 2. d4 { [%clk 0:09:57] }
2... Nf6 { [%clk 0:09:58] } 3. Nc3 { [%clk 0:09:53] } 3... g6
{ [%clk 0:09:53] } 4. Bg5 { [%clk 0:09:46] } 4... e6 { [%clk 0:09:50] } 5. e4
{ [%clk 0:09:35] } 5... Bg7 { [%clk 0:09:45] } 6. exf5 { [%clk 0:09:31] } 6...
O-O { [%clk 0:09:01] } 7. fxg6 { [%clk 0:09:25] } 7... hxg6 { [%clk 0:08:56] }
8. h4 { [%clk 0:09:18] } 8... d5 { [%clk 0:08:46] } 9. h5 { [%clk 0:08:59] }
9... gxh5 { [%clk 0:08:29] } 10. Rxh5 { [%clk 0:08:55] } 10... dxc4
{ [%clk 0:08:12] } 11. Bxc4 { [%clk 0:08:47] } 11... Qe8 { [%clk 0:08:06] } 12.
Bxf6 { [%clk 0:08:39] } 12... Rxf6 { [%clk 0:07:53] } 13. Qg4
{ [%clk 0:08:07] } 13... Rg6 { [%clk 0:07:26] } 14. Rg5 { [%clk 0:07:56] }
14... Rxg5 { [%clk 0:06:48] } 15. Qxg5 { [%clk 0:07:53] } 15... Kf8
{ [%clk 0:06:37] } 16. Nf3 { [%clk 0:07:30] } 16... Nc6 { [%clk 0:06:21] } 17.
O-O-O { [%clk 0:07:21] } 17... e5 { [%clk 0:06:00] } 18. dxe5
{ [%clk 0:06:55] } 18... Nxe5 { [%clk 0:05:48] } 19. Rd8 { [%clk 0:06:29] }
19... Qxd8 { [%clk 0:03:39] } 20. Qxd8# { [%clk 0:06:26] } 1-0"
Rated Rapid game,https://lichess.org/aOcLuxSC,2024.08.01,-,Andre-2010,fischer-son,1-0,2024.08.01,08:44:06,2095,2044,,,A52,"Indian Defense: Budapest Defense, Rubinstein Variation",600+0,Normal,"1. d4 { [%eval 0.16] [%clk 0:10:00] } 1... Nf6 { [%eval 0.17] [%clk 0:10:00] }
2. c4 { [%eval 0.21] [%clk 0:09:51] } 2... e5 { [%eval 0.65] [%clk 0:09:57] }
3. dxe5 { [%eval 0.63] [%clk 0:09:48] } 3... Ng4
{ [%eval 0.58] [%clk 0:09:56] } 4. Bf4 { [%eval 0.49] [%clk 0:09:47] } 4... g5
{ [%eval 0.95] [%clk 0:09:53] } 5. Bg3 { [%eval 0.82] [%clk 0:09:41] } 5... Bg7
{ [%eval 0.86] [%clk 0:09:49] } 6. Nf3 { [%eval 0.78] [%clk 0:09:38] } 6... Nc6
{ [%eval 0.71] [%clk 0:08:58] } 7. Nc3 { [%eval 0.78] [%clk 0:09:23] } 7...
Ngxe5 { [%eval 0.83] [%clk 0:08:48] } 8. Nd5 { [%eval 0.42] [%clk 0:08:51] }
8... d6 { [%eval 0.39] [%clk 0:08:12] } 9. e4 $6
{ [%eval -0.52] [%clk 0:08:31] } 9... Nxf3+ { [%eval -0.42] [%clk 0:07:49] }
10. Qxf3 { [%eval -0.41] [%clk 0:08:21] } 10... Nd4
{ [%eval -0.4] [%clk 0:07:27] } 11. Qd3 { [%eval -0.28] [%clk 0:07:58] } 11...
Be6 { [%eval -0.1] [%clk 0:07:00] } 12. Be2 { [%eval -0.41] [%clk 0:07:45] }
12... Bxd5 $6 { [%eval 0.21] [%clk 0:06:25] } 13. cxd5
{ [%eval 0.25] [%clk 0:07:41] } 13... Qd7 { [%eval 0.25] [%clk 0:06:23] } 14.
O-O { [%eval 0.2] [%clk 0:07:35] } 14... h5 { [%eval 0.38] [%clk 0:06:14] } 15.
f4 { [%eval -0.08] [%clk 0:06:08] } 15... gxf4 $6
{ [%eval 0.57] [%clk 0:05:40] } 16. Bxf4 { [%eval 0.1] [%clk 0:05:51] } 16...
O-O-O { [%eval 0.41] [%clk 0:05:38] } 17. Bg5 { [%eval 0.12] [%clk 0:05:35] }
17... Rdg8 { [%eval 0.14] [%clk 0:05:24] } 18. Bf6
{ [%eval -0.03] [%clk 0:05:31] } 18... Bxf6 { [%eval 0.17] [%clk 0:04:39] } 19.
Rxf6 { [%eval 0.05] [%clk 0:05:31] } 19... Nxe2+ { [%eval 0.0] [%clk 0:04:36] }
20. Qxe2 { [%eval 0.24] [%clk 0:05:30] } 20... h4
{ [%eval 0.3] [%clk 0:04:16] } 21. Raf1 { [%eval 0.33] [%clk 0:05:25] } 21...
Rg7 { [%eval 0.36] [%clk 0:04:09] } 22. Qf3 { [%eval 0.03] [%clk 0:05:23] }
22... Qe7 { [%eval 0.48] [%clk 0:02:57] } 23. Rxf7
{ [%eval 0.03] [%clk 0:05:06] } 23... Rxf7 { [%eval 0.0] [%clk 0:02:54] } 24.
Qxf7 { [%eval 0.0] [%clk 0:05:05] } 24... Qxe4 { [%eval 0.01] [%clk 0:02:54] }
25. Qf5+ { [%eval 0.0] [%clk 0:04:52] } 25... Qxf5
{ [%eval 0.0] [%clk 0:02:51] } 26. Rxf5 { [%eval 0.05] [%clk 0:04:52] } 26...
c6 { [%eval 0.04] [%clk 0:02:14] } 27. Kf2 { [%eval 0.0] [%clk 0:04:45] } 27...
Kc7 { [%eval 0.0] [%clk 0:01:50] } 28. b4 { [%eval -0.18] [%clk 0:04:27] }
28... cxd5 { [%eval 0.0] [%clk 0:01:04] } 29. Rxd5
{ [%eval 0.0] [%clk 0:04:22] } 29... Rf8+ { [%eval 0.0] [%clk 0:01:04] } 30.
Ke3 { [%eval 0.0] [%clk 0:04:21] } 30... Kc6 { [%eval 0.05] [%clk 0:00:57] }
31. Rh5 { [%eval 0.0] [%clk 0:04:11] } 31... Re8+
{ [%eval 0.0] [%clk 0:00:55] } 32. Kf2 { [%eval 0.0] [%clk 0:03:41] } 32... Re4
{ [%eval 0.0] [%clk 0:00:51] } 33. a3 { [%eval 0.0] [%clk 0:03:37] } 33... d5
{ [%eval -0.01] [%clk 0:00:48] } 34. Kf3 { [%eval -0.06] [%clk 0:03:33] } 34...
a5 { [%eval -0.01] [%clk 0:00:42] } 35. b5+ $2 { [%eval -2.09] [%clk 0:03:15] }
35... Kc5 { [%eval -1.92] [%clk 0:00:34] } 36. b6 $2
{ [%eval -3.15] [%clk 0:03:12] } 36... Rd4 $6 { [%eval -2.31] [%clk 0:00:31] }
37. Ke3 $6 { [%eval -3.14] [%clk 0:03:08] } 37... Re4+
{ [%eval -2.53] [%clk 0:00:29] } 38. Kd3 { [%eval -2.96] [%clk 0:03:01] } 38...
Rg4 { [%eval -2.51] [%clk 0:00:26] } 39. Kc3 { [%eval -2.75] [%clk 0:02:37] }
39... a4 { [%eval -2.7] [%clk 0:00:18] } 40. Rh6
{ [%eval -2.26] [%clk 0:01:44] } 40... d4+ { [%eval -2.39] [%clk 0:00:16] } 41.
Kd3 { [%eval -1.68] [%clk 0:01:40] } 41... Re4 $4
{ [%eval 9.37] [%clk 0:00:16] } 42. Rh5+ { [%eval 9.32] [%clk 0:01:39] } 42...
Kxb6 { [%eval 7.76] [%clk 0:00:13] } 43. Kxe4 { [%eval 6.27] [%clk 0:01:37] }
1-0"
Rated Rapid game,https://lichess.org/EUyJ3xsm,2024.08.01,-,LocoPatlab,hlklmn,1-0,2024.08.01,08:44:06,1706,1709,,,B06,Modern Defense,600+0,Normal,"1. e4 { [%eval 0.15] [%clk 0:10:00] } 1... g6 { [%eval 0.43] [%clk 0:10:00] }
2. c3 { [%eval 0.33] [%clk 0:09:57] } 2... Nh6 { [%eval 0.76] [%clk 0:09:59] }
3. h3 { [%eval 0.49] [%clk 0:09:54] } 3... Bg7 { [%eval 0.61] [%clk 0:09:58] }
4. d4 { [%eval 0.57] [%clk 0:09:52] } 4... O-O { [%eval 0.89] [%clk 0:09:56] }
5. Nf3 { [%eval 0.57] [%clk 0:09:51] } 5... f5 { [%eval 0.79] [%clk 0:09:52] }
6. exf5 { [%eval 0.89] [%clk 0:09:43] } 6... Nxf5
{ [%eval 0.83] [%clk 0:09:50] } 7. Bc4+ $6 { [%eval 0.2] [%clk 0:09:26] } 7...
d5 { [%eval 0.19] [%clk 0:09:48] } 8. Bb3 { [%eval 0.21] [%clk 0:09:18] } 8...
Nc6 $6 { [%eval 1.14] [%clk 0:09:33] } 9. O-O { [%eval 1.09] [%clk 0:09:15] }
9... a6 { [%eval 1.38] [%clk 0:09:31] } 10. Bg5 { [%eval 1.11] [%clk 0:09:09] }
10... Nd6 $2 { [%eval 2.9] [%clk 0:09:19] } 11. Re1 $2
{ [%eval 1.67] [%clk 0:09:06] } 11... Ne4 $4 { [%eval 4.9] [%clk 0:09:09] } 12.
Rxe4 { [%eval 4.81] [%clk 0:08:48] } 12... Bf5 { [%eval 5.48] [%clk 0:09:04] }
13. Re1 { [%eval 5.02] [%clk 0:08:38] } 13... h6
{ [%eval 5.29] [%clk 0:09:01] } 14. Bf4 $2 { [%eval 4.09] [%clk 0:08:11] }
14... g5 $2 { [%eval 5.19] [%clk 0:08:58] } 15. Bh2
{ [%eval 5.0] [%clk 0:08:08] } 15... g4 { [%eval 4.81] [%clk 0:08:56] } 16.
hxg4 { [%eval 4.96] [%clk 0:08:05] } 16... Bxg4 { [%eval 5.2] [%clk 0:08:55] }
17. Nbd2 { [%eval 5.24] [%clk 0:04:38] } 17... Na5
{ [%eval 5.18] [%clk 0:08:53] } 18. Bg3 { [%eval 5.1] [%clk 0:04:34] } 18... c6
{ [%eval 5.33] [%clk 0:08:50] } 19. Bc2 { [%eval 5.09] [%clk 0:04:31] } 19...
Nc4 { [%eval 5.62] [%clk 0:08:49] } 20. Nf1 { [%eval 4.91] [%clk 0:04:27] }
20... Nxb2 { [%eval 5.01] [%clk 0:08:40] } 21. Qb1
{ [%eval 5.16] [%clk 0:04:24] } 21... Nc4 { [%eval 5.2] [%clk 0:08:31] } 22.
Bh7+ { [%eval 5.24] [%clk 0:04:20] } 22... Kh8 { [%eval 5.3] [%clk 0:08:29] }
23. Ne5 { [%eval 5.08] [%clk 0:04:16] } 23... Nxe5
{ [%eval 5.06] [%clk 0:08:24] } 24. Rxe5 { [%eval 5.09] [%clk 0:04:13] } 24...
Qd7 { [%eval 5.07] [%clk 0:08:07] } 25. Bg6 { [%eval 4.89] [%clk 0:04:09] }
25... Bxe5 { [%eval 4.86] [%clk 0:08:02] } 26. Bxe5+
{ [%eval 4.88] [%clk 0:04:05] } 26... Kg8 $4 { [%eval #2] [%clk 0:07:52] } 27.
Bh7+ { [%eval #1] [%clk 0:04:03] } 27... Kf7 { [%eval #1] [%clk 0:07:50] } 28.
Qg6# { [%clk 0:03:59] } 1-0"
Rated Rapid game,https://lichess.org/hYJzt1nO,2024.08.01,-,viktorkemper,davitibest,1-0,2024.08.01,08:44:06,1003,1022,,,C34,King's Gambit Accepted: Schallopp Defense,600+0,Normal,"1. e4 { [%clk 0:10:00] } 1... e5 { [%clk 0:10:00] } 2. f4 { [%clk 0:09:58] }
2... exf4 { [%clk 0:09:57] } 3. Nf3 { [%clk 0:09:56] } 3... Nf6
{ [%clk 0:09:53] } 4. Bc4 { [%clk 0:09:52] } 4... Bc5 { [%clk 0:09:51] } 5. Nc3
{ [%clk 0:09:48] } 5... O-O { [%clk 0:09:49] } 6. h3 { [%clk 0:09:46] } 6...
Nc6 { [%clk 0:09:45] } 7. d3 { [%clk 0:09:39] } 7... g5 { [%clk 0:09:41] } 8.
Nxg5 { [%clk 0:09:36] } 8... h6 { [%clk 0:09:39] } 9. Nxf7 { [%clk 0:09:31] }
9... Rxf7 { [%clk 0:09:36] } 10. Bxf7+ { [%clk 0:09:28] } 10... Kxf7
{ [%clk 0:09:36] } 11. Qf3 { [%clk 0:09:03] } 11... Nd4 { [%clk 0:09:33] } 12.
Qxf4 { [%clk 0:08:56] } 12... Kf8 { [%clk 0:09:28] } 13. Qd2 { [%clk 0:08:48] }
1-0"
Rated Rapid game,https://lichess.org/KHO5PCu5,2024.08.01,-,JoraSK,Goodgame2020,0-1,2024.08.01,08:44:06,1547,1592,,,B01,Scandinavian Defense,600+0,Normal,"1. e4 { [%clk 0:10:00] } 1... d5 { [%clk 0:10:00] } 2. e5 { [%clk 0:09:53] }
2... c5 { [%clk 0:09:59] } 3. Bb5+ { [%clk 0:09:45] } 3... Nc6
{ [%clk 0:09:57] } 4. d3 { [%clk 0:09:27] } 4... Qb6 { [%clk 0:09:55] } 5. c4
{ [%clk 0:09:23] } 5... Be6 { [%clk 0:09:44] } 6. Qf3 { [%clk 0:09:11] } 6...
O-O-O { [%clk 0:09:41] } 7. Nc3 { [%clk 0:08:58] } 7... Nd4 { [%clk 0:09:39] }
8. Qd1 { [%clk 0:08:45] } 8... a6 { [%clk 0:09:11] } 9. cxd5 { [%clk 0:08:27] }
9... Bxd5 { [%clk 0:09:09] } 10. Nxd5 { [%clk 0:08:25] } 10... Rxd5
{ [%clk 0:09:07] } 11. Bc4 { [%clk 0:08:24] } 11... Rxe5+ { [%clk 0:08:42] }
12. Be3 { [%clk 0:08:19] } 12... Qb4+ { [%clk 0:08:35] } 13. Qd2
{ [%clk 0:08:09] } 13... Nc2+ { [%clk 0:08:15] } 14. Kd1 { [%clk 0:07:55] }
14... Qxd2+ { [%clk 0:08:12] } 15. Bxd2 { [%clk 0:07:53] } 15... Nxa1
{ [%clk 0:08:10] } 16. Nf3 { [%clk 0:07:36] } 16... g6 { [%clk 0:08:05] } 17.
Bxf7 { [%clk 0:07:33] } 17... Rf5 { [%clk 0:07:57] } 18. Bc4 { [%clk 0:07:25] }
18... Bh6 { [%clk 0:07:54] } 19. Ke2 { [%clk 0:07:09] } 19... Nc2
{ [%clk 0:07:51] } 20. a3 { [%clk 0:06:54] } 20... Bxd2 { [%clk 0:07:48] } 21.
Nxd2 { [%clk 0:06:53] } 21... Nd4+ { [%clk 0:07:47] } 22. Kd1
{ [%clk 0:06:48] } 22... Rxf2 { [%clk 0:07:38] } 23. Ne4 { [%clk 0:06:43] }
23... Rxb2 { [%clk 0:07:34] } 24. Nxc5 { [%clk 0:06:40] } 24... Nh6
{ [%clk 0:07:20] } 25. Rf1 { [%clk 0:06:24] } 25... Rxg2 { [%clk 0:07:14] } 26.
Bd5 { [%clk 0:06:03] } 26... Rg5 { [%clk 0:07:01] } 27. Be6+ { [%clk 0:05:22] }
27... Nxe6 { [%clk 0:06:57] } 28. Nxe6 { [%clk 0:05:21] } 28... Rd5
{ [%clk 0:06:51] } 29. Kd2 { [%clk 0:05:16] } 29... Nf5 { [%clk 0:06:45] } 30.
Nf4 { [%clk 0:05:07] } 30... Ra5 { [%clk 0:06:36] } 31. Rc1+ { [%clk 0:05:05] }
31... Kb8 { [%clk 0:06:35] } 32. Rc3 { [%clk 0:04:56] } 32... Rc8
{ [%clk 0:06:34] } 33. Rb3 { [%clk 0:04:50] } 33... Nd4 { [%clk 0:06:27] } 34.
Rb4 { [%clk 0:04:43] } 34... Nf3+ { [%clk 0:06:22] } 35. Ke3 { [%clk 0:04:39] }
35... Nxh2 { [%clk 0:06:18] } 36. a4 { [%clk 0:04:30] } 36... Nf1+
{ [%clk 0:06:12] } 37. Kf3 { [%clk 0:04:23] } 37... Rf8 { [%clk 0:06:07] } 38.
Kg4 { [%clk 0:04:17] } 38... Ne3+ { [%clk 0:06:02] } 39. Kg3 { [%clk 0:04:11] }
39... Nf5+ { [%clk 0:05:47] } 40. Kg4 { [%clk 0:04:05] } 40... Ne3+
{ [%clk 0:05:44] } 41. Kg3 { [%clk 0:04:02] } 41... Rg5+ { [%clk 0:05:40] } 42.
Kf3 { [%clk 0:03:59] } 42... Nd5 { [%clk 0:05:33] } 43. a5 { [%clk 0:03:47] }
43... Nxb4 { [%clk 0:05:27] } 44. d4 { [%clk 0:03:45] } 44... Nd5
{ [%clk 0:05:25] } 45. Ke4 { [%clk 0:03:43] } 45... Nxf4 { [%clk 0:05:22] } 46.
d5 { [%clk 0:03:41] } 46... Nxd5 { [%clk 0:05:19] } 47. Kd4 { [%clk 0:03:39] }
47... Rf4+ { [%clk 0:05:18] } 48. Kc5 { [%clk 0:03:36] } 48... Ne3+
{ [%clk 0:05:15] } 49. Kb6 { [%clk 0:03:34] } 49... Rb4# { [%clk 0:05:12] } 0-1"
Rated Rapid game,https://lichess.org/DzdIg6v7,2024.08.01,-,yangon2024,LEXXX1978,1-0,2024.08.01,08:44:06,1517,1470,,,B20,Sicilian Defense,600+0,Normal,"1. e4 { [%clk 0:10:00] } 1... c5 { [%clk 0:10:00] } 2. d3 { [%clk 0:09:58] }
2... e6 { [%clk 0:09:57] } 3. Nf3 { [%clk 0:09:57] } 3... Nc6
{ [%clk 0:09:55] } 4. Nc3 { [%clk 0:09:53] } 4... Nf6 { [%clk 0:09:46] } 5. Be2
{ [%clk 0:09:51] } 5... d5 { [%clk 0:09:37] } 6. e5 { [%clk 0:09:48] } 6... Nd7
{ [%clk 0:09:32] } 7. d4 { [%clk 0:09:39] } 7... cxd4 { [%clk 0:09:30] } 8.
Nxd4 { [%clk 0:09:38] } 8... Ndxe5 { [%clk 0:09:23] } 9. Nxc6
{ [%clk 0:09:33] } 9... Nxc6 { [%clk 0:09:19] } 10. Bb5 { [%clk 0:09:32] }
10... Bd7 { [%clk 0:09:14] } 11. O-O { [%clk 0:09:31] } 11... a6
{ [%clk 0:09:06] } 12. Ba4 { [%clk 0:09:29] } 12... b5 { [%clk 0:09:04] } 13.
Bb3 { [%clk 0:09:27] } 13... b4 { [%clk 0:08:56] } 14. Nb1 { [%clk 0:09:22] }
14... a5 { [%clk 0:08:54] } 15. a3 { [%clk 0:09:21] } 15... a4
{ [%clk 0:08:50] } 16. Ba2 { [%clk 0:09:18] } 16... Rb8 { [%clk 0:08:27] } 17.
Re1 { [%clk 0:09:15] } 17... b3 { [%clk 0:08:22] } 18. cxb3 { [%clk 0:09:12] }
18... axb3 { [%clk 0:08:07] } 19. Qxd5 { [%clk 0:09:10] } 19... bxa2
{ [%clk 0:07:37] } 20. Rxa2 { [%clk 0:09:07] } 20... Be7 { [%clk 0:07:22] } 21.
Qf3 { [%clk 0:08:55] } 21... O-O { [%clk 0:07:09] } 22. Bf4 { [%clk 0:08:53] }
22... Nd4 { [%clk 0:06:51] } 23. Qd3 { [%clk 0:08:43] } 23... Bb5
{ [%clk 0:06:24] } 24. Qd2 { [%clk 0:08:27] } 24... Rb7 { [%clk 0:05:35] } 25.
Nc3 { [%clk 0:08:24] } 25... Bc4 { [%clk 0:05:13] } 26. Be3 { [%clk 0:08:09] }
26... Bxa2 { [%clk 0:04:39] } 27. Bxd4 { [%clk 0:08:04] } 27... Rd7
{ [%clk 0:04:21] } 28. Nxa2 { [%clk 0:08:01] } 28... Rxd4 { [%clk 0:04:18] }
29. Qc3 { [%clk 0:07:58] } 29... Rd1 { [%clk 0:04:02] } 30. h3
{ [%clk 0:07:56] } 30... Rxe1+ { [%clk 0:03:37] } 31. Qxe1 { [%clk 0:07:54] }
31... Bc5 { [%clk 0:03:28] } 32. b4 { [%clk 0:07:51] } 32... Bb6
{ [%clk 0:03:22] } 33. a4 { [%clk 0:07:45] } 33... Qd4 { [%clk 0:03:11] } 34.
a5 { [%clk 0:07:43] } 34... Ba7 { [%clk 0:03:05] } 35. b5 { [%clk 0:07:41] }
35... Rd8 { [%clk 0:02:50] } 36. b6 { [%clk 0:07:37] } 36... Bb8
{ [%clk 0:02:45] } 37. Nc3 { [%clk 0:07:29] } 37... Bg3 { [%clk 0:02:31] } 38.
Ne2 { [%clk 0:07:13] } 38... Qd1 { [%clk 0:02:19] } 39. Kf1 { [%clk 0:07:07] }
39... Qxe1+ { [%clk 0:02:04] } 40. Kxe1 { [%clk 0:07:05] } 40... Bd6
{ [%clk 0:01:54] } 41. a6 { [%clk 0:07:03] } 41... Ra8 { [%clk 0:01:46] } 42.
a7 { [%clk 0:07:01] } 42... Bc5 { [%clk 0:01:44] } 43. b7 { [%clk 0:07:00] }
43... Bb4+ { [%clk 0:01:17] } 44. Kd1 { [%clk 0:06:58] } 44... Rd8+
{ [%clk 0:01:15] } 45. Kc2 { [%clk 0:06:57] } 45... Rd2+ { [%clk 0:00:58] } 46.
Kb3 { [%clk 0:06:54] } 1-0"
Rated Rapid game,https://lichess.org/nQ92XbVX,2024.08.01,-,micprotorama,EmpressPurple,0-1,2024.08.01,08:44:06,1873,1877,,,A41,Queen's Pawn Game,600+0,Normal,"1. d4 { [%clk 0:10:00] } 1... d6 { [%clk 0:10:00] } 2. e3 { [%clk 0:09:59] }
2... Nf6 { [%clk 0:09:56] } 3. Nf3 { [%clk 0:09:57] } 3... g6
{ [%clk 0:09:47] } 4. h3 { [%clk 0:09:56] } 4... Bg7 { [%clk 0:09:40] } 5. Bd3
{ [%clk 0:09:55] } 5... O-O { [%clk 0:09:38] } 6. Nbd2 { [%clk 0:09:48] } 6...
Nbd7 { [%clk 0:09:20] } 7. c4 { [%clk 0:09:42] } 7... e5 { [%clk 0:09:15] } 8.
e4 { [%clk 0:09:28] } 8... exd4 { [%clk 0:09:09] } 9. Nxd4 { [%clk 0:09:24] }
9... Ne5 { [%clk 0:09:03] } 10. Bc2 { [%clk 0:09:16] } 10... c5
{ [%clk 0:08:54] } 11. N4f3 { [%clk 0:09:07] } 11... Nxf3+ { [%clk 0:08:51] }
12. Nxf3 { [%clk 0:09:05] } 12... Re8 { [%clk 0:08:50] } 13. O-O
{ [%clk 0:09:02] } 13... Be6 { [%clk 0:08:46] } 14. e5 { [%clk 0:08:56] } 14...
dxe5 { [%clk 0:08:40] } 15. Qe1 { [%clk 0:08:47] } 15... Bxc4
{ [%clk 0:08:20] } 16. Bg5 { [%clk 0:08:36] } 16... Bxf1 { [%clk 0:08:18] } 17.
Qxf1 { [%clk 0:08:34] } 17... e4 { [%clk 0:08:11] } 18. Nh4 { [%clk 0:08:26] }
18... Qb6 { [%clk 0:07:56] } 19. b3 { [%clk 0:08:19] } 19... Nd5
{ [%clk 0:07:50] } 20. Rd1 { [%clk 0:08:05] } 20... Nc3 { [%clk 0:07:35] } 21.
Re1 { [%clk 0:07:39] } 21... h6 { [%clk 0:07:22] } 22. Be3 { [%clk 0:07:34] }
22... Qf6 { [%clk 0:06:57] } 23. g3 { [%clk 0:07:25] } 23... Nd5
{ [%clk 0:06:43] } 24. Bxc5 { [%clk 0:07:17] } 24... Qc3 { [%clk 0:06:34] } 25.
Bxe4 { [%clk 0:06:33] } 25... Qxc5 { [%clk 0:06:23] } 26. Bd3
{ [%clk 0:06:20] } 26... Rxe1 { [%clk 0:06:21] } 27. Qxe1 { [%clk 0:06:18] }
27... Qc3 { [%clk 0:06:15] } 28. Bc4 { [%clk 0:06:15] } 0-1"
Rated Rapid game,https://lichess.org/7yqDkl9C,2024.08.01,-,vint_34rus,copperbar,1-0,2024.08.01,08:44:06,1610,1626,,,D00,Blackmar-Diemer Gambit,600+0,Normal,"1. d4 { [%clk 0:10:00] } 1... d5 { [%clk 0:10:00] } 2. e4 { [%clk 0:09:58] }
2... dxe4 { [%clk 0:09:58] } 3. Nc3 { [%clk 0:09:57] } 3... Nf6
{ [%clk 0:09:56] } 4. d5 { [%clk 0:09:56] } 4... h6 { [%clk 0:09:37] } 5. Bc4
{ [%clk 0:09:51] } 5... e6 { [%clk 0:09:29] } 6. a3 { [%clk 0:09:49] } 6...
exd5 { [%clk 0:09:27] } 7. Bxd5 { [%clk 0:09:36] } 7... Nxd5 { [%clk 0:09:24] }
8. Nxd5 { [%clk 0:09:35] } 8... Be6 { [%clk 0:09:19] } 9. c4 { [%clk 0:09:29] }
9... Bxd5 { [%clk 0:09:18] } 10. cxd5 { [%clk 0:09:24] } 10... Be7
{ [%clk 0:09:16] } 11. Qa4+ { [%clk 0:09:22] } 11... Qd7 { [%clk 0:09:11] } 12.
Qxe4 { [%clk 0:09:19] } 12... O-O { [%clk 0:09:06] } 13. Nf3 { [%clk 0:09:13] }
13... Re8 { [%clk 0:09:05] } 14. O-O { [%clk 0:09:09] } 14... Bd6
{ [%clk 0:08:51] } 15. Qc4 { [%clk 0:08:52] } 15... a6 { [%clk 0:08:42] } 16.
b4 { [%clk 0:08:44] } 16... b5 { [%clk 0:08:40] } 17. Qd3 { [%clk 0:08:28] }
17... c6 { [%clk 0:08:34] } 18. Bb2 { [%clk 0:08:23] } 18... c5
{ [%clk 0:08:20] } 19. Qc3 { [%clk 0:08:16] } 19... f6 { [%clk 0:08:15] } 20.
bxc5 { [%clk 0:08:14] } 20... Be5 { [%clk 0:08:14] } 21. Nxe5
{ [%clk 0:08:12] } 21... fxe5 { [%clk 0:08:12] } 22. Qd3 { [%clk 0:08:01] }
22... e4 { [%clk 0:08:07] } 23. Qd4 { [%clk 0:07:55] } 23... a5
{ [%clk 0:07:58] } 24. Rad1 { [%clk 0:07:33] } 24... b4 { [%clk 0:07:53] } 25.
d6 { [%clk 0:07:25] } 25... Nc6 { [%clk 0:07:47] } 26. Qd5+ { [%clk 0:07:23] }
26... Kh8 { [%clk 0:07:41] } 27. Rfe1 { [%clk 0:07:10] } 27... bxa3
{ [%clk 0:07:21] } 28. Bxa3 { [%clk 0:07:08] } 28... Nb4 { [%clk 0:07:20] } 29.
Bxb4 { [%clk 0:06:46] } 29... axb4 { [%clk 0:07:18] } 30. c6 { [%clk 0:06:43] }
30... Qg4 { [%clk 0:07:01] } 31. h3 { [%clk 0:06:18] } 31... Qg5
{ [%clk 0:06:51] } 32. Qc4 { [%clk 0:06:05] } 32... e3 { [%clk 0:06:45] } 33.
fxe3 { [%clk 0:05:55] } 33... Rxe3 { [%clk 0:06:41] } 34. Qxb4
{ [%clk 0:05:49] } 34... Rxe1+ { [%clk 0:06:36] } 35. Qxe1 { [%clk 0:05:47] }
35... Qc5+ { [%clk 0:06:33] } 36. Kh1 { [%clk 0:05:42] } 36... Qxc6
{ [%clk 0:06:31] } 37. d7 { [%clk 0:05:40] } 37... Qc7 { [%clk 0:06:21] } 38.
Qe8+ { [%clk 0:05:24] } 38... Rxe8 { [%clk 0:06:17] } 39. dxe8=Q+
{ [%clk 0:05:22] } 39... Kh7 { [%clk 0:06:15] } 40. Re1 { [%clk 0:05:12] }
40... Qg3 { [%clk 0:06:10] } 41. Qe4+ { [%clk 0:05:06] } 41... Kh8
{ [%clk 0:06:05] } 42. Re2 { [%clk 0:04:52] } 42... Qc3 { [%clk 0:05:38] } 43.
Rc2 { [%clk 0:04:46] } 43... Qa1+ { [%clk 0:05:34] } 44. Kh2 { [%clk 0:04:42] }
44... Qd1 { [%clk 0:05:21] } 45. Rc8+ { [%clk 0:04:37] } 1-0"
Rated Rapid game,https://lichess.org/2wmhQC7A,2024.08.01,-,RomanSemka,karrar4414,1-0,2024.08.01,08:44:06,1423,1464,,,C50,Italian Game: Anti-Fried Liver Defense,600+0,Normal,"1. e4 { [%clk 0:10:00] } 1... e5 { [%clk 0:10:00] } 2. Nf3 { [%clk 0:09:59] }
2... Nc6 { [%clk 0:09:58] } 3. Bc4 { [%clk 0:09:56] } 3... h6
{ [%clk 0:09:57] } 4. d4 { [%clk 0:09:54] } 4... exd4 { [%clk 0:09:55] } 5.
Nxd4 { [%clk 0:09:52] } 5... Nxd4 { [%clk 0:09:55] } 6. Qxd4 { [%clk 0:09:51] }
6... c5 { [%clk 0:09:54] } 7. Qd5 { [%clk 0:09:45] } 7... Qe7
{ [%clk 0:09:50] } 8. O-O { [%clk 0:09:42] } 8... Nf6 { [%clk 0:09:48] } 9. Qd3
{ [%clk 0:09:33] } 9... g6 { [%clk 0:09:40] } 10. h3 { [%clk 0:09:27] } 10...
Bg7 { [%clk 0:09:39] } 11. Re1 { [%clk 0:09:25] } 11... O-O { [%clk 0:09:39] }
12. e5 { [%clk 0:09:24] } 12... d6 { [%clk 0:09:31] } 13. Bf4
{ [%clk 0:09:11] } 13... Bf5 { [%clk 0:09:18] } 14. Qf3 { [%clk 0:08:51] }
14... Nh7 { [%clk 0:08:55] } 15. Nc3 { [%clk 0:08:47] } 15... Qc7
{ [%clk 0:08:41] } 16. exd6 { [%clk 0:08:34] } 16... Qb6 { [%clk 0:08:30] } 17.
Nd5 { [%clk 0:08:21] } 17... Qd8 { [%clk 0:08:13] } 18. Ne7+ { [%clk 0:08:15] }
18... Kh8 { [%clk 0:08:08] } 19. Nxf5 { [%clk 0:08:11] } 19... gxf5
{ [%clk 0:08:05] } 20. c3 { [%clk 0:08:04] } 20... Nf6 { [%clk 0:07:52] } 21.
Re7 { [%clk 0:07:46] } 21... Kg8 { [%clk 0:07:32] } 22. Rxb7 { [%clk 0:07:38] }
22... Ne4 { [%clk 0:07:22] } 23. d7 { [%clk 0:07:22] } 23... Nf6
{ [%clk 0:07:18] } 24. Rd1 { [%clk 0:07:16] } 24... a5 { [%clk 0:07:11] } 25.
Bb5 { [%clk 0:07:02] } 25... Rb8 { [%clk 0:06:59] } 26. Bxb8 { [%clk 0:06:59] }
26... Ne4 { [%clk 0:06:40] } 1-0"
Rated Rapid game,https://lichess.org/GExMvf4U,2024.08.01,-,PlayThatFunkyMusic88,alou88,0-1,2024.08.01,08:44:06,1308,1317,,,C50,Italian Game: Anti-Fried Liver Defense,600+0,Normal,"1. e4 { [%clk 0:10:00] } 1... e5 { [%clk 0:10:00] } 2. Nf3 { [%clk 0:09:59] }
2... Nc6 { [%clk 0:09:57] } 3. Bc4 { [%clk 0:09:57] } 3... h6
{ [%clk 0:09:40] } 4. O-O { [%clk 0:09:55] } 4... g5 { [%clk 0:09:36] } 5. h3
{ [%clk 0:09:46] } 5... d6 { [%clk 0:09:31] } 6. Nc3 { [%clk 0:09:43] } 6... g4
{ [%clk 0:09:19] } 7. hxg4 { [%clk 0:09:35] } 7... Bxg4 { [%clk 0:09:11] } 8.
Be2 { [%clk 0:09:34] } 8... h5 { [%clk 0:09:06] } 9. Nh2 { [%clk 0:09:30] }
9... Nd4 { [%clk 0:08:54] } 10. f3 { [%clk 0:09:26] } 10... Nxe2+
{ [%clk 0:08:25] } 11. Qxe2 { [%clk 0:09:19] } 11... c6 { [%clk 0:08:18] } 12.
Nxg4 { [%clk 0:09:09] } 12... hxg4 { [%clk 0:08:11] } 13. fxg4
{ [%clk 0:09:09] } 13... Qh4 { [%clk 0:08:07] } 14. Qf3 { [%clk 0:08:47] }
14... f6 { [%clk 0:07:46] } 15. d3 { [%clk 0:08:41] } 15... d5
{ [%clk 0:07:39] } 16. exd5 { [%clk 0:08:34] } 16... Bc5+ { [%clk 0:07:30] }
17. Be3 { [%clk 0:08:29] } 17... Qh1+ { [%clk 0:07:15] } 18. Kf2
{ [%clk 0:08:26] } 18... Bxe3+ { [%clk 0:07:04] } 19. Qxe3 { [%clk 0:08:07] }
19... Qh4+ { [%clk 0:06:56] } 20. Qg3 { [%clk 0:07:53] } 20... Qg5
{ [%clk 0:06:32] } 21. Ne4 { [%clk 0:07:35] } 21... Qh4 { [%clk 0:06:12] } 22.
Qxh4 { [%clk 0:07:26] } 22... Rxh4 { [%clk 0:06:12] } 23. Kg3
{ [%clk 0:07:17] } 23... Rh6 { [%clk 0:05:58] } 24. Nd6+ { [%clk 0:07:14] }
24... Kd7 { [%clk 0:05:41] } 25. Nf5 { [%clk 0:07:05] } 25... Rg6
{ [%clk 0:05:38] } 26. d6 { [%clk 0:06:57] } 26... Nh6 { [%clk 0:05:12] } 27.
c4 { [%clk 0:06:48] } 27... Nxf5+ { [%clk 0:05:08] } 28. Rxf5
{ [%clk 0:06:46] } 28... Rag8 { [%clk 0:05:00] } 29. Rh1 { [%clk 0:06:18] }
29... Rxg4+ { [%clk 0:04:56] } 30. Kf2 { [%clk 0:06:14] } 30... Rxg2+
{ [%clk 0:04:46] } 31. Kf1 { [%clk 0:06:11] } 31... Rxb2 { [%clk 0:04:23] } 32.
Rxf6 { [%clk 0:06:10] } 32... Rb1+ { [%clk 0:04:17] } 33. Ke2
{ [%clk 0:05:54] } 33... Rxh1 { [%clk 0:04:14] } 34. Rf7+ { [%clk 0:05:52] }
34... Ke6 { [%clk 0:04:11] } 35. Re7+ { [%clk 0:05:49] } 35... Kxd6
{ [%clk 0:04:08] } 36. Rxb7 { [%clk 0:05:48] } 36... Rh3 { [%clk 0:04:00] } 37.
Rxa7 { [%clk 0:05:45] } 37... Rg2+ { [%clk 0:03:57] } 38. Kf1
{ [%clk 0:05:39] } 38... Rb2 { [%clk 0:03:49] } 39. Kg1 { [%clk 0:05:35] }
39... Rxd3 { [%clk 0:03:43] } 40. Rf7 { [%clk 0:05:29] } 40... e4
{ [%clk 0:03:33] } 41. Rf6+ { [%clk 0:05:28] } 41... Ke5 { [%clk 0:03:30] } 42.
Rf1 { [%clk 0:05:20] } 42... e3 { [%clk 0:03:27] } 43. Rf8 { [%clk 0:04:55] }
43... Kd4 { [%clk 0:03:19] } 44. Rf4+ { [%clk 0:04:52] } 44... Kc3
{ [%clk 0:03:15] } 45. c5 { [%clk 0:04:48] } 45... e2 { [%clk 0:03:11] } 0-1"
Rated Rapid game,https://lichess.org/chYLw2B4,2024.08.01,-,aalcalina,geir1234,1-0,2024.08.01,08:44:02,1494,1511,,,B00,"Nimzowitsch Defense: Scandinavian Variation, Advance Variation",600+0,Normal,"1. e4 { [%clk 0:10:00] } 1... Nc6 { [%clk 0:10:00] } 2. d4 { [%clk 0:09:57] }
2... d5 { [%clk 0:09:57] } 3. e5 { [%clk 0:09:55] } 3... Bf5 { [%clk 0:09:48] }
4. a3 { [%clk 0:09:51] } 4... e6 { [%clk 0:09:47] } 5. Nf3 { [%clk 0:09:48] }
5... Nge7 { [%clk 0:09:38] } 6. Bb5 { [%clk 0:09:45] } 6... a6
{ [%clk 0:09:22] } 7. Bxc6+ { [%clk 0:09:44] } 7... Nxc6 { [%clk 0:09:19] } 8.
c3 { [%clk 0:09:42] } 8... Be7 { [%clk 0:09:17] } 9. h3 { [%clk 0:09:41] } 9...
O-O { [%clk 0:09:17] } 10. O-O { [%clk 0:09:39] } 10... Bh4 { [%clk 0:08:43] }
11. Be3 { [%clk 0:09:23] } 11... f6 { [%clk 0:08:40] } 12. Nxh4
{ [%clk 0:09:20] } 12... fxe5 { [%clk 0:08:37] } 13. Nxf5 { [%clk 0:09:17] }
13... Rxf5 { [%clk 0:08:33] } 14. Qg4 { [%clk 0:09:07] } 14... Qf6
{ [%clk 0:08:29] } 15. dxe5 { [%clk 0:09:02] } 15... Nxe5 { [%clk 0:08:24] }
16. Qb4 { [%clk 0:08:52] } 16... Qg6 { [%clk 0:08:19] } 17. Kh1
{ [%clk 0:08:31] } 17... Qh5 { [%clk 0:07:46] } 18. Qxb7 { [%clk 0:08:13] }
18... Raf8 { [%clk 0:07:39] } 19. Qxc7 { [%clk 0:07:47] } 19... Ng4
{ [%clk 0:07:35] } 20. Qg3 { [%clk 0:07:31] } 20... Rg5 { [%clk 0:07:10] } 21.
Bxg5 { [%clk 0:07:26] } 1-0"
Rated Rapid game,https://lichess.org/rmxh8x1C,2024.08.01,-,Vasya_Vasilev,yuppi2,0-1,2024.08.01,08:44:02,1481,1402,,,C02,French Defense: Advance Variation,600+0,Normal,"1. e4 { [%clk 0:10:00] } 1... e6 { [%clk 0:10:00] } 2. d4 { [%clk 0:09:56] }
2... d5 { [%clk 0:09:58] } 3. e5 { [%clk 0:09:53] } 3... c5 { [%clk 0:09:57] }
4. f4 { [%clk 0:09:44] } 4... Qb6 { [%clk 0:09:45] } 5. Nf3 { [%clk 0:09:41] }
5... Ne7 { [%clk 0:09:41] } 6. b3 { [%clk 0:09:33] } 6... Nf5
{ [%clk 0:09:40] } 7. Bd3 { [%clk 0:09:20] } 7... Be7 { [%clk 0:09:34] } 8. O-O
{ [%clk 0:09:12] } 8... cxd4 { [%clk 0:09:24] } 9. Kh1 { [%clk 0:09:03] } 9...
O-O { [%clk 0:09:13] } 10. Bxf5 { [%clk 0:08:54] } 10... exf5
{ [%clk 0:09:07] } 11. Nxd4 { [%clk 0:08:46] } 11... Bc5 { [%clk 0:08:50] } 12.
Nf3 { [%clk 0:08:29] } 12... Nc6 { [%clk 0:08:47] } 13. Ng5 { [%clk 0:08:21] }
13... h6 { [%clk 0:08:39] } 14. Nf3 { [%clk 0:08:04] } 14... Nd4
{ [%clk 0:08:24] } 15. c3 { [%clk 0:07:46] } 15... Nxf3 { [%clk 0:08:10] } 16.
Qxf3 { [%clk 0:07:41] } 16... d4 { [%clk 0:08:05] } 17. c4 { [%clk 0:07:34] }
17... Qd8 { [%clk 0:07:31] } 18. Qd3 { [%clk 0:07:28] } 18... Bd7
{ [%clk 0:07:23] } 19. Nd2 { [%clk 0:07:23] } 19... b5 { [%clk 0:07:22] } 20.
Nf3 { [%clk 0:07:16] } 20... bxc4 { [%clk 0:07:15] } 21. bxc4
{ [%clk 0:07:12] } 21... Bc6 { [%clk 0:07:11] } 22. Nh4 { [%clk 0:07:01] }
22... Qxh4 { [%clk 0:06:47] } 23. h3 { [%clk 0:06:41] } 23... g5
{ [%clk 0:06:39] } 24. Kh2 { [%clk 0:06:37] } 24... gxf4 { [%clk 0:06:31] } 25.
Bxf4 { [%clk 0:06:14] } 25... Kh7 { [%clk 0:06:13] } 26. Bg3 { [%clk 0:06:09] }
26... Qg5 { [%clk 0:06:07] } 27. Rxf5 { [%clk 0:06:01] } 27... Qg6
{ [%clk 0:05:41] } 28. h4 { [%clk 0:05:43] } 28... Bd7 { [%clk 0:05:26] } 29.
h5 { [%clk 0:05:36] } 29... Qxf5 { [%clk 0:05:16] } 0-1"
Rated Rapid game,https://lichess.org/YeSL87m6,2024.08.01,-,KyKyshkaKunai228,clygm,1-0,2024.08.01,08:44:02,771,703,,,C40,King's Pawn Game: Busch-Gass Gambit,600+0,Normal,"1. e4 { [%clk 0:10:00] } 1... e5 { [%clk 0:10:00] } 2. Nf3 { [%clk 0:09:58] }
2... Bc5 { [%clk 0:10:00] } 3. Nc3 { [%clk 0:09:46] } 3... d5
{ [%clk 0:09:54] } 4. d3 { [%clk 0:09:43] } 4... dxe4 { [%clk 0:09:51] } 5.
dxe4 { [%clk 0:09:42] } 5... Qe7 { [%clk 0:09:42] } 6. Bg5 { [%clk 0:09:35] }
6... f6 { [%clk 0:09:37] } 7. Bh4 { [%clk 0:09:33] } 7... g5 { [%clk 0:09:30] }
8. Bg3 { [%clk 0:09:27] } 8... Nh6 { [%clk 0:09:19] } 9. Nd5 { [%clk 0:09:24] }
9... Qd6 { [%clk 0:09:08] } 10. c4 { [%clk 0:09:14] } 10... Bb4+
{ [%clk 0:09:02] } 11. Nd2 { [%clk 0:09:07] } 11... Bc5 { [%clk 0:08:50] } 12.
Qa4+ { [%clk 0:09:03] } 12... c6 { [%clk 0:08:41] } 13. O-O-O
{ [%clk 0:08:53] } 13... b5 { [%clk 0:08:29] } 14. cxb5 { [%clk 0:08:51] }
14... cxd5 { [%clk 0:08:25] } 15. b6+ { [%clk 0:08:49] } 15... Nc6
{ [%clk 0:08:12] } 16. Nf3 { [%clk 0:08:37] } 16... Bxb6 { [%clk 0:08:05] } 17.
Rxd5 { [%clk 0:08:27] } 17... Qe6 { [%clk 0:07:48] } 18. Bc4 { [%clk 0:08:23] }
18... Bd7 { [%clk 0:07:39] } 19. Rc5 { [%clk 0:08:10] } 19... Nd4
{ [%clk 0:07:35] } 20. Nxd4 { [%clk 0:08:05] } 20... exd4 { [%clk 0:07:33] }
21. Qa6 { [%clk 0:07:48] } 21... Qxe4 { [%clk 0:07:12] } 22. Rc8+
{ [%clk 0:07:37] } 22... Bxc8 { [%clk 0:07:04] } 23. Qxb6 { [%clk 0:07:29] }
23... Bd7 { [%clk 0:06:56] } 24. Qxf6 { [%clk 0:07:20] } 24... Qxg2
{ [%clk 0:06:42] } 25. Qxh8+ { [%clk 0:07:16] } 25... Ke7 { [%clk 0:06:37] }
26. Re1+ { [%clk 0:07:14] } 26... Be6 { [%clk 0:06:24] } 27. Qxa8
{ [%clk 0:07:07] } 27... Qxa8 { [%clk 0:04:43] } 28. Rxe6+ { [%clk 0:06:55] }
28... Kd7 { [%clk 0:04:35] } 29. Rxh6 { [%clk 0:06:50] } 29... Qc8
{ [%clk 0:04:24] } 30. Rd6+ { [%clk 0:06:43] } 30... Kc7 { [%clk 0:04:14] } 31.
Rh6+ { [%clk 0:06:35] } 31... Kb7 { [%clk 0:04:12] } 32. Rxh7+
{ [%clk 0:06:33] } 32... Qc7 { [%clk 0:04:10] } 33. Rxc7+ { [%clk 0:06:30] }
33... Kb6 { [%clk 0:04:08] } 34. Rh7 { [%clk 0:06:18] } 34... a5
{ [%clk 0:04:07] } 35. Rh6+ { [%clk 0:06:10] } 35... Kc5 { [%clk 0:04:06] } 36.
Bf7 { [%clk 0:06:05] } 36... a4 { [%clk 0:04:02] } 37. a3 { [%clk 0:06:03] }
37... g4 { [%clk 0:04:00] } 38. b4+ { [%clk 0:06:01] } 38... Kb5
{ [%clk 0:03:51] } 39. Be8+ { [%clk 0:05:57] } 39... Kc4 { [%clk 0:03:48] } 40.
Rc6+ { [%clk 0:05:51] } 40... Kb3 { [%clk 0:03:45] } 41. Bf7+
{ [%clk 0:05:37] } 41... Kxa3 { [%clk 0:03:44] } 42. b5 { [%clk 0:05:34] }
42... Kb4 { [%clk 0:03:40] } 43. b6 { [%clk 0:05:32] } 43... Kb5
{ [%clk 0:03:40] } 44. Be8 { [%clk 0:05:21] } 44... a3 { [%clk 0:03:40] } 45.
b7 { [%clk 0:05:19] } 45... Kb4 { [%clk 0:03:37] } 46. Kb1 { [%clk 0:05:18] }
46... Kb3 { [%clk 0:03:37] } 47. b8=Q+ { [%clk 0:05:16] } 47... Ka4
{ [%clk 0:03:33] } 48. Rc4+ { [%clk 0:05:14] } 48... Ka5 { [%clk 0:03:23] } 49.
Rc5+ { [%clk 0:05:07] } 1-0"
Rated Rapid game,https://lichess.org/JD1byMQP,2024.08.01,-,Bazelaig,franpeso,0-1,2024.08.01,08:44:02,1824,1748,,,D00,Queen's Pawn Game: Accelerated London System,600+0,Time forfeit,"1. d4 { [%clk 0:10:00] } 1... d5 { [%clk 0:10:00] } 2. Bf4 { [%clk 0:10:00] }
2... Bf5 { [%clk 0:09:58] } 3. Nf3 { [%clk 0:09:59] } 3... e6
{ [%clk 0:09:56] } 4. e3 { [%clk 0:09:57] } 4... Bd6 { [%clk 0:09:50] } 5. Bg3
{ [%clk 0:09:52] } 5... Nf6 { [%clk 0:09:45] } 6. c4 { [%clk 0:09:49] } 6... c6
{ [%clk 0:09:41] } 7. Qb3 { [%clk 0:09:44] } 7... Bxg3 { [%clk 0:09:16] } 8.
hxg3 { [%clk 0:09:42] } 8... Qc7 { [%clk 0:09:05] } 9. Ne5 { [%clk 0:09:27] }
9... Nbd7 { [%clk 0:08:56] } 10. f4 { [%clk 0:09:21] } 10... Ne4
{ [%clk 0:08:41] } 11. g4 { [%clk 0:08:58] } 11... Nxe5 { [%clk 0:08:28] } 12.
gxf5 { [%clk 0:08:54] } 12... Nxc4 { [%clk 0:08:08] } 13. Bxc4
{ [%clk 0:08:47] } 13... dxc4 { [%clk 0:08:01] } 14. Qxc4 { [%clk 0:08:44] }
14... Nd6 { [%clk 0:07:57] } 15. Qd3 { [%clk 0:08:38] } 15... Nxf5
{ [%clk 0:07:48] } 16. g4 { [%clk 0:08:22] } 16... Nd6 { [%clk 0:07:30] } 17.
Rxh7 { [%clk 0:08:19] } 17... Rxh7 { [%clk 0:07:17] } 18. Qxh7
{ [%clk 0:08:17] } 18... O-O-O { [%clk 0:06:53] } 19. Qxg7 { [%clk 0:08:13] }
19... Ne4 { [%clk 0:06:39] } 20. Qe5 { [%clk 0:07:23] } 20... Nd6
{ [%clk 0:06:23] } 21. Nc3 { [%clk 0:07:16] } 21... Qb6 { [%clk 0:06:07] } 22.
Rb1 { [%clk 0:06:23] } 22... Nc4 { [%clk 0:05:57] } 23. Qe4 { [%clk 0:06:07] }
23... Nd6 { [%clk 0:05:34] } 24. Qc2 { [%clk 0:05:54] } 24... Rh8
{ [%clk 0:05:25] } 25. Qg2 { [%clk 0:05:37] } 25... Nc4 { [%clk 0:05:15] } 26.
Ke2 { [%clk 0:04:46] } 26... Qa6 { [%clk 0:05:02] } 27. Kf3 { [%clk 0:04:39] }
27... Qa5 { [%clk 0:04:27] } 28. b4 { [%clk 0:04:15] } 28... Qa3
{ [%clk 0:04:17] } 29. Rb3 { [%clk 0:04:09] } 29... Qc1 { [%clk 0:03:48] } 30.
Ne2 { [%clk 0:03:50] } 30... Qc2 { [%clk 0:03:27] } 31. Rc3 { [%clk 0:03:22] }
31... Nd2+ { [%clk 0:03:15] } 32. Kg3 { [%clk 0:02:56] } 32... Qxa2
{ [%clk 0:03:06] } 33. Rxc6+ { [%clk 0:02:36] } 33... bxc6 { [%clk 0:02:57] }
34. Qxc6+ { [%clk 0:02:35] } 34... Kd8 { [%clk 0:02:54] } 35. Qa8+
{ [%clk 0:02:30] } 35... Ke7 { [%clk 0:02:52] } 36. Qxh8 { [%clk 0:02:29] }
36... Qd5 { [%clk 0:02:37] } 37. Qh4+ { [%clk 0:02:25] } 37... Kd6
{ [%clk 0:02:28] } 38. Qd8+ { [%clk 0:02:23] } 38... Kc6 { [%clk 0:02:23] } 39.
Qa8+ { [%clk 0:02:15] } 39... Kd6 { [%clk 0:02:18] } 40. Qxd5+
{ [%clk 0:02:08] } 40... Kxd5 { [%clk 0:02:08] } 41. g5 { [%clk 0:01:24] }
41... Ne4+ { [%clk 0:01:59] } 42. Kf3 { [%clk 0:01:22] } 42... Nd6
{ [%clk 0:01:57] } 43. Nc3+ { [%clk 0:01:12] } 43... Kc4 { [%clk 0:01:54] } 44.
Ne4 { [%clk 0:01:11] } 44... Nxe4 { [%clk 0:01:49] } 45. Kxe4
{ [%clk 0:01:09] } 45... Kxb4 { [%clk 0:01:48] } 46. Ke5 { [%clk 0:01:08] }
46... a5 { [%clk 0:01:47] } 47. f5 { [%clk 0:01:04] } 47... a4
{ [%clk 0:01:46] } 48. fxe6 { [%clk 0:01:02] } 48... fxe6 { [%clk 0:01:44] }
49. g6 { [%clk 0:01:00] } 49... a3 { [%clk 0:01:43] } 50. g7 { [%clk 0:01:00] }
50... a2 { [%clk 0:01:42] } 51. g8=Q { [%clk 0:01:00] } 51... a1=Q
{ [%clk 0:01:41] } 52. Qb8+ { [%clk 0:00:58] } 52... Kc3 { [%clk 0:01:38] } 53.
Qc7+ { [%clk 0:00:54] } 53... Kd3 { [%clk 0:01:33] } 54. Qc5 { [%clk 0:00:27] }
54... Qg1 { [%clk 0:01:16] } 55. e4 { [%clk 0:00:17] } 55... Qg4
{ [%clk 0:01:02] } 56. Qa3+ { [%clk 0:00:13] } 56... Ke2 { [%clk 0:00:58] } 57.
Qb2+ { [%clk 0:00:10] } 57... Kd1 { [%clk 0:00:54] } 58. Qb1+
{ [%clk 0:00:09] } 58... Kd2 { [%clk 0:00:52] } 59. d5 { [%clk 0:00:07] } 59...
exd5 { [%clk 0:00:46] } 60. Kxd5 { [%clk 0:00:06] } 60... Qd7+
{ [%clk 0:00:43] } 61. Ke5 { [%clk 0:00:05] } 61... Qe7+ { [%clk 0:00:41] } 62.
Kf4 { [%clk 0:00:05] } 62... Qf6+ { [%clk 0:00:38] } 63. Kg3 { [%clk 0:00:03] }
63... Qe5+ { [%clk 0:00:35] } 64. Kf3 { [%clk 0:00:02] } 64... Qc3+
{ [%clk 0:00:33] } 65. Kg2 { [%clk 0:00:01] } 65... Qd3 { [%clk 0:00:26] } 0-1"
Rated Rapid game,https://lichess.org/U3PN4IUy,2024.08.01,-,horse-01,TheOriginalKermit,0-1,2024.08.01,08:44:02,1135,1139,,,B40,Sicilian Defense: Drazic Variation,600+0,Normal,"1. e4 { [%clk 0:10:00] } 1... c5 { [%clk 0:10:00] } 2. Nf3 { [%clk 0:09:59] }
2... e6 { [%clk 0:09:59] } 3. d4 { [%clk 0:09:59] } 3... a6 { [%clk 0:09:55] }
4. Nc3 { [%clk 0:09:48] } 4... Nc6 { [%clk 0:09:40] } 5. Be3 { [%clk 0:09:42] }
5... d6 { [%clk 0:09:36] } 6. Qd2 { [%clk 0:09:34] } 6... b6 { [%clk 0:09:34] }
7. O-O-O { [%clk 0:09:32] } 7... cxd4 { [%clk 0:09:28] } 8. Nxd4
{ [%clk 0:09:29] } 8... Bd7 { [%clk 0:09:13] } 9. Nxc6 { [%clk 0:08:59] } 9...
Bxc6 { [%clk 0:09:10] } 10. Qxd6 { [%clk 0:08:57] } 0-1"
Rated Rapid game,https://lichess.org/WOfjUaWi,2024.08.01,-,sar000sar000,Astaroth97,1-0,2024.08.01,08:44:02,1371,1370,,,C24,Bishop's Opening: Berlin Defense,600+0,Normal,"1. e4 { [%clk 0:10:00] } 1... e5 { [%clk 0:10:00] } 2. Bc4 { [%clk 0:09:58] }
2... Nf6 { [%clk 0:09:57] } 3. Qf3 { [%clk 0:09:57] } 3... Nc6
{ [%clk 0:09:54] } 4. c3 { [%clk 0:09:55] } 4... d6 { [%clk 0:09:51] } 5. h3
{ [%clk 0:09:53] } 5... h6 { [%clk 0:09:43] } 6. d3 { [%clk 0:09:51] } 6... a6
{ [%clk 0:09:41] } 7. a3 { [%clk 0:09:39] } 7... Qe7 { [%clk 0:09:39] } 8. Bd5
{ [%clk 0:09:35] } 8... Bd7 { [%clk 0:09:29] } 9. Ne2 { [%clk 0:09:28] } 9...
Nxd5 { [%clk 0:09:25] } 10. exd5 { [%clk 0:09:24] } 10... Na7
{ [%clk 0:08:58] } 11. Ng3 { [%clk 0:09:17] } 11... c6 { [%clk 0:08:45] } 12.
c4 { [%clk 0:09:12] } 12... cxd5 { [%clk 0:08:38] } 13. Qxd5 { [%clk 0:09:05] }
13... Nc6 { [%clk 0:08:29] } 14. O-O { [%clk 0:08:59] } 14... Bf5
{ [%clk 0:08:08] } 15. Nxf5 { [%clk 0:08:51] } 15... Qf6 { [%clk 0:07:56] } 16.
Ne3 { [%clk 0:08:22] } 16... Rb8 { [%clk 0:07:37] } 17. Nd2 { [%clk 0:08:07] }
17... Nd4 { [%clk 0:07:33] } 18. b4 { [%clk 0:07:14] } 18... Ne2+
{ [%clk 0:07:19] } 19. Kh1 { [%clk 0:07:04] } 19... Nc3 { [%clk 0:06:46] } 20.
Qf3 { [%clk 0:06:33] } 20... Qxf3 { [%clk 0:06:29] } 21. Nxf3
{ [%clk 0:06:31] } 21... Ne2 { [%clk 0:06:18] } 22. Nd5 { [%clk 0:06:21] }
22... Nxc1 { [%clk 0:06:10] } 23. Raxc1 { [%clk 0:06:17] } 23... g5
{ [%clk 0:05:57] } 24. Rfe1 { [%clk 0:06:10] } 24... Bg7 { [%clk 0:05:52] } 25.
Nc7+ { [%clk 0:06:05] } 25... Kd7 { [%clk 0:05:41] } 26. Nd5 { [%clk 0:05:59] }
26... Rhc8 { [%clk 0:05:35] } 27. Nb6+ { [%clk 0:05:49] } 27... Kd8
{ [%clk 0:05:29] } 28. Nxc8 { [%clk 0:05:46] } 28... Rxc8 { [%clk 0:05:28] }
29. c5 { [%clk 0:05:32] } 29... dxc5 { [%clk 0:05:16] } 30. Rxc5
{ [%clk 0:05:26] } 30... Rxc5 { [%clk 0:05:11] } 31. bxc5 { [%clk 0:05:24] }
31... Kc7 { [%clk 0:05:09] } 32. Nxe5 { [%clk 0:05:13] } 32... Bxe5
{ [%clk 0:05:03] } 33. Rxe5 { [%clk 0:05:12] } 33... Kc6 { [%clk 0:04:59] } 34.
d4 { [%clk 0:05:10] } 34... b5 { [%clk 0:04:54] } 35. Re7 { [%clk 0:04:58] }
35... Kd5 { [%clk 0:04:43] } 36. Rd7+ { [%clk 0:04:52] } 36... Ke6
{ [%clk 0:04:34] } 37. c6 { [%clk 0:04:44] } 1-0"
Rated Rapid game,https://lichess.org/8o4Y74v3,2024.08.01,-,O2TL,matteocoals,0-1,2024.08.01,08:44:02,1043,1104,,,A46,Indian Defense: London System,600+0,Normal,"1. d4 { [%eval 0.16] [%clk 0:10:00] } 1... Nf6 { [%eval 0.17] [%clk 0:10:00] }
2. Nf3 { [%eval 0.1] [%clk 0:09:59] } 2... e6 { [%eval 0.14] [%clk 0:09:59] }
3. Bf4 { [%eval 0.0] [%clk 0:09:49] } 3... Nc6 { [%eval 0.36] [%clk 0:09:34] }
4. e3 { [%eval 0.28] [%clk 0:09:47] } 4... Bb4+ { [%eval 0.49] [%clk 0:09:27] }
5. c3 { [%eval 0.52] [%clk 0:09:46] } 5... Ba5 { [%eval 0.94] [%clk 0:09:21] }
6. Bb5 { [%eval 1.0] [%clk 0:09:23] } 6... a6 { [%eval 1.57] [%clk 0:09:08] }
7. Bxc6 { [%eval 1.65] [%clk 0:09:22] } 7... dxc6 $6
{ [%eval 2.27] [%clk 0:09:08] } 8. O-O $6 { [%eval 1.61] [%clk 0:09:15] } 8...
b5 { [%eval 1.69] [%clk 0:08:58] } 9. Nbd2 { [%eval 1.74] [%clk 0:09:05] } 9...
O-O { [%eval 2.11] [%clk 0:08:54] } 10. b4 { [%eval 1.87] [%clk 0:09:00] }
10... Bb6 { [%eval 1.87] [%clk 0:08:41] } 11. c4 $6
{ [%eval 1.26] [%clk 0:08:57] } 11... Ba7 $2 { [%eval 2.88] [%clk 0:08:25] }
12. cxb5 $2 { [%eval 0.51] [%clk 0:08:52] } 12... cxb5
{ [%eval 0.47] [%clk 0:08:22] } 13. Ne5 { [%eval 0.19] [%clk 0:08:47] } 13...
Bb8 $2 { [%eval 1.71] [%clk 0:08:01] } 14. a4 $2
{ [%eval 0.64] [%clk 0:08:41] } 14... c6 $2 { [%eval 3.62] [%clk 0:07:55] } 15.
axb5 $2 { [%eval 2.14] [%clk 0:08:38] } 15... cxb5
{ [%eval 2.65] [%clk 0:07:37] } 16. Nc6 { [%eval 2.73] [%clk 0:08:32] } 16...
Qb6 { [%eval 2.58] [%clk 0:07:04] } 17. Nxb8 { [%eval 2.32] [%clk 0:08:30] }
17... Rxb8 $6 { [%eval 3.11] [%clk 0:06:55] } 18. Bxb8
{ [%eval 3.05] [%clk 0:08:29] } 18... Qxb8 { [%eval 3.06] [%clk 0:06:55] } 19.
Nf3 { [%eval 2.84] [%clk 0:08:19] } 19... Ne4 { [%eval 3.21] [%clk 0:06:41] }
20. Ne5 { [%eval 3.33] [%clk 0:08:15] } 20... Nc3
{ [%eval 3.52] [%clk 0:06:34] } 21. Qc2 { [%eval 3.55] [%clk 0:08:00] } 21...
Nd5 { [%eval 3.45] [%clk 0:06:29] } 22. Nd3 { [%eval 3.3] [%clk 0:07:36] }
22... f6 { [%eval 3.7] [%clk 0:06:17] } 23. e4 { [%eval 3.67] [%clk 0:07:28] }
23... Nb6 { [%eval 3.68] [%clk 0:06:02] } 24. Rfc1
{ [%eval 3.4] [%clk 0:07:17] } 24... Bb7 { [%eval 4.22] [%clk 0:05:54] } 25.
Qb3 { [%eval 3.65] [%clk 0:07:09] } 25... Bxe4 $2
{ [%eval 5.24] [%clk 0:05:50] } 26. Qxe6+ { [%eval 5.25] [%clk 0:07:07] } 26...
Rf7 { [%eval 5.42] [%clk 0:05:21] } 27. Qxe4 { [%eval 5.34] [%clk 0:07:06] }
27... Rf8 { [%eval 5.49] [%clk 0:05:05] } 28. Qe6+
{ [%eval 5.93] [%clk 0:05:42] } 28... Kh8 { [%eval 5.9] [%clk 0:04:28] } 29.
Rxa6 { [%eval 5.73] [%clk 0:05:40] } 29... Nc4 { [%eval 5.53] [%clk 0:04:14] }
30. Rb6 $4 { [%eval 2.52] [%clk 0:05:26] } 0-1"
Rated Rapid game,https://lichess.org/DppCWGZb,2024.08.01,-,rajmadiraju,znaa,1-0,2024.08.01,08:44:02,1872,1925,,,B01,Scandinavian Defense,600+0,Normal,"1. e4 { [%clk 0:10:00] } 1... d5 { [%clk 0:10:00] } 2. e5 { [%clk 0:09:59] }
2... d4 { [%clk 0:09:59] } 3. Nf3 { [%clk 0:09:57] } 3... Bg4
{ [%clk 0:09:58] } 4. Bc4 { [%clk 0:09:55] } 4... e6 { [%clk 0:09:57] } 5. d3
{ [%clk 0:09:54] } 5... Bc5 { [%clk 0:09:54] } 6. Bf4 { [%clk 0:09:52] } 6...
a6 { [%clk 0:09:52] } 7. Nbd2 { [%clk 0:09:49] } 7... Ne7 { [%clk 0:09:50] } 8.
Ne4 { [%clk 0:09:45] } 8... Ba7 { [%clk 0:09:47] } 9. h3 { [%clk 0:09:36] }
9... Bxf3 { [%clk 0:09:46] } 10. Qxf3 { [%clk 0:09:33] } 10... Nd5
{ [%clk 0:09:44] } 11. Bd2 { [%clk 0:09:23] } 11... Nc6 { [%clk 0:09:32] } 12.
Qg3 { [%clk 0:09:09] } 12... Nce7 { [%clk 0:09:18] } 13. Qxg7
{ [%clk 0:09:04] } 13... Rg8 { [%clk 0:09:16] } 14. Qxh7 { [%clk 0:09:01] }
14... Rxg2 { [%clk 0:09:12] } 15. O-O-O { [%clk 0:08:56] } 15... Ng6
{ [%clk 0:08:38] } 16. Bxd5 { [%clk 0:08:42] } 16... Qxd5 { [%clk 0:08:35] }
17. Nf6+ { [%clk 0:08:40] } 1-0"
Rated Rapid game,https://lichess.org/PEOeuKHk,2024.08.01,-,SJF92,wass199224,1-0,2024.08.01,08:44:02,1222,1217,,,C44,Scotch Game,600+0,Normal,"1. e4 { [%eval 0.15] [%clk 0:10:00] } 1... e5 { [%eval 0.21] [%clk 0:10:00] }
2. Nf3 { [%eval 0.11] [%clk 0:09:56] } 2... Nc6 { [%eval 0.19] [%clk 0:09:59] }
3. d4 { [%eval 0.09] [%clk 0:09:52] } 3... Nb4 $2
{ [%eval 2.13] [%clk 0:09:56] } 4. Nxe5 { [%eval 2.49] [%clk 0:09:47] } 4...
Bd6 $6 { [%eval 3.45] [%clk 0:09:25] } 5. a3 { [%eval 3.3] [%clk 0:09:38] }
5... f6 $4 { [%eval 6.91] [%clk 0:09:24] } 6. axb4 $4
{ [%eval 3.03] [%clk 0:09:36] } 6... fxe5 { [%eval 3.03] [%clk 0:09:22] } 7. d5
$2 { [%eval 1.38] [%clk 0:09:31] } 7... Bxb4+ { [%eval 1.57] [%clk 0:09:17] }
8. c3 { [%eval 1.65] [%clk 0:09:27] } 8... Bc5 $6
{ [%eval 2.4] [%clk 0:09:15] } 9. h4 $2 { [%eval 0.3] [%clk 0:09:23] } 9... Nf6
{ [%eval 0.27] [%clk 0:09:14] } 10. Qf3 $2 { [%eval -1.53] [%clk 0:09:14] }
10... d6 $2 { [%eval -0.36] [%clk 0:09:10] } 11. Bb5+
{ [%eval -0.78] [%clk 0:09:11] } 11... c6 { [%eval -0.3] [%clk 0:09:07] } 12.
dxc6 { [%eval -0.47] [%clk 0:09:09] } 12... bxc6 $2
{ [%eval 1.7] [%clk 0:09:05] } 13. Bxc6+ { [%eval 1.76] [%clk 0:09:07] } 13...
Bd7 { [%eval 1.65] [%clk 0:08:38] } 14. Bxa8 { [%eval 1.74] [%clk 0:09:04] }
14... Qxa8 { [%eval 1.76] [%clk 0:08:37] } 15. b4
{ [%eval 1.69] [%clk 0:08:52] } 15... Bb6 { [%eval 1.56] [%clk 0:08:33] } 16.
Na3 $6 { [%eval 0.89] [%clk 0:08:50] } 16... Qc8 $2
{ [%eval 2.04] [%clk 0:08:15] } 17. Bb2 $2 { [%eval 0.0] [%clk 0:08:40] } 17...
Ng4 { [%eval 0.0] [%clk 0:08:04] } 18. Nc4 $4 { [%eval -5.44] [%clk 0:08:26] }
18... Nxf2 $4 { [%eval 6.98] [%clk 0:07:54] } 19. Nxd6+
{ [%eval 7.0] [%clk 0:08:22] } 19... Ke7 { [%eval 6.92] [%clk 0:07:51] } 20.
Nxc8+ { [%eval 6.84] [%clk 0:08:21] } 20... Bxc8
{ [%eval 6.71] [%clk 0:07:50] } 21. b5 { [%eval 6.54] [%clk 0:08:13] } 21...
Nxh1 { [%eval 7.78] [%clk 0:07:47] } 22. Ba3+ { [%eval 7.71] [%clk 0:08:12] }
22... Ke8 $2 { [%eval #10] [%clk 0:07:36] } 23. Qh5+
{ [%eval #9] [%clk 0:08:07] } 23... g6 { [%eval #6] [%clk 0:07:34] } 24. Qxe5+
{ [%eval #5] [%clk 0:08:06] } 24... Kd8 { [%eval #1] [%clk 0:07:19] } 25. Rd1+
{ [%eval #1] [%clk 0:08:05] } 25... Bd7 { [%eval #1] [%clk 0:07:14] } 26. Qxh8+
{ [%eval #2] [%clk 0:08:03] } 26... Kc7 { [%eval #2] [%clk 0:07:13] } 27. Qe5+
{ [%eval #7] [%clk 0:07:59] } 27... Kb7 { [%eval #3] [%clk 0:07:08] } 28. Rxd7+
{ [%eval #2] [%clk 0:07:55] } 28... Kc8 { [%eval #2] [%clk 0:06:59] } 29. Qe8+
{ [%eval #1] [%clk 0:07:53] } 29... Bd8 { [%eval #1] [%clk 0:06:55] } 30. Qxd8#
{ [%clk 0:07:52] } 1-0"
Rated Rapid game,https://lichess.org/0JXJYc0q,2024.08.01,-,hasanalmasi,karimhz,0-1,2024.08.01,08:44:02,1650,1691,,,C00,French Defense: Knight Variation,600+0,Normal,"1. e4 { [%clk 0:10:00] } 1... e6 { [%clk 0:10:00] } 2. Nf3 { [%clk 0:09:59] }
2... c6 { [%clk 0:09:58] } 3. Bc4 { [%clk 0:09:57] } 3... d5 { [%clk 0:09:56] }
4. exd5 { [%clk 0:09:55] } 4... cxd5 { [%clk 0:09:54] } 5. Bb5+
{ [%clk 0:09:54] } 5... Bd7 { [%clk 0:09:52] } 6. Bxd7+ { [%clk 0:09:52] } 6...
Nxd7 { [%clk 0:09:51] } 7. d4 { [%clk 0:09:51] } 7... Ngf6 { [%clk 0:09:48] }
8. Bg5 { [%clk 0:09:49] } 8... Be7 { [%clk 0:09:46] } 9. O-O { [%clk 0:09:48] }
9... Ne4 { [%clk 0:09:44] } 10. Bxe7 { [%clk 0:09:45] } 10... Qxe7
{ [%clk 0:09:40] } 11. c3 { [%clk 0:09:42] } 11... O-O { [%clk 0:09:37] } 12.
Nbd2 { [%clk 0:09:41] } 12... Nxd2 { [%clk 0:09:28] } 13. Qxd2
{ [%clk 0:09:39] } 13... h6 { [%clk 0:09:23] } 14. Rfe1 { [%clk 0:09:37] }
14... Nf6 { [%clk 0:09:21] } 15. Ne5 { [%clk 0:09:33] } 15... Ne4
{ [%clk 0:09:17] } 16. Qd3 { [%clk 0:09:21] } 16... f6 { [%clk 0:09:08] } 17.
Ng6 { [%clk 0:09:17] } 17... Qc7 { [%clk 0:08:58] } 18. Nxf8 { [%clk 0:09:13] }
18... Rxf8 { [%clk 0:08:55] } 19. f3 { [%clk 0:09:06] } 19... Ng5
{ [%clk 0:08:43] } 20. f4 { [%clk 0:08:50] } 20... Qxf4 { [%clk 0:08:33] } 21.
Rf1 { [%clk 0:08:46] } 21... Qd6 { [%clk 0:08:22] } 22. h3 { [%clk 0:08:33] }
22... Ne4 { [%clk 0:07:58] } 23. Rac1 { [%clk 0:08:11] } 23... a6
{ [%clk 0:07:51] } 24. c4 { [%clk 0:08:05] } 24... f5 { [%clk 0:07:44] } 25. c5
{ [%clk 0:08:01] } 25... Qc7 { [%clk 0:07:32] } 26. b4 { [%clk 0:07:51] } 26...
Rf6 { [%clk 0:07:22] } 27. a4 { [%clk 0:07:42] } 27... Rg6 { [%clk 0:07:20] }
28. Rc2 { [%clk 0:06:56] } 28... Rg3 { [%clk 0:07:15] } 29. Rf3
{ [%clk 0:06:48] } 29... Rxf3 { [%clk 0:06:58] } 30. Qxf3 { [%clk 0:06:44] }
30... Qc6 { [%clk 0:06:43] } 31. Ra2 { [%clk 0:06:15] } 31... b6
{ [%clk 0:06:25] } 32. cxb6 { [%clk 0:06:04] } 32... Qxb6 { [%clk 0:06:22] }
33. Qd3 { [%clk 0:05:41] } 33... Qxb4 { [%clk 0:06:15] } 34. Rc2
{ [%clk 0:05:24] } 34... Qxa4 { [%clk 0:06:05] } 35. Rc8+ { [%clk 0:05:22] }
35... Kh7 { [%clk 0:06:00] } 36. Kh2 { [%clk 0:05:14] } 36... a5
{ [%clk 0:05:42] } 37. Qc2 { [%clk 0:04:56] } 37... Qxd4 { [%clk 0:05:31] } 38.
Ra8 { [%clk 0:04:48] } 38... Qb4 { [%clk 0:05:23] } 39. Qa2 { [%clk 0:04:42] }
39... Nc3 { [%clk 0:05:06] } 40. Qxa5 { [%clk 0:04:34] } 40... Qf4+
{ [%clk 0:05:00] } 41. Kh1 { [%clk 0:04:23] } 41... Ne2 { [%clk 0:04:50] } 42.
Qa1 { [%clk 0:03:44] } 42... Qg3 { [%clk 0:04:35] } 43. Ra3 { [%clk 0:03:24] }
43... Qf2 { [%clk 0:04:15] } 44. Rf3 { [%clk 0:03:01] } 44... Qc5
{ [%clk 0:03:58] } 45. Qd1 { [%clk 0:02:44] } 45... Nc3 { [%clk 0:03:48] } 46.
Qc2 { [%clk 0:02:38] } 46... d4 { [%clk 0:03:42] } 47. Rd3 { [%clk 0:02:23] }
47... e5 { [%clk 0:03:39] } 48. Qf2 { [%clk 0:02:19] } 48... g6
{ [%clk 0:03:30] } 49. Qb2 { [%clk 0:02:13] } 49... h5 { [%clk 0:03:24] } 50.
Qb7+ { [%clk 0:02:12] } 50... Kh6 { [%clk 0:03:22] } 51. Qb8 { [%clk 0:02:08] }
51... e4 { [%clk 0:03:17] } 52. Qh8+ { [%clk 0:02:06] } 52... Kg5
{ [%clk 0:03:15] } 53. Rg3+ { [%clk 0:02:03] } 53... Kf4 { [%clk 0:03:09] } 54.
Qb8+ { [%clk 0:01:58] } 54... Qe5 { [%clk 0:03:01] } 55. Qxe5+
{ [%clk 0:01:49] } 55... Kxe5 { [%clk 0:02:57] } 56. Rxg6 { [%clk 0:01:41] }
56... d3 { [%clk 0:02:56] } 57. Rg8 { [%clk 0:01:20] } 57... d2
{ [%clk 0:02:52] } 58. Rd8 { [%clk 0:01:19] } 58... d1=Q+ { [%clk 0:02:49] }
59. Rxd1 { [%clk 0:01:18] } 59... Nxd1 { [%clk 0:02:47] } 60. Kg1
{ [%clk 0:01:17] } 60... Kd4 { [%clk 0:02:45] } 61. Kf1 { [%clk 0:01:16] }
61... Kd3 { [%clk 0:02:44] } 62. Ke1 { [%clk 0:01:15] } 62... Kc2
{ [%clk 0:02:42] } 63. Ke2 { [%clk 0:01:14] } 63... f4 { [%clk 0:02:40] } 64.
h4 { [%clk 0:01:11] } 64... Nc3+ { [%clk 0:02:36] } 65. Kf2 { [%clk 0:01:10] }
65... Kd2 { [%clk 0:02:33] } 66. Kf1 { [%clk 0:01:08] } 0-1"
Rated Rapid game,https://lichess.org/kiO1QbPo,2024.08.01,-,der_robinator,Ilya_Siverin,0-1,2024.08.01,08:44:02,1600,1609,,,A20,English Opening: King's English Variation,600+0,Normal,"1. c4 { [%clk 0:10:00] } 1... e5 { [%clk 0:10:00] } 2. e3 { [%clk 0:10:00] }
2... Nc6 { [%clk 0:09:58] } 3. Nc3 { [%clk 0:09:58] } 3... Nf6
{ [%clk 0:09:20] } 4. g4 { [%clk 0:09:55] } 4... h6 { [%clk 0:09:17] } 5. Bd3
{ [%clk 0:09:45] } 5... d5 { [%clk 0:09:14] } 6. cxd5 { [%clk 0:09:40] } 6...
Nxd5 { [%clk 0:09:09] } 7. Ne4 { [%clk 0:09:26] } 7... Nf6 { [%clk 0:09:06] }
8. h3 { [%clk 0:09:09] } 8... Qxd3 { [%clk 0:09:02] } 9. Nxf6+
{ [%clk 0:09:00] } 9... gxf6 { [%clk 0:09:02] } 10. Qa4 { [%clk 0:08:40] }
10... Bd7 { [%clk 0:09:00] } 11. Qd1 { [%clk 0:08:14] } 11... Nb4
{ [%clk 0:08:58] } 12. Ne2 { [%clk 0:08:01] } 12... Nc2+ { [%clk 0:08:54] } 13.
Kf1 { [%clk 0:08:00] } 13... Nxa1 { [%clk 0:08:52] } 14. Kg1 { [%clk 0:07:31] }
14... Bb5 { [%clk 0:08:41] } 15. Ng3 { [%clk 0:07:28] } 15... Nc2
{ [%clk 0:08:35] } 16. Kh2 { [%clk 0:06:47] } 16... Bc6 { [%clk 0:08:30] } 17.
Rf1 { [%clk 0:06:31] } 17... Qd5 { [%clk 0:08:24] } 18. e4 { [%clk 0:06:09] }
18... Qc5 { [%clk 0:07:20] } 19. Nh5 { [%clk 0:06:00] } 19... Bxe4
{ [%clk 0:06:52] } 20. Nxf6+ { [%clk 0:05:53] } 20... Ke7 { [%clk 0:06:48] }
21. Nxe4 { [%clk 0:05:51] } 21... Qc6 { [%clk 0:06:40] } 22. d3
{ [%clk 0:05:33] } 22... Nd4 { [%clk 0:06:34] } 23. g5 { [%clk 0:05:13] } 23...
hxg5 { [%clk 0:06:31] } 24. Bxg5+ { [%clk 0:05:10] } 24... Ke8
{ [%clk 0:06:28] } 25. Nf6+ { [%clk 0:05:02] } 25... Kd8 { [%clk 0:06:18] } 26.
Nh7+ { [%clk 0:04:55] } 26... Kc8 { [%clk 0:06:15] } 27. Qg4+
{ [%clk 0:04:53] } 27... Kb8 { [%clk 0:06:09] } 28. Nf6 { [%clk 0:04:47] }
28... Be7 { [%clk 0:06:03] } 29. Nd7+ { [%clk 0:04:33] } 29... Kc8
{ [%clk 0:05:57] } 30. Nxe5+ { [%clk 0:04:28] } 30... Qe6 { [%clk 0:05:50] }
31. Qxd4 { [%clk 0:04:25] } 31... Qxh3+ { [%clk 0:05:46] } 32. Kg1
{ [%clk 0:04:20] } 32... Qh2# { [%clk 0:05:43] } 0-1"
Rated Rapid game,https://lichess.org/QqW2tSOl,2024.08.01,-,ayuenmabiei,Ethalydon,1-0,2024.08.01,08:44:02,2249,2221,,,C02,"French Defense: Advance Variation, Paulsen Attack",600+0,Normal,"1. e4 { [%eval 0.15] [%clk 0:10:00] } 1... e6 { [%eval 0.25] [%clk 0:10:00] }
2. d4 { [%eval 0.3] [%clk 0:09:58] } 2... d5 { [%eval 0.31] [%clk 0:09:59] } 3.
e5 { [%eval 0.25] [%clk 0:09:56] } 3... c5 { [%eval 0.24] [%clk 0:09:58] } 4.
c3 { [%eval 0.28] [%clk 0:09:54] } 4... Nc6 { [%eval 0.22] [%clk 0:09:58] } 5.
Nf3 { [%eval 0.13] [%clk 0:09:52] } 5... Qb6 { [%eval 0.28] [%clk 0:09:57] } 6.
dxc5 $6 { [%eval -0.69] [%clk 0:09:45] } 6... Bxc5
{ [%eval -0.48] [%clk 0:09:54] } 7. Qc2 { [%eval -0.68] [%clk 0:09:43] } 7...
a5 { [%eval -0.53] [%clk 0:09:41] } 8. Bd3 { [%eval -0.96] [%clk 0:09:40] }
8... Nge7 $2 { [%eval 0.08] [%clk 0:09:11] } 9. O-O
{ [%eval 0.09] [%clk 0:09:38] } 9... Ng6 { [%eval 0.37] [%clk 0:09:06] } 10.
Bxg6 { [%eval -0.17] [%clk 0:09:36] } 10... hxg6
{ [%eval 0.23] [%clk 0:09:05] } 11. Nbd2 { [%eval -0.31] [%clk 0:09:23] } 11...
Bd7 { [%eval 0.18] [%clk 0:08:27] } 12. Nb3 { [%eval 0.21] [%clk 0:09:17] }
12... Be7 { [%eval 0.17] [%clk 0:08:06] } 13. Be3 $2
{ [%eval -1.21] [%clk 0:09:14] } 13... Qc7 { [%eval -1.1] [%clk 0:08:01] } 14.
Bd4 $2 { [%eval -2.6] [%clk 0:09:10] } 14... Nxd4 $2
{ [%eval 0.04] [%clk 0:07:55] } 15. Nbxd4 { [%eval 0.01] [%clk 0:09:07] } 15...
g5 { [%eval 0.07] [%clk 0:07:11] } 16. h3 { [%eval 0.0] [%clk 0:08:51] } 16...
O-O-O { [%eval -0.03] [%clk 0:06:24] } 17. a4 { [%eval 0.0] [%clk 0:08:42] }
17... f5 { [%eval -0.26] [%clk 0:05:40] } 18. exf6 $2
{ [%eval -1.26] [%clk 0:08:37] } 18... gxf6 { [%eval -1.28] [%clk 0:05:27] }
19. Nb5 { [%eval -1.17] [%clk 0:08:35] } 19... Bxb5 $6
{ [%eval -0.35] [%clk 0:04:54] } 20. axb5 { [%eval -0.39] [%clk 0:08:32] }
20... Qf4 $2 { [%eval 1.79] [%clk 0:04:38] } 21. Rxa5
{ [%eval 1.89] [%clk 0:08:20] } 21... g4 $6 { [%eval 2.8] [%clk 0:04:17] } 22.
Ra4 { [%eval 2.95] [%clk 0:08:16] } 22... Qh6 { [%eval 2.85] [%clk 0:03:46] }
23. Rxg4 { [%eval 2.9] [%clk 0:08:12] } 23... f5
{ [%eval 2.87] [%clk 0:03:44] } 24. Ra4 { [%eval 2.76] [%clk 0:08:07] } 24...
Qxh3 $2 { [%eval 4.74] [%clk 0:03:07] } 25. gxh3
{ [%eval 4.21] [%clk 0:07:59] } 25... Rdg8+ { [%eval 4.17] [%clk 0:03:05] } 26.
Kh1 { [%eval 4.34] [%clk 0:07:54] } 26... Rxh3+ { [%eval 4.18] [%clk 0:03:02] }
27. Nh2 { [%eval 4.05] [%clk 0:07:51] } 27... Bd6
{ [%eval 4.67] [%clk 0:02:58] } 28. f4 { [%eval 4.57] [%clk 0:07:47] } 1-0"
Rated Rapid game,https://lichess.org/4eRRKk6W,2024.08.01,-,Neighber,Moskalev_Alex,1-0,2024.08.01,08:44:02,1305,1267,,,C20,Center Game,600+0,Normal,"1. e4 { [%clk 0:10:00] } 1... e5 { [%clk 0:10:00] } 2. d4 { [%clk 0:09:59] }
2... f5 { [%clk 0:09:53] } 3. exf5 { [%clk 0:09:52] } 3... e4
{ [%clk 0:09:42] } 4. c3 { [%clk 0:09:35] } 4... d5 { [%clk 0:09:38] } 5. Qa4+
{ [%clk 0:09:29] } 5... Bd7 { [%clk 0:09:32] } 6. Bb5 { [%clk 0:09:27] } 6...
c6 { [%clk 0:09:26] } 7. Be2 { [%clk 0:09:16] } 7... Bxf5 { [%clk 0:09:05] } 8.
Qb3 { [%clk 0:09:12] } 8... Qb6 { [%clk 0:08:31] } 9. Qd1 { [%clk 0:08:53] }
9... Nf6 { [%clk 0:07:57] } 10. h3 { [%clk 0:08:36] } 10... Bd6
{ [%clk 0:07:45] } 11. Nd2 { [%clk 0:08:34] } 11... O-O { [%clk 0:07:34] } 12.
f3 { [%clk 0:08:24] } 12... e3 { [%clk 0:07:24] } 13. Nf1 { [%clk 0:08:18] }
13... Re8 { [%clk 0:06:56] } 14. Nxe3 { [%clk 0:08:16] } 14... Bf4
{ [%clk 0:05:51] } 15. Nxf5 { [%clk 0:08:11] } 15... Bxc1 { [%clk 0:05:38] }
16. Qxc1 { [%clk 0:08:07] } 16... Nbd7 { [%clk 0:05:00] } 17. a3
{ [%clk 0:08:05] } 17... Nc5 { [%clk 0:04:24] } 18. Nd6 { [%clk 0:07:32] }
18... Re6 { [%clk 0:03:40] } 19. Nf5 { [%clk 0:07:13] } 19... Nb3
{ [%clk 0:03:15] } 20. Qg5 { [%clk 0:07:07] } 20... g6 { [%clk 0:02:53] } 21.
Rb1 { [%clk 0:07:02] } 21... Qa6 { [%clk 0:02:18] } 22. Kf2 { [%clk 0:06:43] }
22... Rxe2+ { [%clk 0:01:44] } 23. Nxe2 { [%clk 0:06:41] } 23... Re8
{ [%clk 0:01:40] } 24. Rhe1 { [%clk 0:06:31] } 24... Nxd4 { [%clk 0:00:56] }
25. Nexd4 { [%clk 0:06:21] } 25... Rxe1 { [%clk 0:00:25] } 26. Rxe1
{ [%clk 0:06:19] } 26... Qa5 { [%clk 0:00:24] } 27. Qxf6 { [%clk 0:06:16] }
27... h5 { [%clk 0:00:09] } 28. Qg7# { [%clk 0:06:13] } 1-0"
Rated Rapid game,https://lichess.org/VxFxIQwt,2024.08.01,-,stb117,iskenderx50,0-1,2024.08.01,08:44:02,1733,1714,,,B01,Scandinavian Defense: Main Line,600+0,Normal,"1. e4 { [%clk 0:10:00] } 1... d5 { [%clk 0:10:00] } 2. exd5 { [%clk 0:09:59] }
2... Qxd5 { [%clk 0:09:59] } 3. Nc3 { [%clk 0:09:58] } 3... Qa5
{ [%clk 0:09:59] } 4. d4 { [%clk 0:09:57] } 4... Bf5 { [%clk 0:09:58] } 5. Bd2
{ [%clk 0:09:55] } 5... e6 { [%clk 0:09:57] } 6. Nf3 { [%clk 0:09:49] } 6... c6
{ [%clk 0:09:54] } 7. Nb5 { [%clk 0:09:30] } 7... Qb6 { [%clk 0:09:48] } 8. Nc3
{ [%clk 0:09:09] } 8... Nf6 { [%clk 0:09:43] } 9. Bg5 { [%clk 0:08:59] } 9...
Nbd7 { [%clk 0:09:39] } 10. Bd3 { [%clk 0:08:56] } 10... Bg4 { [%clk 0:09:37] }
11. h3 { [%clk 0:08:53] } 11... Bh5 { [%clk 0:09:35] } 12. O-O
{ [%clk 0:08:52] } 12... Qa5 { [%clk 0:09:33] } 13. Ne4 { [%clk 0:08:36] }
13... Nxe4 { [%clk 0:09:28] } 14. g4 { [%clk 0:08:14] } 14... Bg6
{ [%clk 0:09:20] } 15. Ne5 { [%clk 0:08:11] } 15... Nxe5 { [%clk 0:09:16] } 16.
dxe5 { [%clk 0:08:08] } 16... Qxe5 { [%clk 0:09:13] } 17. Bxe4
{ [%clk 0:07:48] } 17... Qxg5 { [%clk 0:08:55] } 18. Bxg6 { [%clk 0:07:44] }
18... hxg6 { [%clk 0:08:54] } 19. Qd4 { [%clk 0:07:36] } 19... Rxh3
{ [%clk 0:08:45] } 20. Rad1 { [%clk 0:07:32] } 20... Qd5 { [%clk 0:08:29] } 21.
Qxd5 { [%clk 0:07:12] } 21... cxd5 { [%clk 0:08:28] } 22. Rfe1
{ [%clk 0:07:11] } 22... Bd6 { [%clk 0:08:25] } 23. Rxd5 { [%clk 0:07:06] }
23... Rd8 { [%clk 0:08:19] } 24. Red1 { [%clk 0:06:59] } 24... Bh2+
{ [%clk 0:08:16] } 25. Kg2 { [%clk 0:06:57] } 25... Rxd5 { [%clk 0:08:13] } 26.
Rxd5 { [%clk 0:06:52] } 26... exd5 { [%clk 0:08:07] } 27. Kxh3
{ [%clk 0:06:51] } 27... Bf4 { [%clk 0:08:04] } 0-1"
Rated Rapid game,https://lichess.org/cWTYJUER,2024.08.01,-,a7mmed_mo7med,XPAC85,1-0,2024.08.01,08:44:11,1831,1876,,,B22,Sicilian Defense: Alapin Variation,600+0,Normal,"1. e4 { [%eval 0.15] [%clk 0:10:00] } 1... c5 { [%eval 0.25] [%clk 0:10:00] }
2. c3 { [%eval 0.07] [%clk 0:09:58] } 2... d6 { [%eval 0.45] [%clk 0:09:58] }
3. d4 { [%eval 0.46] [%clk 0:09:58] } 3... cxd4 { [%eval 0.6] [%clk 0:09:57] }
4. cxd4 { [%eval 0.44] [%clk 0:09:58] } 4... Nf6
{ [%eval 0.94] [%clk 0:09:54] } 5. Bd3 { [%eval 0.57] [%clk 0:09:56] } 5... e6
{ [%eval 0.91] [%clk 0:09:51] } 6. Nf3 { [%eval 0.87] [%clk 0:09:54] } 6... a6
{ [%eval 0.98] [%clk 0:09:50] } 7. O-O { [%eval 0.82] [%clk 0:09:54] } 7... Be7
{ [%eval 0.98] [%clk 0:09:48] } 8. Nc3 { [%eval 1.03] [%clk 0:09:52] } 8...
Nbd7 { [%eval 1.35] [%clk 0:09:46] } 9. h3 { [%eval 1.15] [%clk 0:09:49] } 9...
b5 { [%eval 1.73] [%clk 0:09:44] } 10. a3 $2 { [%eval 0.55] [%clk 0:09:47] }
10... O-O { [%eval 1.07] [%clk 0:09:42] } 11. Qc2
{ [%eval 0.73] [%clk 0:09:44] } 11... e5 { [%eval 0.75] [%clk 0:09:39] } 12.
Re1 { [%eval 0.68] [%clk 0:09:28] } 12... Bb7 { [%eval 1.02] [%clk 0:09:26] }
13. b4 $6 { [%eval 0.24] [%clk 0:09:02] } 13... Rc8
{ [%eval 0.75] [%clk 0:09:21] } 14. Bb2 { [%eval 0.49] [%clk 0:08:53] } 14...
Qb6 $6 { [%eval 1.06] [%clk 0:08:52] } 15. d5 { [%eval 1.04] [%clk 0:08:31] }
15... Qd8 { [%eval 1.08] [%clk 0:08:26] } 16. Qd2 $6
{ [%eval 0.4] [%clk 0:08:12] } 16... Nb6 { [%eval 0.74] [%clk 0:08:14] } 17.
Qe2 { [%eval 0.44] [%clk 0:07:59] } 17... Nc4 $6
{ [%eval 1.21] [%clk 0:08:09] } 18. Bc1 { [%eval 0.9] [%clk 0:07:57] } 18... h6
$6 { [%eval 1.62] [%clk 0:07:56] } 19. Nd2 $6 { [%eval 1.01] [%clk 0:07:53] }
19... Nxd2 { [%eval 1.09] [%clk 0:07:31] } 20. Bxd2
{ [%eval 1.16] [%clk 0:07:40] } 20... Nh7 $6 { [%eval 2.0] [%clk 0:07:29] } 21.
f4 $4 { [%eval -1.07] [%clk 0:07:33] } 21... exf4
{ [%eval -1.19] [%clk 0:07:15] } 22. e5 $2 { [%eval -2.96] [%clk 0:07:28] }
22... dxe5 { [%eval -2.91] [%clk 0:07:09] } 23. Qxe5
{ [%eval -3.06] [%clk 0:07:22] } 23... Bd6 $6 { [%eval -2.34] [%clk 0:06:53] }
24. Qe4 $2 { [%eval -3.55] [%clk 0:07:19] } 24... Ng5
{ [%eval -3.37] [%clk 0:06:49] } 25. Qd4 { [%eval -3.26] [%clk 0:07:07] } 25...
f3 { [%eval -3.1] [%clk 0:06:29] } 26. h4 { [%eval -3.11] [%clk 0:07:00] }
26... Nh7 $2 { [%eval -1.96] [%clk 0:05:51] } 27. Bxh7+ $2
{ [%eval -3.45] [%clk 0:06:31] } 27... Kxh7 { [%eval -3.46] [%clk 0:05:49] }
28. Qe4+ { [%eval -3.53] [%clk 0:06:29] } 28... Kg8
{ [%eval -3.48] [%clk 0:05:39] } 29. Qxf3 { [%eval -3.64] [%clk 0:06:27] }
29... Qxh4 { [%eval -3.53] [%clk 0:05:35] } 30. Re4
{ [%eval -3.54] [%clk 0:06:24] } 30... Qh5 $4 { [%eval 5.86] [%clk 0:05:20] }
31. Qxh5 { [%eval 5.78] [%clk 0:06:20] } 1-0"
Rated Rapid game,https://lichess.org/gt0JWz2o,2024.08.01,-,nardongputek,Berimor0905,1-0,2024.08.01,08:44:11,1495,1447,,,B10,Caro-Kann Defense,600+0,Normal,"1. e4 { [%clk 0:10:00] } 1... c6 { [%clk 0:10:00] } 2. f4 { [%clk 0:09:52] }
2... b5 { [%clk 0:09:59] } 3. Nf3 { [%clk 0:09:50] } 3... e6 { [%clk 0:09:57] }
4. a4 { [%clk 0:09:48] } 4... Qa5 { [%clk 0:09:54] } 5. Nc3 { [%clk 0:09:42] }
5... b4 { [%clk 0:09:52] } 6. Na2 { [%clk 0:09:39] } 6... Ba6
{ [%clk 0:09:48] } 7. Bxa6 { [%clk 0:09:32] } 7... Qxa6 { [%clk 0:09:46] } 8.
c3 { [%clk 0:09:30] } 8... Nf6 { [%clk 0:09:41] } 9. d3 { [%clk 0:09:23] } 9...
bxc3 { [%clk 0:09:30] } 10. bxc3 { [%clk 0:09:20] } 10... Qb6
{ [%clk 0:09:27] } 11. Bd2 { [%clk 0:09:07] } 11... d5 { [%clk 0:09:14] } 12.
e5 { [%clk 0:08:49] } 12... Ng4 { [%clk 0:09:02] } 13. d4 { [%clk 0:08:39] }
13... Qa6 { [%clk 0:08:56] } 14. Nb4 { [%clk 0:06:22] } 14... Qc4
{ [%clk 0:08:49] } 15. Qe2 { [%clk 0:06:08] } 15... Qxe2+ { [%clk 0:08:44] }
16. Kxe2 { [%clk 0:06:08] } 16... a5 { [%clk 0:08:40] } 17. Nd3
{ [%clk 0:05:53] } 17... Be7 { [%clk 0:08:35] } 18. h3 { [%clk 0:05:51] } 18...
Nh6 { [%clk 0:08:31] } 19. g4 { [%clk 0:05:49] } 19... Nd7 { [%clk 0:08:19] }
20. Rab1 { [%clk 0:05:46] } 20... Bd8 { [%clk 0:08:01] } 21. Rb7
{ [%clk 0:05:38] } 21... Nb6 { [%clk 0:07:54] } 22. Rb1 { [%clk 0:05:24] }
22... O-O { [%clk 0:07:48] } 23. R7xb6 { [%clk 0:05:20] } 23... Bxb6
{ [%clk 0:07:42] } 24. Rxb6 { [%clk 0:05:20] } 24... Rac8 { [%clk 0:07:37] }
25. Nb2 { [%clk 0:05:16] } 25... c5 { [%clk 0:07:32] } 26. c4
{ [%clk 0:05:10] } 26... cxd4 { [%clk 0:07:26] } 27. cxd5 { [%clk 0:04:45] }
27... exd5 { [%clk 0:07:08] } 28. Nxd4 { [%clk 0:04:42] } 28... Rb8
{ [%clk 0:06:54] } 29. Rb5 { [%clk 0:04:32] } 29... Rxb5 { [%clk 0:06:49] } 30.
axb5 { [%clk 0:04:32] } 30... Rb8 { [%clk 0:06:46] } 31. Bxa5
{ [%clk 0:04:29] } 31... Kf8 { [%clk 0:06:25] } 32. Bc7 { [%clk 0:04:26] }
32... Rc8 { [%clk 0:06:18] } 33. b6 { [%clk 0:04:24] } 33... Ke8
{ [%clk 0:06:16] } 34. Nd3 { [%clk 0:04:21] } 34... Kd7 { [%clk 0:06:14] } 35.
Nc5+ { [%clk 0:04:18] } 35... Ke7 { [%clk 0:06:07] } 36. Nc6+
{ [%clk 0:04:15] } 36... Ke8 { [%clk 0:06:03] } 37. b7 { [%clk 0:04:04] } 37...
Rxc7 { [%clk 0:06:00] } 38. b8=Q+ { [%clk 0:04:03] } 1-0"
Rated Rapid game,https://lichess.org/Gl53sNdi,2024.08.01,-,Audegio,AslanDastanuly,1-0,2024.08.01,08:44:11,1531,1557,,,C20,King's Pawn Game,600+0,Normal,"1. e4 { [%clk 0:10:00] } 1... e5 { [%clk 0:10:00] } 2. g3 { [%clk 0:09:59] }
2... b6 { [%clk 0:09:58] } 3. Bg2 { [%clk 0:09:59] } 3... Bb7
{ [%clk 0:09:57] } 4. Ne2 { [%clk 0:09:57] } 4... d5 { [%clk 0:09:55] } 5. exd5
{ [%clk 0:09:54] } 5... Bxd5 { [%clk 0:09:54] } 6. O-O { [%clk 0:09:53] } 6...
Na6 { [%clk 0:09:50] } 7. Nbc3 { [%clk 0:09:49] } 7... Bxg2 { [%clk 0:09:48] }
8. Kxg2 { [%clk 0:09:47] } 8... Qd6 { [%clk 0:09:41] } 9. Ne4
{ [%clk 0:09:41] } 9... Qc6 { [%clk 0:09:39] } 10. d3 { [%clk 0:09:39] } 10...
O-O-O { [%clk 0:09:38] } 11. Kg1 { [%clk 0:09:37] } 11... f5 { [%clk 0:09:37] }
12. Ng5 { [%clk 0:09:32] } 12... h6 { [%clk 0:09:35] } 13. Nf7
{ [%clk 0:09:29] } 13... g5 { [%clk 0:09:30] } 14. Nxh8 { [%clk 0:09:27] }
14... Qf6 { [%clk 0:09:27] } 15. Be3 { [%clk 0:09:09] } 15... Qxh8
{ [%clk 0:09:08] } 16. Bd2 { [%clk 0:09:05] } 16... Be7 { [%clk 0:09:03] } 17.
Nc3 { [%clk 0:09:02] } 17... Qf6 { [%clk 0:09:00] } 18. a3 { [%clk 0:08:57] }
18... h5 { [%clk 0:08:58] } 19. b4 { [%clk 0:08:54] } 19... f4
{ [%clk 0:08:57] } 20. Ne4 { [%clk 0:08:51] } 20... Qf5 { [%clk 0:08:55] } 21.
Qxh5 { [%clk 0:08:44] } 21... fxg3 { [%clk 0:08:52] } 22. hxg3
{ [%clk 0:08:40] } 22... Kb7 { [%clk 0:08:46] } 23. Bxg5 { [%clk 0:08:07] }
23... Bxg5 { [%clk 0:08:43] } 24. Qxg5 { [%clk 0:08:04] } 24... Qxg5
{ [%clk 0:08:41] } 25. Nxg5 { [%clk 0:08:02] } 25... Nf6 { [%clk 0:08:39] } 26.
Nf7 { [%clk 0:07:50] } 26... Re8 { [%clk 0:08:35] } 27. Rfe1 { [%clk 0:07:36] }
27... e4 { [%clk 0:08:31] } 28. dxe4 { [%clk 0:07:26] } 28... Nb8
{ [%clk 0:08:28] } 29. e5 { [%clk 0:07:22] } 29... Nd5 { [%clk 0:08:26] } 30.
e6 { [%clk 0:07:12] } 30... Nc6 { [%clk 0:08:24] } 31. Ng5 { [%clk 0:06:56] }
31... Rg8 { [%clk 0:08:15] } 32. Nf7 { [%clk 0:06:35] } 32... Nde7
{ [%clk 0:08:11] } 33. Ne5 { [%clk 0:06:25] } 33... Nd4 { [%clk 0:08:08] } 34.
Red1 { [%clk 0:05:50] } 34... Nxc2 { [%clk 0:08:00] } 35. Rac1
{ [%clk 0:05:44] } 35... Nxa3 { [%clk 0:07:58] } 36. Rd7 { [%clk 0:05:30] }
36... Re8 { [%clk 0:07:45] } 37. Rcd1 { [%clk 0:05:14] } 37... Kc8
{ [%clk 0:07:39] } 38. Ra1 { [%clk 0:04:29] } 38... Nb5 { [%clk 0:07:34] } 39.
Rad1 { [%clk 0:04:13] } 39... Nd6 { [%clk 0:07:30] } 40. Nf7 { [%clk 0:03:51] }
40... Nc6 { [%clk 0:07:03] } 41. Nxd6+ { [%clk 0:03:40] } 41... cxd6
{ [%clk 0:07:00] } 42. R1xd6 { [%clk 0:03:27] } 42... Nxb4 { [%clk 0:06:58] }
43. Rxa7 { [%clk 0:03:18] } 43... Kb8 { [%clk 0:06:52] } 44. Rad7
{ [%clk 0:03:07] } 44... b5 { [%clk 0:06:49] } 45. Rd8+ { [%clk 0:03:03] }
45... Rxd8 { [%clk 0:06:47] } 46. Rxd8+ { [%clk 0:03:01] } 46... Kc7
{ [%clk 0:06:47] } 47. e7 { [%clk 0:03:00] } 47... Nc6 { [%clk 0:06:46] } 48.
e8=Q { [%clk 0:02:32] } 48... Nxd8 { [%clk 0:06:45] } 49. Qe7+
{ [%clk 0:02:29] } 49... Kc8 { [%clk 0:06:43] } 50. Qc5+ { [%clk 0:02:24] }
50... Kd7 { [%clk 0:06:39] } 51. Qxb5+ { [%clk 0:02:22] } 51... Nc6
{ [%clk 0:06:38] } 52. Qd5+ { [%clk 0:02:15] } 52... Kc7 { [%clk 0:06:36] } 53.
g4 { [%clk 0:02:12] } 53... Ne7 { [%clk 0:06:33] } 54. Qf7 { [%clk 0:02:05] }
54... Kd6 { [%clk 0:06:31] } 55. g5 { [%clk 0:02:03] } 55... Nd5
{ [%clk 0:06:29] } 56. g6 { [%clk 0:01:59] } 56... Ke5 { [%clk 0:06:27] } 57.
g7 { [%clk 0:01:57] } 57... Nf4 { [%clk 0:06:26] } 58. g8=R { [%clk 0:01:53] }
58... Ne2+ { [%clk 0:06:25] } 59. Kg2 { [%clk 0:01:51] } 59... Nf4+
{ [%clk 0:06:23] } 60. Kf3 { [%clk 0:01:45] } 60... Nd3 { [%clk 0:06:22] } 61.
Re8+ { [%clk 0:01:38] } 61... Kd4 { [%clk 0:06:20] } 62. Qd7+
{ [%clk 0:01:29] } 62... Kc4 { [%clk 0:06:18] } 63. Rc8+ { [%clk 0:01:25] }
63... Nc5 { [%clk 0:06:17] } 64. Qc6 { [%clk 0:01:15] } 64... Kb3
{ [%clk 0:06:16] } 65. Qxc5 { [%clk 0:01:12] } 1-0"
Rated Rapid game,https://lichess.org/geeYUSdC,2024.08.01,-,WorstChessPlayer1982,madegwac,1-0,2024.08.01,08:44:11,921,867,,,C20,King's Pawn Game: Wayward Queen Attack,600+0,Normal,"1. e4 { [%clk 0:10:00] } 1... e5 { [%clk 0:10:00] } 2. Qh5 { [%clk 0:09:58] }
2... g6 { [%clk 0:09:52] } 3. Qxe5+ { [%clk 0:09:55] } 3... Qe7
{ [%clk 0:09:28] } 4. Qxh8 { [%clk 0:09:48] } 4... Nf6 { [%clk 0:09:16] } 5. f3
{ [%clk 0:09:36] } 5... d6 { [%clk 0:08:50] } 6. d3 { [%clk 0:09:34] } 6... d5
{ [%clk 0:08:42] } 7. Bg5 { [%clk 0:09:29] } 7... dxe4 { [%clk 0:08:19] } 8.
Bxf6 { [%clk 0:09:27] } 8... Qe6 { [%clk 0:08:01] } 9. dxe4 { [%clk 0:09:15] }
9... Kd7 { [%clk 0:07:55] } 10. Bb5+ { [%clk 0:09:05] } 10... c6
{ [%clk 0:07:48] } 11. Bd3 { [%clk 0:08:59] } 11... b5 { [%clk 0:07:37] } 12.
Nc3 { [%clk 0:06:48] } 12... Ba6 { [%clk 0:07:26] } 13. Rd1 { [%clk 0:06:45] }
13... b4 { [%clk 0:07:24] } 14. Bxa6+ { [%clk 0:06:42] } 14... Kc7
{ [%clk 0:07:04] } 15. Bd8# { [%clk 0:06:37] } 1-0"
Rated Rapid game,https://lichess.org/oUr90ALQ,2024.08.01,-,chesssooo,Isasmelt,1-0,2024.08.01,08:44:11,1696,1715,,,A40,Horwitz Defense,600+0,Normal,"1. d4 { [%clk 0:10:00] } 1... e6 { [%clk 0:10:00] } 2. e3 { [%clk 0:09:58] }
2... f5 { [%clk 0:09:56] } 3. Bd3 { [%clk 0:09:58] } 3... Nf6
{ [%clk 0:09:54] } 4. f4 { [%clk 0:09:57] } 4... Bb4+ { [%clk 0:09:43] } 5. Nd2
{ [%clk 0:09:54] } 5... d6 { [%clk 0:09:39] } 6. c3 { [%clk 0:09:53] } 6... Ba5
{ [%clk 0:09:37] } 7. Ngf3 { [%clk 0:09:51] } 7... Nbd7 { [%clk 0:09:36] } 8.
O-O { [%clk 0:09:50] } 8... O-O { [%clk 0:09:35] } 9. Qe1 { [%clk 0:09:41] }
9... b5 { [%clk 0:09:21] } 10. e4 { [%clk 0:09:15] } 10... fxe4
{ [%clk 0:09:06] } 11. Nxe4 { [%clk 0:09:13] } 11... Bb7 { [%clk 0:09:02] } 12.
Nxf6+ { [%clk 0:08:55] } 12... Nxf6 { [%clk 0:08:58] } 13. Qh4
{ [%clk 0:08:21] } 13... Qd7 { [%clk 0:08:53] } 14. g4 { [%clk 0:08:15] } 14...
Bxf3 { [%clk 0:08:39] } 15. Rxf3 { [%clk 0:08:12] } 15... g6 { [%clk 0:08:28] }
16. g5 { [%clk 0:08:04] } 16... Nh5 { [%clk 0:08:21] } 17. Be3
{ [%clk 0:07:45] } 17... Rac8 { [%clk 0:07:59] } 18. Raf1 { [%clk 0:07:43] }
18... c5 { [%clk 0:07:56] } 19. f5 { [%clk 0:07:40] } 19... cxd4
{ [%clk 0:06:00] } 20. Bxd4 { [%clk 0:07:36] } 20... Bb6 { [%clk 0:05:23] } 21.
Bxb6 { [%clk 0:07:29] } 21... axb6 { [%clk 0:05:23] } 22. fxg6
{ [%clk 0:07:26] } 22... hxg6 { [%clk 0:03:59] } 23. Bxg6 { [%clk 0:07:21] }
23... Ng7 { [%clk 0:03:50] } 24. Qh7# { [%clk 0:07:16] } 1-0"
Rated Rapid game,https://lichess.org/UT8VFLvy,2024.08.01,-,Chess1108197700,AlexChess1312,1-0,2024.08.01,08:44:11,1591,1604,,,B01,Scandinavian Defense: Mieses-Kotroc Variation,600+0,Normal,"1. e4 { [%clk 0:10:00] } 1... d5 { [%clk 0:10:00] } 2. exd5 { [%clk 0:09:59] }
2... Qxd5 { [%clk 0:10:00] } 3. Nf3 { [%clk 0:09:58] } 3... Bg4
{ [%clk 0:09:58] } 4. Nc3 { [%clk 0:09:55] } 4... Qd8 { [%clk 0:09:50] } 5. Be2
{ [%clk 0:09:54] } 5... e6 { [%clk 0:09:49] } 6. O-O { [%clk 0:09:53] } 6...
Bb4 { [%clk 0:09:48] } 7. a3 { [%clk 0:09:46] } 7... Bxc3 { [%clk 0:09:47] } 8.
dxc3 { [%clk 0:09:45] } 8... Qxd1 { [%clk 0:09:46] } 9. Rxd1 { [%clk 0:09:44] }
9... Nf6 { [%clk 0:09:44] } 10. Bg5 { [%clk 0:09:42] } 10... Nbd7
{ [%clk 0:09:37] } 11. h3 { [%clk 0:09:38] } 11... Bh5 { [%clk 0:09:35] } 12.
g4 { [%clk 0:09:35] } 12... Bg6 { [%clk 0:09:34] } 13. Bxf6 { [%clk 0:09:31] }
13... Nxf6 { [%clk 0:09:32] } 14. Rd2 { [%clk 0:09:26] } 14... O-O
{ [%clk 0:09:29] } 15. Ne5 { [%clk 0:09:21] } 15... Rad8 { [%clk 0:09:22] } 16.
Rxd8 { [%clk 0:09:19] } 16... Rxd8 { [%clk 0:09:21] } 17. Nxg6
{ [%clk 0:09:14] } 17... hxg6 { [%clk 0:09:21] } 18. Bf3 { [%clk 0:09:05] }
18... b6 { [%clk 0:09:18] } 19. g5 { [%clk 0:09:03] } 19... Nd5
{ [%clk 0:09:15] } 20. Rd1 { [%clk 0:08:58] } 20... c6 { [%clk 0:09:08] } 21.
c4 { [%clk 0:08:55] } 1-0"
Rated Rapid game,https://lichess.org/gVVWCjyc,2024.08.01,-,CAYT,RenJackLoh,1-0,2024.08.01,08:44:11,1230,1244,,,A45,Indian Defense,600+0,Normal,"1. d4 { [%clk 0:10:00] } 1... Nf6 { [%clk 0:10:00] } 2. Nc3 { [%clk 0:09:57] }
2... g6 { [%clk 0:09:59] } 3. Bg5 { [%clk 0:09:49] } 3... Bg7
{ [%clk 0:09:58] } 4. e4 { [%clk 0:09:45] } 4... d6 { [%clk 0:09:53] } 5. Qd2
{ [%clk 0:09:38] } 5... O-O { [%clk 0:09:45] } 6. Bh6 { [%clk 0:09:35] } 6...
Nc6 { [%clk 0:09:32] } 7. Nf3 { [%clk 0:09:25] } 7... Nb4 { [%clk 0:09:21] } 8.
e5 { [%clk 0:09:22] } 8... dxe5 { [%clk 0:09:18] } 9. Nxe5 { [%clk 0:09:16] }
9... Ng4 { [%clk 0:09:00] } 10. Bxg7 { [%clk 0:08:53] } 10... Kxg7
{ [%clk 0:08:51] } 11. Nxg4 { [%clk 0:08:41] } 11... Bxg4 { [%clk 0:08:49] }
12. Qf4 { [%clk 0:08:32] } 12... Bf5 { [%clk 0:08:43] } 13. Bd3
{ [%clk 0:08:08] } 13... Bxd3 { [%clk 0:08:39] } 14. Qe5+ { [%clk 0:07:59] }
14... Kg8 { [%clk 0:08:35] } 15. Kd2 { [%clk 0:07:01] } 15... Bxc2
{ [%clk 0:08:08] } 16. a3 { [%clk 0:06:57] } 16... f6 { [%clk 0:07:58] } 17.
Qb5 { [%clk 0:06:25] } 17... Qxd4+ { [%clk 0:07:32] } 18. Kc1
{ [%clk 0:06:14] } 18... Nd3+ { [%clk 0:07:27] } 19. Kxc2 { [%clk 0:06:12] }
19... Nxf2 { [%clk 0:07:21] } 20. Rhf1 { [%clk 0:05:49] } 20... Ne4
{ [%clk 0:07:08] } 21. Rad1 { [%clk 0:05:41] } 21... Qe3 { [%clk 0:06:54] } 22.
Qc4+ { [%clk 0:05:27] } 22... Kh8 { [%clk 0:06:45] } 23. Nxe4
{ [%clk 0:05:25] } 23... Rfd8 { [%clk 0:06:37] } 24. Rxd8+ { [%clk 0:05:23] }
24... Rxd8 { [%clk 0:06:36] } 25. Rd1 { [%clk 0:05:05] } 25... Re8
{ [%clk 0:06:15] } 26. Kb1 { [%clk 0:04:28] } 26... f5 { [%clk 0:05:49] } 27.
Qc3+ { [%clk 0:04:11] } 27... Qxc3 { [%clk 0:05:39] } 28. Nxc3
{ [%clk 0:04:07] } 28... g5 { [%clk 0:05:35] } 29. Rd3 { [%clk 0:04:06] } 29...
f4 { [%clk 0:05:34] } 30. g3 { [%clk 0:04:03] } 30... fxg3 { [%clk 0:05:28] }
31. hxg3 { [%clk 0:04:03] } 31... g4 { [%clk 0:05:27] } 32. Rd7
{ [%clk 0:03:59] } 32... h5 { [%clk 0:05:24] } 33. Rxc7 { [%clk 0:03:55] }
33... Rf8 { [%clk 0:05:15] } 34. Ne4 { [%clk 0:03:35] } 34... Rf1+
{ [%clk 0:05:05] } 35. Kc2 { [%clk 0:03:34] } 35... Rf3 { [%clk 0:05:01] } 36.
Rxe7 { [%clk 0:03:30] } 36... Re3 { [%clk 0:04:59] } 37. Kd2 { [%clk 0:03:17] }
37... Rf3 { [%clk 0:04:47] } 38. Rxb7 { [%clk 0:03:03] } 38... h4
{ [%clk 0:04:41] } 39. gxh4 { [%clk 0:03:02] } 39... g3 { [%clk 0:04:40] } 40.
Nxg3 { [%clk 0:02:59] } 40... Rxg3 { [%clk 0:04:39] } 41. Rxa7
{ [%clk 0:02:54] } 41... Rh3 { [%clk 0:04:38] } 42. Ra4 { [%clk 0:02:48] }
42... Kg7 { [%clk 0:04:34] } 43. Ke2 { [%clk 0:02:47] } 43... Kf6
{ [%clk 0:04:31] } 44. Kf1 { [%clk 0:02:46] } 44... Kg6 { [%clk 0:04:31] } 45.
Kg2 { [%clk 0:02:46] } 45... Rd3 { [%clk 0:04:25] } 46. Ra5 { [%clk 0:02:41] }
46... Rd2+ { [%clk 0:04:20] } 47. Kg3 { [%clk 0:02:38] } 47... Rxb2
{ [%clk 0:04:19] } 48. h5+ { [%clk 0:02:32] } 48... Kh6 { [%clk 0:04:15] } 49.
Kg4 { [%clk 0:02:30] } 49... Ra2 { [%clk 0:04:05] } 50. Ra6+ { [%clk 0:02:28] }
50... Kh7 { [%clk 0:04:01] } 51. h6 { [%clk 0:02:24] } 51... Rh2
{ [%clk 0:03:50] } 52. Kg5 { [%clk 0:02:18] } 52... Rh3 { [%clk 0:03:43] } 53.
a4 { [%clk 0:02:16] } 53... Rh2 { [%clk 0:03:37] } 54. a5 { [%clk 0:02:12] }
54... Rh3 { [%clk 0:03:33] } 55. Rg6 { [%clk 0:01:50] } 1-0"
Rated Rapid game,https://lichess.org/AAyu0no8,2024.08.01,-,nirmalkadariya,SVSmart,0-1,2024.08.01,08:44:11,1424,1405,,,C20,King's Pawn Game: Wayward Queen Attack,600+0,Normal,"1. e4 { [%clk 0:10:00] } 1... e5 { [%clk 0:10:00] } 2. Qh5 { [%clk 0:09:59] }
2... Qe7 { [%clk 0:09:55] } 3. Nf3 { [%clk 0:09:38] } 3... d6
{ [%clk 0:09:52] } 4. Bb5+ { [%clk 0:09:35] } 4... c6 { [%clk 0:09:51] } 5. Bc4
{ [%clk 0:09:27] } 5... g6 { [%clk 0:09:45] } 6. Qg5 { [%clk 0:09:24] } 6...
Qxg5 { [%clk 0:09:42] } 7. Nxg5 { [%clk 0:09:22] } 7... Nh6 { [%clk 0:09:35] }
8. O-O { [%clk 0:09:13] } 8... f6 { [%clk 0:09:33] } 9. Be6 { [%clk 0:09:03] }
9... Bxe6 { [%clk 0:09:23] } 10. Nxe6 { [%clk 0:09:01] } 10... Na6
{ [%clk 0:09:09] } 11. d4 { [%clk 0:08:57] } 11... exd4 { [%clk 0:09:03] } 12.
Bxh6 { [%clk 0:08:50] } 12... Bxh6 { [%clk 0:09:01] } 13. Nxd4
{ [%clk 0:08:48] } 13... O-O { [%clk 0:08:52] } 14. Na3 { [%clk 0:08:46] }
14... Rae8 { [%clk 0:08:42] } 15. Rae1 { [%clk 0:08:30] } 15... Nc5
{ [%clk 0:08:36] } 16. Nc4 { [%clk 0:08:21] } 16... Nxe4 { [%clk 0:08:19] } 17.
f3 { [%clk 0:08:12] } 17... b5 { [%clk 0:08:08] } 18. Nxd6 { [%clk 0:07:59] }
18... Nxd6 { [%clk 0:08:06] } 19. Nxc6 { [%clk 0:07:56] } 19... a6
{ [%clk 0:07:53] } 20. Ne7+ { [%clk 0:07:44] } 20... Kf7 { [%clk 0:07:47] } 21.
Nd5 { [%clk 0:07:24] } 21... Nc4 { [%clk 0:07:31] } 22. h3 { [%clk 0:07:13] }
22... Nxb2 { [%clk 0:07:29] } 23. Kh1 { [%clk 0:07:03] } 23... Na4
{ [%clk 0:07:17] } 24. g4 { [%clk 0:07:01] } 24... Nc5 { [%clk 0:07:07] } 25.
h4 { [%clk 0:06:59] } 25... Bd2 { [%clk 0:06:55] } 26. Rxe8 { [%clk 0:06:46] }
26... Rxe8 { [%clk 0:06:53] } 27. f4 { [%clk 0:06:39] } 27... Ne4
{ [%clk 0:06:37] } 28. f5 { [%clk 0:06:31] } 28... Ng3+ { [%clk 0:06:35] } 29.
Kg2 { [%clk 0:06:27] } 29... Nxf1 { [%clk 0:06:34] } 30. Kxf1
{ [%clk 0:06:25] } 30... gxf5 { [%clk 0:06:28] } 31. g5 { [%clk 0:06:24] }
31... fxg5 { [%clk 0:06:25] } 32. hxg5 { [%clk 0:06:23] } 32... Bxg5
{ [%clk 0:06:24] } 33. Nb4 { [%clk 0:06:03] } 33... a5 { [%clk 0:06:20] } 34.
Nc6 { [%clk 0:05:47] } 34... Rc8 { [%clk 0:06:12] } 35. Nxa5 { [%clk 0:05:41] }
35... Rxc2 { [%clk 0:05:52] } 36. a3 { [%clk 0:05:40] } 36... Ra2
{ [%clk 0:05:47] } 37. Nc6 { [%clk 0:05:33] } 37... Rxa3 { [%clk 0:05:44] } 38.
Nd4 { [%clk 0:05:31] } 38... b4 { [%clk 0:05:41] } 39. Nxf5 { [%clk 0:05:23] }
39... Rf3+ { [%clk 0:05:39] } 40. Ke2 { [%clk 0:05:21] } 40... Rxf5
{ [%clk 0:05:37] } 0-1"
Rated Rapid game,https://lichess.org/7sU9uSlH,2024.08.01,-,Vladimir_Zim,GoodGuy9191,0-1,2024.08.01,08:44:11,1674,1683,,,B22,Sicilian Defense: Alapin Variation,600+0,Normal,"1. e4 { [%clk 0:10:00] } 1... c5 { [%clk 0:10:00] } 2. c3 { [%clk 0:09:58] }
2... Nf6 { [%clk 0:09:57] } 3. d3 { [%clk 0:09:55] } 3... d6 { [%clk 0:09:48] }
4. h3 { [%clk 0:09:52] } 4... Nc6 { [%clk 0:09:47] } 5. Be2 { [%clk 0:09:49] }
5... g6 { [%clk 0:09:40] } 6. Nf3 { [%clk 0:09:42] } 6... Bg7
{ [%clk 0:09:39] } 7. O-O { [%clk 0:09:39] } 7... O-O { [%clk 0:09:36] } 8. Nh2
{ [%clk 0:09:36] } 8... b5 { [%clk 0:09:31] } 9. Ng4 { [%clk 0:09:33] } 9...
Bb7 { [%clk 0:09:08] } 10. Bh6 { [%clk 0:09:26] } 10... Qc7 { [%clk 0:08:13] }
11. Nxf6+ { [%clk 0:09:19] } 11... exf6 { [%clk 0:08:08] } 12. Bxg7
{ [%clk 0:09:15] } 12... Kxg7 { [%clk 0:08:07] } 13. Bf3 { [%clk 0:08:54] }
13... Ne5 { [%clk 0:08:05] } 14. d4 { [%clk 0:08:28] } 14... cxd4
{ [%clk 0:08:02] } 15. cxd4 { [%clk 0:08:25] } 15... Nxf3+ { [%clk 0:07:58] }
16. Qxf3 { [%clk 0:08:22] } 16... Rfe8 { [%clk 0:07:51] } 17. d5
{ [%clk 0:08:17] } 17... Qc2 { [%clk 0:07:40] } 18. Qb3 { [%clk 0:07:37] }
18... Qxe4 { [%clk 0:07:21] } 19. Qxb5 { [%clk 0:07:33] } 19... Bxd5
{ [%clk 0:07:15] } 20. Nc3 { [%clk 0:07:31] } 20... Qxg2# { [%clk 0:07:12] }
0-1"
Rated Rapid game,https://lichess.org/BYYpl1U2,2024.08.01,-,iceman1981,shax2312,0-1,2024.08.01,08:44:11,1747,1783,,,B01,Scandinavian Defense,600+0,Normal,"1. e4 { [%clk 0:10:00] } 1... d5 { [%clk 0:10:00] } 2. e5 { [%clk 0:09:56] }
2... Bf5 { [%clk 0:09:57] } 3. d4 { [%clk 0:09:55] } 3... e6 { [%clk 0:09:55] }
4. Nf3 { [%clk 0:09:51] } 4... c5 { [%clk 0:09:53] } 5. c3 { [%clk 0:09:49] }
5... Nc6 { [%clk 0:09:49] } 6. Bb5 { [%clk 0:09:48] } 6... Qb6
{ [%clk 0:09:46] } 7. Bxc6+ { [%clk 0:09:46] } 7... bxc6 { [%clk 0:09:44] } 8.
O-O { [%clk 0:09:43] } 8... cxd4 { [%clk 0:09:40] } 9. cxd4 { [%clk 0:09:41] }
9... c5 { [%clk 0:09:31] } 10. Be3 { [%clk 0:09:38] } 10... Qxb2
{ [%clk 0:09:20] } 11. Nbd2 { [%clk 0:09:36] } 11... cxd4 { [%clk 0:09:07] }
12. Qa4+ { [%clk 0:09:34] } 12... Ke7 { [%clk 0:08:22] } 13. Bxd4
{ [%clk 0:09:27] } 13... Qb7 { [%clk 0:08:04] } 14. Bc5+ { [%clk 0:09:26] }
14... Kd8 { [%clk 0:07:57] } 15. Bxf8 { [%clk 0:09:24] } 15... Nh6
{ [%clk 0:07:52] } 16. Bxg7 { [%clk 0:09:22] } 16... Rg8 { [%clk 0:07:44] } 17.
Bxh6 { [%clk 0:09:19] } 17... Bh3 { [%clk 0:07:41] } 18. Ng5 { [%clk 0:09:11] }
18... d4 { [%clk 0:07:30] } 19. Nxh3 { [%clk 0:09:01] } 19... Qxg2#
{ [%clk 0:07:26] } 0-1"
Rated Rapid game,https://lichess.org/TRW19S33,2024.08.01,-,ShadoWsFADE,cheSchen,1-0,2024.08.01,08:44:11,1093,1047,,,C44,Ponziani Opening: Jaenisch Counterattack,600+0,Normal,"1. e4 { [%eval 0.15] [%clk 0:10:00] } 1... e5 { [%eval 0.21] [%clk 0:10:00] }
2. Nf3 { [%eval 0.11] [%clk 0:09:57] } 2... Nc6 { [%eval 0.19] [%clk 0:09:59] }
3. c3 { [%eval -0.09] [%clk 0:09:55] } 3... Nf6 { [%eval 0.0] [%clk 0:09:57] }
4. d4 { [%eval 0.0] [%clk 0:09:52] } 4... d6 { [%eval 0.53] [%clk 0:09:52] } 5.
d5 { [%eval 0.43] [%clk 0:09:25] } 5... Na5 $4 { [%eval 4.08] [%clk 0:09:43] }
6. Qa4+ $2 { [%eval 2.69] [%clk 0:09:12] } 6... Qd7
{ [%eval 3.07] [%clk 0:09:06] } 7. Qxa5 { [%eval 3.08] [%clk 0:09:04] } 7...
Nxe4 { [%eval 2.94] [%clk 0:09:03] } 8. Be3 { [%eval 2.94] [%clk 0:07:48] }
8... b6 $2 { [%eval 4.06] [%clk 0:08:51] } 9. Qb4
{ [%eval 3.96] [%clk 0:07:34] } 9... a5 $2 { [%eval 5.26] [%clk 0:08:15] } 10.
Qxe4 { [%eval 5.17] [%clk 0:07:28] } 10... g6 { [%eval 6.05] [%clk 0:07:44] }
11. Bd3 { [%eval 5.05] [%clk 0:06:25] } 11... Bb7
{ [%eval 6.26] [%clk 0:07:36] } 12. O-O $2 { [%eval 4.62] [%clk 0:05:33] }
12... Be7 { [%eval 4.95] [%clk 0:07:22] } 13. Nbd2
{ [%eval 4.42] [%clk 0:05:26] } 13... h6 { [%eval 5.26] [%clk 0:07:20] } 14. b3
{ [%eval 4.39] [%clk 0:05:16] } 14... f5 { [%eval 4.4] [%clk 0:07:16] } 15. Qa4
{ [%eval 4.4] [%clk 0:05:01] } 15... Qxa4 { [%eval 4.75] [%clk 0:07:14] } 16.
bxa4 { [%eval 4.55] [%clk 0:05:01] } 16... g5 { [%eval 5.63] [%clk 0:07:10] }
17. Bxf5 { [%eval 5.79] [%clk 0:04:57] } 17... g4
{ [%eval 6.0] [%clk 0:07:09] } 18. Bxg4 { [%eval 6.0] [%clk 0:04:44] } 18... h5
{ [%eval 6.53] [%clk 0:07:05] } 19. Bf5 { [%eval 6.24] [%clk 0:04:32] } 19...
Rf8 { [%eval 6.48] [%clk 0:07:01] } 20. Bg6+ { [%eval 6.49] [%clk 0:04:28] }
20... Kd7 { [%eval 6.47] [%clk 0:06:48] } 21. c4
{ [%eval 6.48] [%clk 0:04:03] } 21... Rae8 { [%eval 6.8] [%clk 0:06:16] } 22.
Bxe8+ { [%eval 6.46] [%clk 0:03:44] } 1-0"
Rated Rapid game,https://lichess.org/SOidylmZ,2024.08.01,-,rr-0017,sebixglobus,0-1,2024.08.01,08:44:11,1926,1904,,,D00,"Queen's Pawn Game: Accelerated London System, Steinitz Countergambit",600+0,Normal,"1. d4 { [%clk 0:10:00] } 1... d5 { [%clk 0:10:00] } 2. Bf4 { [%clk 0:09:59] }
2... c5 { [%clk 0:09:58] } 3. Nf3 { [%clk 0:09:57] } 3... Nc6
{ [%clk 0:09:57] } 4. e3 { [%clk 0:09:55] } 4... f6 { [%clk 0:09:51] } 5. Nh4
{ [%clk 0:09:20] } 5... g6 { [%clk 0:09:14] } 6. Bd3 { [%clk 0:09:14] } 6... e5
{ [%clk 0:09:08] } 7. Bg3 { [%clk 0:09:12] } 7... e4 { [%clk 0:09:01] } 8. Be2
{ [%clk 0:09:01] } 8... cxd4 { [%clk 0:08:56] } 9. exd4 { [%clk 0:08:56] } 9...
f5 { [%clk 0:08:54] } 10. c3 { [%clk 0:08:49] } 10... f4 { [%clk 0:08:47] } 11.
Bxf4 { [%clk 0:08:22] } 11... Qxh4 { [%clk 0:08:45] } 12. g3 { [%clk 0:08:16] }
12... Qf6 { [%clk 0:08:40] } 13. Nd2 { [%clk 0:08:11] } 13... Bd6
{ [%clk 0:08:26] } 14. Be3 { [%clk 0:08:09] } 14... Nge7 { [%clk 0:08:17] } 15.
h4 { [%clk 0:07:51] } 15... Be6 { [%clk 0:08:04] } 16. Qb3 { [%clk 0:07:38] }
16... O-O { [%clk 0:07:58] } 17. O-O-O { [%clk 0:07:34] } 17... b6
{ [%clk 0:07:51] } 18. h5 { [%clk 0:07:03] } 18... g5 { [%clk 0:07:39] } 19. g4
{ [%clk 0:06:56] } 19... Na5 { [%clk 0:07:07] } 20. Qc2 { [%clk 0:06:31] }
20... Rac8 { [%clk 0:07:04] } 21. h6 { [%clk 0:06:20] } 21... Ng6
{ [%clk 0:06:49] } 22. Ba6 { [%clk 0:05:12] } 22... Rc7 { [%clk 0:06:40] } 23.
Rdf1 { [%clk 0:04:54] } 23... Nf4 { [%clk 0:06:38] } 24. Bxf4
{ [%clk 0:04:30] } 24... Bxf4 { [%clk 0:06:34] } 25. Be2 { [%clk 0:04:29] }
25... Nc4 { [%clk 0:06:30] } 26. Bxc4 { [%clk 0:04:19] } 26... Rxc4
{ [%clk 0:06:26] } 27. Qd1 { [%clk 0:03:32] } 27... Qxd4 { [%clk 0:06:12] } 28.
a3 { [%clk 0:02:18] } 28... Rxc3+ { [%clk 0:06:03] } 29. bxc3
{ [%clk 0:02:15] } 29... Qxc3+ { [%clk 0:05:58] } 30. Qc2 { [%clk 0:02:14] }
30... Bxd2+ { [%clk 0:05:57] } 31. Kd1 { [%clk 0:02:07] } 31... Bxg4+
{ [%clk 0:05:55] } 0-1"
Rated Rapid game,https://lichess.org/HY8i1pJd,2024.08.01,-,teacheralqueria,Matvey_Ryabinin,1/2-1/2,2024.08.01,08:44:18,1545,1588,,,D00,Queen's Pawn Game,600+0,Normal,"1. d4 { [%clk 0:10:00] } 1... d5 { [%clk 0:10:00] } 2. e3 { [%clk 0:09:59] }
2... Nc6 { [%clk 0:09:59] } 3. Nf3 { [%clk 0:09:58] } 3... Bf5
{ [%clk 0:09:58] } 4. c3 { [%clk 0:09:42] } 4... Nf6 { [%clk 0:09:55] } 5. Bd3
{ [%clk 0:09:38] } 5... Qd7 { [%clk 0:09:52] } 6. Bxf5 { [%clk 0:09:35] } 6...
Qxf5 { [%clk 0:09:50] } 7. O-O { [%clk 0:09:31] } 7... e6 { [%clk 0:09:47] } 8.
Nbd2 { [%clk 0:09:29] } 8... Bd6 { [%clk 0:09:45] } 9. Re1 { [%clk 0:09:27] }
9... Ng4 { [%clk 0:09:41] } 10. e4 { [%clk 0:09:00] } 10... dxe4
{ [%clk 0:09:33] } 11. Nxe4 { [%clk 0:08:20] } 11... Bxh2+ { [%clk 0:09:21] }
12. Nxh2 { [%clk 0:08:15] } 12... Nxh2 { [%clk 0:09:19] } 13. Kxh2
{ [%clk 0:08:13] } 13... O-O-O { [%clk 0:08:57] } 14. Qf3 { [%clk 0:08:10] }
14... Qd5 { [%clk 0:08:51] } 15. Nc5 { [%clk 0:07:50] } 15... Qd6+
{ [%clk 0:08:40] } 16. g3 { [%clk 0:07:44] } 16... e5 { [%clk 0:08:31] } 17.
Ne4 { [%clk 0:07:29] } 17... Qd5 { [%clk 0:08:19] } 18. Be3 { [%clk 0:06:59] }
18... g6 { [%clk 0:08:16] } 19. Qg4+ { [%clk 0:06:40] } 19... f5
{ [%clk 0:08:12] } 20. Nf6 { [%clk 0:06:31] } 20... fxg4 { [%clk 0:08:06] } 21.
Nxd5 { [%clk 0:06:29] } 21... Rxd5 { [%clk 0:08:05] } 22. Kg2
{ [%clk 0:06:00] } 22... exd4 { [%clk 0:08:00] } 23. cxd4 { [%clk 0:05:43] }
23... Nxd4 { [%clk 0:07:59] } 24. Rad1 { [%clk 0:05:36] } 24... Rhd8
{ [%clk 0:07:52] } 25. Rxd4 { [%clk 0:05:29] } 25... Rxd4 { [%clk 0:07:51] }
26. Bxd4 { [%clk 0:05:27] } 26... Rxd4 { [%clk 0:07:49] } 27. Re8+
{ [%clk 0:05:25] } 27... Rd8 { [%clk 0:07:48] } 28. Re7 { [%clk 0:05:23] }
28... Rd7 { [%clk 0:07:45] } 29. Re8+ { [%clk 0:05:21] } 29... Rd8
{ [%clk 0:07:43] } 30. Re7 { [%clk 0:05:20] } 30... Rh8 { [%clk 0:07:38] } 31.
a4 { [%clk 0:05:09] } 31... Kd8 { [%clk 0:07:35] } 32. Rf7 { [%clk 0:05:05] }
32... a6 { [%clk 0:07:27] } 33. b4 { [%clk 0:05:02] } 33... b5
{ [%clk 0:07:25] } 34. axb5 { [%clk 0:04:56] } 34... axb5 { [%clk 0:07:23] }
35. f3 { [%clk 0:04:45] } 35... gxf3+ { [%clk 0:07:19] } 36. Kxf3
{ [%clk 0:04:44] } 36... c6 { [%clk 0:07:16] } 37. Ke4 { [%clk 0:04:39] } 37...
Re8+ { [%clk 0:07:08] } 38. Kd4 { [%clk 0:04:34] } 38... Re7 { [%clk 0:07:06] }
39. Rf8+ { [%clk 0:04:30] } 39... Kd7 { [%clk 0:07:01] } 40. Ra8
{ [%clk 0:04:24] } 40... Re6 { [%clk 0:07:00] } 41. Kc5 { [%clk 0:04:23] }
41... Re5+ { [%clk 0:06:56] } 42. Kb6 { [%clk 0:04:21] } 42... Rg5
{ [%clk 0:06:51] } 43. Ra7+ { [%clk 0:04:19] } 43... Ke6 { [%clk 0:06:48] } 44.
Rxh7 { [%clk 0:04:17] } 44... Rxg3 { [%clk 0:06:47] } 45. Kxc6
{ [%clk 0:04:13] } 45... Rg4 { [%clk 0:06:45] } 46. Kxb5 { [%clk 0:04:11] }
46... g5 { [%clk 0:06:39] } 47. Rh6+ { [%clk 0:04:06] } 47... Kf5
{ [%clk 0:06:37] } 48. Rc6 { [%clk 0:04:03] } 48... Re4 { [%clk 0:06:32] } 49.
Rc5+ { [%clk 0:04:01] } 49... Re5 { [%clk 0:06:31] } 50. Kc4 { [%clk 0:03:46] }
50... g4 { [%clk 0:06:28] } 51. Rxe5+ { [%clk 0:03:42] } 51... Kxe5
{ [%clk 0:06:26] } 52. b5 { [%clk 0:03:42] } 52... g3 { [%clk 0:06:25] } 53. b6
{ [%clk 0:03:41] } 53... g2 { [%clk 0:06:24] } 54. b7 { [%clk 0:03:41] } 54...
g1=Q { [%clk 0:06:21] } 55. b8=Q+ { [%clk 0:03:39] } 55... Kf5
{ [%clk 0:06:19] } 56. Qf8+ { [%clk 0:03:36] } 56... Ke5 { [%clk 0:06:18] } 57.
Qe8+ { [%clk 0:03:34] } 57... Kf5 { [%clk 0:06:17] } 58. Qf8+
{ [%clk 0:03:33] } 58... Ke5 { [%clk 0:06:16] } 59. Qe8+ { [%clk 0:03:32] }
59... Kd6 { [%clk 0:06:11] } 60. Qb8+ { [%clk 0:03:26] } 60... Ke6
{ [%clk 0:06:09] } 61. Qe8+ { [%clk 0:03:17] } 61... Kf6 { [%clk 0:06:06] } 62.
Qf8+ { [%clk 0:03:15] } 62... Ke6 { [%clk 0:06:05] } 63. Qe8+
{ [%clk 0:03:11] } 63... Kf6 { [%clk 0:06:03] } 64. Qf8+ { [%clk 0:03:10] }
64... Ke5 { [%clk 0:06:02] } 1/2-1/2"
Rated Rapid game,https://lichess.org/H5s8xYcs,2024.08.01,-,trenkz1956,grosminou123,1-0,2024.08.01,08:44:18,1843,1892,,,B90,"Sicilian Defense: Najdorf Variation, English Attack",600+0,Normal,"1. e4 { [%clk 0:10:00] } 1... c5 { [%clk 0:10:00] } 2. Nf3 { [%clk 0:09:58] }
2... d6 { [%clk 0:09:59] } 3. d4 { [%clk 0:09:56] } 3... cxd4
{ [%clk 0:09:58] } 4. Nxd4 { [%clk 0:09:55] } 4... Nf6 { [%clk 0:09:57] } 5.
Nc3 { [%clk 0:09:53] } 5... a6 { [%clk 0:09:56] } 6. Be3 { [%clk 0:09:50] }
6... b5 { [%clk 0:09:54] } 7. Qd2 { [%clk 0:09:48] } 7... e6 { [%clk 0:09:53] }
8. f3 { [%clk 0:09:46] } 8... Be7 { [%clk 0:09:52] } 9. g4 { [%clk 0:09:44] }
9... Bb7 { [%clk 0:09:48] } 10. O-O-O { [%clk 0:09:41] } 10... O-O
{ [%clk 0:09:46] } 11. h4 { [%clk 0:09:38] } 11... Nbd7 { [%clk 0:09:41] } 12.
g5 { [%clk 0:09:35] } 12... Ne8 { [%clk 0:09:38] } 13. h5 { [%clk 0:09:22] }
13... Ne5 { [%clk 0:09:27] } 14. Be2 { [%clk 0:09:17] } 14... Rc8
{ [%clk 0:09:21] } 15. g6 { [%clk 0:09:08] } 15... Nc4 { [%clk 0:09:14] } 16.
Bxc4 { [%clk 0:09:03] } 16... Rxc4 { [%clk 0:09:10] } 17. gxf7+
{ [%clk 0:08:58] } 17... Rxf7 { [%clk 0:09:05] } 18. Nxe6 { [%clk 0:08:39] }
18... Qd7 { [%clk 0:09:00] } 19. Nd4 { [%clk 0:08:12] } 19... Qc8
{ [%clk 0:08:10] } 20. Rhg1 { [%clk 0:08:00] } 20... Nf6 { [%clk 0:08:04] } 21.
Nf5 { [%clk 0:07:43] } 21... Nxh5 { [%clk 0:07:42] } 22. Nxe7+
{ [%clk 0:07:06] } 22... Rxe7 { [%clk 0:07:39] } 23. Rg5 { [%clk 0:06:31] }
23... Nf6 { [%clk 0:07:19] } 24. Qxd6 { [%clk 0:06:02] } 24... Re6
{ [%clk 0:07:12] } 25. Qd8+ { [%clk 0:05:46] } 25... Qxd8 { [%clk 0:07:07] }
26. Rxd8+ { [%clk 0:05:45] } 26... Kf7 { [%clk 0:07:01] } 27. e5
{ [%clk 0:05:02] } 27... Nd7 { [%clk 0:06:50] } 28. Rxd7+ { [%clk 0:04:52] }
1-0"
Rated Rapid game,https://lichess.org/FT4hChao,2024.08.01,-,hoseinqaemshahr,Ashmoin,0-1,2024.08.01,08:44:18,1673,1659,,,A00,Hungarian Opening,600+0,Normal,"1. g3 { [%clk 0:10:00] } 1... d5 { [%clk 0:10:00] } 2. Bg2 { [%clk 0:10:00] }
2... e5 { [%clk 0:09:59] } 3. b3 { [%clk 0:09:59] } 3... Nc6 { [%clk 0:09:53] }
4. Bb2 { [%clk 0:09:58] } 4... Nf6 { [%clk 0:09:52] } 5. Nf3 { [%clk 0:09:53] }
5... Bd6 { [%clk 0:09:50] } 6. d3 { [%clk 0:09:50] } 6... h6 { [%clk 0:09:44] }
7. Nbd2 { [%clk 0:09:41] } 7... a6 { [%clk 0:09:42] } 8. e4 { [%clk 0:09:24] }
8... d4 { [%clk 0:09:36] } 9. O-O { [%clk 0:09:20] } 9... O-O
{ [%clk 0:09:35] } 10. c3 { [%clk 0:09:19] } 10... dxc3 { [%clk 0:09:30] } 11.
Bxc3 { [%clk 0:09:19] } 11... Be6 { [%clk 0:09:25] } 12. Nc4 { [%clk 0:09:08] }
12... Bxc4 { [%clk 0:09:22] } 13. bxc4 { [%clk 0:09:05] } 13... Re8
{ [%clk 0:09:17] } 14. Qb3 { [%clk 0:08:46] } 14... Rb8 { [%clk 0:09:01] } 15.
a3 { [%clk 0:08:33] } 15... Na5 { [%clk 0:08:47] } 16. Bxa5 { [%clk 0:08:28] }
16... b6 { [%clk 0:08:31] } 17. Bc3 { [%clk 0:08:17] } 17... a5
{ [%clk 0:08:26] } 18. Qb2 { [%clk 0:08:12] } 18... Nd7 { [%clk 0:08:18] } 19.
Bh3 { [%clk 0:08:03] } 19... Nc5 { [%clk 0:08:16] } 20. Rfe1 { [%clk 0:07:41] }
20... Na4 { [%clk 0:08:13] } 21. Qc2 { [%clk 0:07:32] } 21... Nxc3
{ [%clk 0:08:11] } 22. Qxc3 { [%clk 0:07:28] } 22... c5 { [%clk 0:08:09] } 23.
Bg2 { [%clk 0:07:14] } 23... Re6 { [%clk 0:07:54] } 24. Rab1 { [%clk 0:06:53] }
24... Qf8 { [%clk 0:07:47] } 25. Rb3 { [%clk 0:06:33] } 25... f5
{ [%clk 0:07:45] } 26. Bh3 { [%clk 0:06:21] } 26... Rf6 { [%clk 0:07:40] } 27.
Nxe5 { [%clk 0:06:08] } 27... Bxe5 { [%clk 0:07:30] } 28. Qxe5
{ [%clk 0:06:00] } 28... f4 { [%clk 0:07:28] } 29. Qxf4 { [%clk 0:05:36] }
29... Rxf4 { [%clk 0:07:26] } 30. gxf4 { [%clk 0:04:58] } 30... Qxf4
{ [%clk 0:07:22] } 31. Bg2 { [%clk 0:04:54] } 31... Qd2 { [%clk 0:07:20] } 32.
Reb1 { [%clk 0:04:46] } 32... Kf8 { [%clk 0:07:07] } 33. Rxb6
{ [%clk 0:04:41] } 33... Rxb6 { [%clk 0:07:04] } 34. Rxb6 { [%clk 0:04:41] }
34... Qxd3 { [%clk 0:07:00] } 35. Rb5 { [%clk 0:04:32] } 35... Qxc4
{ [%clk 0:06:51] } 36. Rxa5 { [%clk 0:04:30] } 36... Qd4 { [%clk 0:06:37] } 37.
Ra8+ { [%clk 0:04:04] } 37... Ke7 { [%clk 0:06:33] } 38. Ra7+
{ [%clk 0:03:57] } 38... Kd6 { [%clk 0:06:28] } 39. Ra8 { [%clk 0:03:50] }
39... Kc7 { [%clk 0:06:16] } 40. h3 { [%clk 0:03:22] } 40... Qe5
{ [%clk 0:06:07] } 41. f4 { [%clk 0:03:03] } 41... Qxf4 { [%clk 0:05:54] } 42.
Ra7+ { [%clk 0:02:56] } 42... Kb6 { [%clk 0:05:48] } 43. Rxg7
{ [%clk 0:02:52] } 43... Qe3+ { [%clk 0:05:41] } 44. Kh2 { [%clk 0:02:46] }
44... Qxa3 { [%clk 0:05:29] } 45. Rg6+ { [%clk 0:02:41] } 45... Kb5
{ [%clk 0:05:25] } 46. Rxh6 { [%clk 0:02:41] } 46... Qe3 { [%clk 0:05:12] } 47.
Bf1+ { [%clk 0:02:22] } 47... Kb4 { [%clk 0:04:57] } 48. Rb6+
{ [%clk 0:02:15] } 48... Kc3 { [%clk 0:04:51] } 49. Bg2 { [%clk 0:01:59] }
49... c4 { [%clk 0:04:47] } 50. Rg6 { [%clk 0:01:37] } 50... Qf4+
{ [%clk 0:04:43] } 51. Kh1 { [%clk 0:01:32] } 51... Kd4 { [%clk 0:04:32] } 52.
Rc6 { [%clk 0:01:07] } 52... Qc1+ { [%clk 0:04:26] } 53. Kh2 { [%clk 0:01:04] }
53... c3 { [%clk 0:04:18] } 54. Rd6+ { [%clk 0:00:58] } 54... Ke5
{ [%clk 0:04:16] } 55. Rd5+ { [%clk 0:00:54] } 55... Ke6 { [%clk 0:04:09] } 56.
e5 { [%clk 0:00:49] } 56... Qf4+ { [%clk 0:04:03] } 57. Kg1 { [%clk 0:00:45] }
57... Qe3+ { [%clk 0:03:53] } 58. Kh2 { [%clk 0:00:43] } 58... c2
{ [%clk 0:03:51] } 59. Rd6+ { [%clk 0:00:39] } 59... Kxe5 { [%clk 0:03:47] }
60. Rc6 { [%clk 0:00:34] } 60... c1=Q { [%clk 0:03:42] } 61. Rxc1
{ [%clk 0:00:33] } 61... Qxc1 { [%clk 0:03:41] } 62. h4 { [%clk 0:00:31] }
62... Kf5 { [%clk 0:03:36] } 63. Kh3 { [%clk 0:00:31] } 63... Qe3+
{ [%clk 0:03:31] } 64. Kh2 { [%clk 0:00:30] } 64... Kg4 { [%clk 0:03:27] } 65.
Bh3+ { [%clk 0:00:28] } 65... Kxh4 { [%clk 0:03:25] } 66. Bg2
{ [%clk 0:00:26] } 66... Qg3+ { [%clk 0:03:23] } 67. Kg1 { [%clk 0:00:25] }
67... Qa3 { [%clk 0:03:14] } 68. Kh2 { [%clk 0:00:24] } 68... Qg3+
{ [%clk 0:03:08] } 69. Kg1 { [%clk 0:00:21] } 69... Qf4 { [%clk 0:03:01] } 70.
Bh3 { [%clk 0:00:15] } 70... Kxh3 { [%clk 0:02:52] } 71. Kh1 { [%clk 0:00:14] }
71... Qf1# { [%clk 0:02:48] } 0-1"
Rated Rapid game,https://lichess.org/r0IWoRt7,2024.08.01,-,alcideslugo,solilon,1-0,2024.08.01,08:44:18,1543,1515,,,C55,"Italian Game: Two Knights Defense, Modern Bishop's Opening",600+0,Normal,"1. e4 { [%clk 0:10:00] } 1... e5 { [%clk 0:10:00] } 2. Nf3 { [%clk 0:09:58] }
2... Nc6 { [%clk 0:09:57] } 3. Bc4 { [%clk 0:09:56] } 3... Nf6
{ [%clk 0:09:54] } 4. d3 { [%clk 0:09:53] } 4... d5 { [%clk 0:09:52] } 5. exd5
{ [%clk 0:09:44] } 5... Nxd5 { [%clk 0:09:52] } 6. a3 { [%clk 0:09:35] } 6...
Bg4 { [%clk 0:09:50] } 7. Nbd2 { [%clk 0:09:31] } 7... Qd6 { [%clk 0:09:43] }
8. O-O { [%clk 0:09:07] } 8... O-O-O { [%clk 0:09:39] } 9. c3
{ [%clk 0:08:57] } 9... Bxf3 { [%clk 0:09:02] } 10. Nxf3 { [%clk 0:08:53] }
10... f6 { [%clk 0:08:59] } 11. Nh4 { [%clk 0:08:22] } 11... Nb6
{ [%clk 0:08:45] } 12. Nf5 { [%clk 0:08:16] } 12... Qd7 { [%clk 0:08:41] } 13.
Ne3 { [%clk 0:07:39] } 13... Nxc4 { [%clk 0:08:38] } 14. Nxc4
{ [%clk 0:07:35] } 14... Qxd3 { [%clk 0:08:37] } 15. Qxd3 { [%clk 0:07:28] }
15... Rxd3 { [%clk 0:08:35] } 16. Be3 { [%clk 0:07:05] } 16... Be7
{ [%clk 0:08:31] } 17. b4 { [%clk 0:06:55] } 17... Rxc3 { [%clk 0:08:23] } 18.
Nb2 { [%clk 0:06:47] } 18... a5 { [%clk 0:08:15] } 19. b5 { [%clk 0:06:39] }
19... Bxa3 { [%clk 0:08:13] } 20. bxc6 { [%clk 0:06:31] } 20... Bxb2
{ [%clk 0:08:11] } 21. Rab1 { [%clk 0:06:27] } 21... Ba3 { [%clk 0:07:53] } 22.
cxb7+ { [%clk 0:06:19] } 22... Kb8 { [%clk 0:07:46] } 23. Rb5
{ [%clk 0:06:01] } 23... a4 { [%clk 0:07:41] } 24. Rfb1 { [%clk 0:05:56] }
24... c5 { [%clk 0:07:30] } 25. Ra5 { [%clk 0:05:43] } 25... Rc4
{ [%clk 0:07:13] } 26. Ra8+ { [%clk 0:05:40] } 26... Kc7 { [%clk 0:07:08] } 27.
Rxh8 { [%clk 0:05:36] } 27... Bb4 { [%clk 0:06:55] } 28. b8=Q+
{ [%clk 0:05:32] } 28... Kc6 { [%clk 0:06:54] } 29. Rc8+ { [%clk 0:05:29] }
29... Kd5 { [%clk 0:06:54] } 30. Rd1+ { [%clk 0:05:23] } 30... Ke4
{ [%clk 0:06:53] } 31. Rc7 { [%clk 0:05:07] } 31... g5 { [%clk 0:06:49] } 32.
Rxh7 { [%clk 0:05:04] } 32... f5 { [%clk 0:06:47] } 33. Bxg5 { [%clk 0:04:48] }
33... f4 { [%clk 0:06:46] } 34. Re7 { [%clk 0:04:31] } 34... Kf5
{ [%clk 0:06:39] } 35. Qxe5+ { [%clk 0:04:26] } 35... Kg4 { [%clk 0:06:38] }
36. h3+ { [%clk 0:04:18] } 36... Kh5 { [%clk 0:06:35] } 37. Bf6+
{ [%clk 0:04:03] } 37... Kg6 { [%clk 0:06:34] } 38. Qg5# { [%clk 0:03:59] } 1-0"
Rated Rapid game,https://lichess.org/aYBWtdQO,2024.08.01,-,hinislibaba_25,holypower2201,1-0,2024.08.01,08:44:18,1967,1992,,,B00,Owen Defense,600+0,Normal,"1. e4 { [%clk 0:10:00] } 1... b6 { [%clk 0:10:00] } 2. Bc4 { [%clk 0:09:58] }
2... Bb7 { [%clk 0:09:59] } 3. d3 { [%clk 0:09:57] } 3... e6 { [%clk 0:09:58] }
4. Nc3 { [%clk 0:09:55] } 4... c6 { [%clk 0:09:57] } 5. a3 { [%clk 0:09:52] }
5... d5 { [%clk 0:09:56] } 6. exd5 { [%clk 0:09:51] } 6... exd5
{ [%clk 0:09:56] } 7. Ba2 { [%clk 0:09:49] } 7... Bd6 { [%clk 0:09:54] } 8. Nf3
{ [%clk 0:09:47] } 8... Ne7 { [%clk 0:09:53] } 9. O-O { [%clk 0:09:45] } 9...
O-O { [%clk 0:09:52] } 10. Ne2 { [%clk 0:09:36] } 10... Nd7 { [%clk 0:09:49] }
11. Ng3 { [%clk 0:09:33] } 11... Ne5 { [%clk 0:09:47] } 12. d4
{ [%clk 0:09:28] } 12... Nxf3+ { [%clk 0:09:46] } 13. Qxf3 { [%clk 0:09:27] }
13... Bc8 { [%clk 0:09:44] } 14. c3 { [%clk 0:09:24] } 14... Qc7
{ [%clk 0:09:43] } 15. Bb1 { [%clk 0:09:18] } 15... Bxg3 { [%clk 0:09:40] } 16.
fxg3 { [%clk 0:09:13] } 16... Be6 { [%clk 0:09:37] } 17. Bf4 { [%clk 0:09:08] }
17... Qd7 { [%clk 0:09:36] } 18. Qh5 { [%clk 0:09:00] } 18... Bf5
{ [%clk 0:09:31] } 19. Bxf5 { [%clk 0:08:45] } 19... Qxf5 { [%clk 0:09:29] }
20. Qe2 { [%clk 0:08:33] } 20... Qd7 { [%clk 0:09:26] } 21. Rfe1
{ [%clk 0:08:29] } 21... Ng6 { [%clk 0:09:24] } 22. Bd2 { [%clk 0:08:24] }
22... Rfe8 { [%clk 0:08:40] } 23. Qf2 { [%clk 0:08:21] } 23... Rxe1+
{ [%clk 0:08:38] } 24. Rxe1 { [%clk 0:08:19] } 24... Re8 { [%clk 0:08:37] } 25.
Rf1 { [%clk 0:08:18] } 25... f6 { [%clk 0:08:34] } 26. Bf4 { [%clk 0:08:11] }
26... Nxf4 { [%clk 0:08:33] } 27. gxf4 { [%clk 0:08:09] } 27... Qe6
{ [%clk 0:08:31] } 28. g3 { [%clk 0:08:01] } 28... Qe3 { [%clk 0:08:29] } 29.
Qxe3 { [%clk 0:07:59] } 29... Rxe3 { [%clk 0:08:28] } 30. Kf2
{ [%clk 0:07:58] } 30... Rd3 { [%clk 0:08:26] } 31. Ke2 { [%clk 0:07:54] }
31... Rxc3 { [%clk 0:08:14] } 32. bxc3 { [%clk 0:07:50] } 32... c5
{ [%clk 0:08:13] } 33. dxc5 { [%clk 0:07:48] } 33... bxc5 { [%clk 0:08:12] }
34. Kd3 { [%clk 0:07:47] } 34... Kf7 { [%clk 0:08:08] } 35. Rb1
{ [%clk 0:07:45] } 35... a6 { [%clk 0:07:53] } 36. Rb6 { [%clk 0:07:42] } 36...
a5 { [%clk 0:07:45] } 37. Rb5 { [%clk 0:07:40] } 37... d4 { [%clk 0:07:44] }
38. cxd4 { [%clk 0:07:37] } 38... cxd4 { [%clk 0:07:43] } 39. Rxa5
{ [%clk 0:07:35] } 1-0"
Rated Rapid game,https://lichess.org/NeHA7n8P,2024.08.01,-,professorprimus,syvert1,0-1,2024.08.01,08:44:18,1127,1111,,,B30,Sicilian Defense: Nyezhmetdinov-Rossolimo Attack,600+0,Normal,"1. e4 { [%eval 0.15] [%clk 0:10:00] } 1... c5 { [%eval 0.25] [%clk 0:10:00] }
2. Nf3 { [%eval 0.22] [%clk 0:09:59] } 2... Nc6 { [%eval 0.31] [%clk 0:09:57] }
3. Bb5 { [%eval 0.28] [%clk 0:09:57] } 3... a6 { [%eval 0.48] [%clk 0:09:52] }
4. Bxc6 { [%eval 0.5] [%clk 0:09:56] } 4... bxc6
{ [%eval 0.48] [%clk 0:09:51] } 5. O-O { [%eval 0.0] [%clk 0:09:55] } 5... c4
{ [%eval 1.13] [%clk 0:09:49] } 6. Re1 { [%eval 0.81] [%clk 0:09:51] } 6... d5
{ [%eval 1.1] [%clk 0:09:46] } 7. d3 { [%eval 1.05] [%clk 0:09:49] } 7... cxd3
{ [%eval 1.01] [%clk 0:09:43] } 8. cxd3 { [%eval 1.08] [%clk 0:09:49] } 8... e6
{ [%eval 1.13] [%clk 0:09:29] } 9. Nc3 { [%eval 1.02] [%clk 0:09:47] } 9... Bb4
$2 { [%eval 2.18] [%clk 0:09:27] } 10. a3 $6 { [%eval 1.23] [%clk 0:09:44] }
10... Bxc3 { [%eval 1.27] [%clk 0:09:15] } 11. bxc3
{ [%eval 1.26] [%clk 0:09:44] } 11... Rb8 $6 { [%eval 1.91] [%clk 0:09:11] }
12. Bg5 { [%eval 1.84] [%clk 0:09:41] } 12... f6
{ [%eval 1.81] [%clk 0:09:07] } 13. Bh4 $6 { [%eval 0.84] [%clk 0:09:39] }
13... Ne7 { [%eval 1.05] [%clk 0:09:03] } 14. e5
{ [%eval 1.05] [%clk 0:09:27] } 14... O-O $6 { [%eval 1.95] [%clk 0:08:50] }
15. d4 $2 { [%eval 0.73] [%clk 0:09:23] } 15... Rb2
{ [%eval 1.21] [%clk 0:08:44] } 16. Qc1 { [%eval 1.1] [%clk 0:09:14] } 16...
Rb3 { [%eval 1.08] [%clk 0:08:34] } 17. Qc2 { [%eval 1.21] [%clk 0:09:10] }
17... Qb6 { [%eval 1.42] [%clk 0:08:25] } 18. Reb1
{ [%eval 1.37] [%clk 0:09:01] } 18... Rxb1+ { [%eval 1.46] [%clk 0:08:15] } 19.
Rxb1 { [%eval 1.36] [%clk 0:09:01] } 19... Qa5 { [%eval 1.47] [%clk 0:08:02] }
20. a4 $6 { [%eval 0.78] [%clk 0:08:59] } 20... Nf5
{ [%eval 0.96] [%clk 0:07:53] } 21. Bg3 { [%eval 0.97] [%clk 0:08:55] } 21...
c5 { [%eval 1.18] [%clk 0:07:36] } 22. Nh4 $2 { [%eval -0.15] [%clk 0:08:51] }
22... cxd4 { [%eval 0.18] [%clk 0:07:24] } 23. Nxf5
{ [%eval 0.22] [%clk 0:08:48] } 23... exf5 { [%eval 0.18] [%clk 0:07:21] } 24.
e6 $2 { [%eval -1.25] [%clk 0:08:26] } 24... Bxe6
{ [%eval -0.69] [%clk 0:07:15] } 25. Re1 $4 { [%eval -3.75] [%clk 0:08:23] }
25... Re8 { [%eval -4.04] [%clk 0:06:52] } 26. cxd4 $4
{ [%eval #-1] [%clk 0:08:19] } 26... Qxe1# { [%clk 0:06:36] } 0-1"
Rated Rapid game,https://lichess.org/jmNdS3UK,2024.08.01,-,Evgeniylarge,Joe8841,0-1,2024.08.01,08:44:18,1839,1810,,,C54,"Italian Game: Classical Variation, Giuoco Pianissimo",600+0,Normal,"1. e4 { [%eval 0.15] [%clk 0:10:00] } 1... e5 { [%eval 0.21] [%clk 0:10:00] }
2. Nf3 { [%eval 0.11] [%clk 0:09:59] } 2... Nc6 { [%eval 0.19] [%clk 0:09:58] }
3. Bc4 { [%eval 0.14] [%clk 0:09:59] } 3... Bc5 { [%eval 0.13] [%clk 0:09:57] }
4. c3 { [%eval 0.07] [%clk 0:09:57] } 4... Nf6 { [%eval 0.21] [%clk 0:09:55] }
5. d3 { [%eval 0.13] [%clk 0:09:57] } 5... h6 { [%eval 0.19] [%clk 0:09:53] }
6. Nbd2 { [%eval 0.12] [%clk 0:09:54] } 6... O-O
{ [%eval 0.26] [%clk 0:09:51] } 7. O-O { [%eval 0.14] [%clk 0:09:51] } 7... d5
{ [%eval 0.43] [%clk 0:09:48] } 8. exd5 { [%eval 0.34] [%clk 0:09:50] } 8...
Nxd5 { [%eval 0.38] [%clk 0:09:47] } 9. Bxd5 $2
{ [%eval -1.35] [%clk 0:09:44] } 9... Qxd5 { [%eval -1.29] [%clk 0:09:45] } 10.
Re1 $6 { [%eval -1.89] [%clk 0:09:33] } 10... Bg4 $6
{ [%eval -0.92] [%clk 0:09:43] } 11. Ne4 { [%eval -1.3] [%clk 0:09:31] } 11...
f5 $2 { [%eval 0.63] [%clk 0:09:26] } 12. Nxc5 $2
{ [%eval -0.46] [%clk 0:09:29] } 12... Qxc5 $2 { [%eval 0.88] [%clk 0:09:18] }
13. Qb3+ { [%eval 1.04] [%clk 0:09:22] } 13... Kh7
{ [%eval 1.52] [%clk 0:09:03] } 14. Be3 $4 { [%eval -2.59] [%clk 0:08:50] }
14... Qd6 { [%eval -2.57] [%clk 0:08:40] } 15. Nd2
{ [%eval -2.9] [%clk 0:06:36] } 15... f4 { [%eval -2.75] [%clk 0:08:27] } 16.
Ne4 { [%eval -2.81] [%clk 0:06:12] } 16... fxe3 $2
{ [%eval -1.48] [%clk 0:08:08] } 17. Nxd6 { [%eval -1.4] [%clk 0:06:09] } 17...
exf2+ { [%eval -1.47] [%clk 0:08:07] } 18. Kh1 { [%eval -1.43] [%clk 0:06:01] }
18... fxe1=Q+ { [%eval -1.56] [%clk 0:08:05] } 19. Rxe1
{ [%eval -1.36] [%clk 0:05:58] } 19... cxd6 { [%eval -1.39] [%clk 0:08:04] }
20. h3 $2 { [%eval -2.55] [%clk 0:05:14] } 20... Bc8
{ [%eval -2.37] [%clk 0:07:57] } 21. Qd5 { [%eval -3.01] [%clk 0:04:43] } 21...
Rf6 { [%eval -3.16] [%clk 0:07:31] } 22. d4 { [%eval -3.07] [%clk 0:04:07] }
22... exd4 $2 { [%eval -0.14] [%clk 0:07:05] } 23. Re8
{ [%eval -0.16] [%clk 0:03:30] } 23... dxc3 { [%eval 0.28] [%clk 0:06:56] } 24.
bxc3 { [%eval 0.32] [%clk 0:03:27] } 24... a5 $2
{ [%eval 2.68] [%clk 0:06:31] } 25. Qe4+ $4 { [%eval -4.83] [%clk 0:03:07] }
25... Bf5 { [%eval -4.81] [%clk 0:05:53] } 26. Qe1
{ [%eval -4.84] [%clk 0:03:01] } 26... Rxe8 { [%eval -4.69] [%clk 0:05:45] }
27. Qxe8 { [%eval -4.78] [%clk 0:03:01] } 27... d5
{ [%eval -4.54] [%clk 0:05:18] } 28. Qa8 { [%eval -5.36] [%clk 0:02:26] } 28...
Be4 { [%eval -5.11] [%clk 0:04:55] } 29. Qxb7 { [%eval -6.51] [%clk 0:02:04] }
29... Rg6 { [%eval -7.38] [%clk 0:04:49] } 30. Kg1
{ [%eval -7.35] [%clk 0:02:02] } 30... Rxg2+ { [%eval -7.07] [%clk 0:04:43] }
31. Kf1 { [%eval -6.77] [%clk 0:02:00] } 31... Rg6 $2
{ [%eval -4.86] [%clk 0:04:25] } 32. Qb2 $2 { [%eval -6.2] [%clk 0:01:36] }
32... Bg2+ { [%eval -5.44] [%clk 0:04:01] } 33. Kf2
{ [%eval -5.14] [%clk 0:01:21] } 33... Bxh3 { [%eval -4.83] [%clk 0:03:58] }
34. Qb5 { [%eval -4.73] [%clk 0:01:11] } 34... Bg2
{ [%eval -4.37] [%clk 0:03:22] } 35. a4 $2 { [%eval -5.5] [%clk 0:00:52] }
35... Be4 { [%eval -5.36] [%clk 0:03:17] } 36. c4 $4
{ [%eval -9.2] [%clk 0:00:47] } 36... dxc4 $4 { [%eval -4.95] [%clk 0:03:08] }
37. Qxc4 { [%eval -4.37] [%clk 0:00:46] } 37... Rf6+
{ [%eval -4.35] [%clk 0:02:56] } 38. Ke3 { [%eval -4.97] [%clk 0:00:44] } 38...
Bg6 { [%eval -4.89] [%clk 0:02:44] } 39. Kd2 { [%eval -5.52] [%clk 0:00:34] }
39... Rd6+ { [%eval -5.47] [%clk 0:02:39] } 40. Ke3
{ [%eval -5.38] [%clk 0:00:32] } 40... Rd3+ { [%eval -5.15] [%clk 0:02:32] }
41. Kf4 $4 { [%eval -74.32] [%clk 0:00:25] } 41... Rd4+
{ [%eval -9.76] [%clk 0:02:31] } 0-1"
Rated Rapid game,https://lichess.org/RXCFWQ6z,2024.08.01,-,cive51,vitalijww,1-0,2024.08.01,08:44:18,1759,1797,,,D00,Queen's Pawn Game: Accelerated London System,600+0,Normal,"1. d4 { [%clk 0:10:00] } 1... d5 { [%clk 0:10:00] } 2. Bf4 { [%clk 0:09:58] }
2... e6 { [%clk 0:09:59] } 3. e3 { [%clk 0:09:56] } 3... c5 { [%clk 0:09:58] }
4. b3 { [%clk 0:09:52] } 4... Nc6 { [%clk 0:09:55] } 5. a3 { [%clk 0:09:50] }
5... Nf6 { [%clk 0:09:54] } 6. h3 { [%clk 0:09:41] } 6... Bd6
{ [%clk 0:09:52] } 7. Bxd6 { [%clk 0:09:36] } 7... Qxd6 { [%clk 0:09:51] } 8.
Bb5 { [%clk 0:09:34] } 8... cxd4 { [%clk 0:09:47] } 9. exd4 { [%clk 0:09:25] }
9... Bd7 { [%clk 0:09:46] } 10. Bxc6 { [%clk 0:09:23] } 10... Bxc6
{ [%clk 0:09:44] } 11. a4 { [%clk 0:09:09] } 11... Ne4 { [%clk 0:09:42] } 12.
Ne2 { [%clk 0:08:58] } 12... O-O { [%clk 0:09:34] } 13. O-O { [%clk 0:08:56] }
13... e5 { [%clk 0:09:24] } 14. f3 { [%clk 0:08:49] } 14... Nf6
{ [%clk 0:09:02] } 15. c3 { [%clk 0:08:39] } 15... exd4 { [%clk 0:09:00] } 16.
Qxd4 { [%clk 0:08:36] } 16... a6 { [%clk 0:08:42] } 17. Na3 { [%clk 0:08:26] }
17... Rfe8 { [%clk 0:08:29] } 18. Rfe1 { [%clk 0:08:08] } 18... Bd7
{ [%clk 0:08:24] } 19. Nc2 { [%clk 0:07:59] } 19... Rxe2 { [%clk 0:08:18] } 20.
Rxe2 { [%clk 0:07:55] } 20... Qg3 { [%clk 0:08:18] } 21. Kh1 { [%clk 0:07:40] }
21... Bxh3 { [%clk 0:07:58] } 22. gxh3 { [%clk 0:07:36] } 22... Qxh3+
{ [%clk 0:07:57] } 23. Rh2 { [%clk 0:07:30] } 23... Qxf3+ { [%clk 0:07:54] }
24. Kg1 { [%clk 0:07:27] } 24... Ng4 { [%clk 0:07:18] } 25. Rg2
{ [%clk 0:07:20] } 25... Nf6 { [%clk 0:06:36] } 26. Rf1 { [%clk 0:07:13] }
26... Qh5 { [%clk 0:06:08] } 27. Qxf6 { [%clk 0:07:07] } 1-0"
Rated Rapid game,https://lichess.org/uI6GtQq9,2024.08.01,-,maxhelles,lasantacruz,0-1,2024.08.01,08:44:18,1337,1380,,,B23,Sicilian Defense: Grand Prix Attack,600+0,Normal,"1. e4 { [%clk 0:10:00] } 1... c5 { [%clk 0:10:00] } 2. Nc3 { [%clk 0:09:55] }
2... Nc6 { [%clk 0:09:59] } 3. f4 { [%clk 0:09:55] } 3... e6 { [%clk 0:09:58] }
4. e5 { [%clk 0:09:54] } 4... Nge7 { [%clk 0:09:56] } 5. Bb5 { [%clk 0:09:48] }
5... Qb6 { [%clk 0:09:54] } 6. Bxc6 { [%clk 0:09:46] } 6... Qxc6
{ [%clk 0:09:53] } 7. Nf3 { [%clk 0:09:42] } 7... g6 { [%clk 0:09:51] } 8. d3
{ [%clk 0:09:10] } 8... Bh6 { [%clk 0:09:49] } 9. Be3 { [%clk 0:09:04] } 9...
Nf5 { [%clk 0:09:43] } 10. Qe2 { [%clk 0:09:01] } 10... b6 { [%clk 0:09:39] }
11. O-O-O { [%clk 0:08:59] } 11... Nxe3 { [%clk 0:09:34] } 12. Qxe3
{ [%clk 0:08:57] } 12... O-O { [%clk 0:09:27] } 13. g4 { [%clk 0:08:39] } 13...
f5 { [%clk 0:09:25] } 14. gxf5 { [%clk 0:08:32] } 14... Rxf5 { [%clk 0:09:23] }
15. Rhg1 { [%clk 0:08:19] } 15... Bxf4 { [%clk 0:09:22] } 16. Qxf4
{ [%clk 0:08:11] } 16... Rxf4 { [%clk 0:09:21] } 17. Ng5 { [%clk 0:08:09] }
17... Bb7 { [%clk 0:09:10] } 18. Rgf1 { [%clk 0:07:59] } 18... Rxf1
{ [%clk 0:09:08] } 19. Rxf1 { [%clk 0:07:57] } 19... Qg2 { [%clk 0:09:02] } 20.
Rd1 { [%clk 0:07:47] } 20... Qxg5+ { [%clk 0:09:00] } 0-1"
Rated Rapid game,https://lichess.org/ob6POUoO,2024.08.01,-,Pavan_Paul,woodenshield42,0-1,2024.08.01,08:44:18,1508,1431,,,A00,Mieses Opening,600+0,Normal,"1. d3 { [%clk 0:10:00] } 1... d5 { [%clk 0:10:00] } 2. h3 { [%clk 0:09:58] }
2... e5 { [%clk 0:09:59] } 3. Nc3 { [%clk 0:09:57] } 3... Nf6
{ [%clk 0:09:57] } 4. e3 { [%clk 0:09:56] } 4... Bb4 { [%clk 0:09:56] } 5. Bd2
{ [%clk 0:09:54] } 5... Be6 { [%clk 0:09:46] } 6. d4 { [%clk 0:09:49] } 6... e4
{ [%clk 0:09:40] } 7. Nb5 { [%clk 0:09:48] } 7... a5 { [%clk 0:09:28] } 8. Bxb4
{ [%clk 0:09:44] } 8... axb4 { [%clk 0:09:26] } 9. Qd2 { [%clk 0:09:42] } 9...
c6 { [%clk 0:09:19] } 10. Qxb4 { [%clk 0:09:27] } 10... cxb5 { [%clk 0:09:16] }
11. Bxb5+ { [%clk 0:09:25] } 11... Nc6 { [%clk 0:08:58] } 12. Bxc6+
{ [%clk 0:09:06] } 12... bxc6 { [%clk 0:08:53] } 13. Qb7 { [%clk 0:09:03] }
13... Qc8 { [%clk 0:07:58] } 14. Qb4 { [%clk 0:08:56] } 14... Qa6
{ [%clk 0:07:54] } 15. c3 { [%clk 0:08:48] } 15... O-O-O { [%clk 0:07:16] } 16.
Ne2 { [%clk 0:08:40] } 16... Kd7 { [%clk 0:07:07] } 17. Nf4 { [%clk 0:08:38] }
17... Rb8 { [%clk 0:06:59] } 18. Qa3 { [%clk 0:08:21] } 18... Qxa3
{ [%clk 0:06:56] } 19. bxa3 { [%clk 0:08:19] } 19... Rb2 { [%clk 0:06:49] } 20.
Nxe6 { [%clk 0:08:19] } 20... Kxe6 { [%clk 0:06:47] } 21. O-O
{ [%clk 0:08:18] } 21... Rc8 { [%clk 0:06:40] } 22. Rfc1 { [%clk 0:08:16] }
22... c5 { [%clk 0:06:38] } 23. a4 { [%clk 0:08:10] } 23... Ra8
{ [%clk 0:06:24] } 24. Rcb1 { [%clk 0:07:58] } 24... Rxb1+ { [%clk 0:06:14] }
25. Rxb1 { [%clk 0:07:57] } 25... cxd4 { [%clk 0:06:11] } 26. cxd4
{ [%clk 0:07:54] } 26... Rxa4 { [%clk 0:06:09] } 27. Rb6+ { [%clk 0:07:54] }
27... Kf5 { [%clk 0:06:08] } 28. Rb7 { [%clk 0:07:51] } 28... Kg6
{ [%clk 0:05:56] } 29. Rb2 { [%clk 0:07:46] } 29... Nd7 { [%clk 0:05:39] } 30.
g4 { [%clk 0:07:44] } 30... h5 { [%clk 0:05:35] } 31. Kg2 { [%clk 0:07:38] }
31... hxg4 { [%clk 0:05:32] } 32. hxg4 { [%clk 0:07:37] } 32... Nf6
{ [%clk 0:05:23] } 33. Kg3 { [%clk 0:07:36] } 33... Kg5 { [%clk 0:05:19] } 34.
f4+ { [%clk 0:07:28] } 34... exf3 { [%clk 0:05:12] } 35. Kxf3
{ [%clk 0:07:27] } 35... Nxg4 { [%clk 0:05:09] } 36. Rg2 { [%clk 0:07:26] }
36... f5 { [%clk 0:04:54] } 37. Rb2 { [%clk 0:07:13] } 37... Ra3
{ [%clk 0:04:39] } 38. Rb7 { [%clk 0:07:11] } 38... Rxe3+ { [%clk 0:04:38] }
39. Kg2 { [%clk 0:07:09] } 39... g6 { [%clk 0:04:19] } 40. a4
{ [%clk 0:07:07] } 40... Re2+ { [%clk 0:04:09] } 41. Kf3 { [%clk 0:07:06] }
41... Rf2+ { [%clk 0:04:07] } 42. Kg3 { [%clk 0:07:04] } 42... f4+
{ [%clk 0:03:58] } 43. Kh3 { [%clk 0:07:01] } 43... Rh2# { [%clk 0:03:56] } 0-1"
Rated Rapid game,https://lichess.org/1AdqJN99,2024.08.01,-,Saeidgh7,Mohmed889,0-1,2024.08.01,08:44:15,1102,1201,,,D00,Queen's Pawn Game: Accelerated London System,600+0,Normal,"1. d4 { [%clk 0:10:00] } 1... d5 { [%clk 0:10:00] } 2. Bf4 { [%clk 0:10:00] }
2... Bf5 { [%clk 0:09:49] } 3. Nf3 { [%clk 0:09:57] } 3... Nf6
{ [%clk 0:09:48] } 4. e3 { [%clk 0:09:56] } 4... e6 { [%clk 0:09:47] } 5. Bd3
{ [%clk 0:09:54] } 5... Bxd3 { [%clk 0:09:45] } 6. Qxd3 { [%clk 0:09:54] } 6...
Nc6 { [%clk 0:09:44] } 7. c3 { [%clk 0:09:49] } 7... Bd6 { [%clk 0:09:37] } 8.
Ne5 { [%clk 0:09:46] } 8... Nxe5 { [%clk 0:09:26] } 9. dxe5 { [%clk 0:09:46] }
9... Nh5 { [%clk 0:09:18] } 10. exd6 { [%clk 0:09:35] } 10... Nxf4
{ [%clk 0:09:17] } 11. exf4 { [%clk 0:09:33] } 11... Qxd6 { [%clk 0:09:15] }
12. Qe3 { [%clk 0:09:19] } 12... O-O { [%clk 0:09:11] } 13. O-O
{ [%clk 0:09:17] } 13... Rae8 { [%clk 0:09:05] } 14. Qxa7 { [%clk 0:09:11] }
14... b6 { [%clk 0:09:03] } 15. Qa3 { [%clk 0:09:00] } 15... Qxa3
{ [%clk 0:09:00] } 16. Nxa3 { [%clk 0:09:00] } 16... e5 { [%clk 0:08:58] } 17.
fxe5 { [%clk 0:08:58] } 17... Rxe5 { [%clk 0:08:57] } 18. Rae1
{ [%clk 0:08:57] } 18... Rf5 { [%clk 0:08:44] } 19. Nb5 { [%clk 0:08:52] }
19... c5 { [%clk 0:08:40] } 20. Nd6 { [%clk 0:08:48] } 20... Rf6
{ [%clk 0:08:37] } 21. Nb5 { [%clk 0:08:33] } 21... Rd8 { [%clk 0:08:26] } 22.
Re5 { [%clk 0:08:27] } 22... g6 { [%clk 0:08:22] } 23. Rd1 { [%clk 0:08:18] }
23... d4 { [%clk 0:08:15] } 24. cxd4 { [%clk 0:08:10] } 24... cxd4
{ [%clk 0:08:00] } 25. Nxd4 { [%clk 0:08:10] } 25... Rfd6 { [%clk 0:07:58] }
26. Re4 { [%clk 0:07:41] } 26... f5 { [%clk 0:07:51] } 27. Rf4
{ [%clk 0:07:33] } 27... g5 { [%clk 0:07:47] } 28. Rxf5 { [%clk 0:07:23] }
28... Rxd4 { [%clk 0:07:45] } 29. Rxg5+ { [%clk 0:07:18] } 29... Kh8
{ [%clk 0:07:37] } 30. Rxd4 { [%clk 0:07:06] } 30... Rc8 { [%clk 0:07:11] } 31.
Rgd5 { [%clk 0:06:46] } 31... Rc1+ { [%clk 0:07:09] } 32. Rd1
{ [%clk 0:06:45] } 32... Rc2 { [%clk 0:07:04] } 33. f4 { [%clk 0:06:35] } 33...
Rxb2 { [%clk 0:06:49] } 34. Ra1 { [%clk 0:06:28] } 34... b5 { [%clk 0:06:46] }
35. a3 { [%clk 0:06:23] } 35... Kg7 { [%clk 0:06:44] } 36. Rd7+
{ [%clk 0:06:21] } 36... Kg6 { [%clk 0:06:43] } 37. g3 { [%clk 0:06:19] } 37...
Kf5 { [%clk 0:06:42] } 38. Rd5+ { [%clk 0:06:14] } 38... Ke4 { [%clk 0:06:32] }
39. Rdd1 { [%clk 0:06:08] } 39... Kf3 { [%clk 0:06:24] } 40. Rab1
{ [%clk 0:06:05] } 40... Rg2+ { [%clk 0:06:23] } 41. Kh1 { [%clk 0:05:58] }
41... Kg4 { [%clk 0:06:18] } 42. Rg1 { [%clk 0:05:54] } 42... Rf2
{ [%clk 0:05:58] } 43. Rbf1 { [%clk 0:05:37] } 43... Re2 { [%clk 0:05:55] } 44.
Re1 { [%clk 0:05:35] } 44... Rd2 { [%clk 0:05:53] } 45. Rb1 { [%clk 0:05:32] }
45... Kh3 { [%clk 0:05:51] } 46. Rxb5 { [%clk 0:05:03] } 46... Rxh2#
{ [%clk 0:05:48] } 0-1"
Rated Rapid game,https://lichess.org/TqcMDkDQ,2024.08.01,-,MATadorrePLUS,Sashagrigo,0-1,2024.08.01,08:44:13,1351,1352,,,C41,Philidor Defense,600+0,Normal,"1. e4 { [%clk 0:10:00] } 1... e5 { [%clk 0:10:00] } 2. Nf3 { [%clk 0:09:49] }
2... d6 { [%clk 0:09:58] } 3. h3 { [%clk 0:09:43] } 3... h6 { [%clk 0:09:52] }
4. d4 { [%clk 0:09:38] } 4... Nc6 { [%clk 0:09:42] } 5. d5 { [%clk 0:09:34] }
5... Nce7 { [%clk 0:09:34] } 6. Bc4 { [%clk 0:09:22] } 6... Bd7
{ [%clk 0:09:32] } 7. O-O { [%clk 0:09:17] } 7... a6 { [%clk 0:09:30] } 8. Be3
{ [%clk 0:09:03] } 8... g5 { [%clk 0:09:27] } 9. Nh2 { [%clk 0:08:48] } 9...
Ng6 { [%clk 0:09:22] } 10. Be2 { [%clk 0:08:35] } 10... Nf4 { [%clk 0:09:16] }
11. Bxf4 { [%clk 0:08:31] } 11... exf4 { [%clk 0:09:13] } 12. Bg4
{ [%clk 0:08:28] } 12... h5 { [%clk 0:09:07] } 13. Bxd7+ { [%clk 0:08:21] }
13... Qxd7 { [%clk 0:09:05] } 14. Nd2 { [%clk 0:08:11] } 14... Bg7
{ [%clk 0:09:03] } 15. c3 { [%clk 0:07:59] } 15... O-O-O { [%clk 0:09:01] } 16.
g4 { [%clk 0:07:50] } 16... h4 { [%clk 0:08:58] } 17. f3 { [%clk 0:07:47] }
17... Be5 { [%clk 0:08:42] } 18. Nc4 { [%clk 0:07:36] } 18... Ne7
{ [%clk 0:08:35] } 19. Qb3 { [%clk 0:07:25] } 19... Qb5 { [%clk 0:08:27] } 20.
Nxe5 { [%clk 0:07:11] } 20... Qxb3 { [%clk 0:08:17] } 21. axb3
{ [%clk 0:07:08] } 21... Rhf8 { [%clk 0:08:10] } 22. Nc4 { [%clk 0:06:59] }
22... Ng6 { [%clk 0:08:03] } 23. b4 { [%clk 0:06:52] } 23... f6
{ [%clk 0:07:57] } 24. b5 { [%clk 0:06:41] } 24... Ne5 { [%clk 0:07:48] } 25.
Nxe5 { [%clk 0:06:32] } 25... fxe5 { [%clk 0:07:46] } 26. bxa6
{ [%clk 0:06:30] } 26... b6 { [%clk 0:07:42] } 27. a7 { [%clk 0:06:20] } 27...
Kd7 { [%clk 0:07:40] } 28. Ra3 { [%clk 0:06:10] } 28... Ra8 { [%clk 0:07:35] }
29. Rfa1 { [%clk 0:06:09] } 29... c6 { [%clk 0:07:30] } 30. dxc6+
{ [%clk 0:06:07] } 30... Kxc6 { [%clk 0:07:28] } 31. b4 { [%clk 0:06:03] }
31... Rf7 { [%clk 0:07:22] } 32. c4 { [%clk 0:05:52] } 32... b5
{ [%clk 0:07:06] } 33. Ra6+ { [%clk 0:05:33] } 33... Kb7 { [%clk 0:06:53] } 34.
cxb5 { [%clk 0:05:23] } 34... Rc7 { [%clk 0:06:51] } 35. Rxd6
{ [%clk 0:05:20] } 35... Rxa7 { [%clk 0:06:47] } 36. b6 { [%clk 0:05:15] }
36... Rxa1+ { [%clk 0:06:44] } 37. Nf1 { [%clk 0:05:11] } 37... Rcc1
{ [%clk 0:06:40] } 38. Rd7+ { [%clk 0:04:51] } 38... Kxb6 { [%clk 0:06:36] }
39. Rd5 { [%clk 0:04:44] } 39... Rxf1+ { [%clk 0:06:32] } 40. Kh2
{ [%clk 0:04:41] } 40... Rh1+ { [%clk 0:06:29] } 0-1"
Rated Rapid game,https://lichess.org/rtc4geQd,2024.08.01,-,Elvin_Chess,forsubs2015,0-1,2024.08.01,08:44:13,1741,1779,,,C41,Philidor Defense,600+0,Normal,"1. e4 { [%eval 0.15] [%clk 0:10:00] } 1... e5 { [%eval 0.21] [%clk 0:10:00] }
2. Nf3 { [%eval 0.11] [%clk 0:09:57] } 2... d6 { [%eval 0.53] [%clk 0:09:37] }
3. Nc3 { [%eval 0.28] [%clk 0:09:54] } 3... Nf6 { [%eval 0.54] [%clk 0:09:36] }
4. Bc4 { [%eval 0.25] [%clk 0:09:49] } 4... h6 { [%eval 0.46] [%clk 0:09:35] }
5. d4 { [%eval 0.48] [%clk 0:09:43] } 5... exd4 { [%eval 0.6] [%clk 0:09:33] }
6. Nxd4 { [%eval 0.48] [%clk 0:09:40] } 6... Be7
{ [%eval 0.52] [%clk 0:09:32] } 7. Bf4 { [%eval 0.53] [%clk 0:09:35] } 7... c5
$2 { [%eval 2.02] [%clk 0:09:24] } 8. Nf3 $6 { [%eval 1.08] [%clk 0:09:31] }
8... Nc6 { [%eval 1.1] [%clk 0:09:21] } 9. O-O $6
{ [%eval 0.51] [%clk 0:09:26] } 9... O-O { [%eval 0.53] [%clk 0:09:17] } 10.
Re1 { [%eval 0.55] [%clk 0:09:17] } 10... Bg4 { [%eval 0.99] [%clk 0:09:14] }
11. h3 { [%eval 1.0] [%clk 0:09:13] } 11... Bh5 { [%eval 1.15] [%clk 0:09:12] }
12. Be3 $6 { [%eval 0.18] [%clk 0:09:11] } 12... Ne5
{ [%eval 0.48] [%clk 0:09:04] } 13. Be2 { [%eval 0.55] [%clk 0:09:01] } 13...
Nxf3+ { [%eval 0.83] [%clk 0:08:49] } 14. Bxf3 { [%eval 0.87] [%clk 0:08:40] }
14... Bg6 { [%eval 1.11] [%clk 0:08:48] } 15. Qd2
{ [%eval 0.87] [%clk 0:07:35] } 15... Re8 { [%eval 0.87] [%clk 0:08:30] } 16.
Bf4 { [%eval 0.93] [%clk 0:06:04] } 16... Rc8 { [%eval 1.01] [%clk 0:08:24] }
17. Nd5 { [%eval 0.48] [%clk 0:05:49] } 17... Nxd5
{ [%eval 0.41] [%clk 0:08:20] } 18. exd5 { [%eval 0.14] [%clk 0:05:28] } 18...
Bf6 $2 { [%eval 1.47] [%clk 0:08:19] } 19. Rxe8+ { [%eval 1.5] [%clk 0:05:18] }
19... Qxe8 { [%eval 1.12] [%clk 0:08:14] } 20. Re1 $6
{ [%eval 0.16] [%clk 0:05:14] } 20... Qd7 $2 { [%eval 1.5] [%clk 0:08:10] } 21.
Bg4 { [%eval 1.55] [%clk 0:05:11] } 21... Bf5 { [%eval 1.4] [%clk 0:08:08] }
22. Bxf5 { [%eval 1.38] [%clk 0:04:56] } 22... Qxf5
{ [%eval 1.37] [%clk 0:08:04] } 23. c3 $2 { [%eval 0.2] [%clk 0:04:51] } 23...
Qd7 { [%eval 0.13] [%clk 0:07:46] } 24. Bg3 { [%eval 0.0] [%clk 0:04:27] }
24... b5 { [%eval -0.02] [%clk 0:07:33] } 25. Qf4
{ [%eval -0.03] [%clk 0:04:16] } 25... Rd8 { [%eval 0.02] [%clk 0:07:17] } 26.
Bh4 { [%eval -0.27] [%clk 0:04:05] } 26... Bxh4
{ [%eval -0.23] [%clk 0:06:53] } 27. Qxh4 { [%eval -0.25] [%clk 0:04:02] }
27... a5 { [%eval 0.18] [%clk 0:06:40] } 28. Re7
{ [%eval 0.24] [%clk 0:03:42] } 28... Qf5 { [%eval 0.43] [%clk 0:06:24] } 29.
Rb7 $6 { [%eval -0.25] [%clk 0:03:22] } 29... Qb1+
{ [%eval 0.0] [%clk 0:06:09] } 30. Kh2 { [%eval 0.0] [%clk 0:03:16] } 30... Rf8
{ [%eval 0.49] [%clk 0:05:55] } 31. Rxb5 { [%eval 0.51] [%clk 0:03:08] } 31...
Qxa2 { [%eval 0.55] [%clk 0:05:54] } 32. Qe7 $6
{ [%eval -0.03] [%clk 0:02:59] } 32... Qxd5 { [%eval -0.06] [%clk 0:05:48] }
33. Rxa5 { [%eval -0.16] [%clk 0:02:57] } 33... Qc6
{ [%eval 0.1] [%clk 0:05:09] } 34. Qe2 { [%eval 0.0] [%clk 0:02:44] } 34... Qc7
{ [%eval 0.03] [%clk 0:04:51] } 35. Ra1 { [%eval 0.0] [%clk 0:02:35] } 35...
d5+ { [%eval -0.01] [%clk 0:04:46] } 36. Kh1 { [%eval -0.01] [%clk 0:02:30] }
36... Rd8 { [%eval 0.0] [%clk 0:04:41] } 37. Rd1 { [%eval 0.0] [%clk 0:02:21] }
37... Qb6 $2 { [%eval 1.25] [%clk 0:04:26] } 38. c4 $2
{ [%eval -0.79] [%clk 0:02:10] } 38... d4 { [%eval -0.74] [%clk 0:04:19] } 39.
Rd3 { [%eval -1.14] [%clk 0:02:06] } 39... Qb4 $6
{ [%eval -0.34] [%clk 0:04:06] } 40. b3 { [%eval -0.76] [%clk 0:02:03] } 40...
Ra8 { [%eval -0.23] [%clk 0:03:55] } 41. Qb2 $2
{ [%eval -1.79] [%clk 0:01:57] } 41... Re8 $6 { [%eval -1.11] [%clk 0:03:33] }
42. Rd1 $4 { [%eval -5.06] [%clk 0:01:46] } 42... Rb8 $4
{ [%eval -1.51] [%clk 0:03:13] } 43. Rd3 $2 { [%eval -2.72] [%clk 0:01:34] }
43... Qxc4 { [%eval -2.61] [%clk 0:02:59] } 44. bxc4 $2
{ [%eval -4.16] [%clk 0:01:27] } 44... Rxb2 { [%eval -4.09] [%clk 0:02:56] }
45. f3 { [%eval -4.63] [%clk 0:01:03] } 45... Rc2
{ [%eval -4.61] [%clk 0:02:53] } 46. Kh2 { [%eval -4.57] [%clk 0:00:26] } 46...
Rxc4 { [%eval -4.52] [%clk 0:02:50] } 0-1"
Rated Rapid game,https://lichess.org/C2WC3W1U,2024.08.01,-,quasimagyar,FabienMigneret,0-1,2024.08.01,08:44:13,1294,1288,,,A22,"English Opening: King's English Variation, Two Knights Variation",600+0,Normal,"1. c4 { [%eval 0.12] [%clk 0:10:00] } 1... Nf6 { [%eval 0.21] [%clk 0:10:00] }
2. Nc3 { [%eval 0.08] [%clk 0:09:59] } 2... e5 { [%eval 0.14] [%clk 0:09:49] }
3. e4 { [%eval -0.04] [%clk 0:09:51] } 3... Bc5 { [%eval -0.1] [%clk 0:09:47] }
4. h3 { [%eval -0.15] [%clk 0:09:34] } 4... d6 { [%eval -0.04] [%clk 0:09:43] }
5. Nf3 { [%eval -0.21] [%clk 0:09:27] } 5... Nc6
{ [%eval -0.14] [%clk 0:09:38] } 6. d3 { [%eval -0.18] [%clk 0:09:07] } 6...
Nd4 { [%eval 0.0] [%clk 0:09:30] } 7. Nxd4 { [%eval 0.04] [%clk 0:08:52] } 7...
exd4 { [%eval 0.56] [%clk 0:09:23] } 8. Ne2 { [%eval 0.19] [%clk 0:08:51] }
8... Bd7 { [%eval 0.44] [%clk 0:08:48] } 9. a3 { [%eval 0.1] [%clk 0:08:48] }
9... O-O { [%eval 0.62] [%clk 0:08:29] } 10. b4 { [%eval 0.53] [%clk 0:08:42] }
10... Bb6 { [%eval 0.63] [%clk 0:08:21] } 11. Bb2
{ [%eval 0.1] [%clk 0:08:38] } 11... c5 { [%eval 0.3] [%clk 0:08:07] } 12. Qd2
$6 { [%eval -0.5] [%clk 0:06:46] } 12... Re8 { [%eval -0.27] [%clk 0:07:53] }
13. Nf4 { [%eval -0.7] [%clk 0:05:56] } 13... Bc7
{ [%eval -0.69] [%clk 0:07:37] } 14. O-O-O $2 { [%eval -3.31] [%clk 0:05:39] }
14... Ba4 { [%eval -3.15] [%clk 0:07:25] } 15. Re1
{ [%eval -3.17] [%clk 0:05:34] } 15... a5 { [%eval -2.61] [%clk 0:07:09] } 16.
bxc5 $2 { [%eval -3.69] [%clk 0:05:26] } 16... dxc5
{ [%eval -3.64] [%clk 0:07:01] } 17. g4 { [%eval -4.26] [%clk 0:05:08] } 17...
b5 { [%eval -4.17] [%clk 0:06:59] } 18. Nd5 { [%eval -4.76] [%clk 0:04:48] }
18... Nxd5 { [%eval -4.68] [%clk 0:06:46] } 19. cxd5
{ [%eval -4.64] [%clk 0:04:45] } 19... Qb8 { [%eval -4.49] [%clk 0:06:27] } 20.
Bg2 $2 { [%eval -6.57] [%clk 0:04:01] } 20... Bf4
{ [%eval -6.36] [%clk 0:06:23] } 0-1"
Rated Rapid game,https://lichess.org/Vk51rwYo,2024.08.01,-,Parelina1,Leafy84,0-1,2024.08.01,08:44:13,1442,1440,,,C25,Vienna Game,600+0,Normal,"1. e4 { [%eval 0.15] [%clk 0:10:00] } 1... e5 { [%eval 0.21] [%clk 0:10:00] }
2. Nc3 { [%eval 0.1] [%clk 0:10:00] } 2... Bb4 { [%eval 0.34] [%clk 0:09:55] }
3. Bc4 { [%eval 0.19] [%clk 0:09:58] } 3... Bxc3
{ [%eval 0.26] [%clk 0:09:54] } 4. bxc3 { [%eval 0.19] [%clk 0:09:57] } 4...
Nf6 { [%eval 0.24] [%clk 0:09:51] } 5. d3 { [%eval 0.21] [%clk 0:09:56] } 5...
d6 { [%eval 0.59] [%clk 0:09:47] } 6. h3 { [%eval 0.11] [%clk 0:09:51] } 6...
Nc6 { [%eval 0.45] [%clk 0:09:41] } 7. Nf3 { [%eval 0.05] [%clk 0:09:46] } 7...
Na5 { [%eval 0.24] [%clk 0:09:38] } 8. Bb3 { [%eval 0.33] [%clk 0:09:40] } 8...
Nxb3 { [%eval 0.42] [%clk 0:09:36] } 9. cxb3 { [%eval 0.16] [%clk 0:09:37] }
9... b6 { [%eval 0.14] [%clk 0:09:36] } 10. O-O { [%eval 0.1] [%clk 0:09:26] }
10... Ba6 { [%eval 0.44] [%clk 0:09:33] } 11. c4
{ [%eval 0.38] [%clk 0:09:05] } 11... Bb7 { [%eval 0.83] [%clk 0:09:26] } 12.
Re1 $6 { [%eval 0.15] [%clk 0:09:02] } 12... Qd7
{ [%eval 0.55] [%clk 0:09:15] } 13. Bg5 { [%eval 0.19] [%clk 0:08:55] } 13...
Nh5 $2 { [%eval 1.26] [%clk 0:09:05] } 14. Be3 { [%eval 0.75] [%clk 0:08:38] }
14... O-O-O $6 { [%eval 1.39] [%clk 0:09:02] } 15. Ng5 $2
{ [%eval 0.25] [%clk 0:08:37] } 15... g6 { [%eval 0.12] [%clk 0:08:57] } 16.
Rc1 $6 { [%eval -0.43] [%clk 0:07:38] } 16... h6 $6
{ [%eval 0.15] [%clk 0:08:55] } 17. Nf3 { [%eval 0.19] [%clk 0:07:31] } 17...
f5 { [%eval 0.21] [%clk 0:08:48] } 18. Nd2 $2 { [%eval -2.7] [%clk 0:07:08] }
18... f4 { [%eval -2.82] [%clk 0:08:41] } 0-1"
Rated Rapid game,https://lichess.org/1BY1JPjb,2024.08.01,-,mehdi3225,WatsonMkenya,0-1,2024.08.01,08:44:13,1451,1471,,,C47,Four Knights Game: Italian Variation,600+0,Normal,"1. e4 { [%clk 0:10:00] } 1... e5 { [%clk 0:10:00] } 2. Nf3 { [%clk 0:09:59] }
2... Nc6 { [%clk 0:09:59] } 3. Nc3 { [%clk 0:09:57] } 3... Nf6
{ [%clk 0:09:57] } 4. Bc4 { [%clk 0:09:56] } 4... h6 { [%clk 0:09:51] } 5. d4
{ [%clk 0:09:54] } 5... exd4 { [%clk 0:09:49] } 6. Nxd4 { [%clk 0:09:53] } 6...
Nxd4 { [%clk 0:09:48] } 7. Qxd4 { [%clk 0:09:52] } 7... b6 { [%clk 0:09:45] }
8. e5 { [%clk 0:09:51] } 8... Bc5 { [%clk 0:09:43] } 9. Qf4 { [%clk 0:09:45] }
9... d5 { [%clk 0:09:30] } 10. Bb5+ { [%clk 0:09:39] } 10... Bd7
{ [%clk 0:09:24] } 11. Bxd7+ { [%clk 0:09:37] } 11... Nxd7 { [%clk 0:09:20] }
12. O-O { [%clk 0:09:34] } 12... O-O { [%clk 0:09:18] } 13. Be3
{ [%clk 0:09:30] } 13... Bxe3 { [%clk 0:09:16] } 14. fxe3 { [%clk 0:09:28] }
14... Qe8 { [%clk 0:09:05] } 15. Nxd5 { [%clk 0:09:25] } 15... Qxe5
{ [%clk 0:09:00] } 16. Qxe5 { [%clk 0:09:22] } 16... Nxe5 { [%clk 0:08:59] }
17. Nxc7 { [%clk 0:09:21] } 17... Rac8 { [%clk 0:08:58] } 18. Na6
{ [%clk 0:09:18] } 18... Rxc2 { [%clk 0:08:55] } 19. b3 { [%clk 0:09:07] }
19... Re2 { [%clk 0:08:48] } 20. Nc7 { [%clk 0:08:51] } 20... Rxe3
{ [%clk 0:08:26] } 21. Nb5 { [%clk 0:08:49] } 21... a6 { [%clk 0:08:21] } 22.
Nd6 { [%clk 0:08:42] } 22... g6 { [%clk 0:08:09] } 23. Rad1 { [%clk 0:08:35] }
23... Re2 { [%clk 0:08:02] } 24. a4 { [%clk 0:08:33] } 24... a5
{ [%clk 0:07:53] } 25. Rc1 { [%clk 0:08:26] } 25... Rb2 { [%clk 0:07:41] } 26.
Rc3 { [%clk 0:08:19] } 26... Rd8 { [%clk 0:07:14] } 27. Nc8 { [%clk 0:08:17] }
27... Rd3 { [%clk 0:07:05] } 28. Rxd3 { [%clk 0:08:07] } 28... Nxd3
{ [%clk 0:07:05] } 29. Nxb6 { [%clk 0:08:05] } 29... Rxb3 { [%clk 0:07:02] }
30. Nc4 { [%clk 0:07:55] } 30... Rb4 { [%clk 0:06:54] } 31. Nxa5
{ [%clk 0:07:52] } 31... Rxa4 { [%clk 0:06:53] } 32. Nc6 { [%clk 0:07:47] }
32... Kg7 { [%clk 0:06:48] } 33. Ne5 { [%clk 0:07:43] } 33... Nxe5
{ [%clk 0:06:46] } 34. h3 { [%clk 0:07:37] } 34... g5 { [%clk 0:06:42] } 35.
Rf5 { [%clk 0:07:32] } 35... f6 { [%clk 0:06:38] } 36. g4 { [%clk 0:07:29] }
36... Ra1+ { [%clk 0:06:33] } 37. Kf2 { [%clk 0:07:28] } 37... Nd3+
{ [%clk 0:06:27] } 38. Ke3 { [%clk 0:07:26] } 38... Nf4 { [%clk 0:06:16] } 39.
Ke4 { [%clk 0:07:22] } 39... Nxh3 { [%clk 0:06:10] } 40. Rf3 { [%clk 0:07:20] }
40... Ra4+ { [%clk 0:06:00] } 41. Kf5 { [%clk 0:07:19] } 41... Rf4+
{ [%clk 0:05:34] } 42. Rxf4 { [%clk 0:07:06] } 42... gxf4 { [%clk 0:05:29] }
43. Ke4 { [%clk 0:07:03] } 43... Kg6 { [%clk 0:05:25] } 44. Kf3
{ [%clk 0:07:02] } 44... Kg5 { [%clk 0:05:21] } 0-1"
Rated Rapid game,https://lichess.org/HFgOF6xY,2024.08.01,-,zyb977,Mark179,1-0,2024.08.01,08:44:13,1406,1382,,,B12,Caro-Kann Defense: Advance Variation,600+0,Normal,"1. e4 { [%clk 0:10:00] } 1... c6 { [%clk 0:10:00] } 2. d4 { [%clk 0:09:57] }
2... d5 { [%clk 0:09:58] } 3. e5 { [%clk 0:09:55] } 3... f6 { [%clk 0:09:51] }
4. Nf3 { [%clk 0:09:43] } 4... fxe5 { [%clk 0:09:47] } 5. Nxe5
{ [%clk 0:09:39] } 5... g6 { [%clk 0:09:39] } 6. Qf3 { [%clk 0:09:15] } 6...
Be6 { [%clk 0:09:14] } 7. Bd3 { [%clk 0:08:51] } 7... Nd7 { [%clk 0:08:58] } 8.
Bf4 { [%clk 0:08:36] } 8... Bg7 { [%clk 0:08:46] } 9. Nxg6 { [%clk 0:08:12] }
9... Qa5+ { [%clk 0:07:40] } 10. Bd2 { [%clk 0:07:56] } 10... Qb6
{ [%clk 0:07:24] } 11. Nxh8 { [%clk 0:07:46] } 11... Bxh8 { [%clk 0:07:22] }
12. Bxh7 { [%clk 0:07:33] } 12... Qxb2 { [%clk 0:06:59] } 13. Bg6+
{ [%clk 0:07:24] } 13... Kd8 { [%clk 0:06:40] } 14. Bc3 { [%clk 0:06:57] }
14... Qc1+ { [%clk 0:06:24] } 15. Qd1 { [%clk 0:06:47] } 15... Qg5
{ [%clk 0:05:50] } 16. Qh5 { [%clk 0:05:21] } 16... Qxg2 { [%clk 0:05:16] } 17.
Rf1 { [%clk 0:05:18] } 17... Bh3 { [%clk 0:04:59] } 18. Nd2 { [%clk 0:05:08] }
18... Ndf6 { [%clk 0:04:06] } 19. Qxh8 { [%clk 0:05:01] } 19... Qxg6
{ [%clk 0:04:03] } 20. Qxh3 { [%clk 0:04:56] } 20... Qxc2 { [%clk 0:03:48] }
21. Ke2 { [%clk 0:03:59] } 21... Ne4 { [%clk 0:03:19] } 22. Qd3
{ [%clk 0:03:52] } 22... Nxc3+ { [%clk 0:02:58] } 23. Ke3 { [%clk 0:03:44] }
23... Qxd3+ { [%clk 0:02:35] } 24. Kxd3 { [%clk 0:03:42] } 24... Nb5
{ [%clk 0:02:33] } 25. Rh1 { [%clk 0:03:37] } 25... Kc7 { [%clk 0:02:30] } 26.
h4 { [%clk 0:03:36] } 26... Nh6 { [%clk 0:02:28] } 27. h5 { [%clk 0:03:34] }
27... Rf8 { [%clk 0:02:25] } 28. Ke3 { [%clk 0:03:30] } 28... Nd6
{ [%clk 0:02:22] } 29. Rag1 { [%clk 0:03:26] } 29... b5 { [%clk 0:02:07] } 30.
Rg6 { [%clk 0:03:13] } 30... Ndf5+ { [%clk 0:02:04] } 31. Kf4
{ [%clk 0:03:09] } 31... Nh4+ { [%clk 0:02:02] } 32. Kg5 { [%clk 0:03:07] }
32... Nxg6 { [%clk 0:02:01] } 33. Kxh6 { [%clk 0:03:04] } 33... Nf4
{ [%clk 0:01:58] } 34. Kg5 { [%clk 0:03:01] } 34... Ne6+ { [%clk 0:01:53] } 35.
Kg6 { [%clk 0:02:59] } 35... Nxd4 { [%clk 0:01:47] } 36. h6 { [%clk 0:02:57] }
36... Ne6 { [%clk 0:01:43] } 37. h7 { [%clk 0:02:54] } 37... Rh8
{ [%clk 0:01:41] } 38. Kf7 { [%clk 0:02:51] } 38... Kd6 { [%clk 0:01:39] } 39.
f4 { [%clk 0:02:49] } 39... Kd7 { [%clk 0:01:31] } 40. f5 { [%clk 0:02:48] }
40... Rf8+ { [%clk 0:01:22] } 41. Kg6 { [%clk 0:02:43] } 41... Nf4+
{ [%clk 0:01:20] } 42. Kg7 { [%clk 0:02:38] } 42... Rxf5 { [%clk 0:01:13] } 43.
h8=Q { [%clk 0:02:32] } 43... Ne6+ { [%clk 0:01:12] } 44. Kg6
{ [%clk 0:02:26] } 44... Rf6+ { [%clk 0:01:11] } 45. Kh5 { [%clk 0:02:23] }
45... Rf5+ { [%clk 0:01:07] } 46. Kg4 { [%clk 0:02:15] } 46... Rf4+
{ [%clk 0:01:06] } 47. Kg3 { [%clk 0:02:11] } 47... Rd4 { [%clk 0:01:05] } 48.
Nf3 { [%clk 0:01:49] } 48... Rd3 { [%clk 0:01:02] } 49. Rh6 { [%clk 0:01:40] }
49... c5 { [%clk 0:01:02] } 50. Qe5 { [%clk 0:01:34] } 50... Nf8
{ [%clk 0:00:52] } 51. Kf4 { [%clk 0:01:13] } 51... c4 { [%clk 0:00:50] } 52.
Qf5+ { [%clk 0:01:10] } 52... Ke8 { [%clk 0:00:47] } 53. Ne5 { [%clk 0:00:59] }
53... Rd4+ { [%clk 0:00:43] } 54. Kg5 { [%clk 0:00:52] } 54... Nh7+
{ [%clk 0:00:36] } 55. Rxh7 { [%clk 0:00:48] } 55... Kd8 { [%clk 0:00:35] } 56.
Qf8+ { [%clk 0:00:45] } 56... Kc7 { [%clk 0:00:35] } 57. Qxe7+
{ [%clk 0:00:44] } 57... Kb6 { [%clk 0:00:35] } 58. Qe6+ { [%clk 0:00:43] }
58... Ka5 { [%clk 0:00:35] } 59. Rxa7+ { [%clk 0:00:42] } 59... Kb4
{ [%clk 0:00:34] } 60. Qd6+ { [%clk 0:00:40] } 60... Kc3 { [%clk 0:00:33] } 61.
Qa3+ { [%clk 0:00:37] } 61... Kd2 { [%clk 0:00:31] } 62. Qb2+
{ [%clk 0:00:34] } 62... Ke3 { [%clk 0:00:31] } 63. Rf7 { [%clk 0:00:32] }
63... Ke4 { [%clk 0:00:29] } 64. Rf4+ { [%clk 0:00:31] } 64... Ke3
{ [%clk 0:00:28] } 65. Rxd4 { [%clk 0:00:29] } 65... c3 { [%clk 0:00:26] } 66.
Qxc3+ { [%clk 0:00:27] } 66... Kf2 { [%clk 0:00:25] } 67. Rd2+
{ [%clk 0:00:26] } 67... Ke1 { [%clk 0:00:24] } 68. Rh2+ { [%clk 0:00:24] }
68... Kf1 { [%clk 0:00:22] } 69. Qa1# { [%clk 0:00:22] } 1-0"
Rated Rapid game,https://lichess.org/3kPuHscn,2024.08.01,-,iamcassandra,KDRABDOU,1-0,2024.08.01,08:44:13,1826,1801,,,B06,Modern Defense,600+0,Normal,"1. e4 { [%eval 0.15] [%clk 0:10:00] } 1... g6 { [%eval 0.43] [%clk 0:10:00] }
2. d4 { [%eval 0.48] [%clk 0:09:59] } 2... d6 { [%eval 0.55] [%clk 0:09:59] }
3. Nf3 { [%eval 0.34] [%clk 0:09:57] } 3... Bg7 { [%eval 0.6] [%clk 0:09:58] }
4. h3 { [%eval 0.44] [%clk 0:09:56] } 4... Nd7 { [%eval 0.62] [%clk 0:09:53] }
5. Be3 { [%eval 0.48] [%clk 0:09:53] } 5... c5 { [%eval 0.57] [%clk 0:09:51] }
6. dxc5 $2 { [%eval -0.49] [%clk 0:09:49] } 6... dxc5 $2
{ [%eval 0.8] [%clk 0:09:49] } 7. c3 $6 { [%eval 0.18] [%clk 0:09:47] } 7... b6
{ [%eval 0.71] [%clk 0:09:47] } 8. Bb5 $6 { [%eval 0.13] [%clk 0:09:45] } 8...
Nf6 $4 { [%eval 3.34] [%clk 0:09:43] } 9. Nbd2 $4
{ [%eval 0.1] [%clk 0:09:40] } 9... e5 $2 { [%eval 1.43] [%clk 0:09:36] } 10.
Nxe5 { [%eval 1.11] [%clk 0:09:36] } 10... O-O { [%eval 1.12] [%clk 0:09:33] }
11. Nxd7 { [%eval 1.18] [%clk 0:09:33] } 11... Bxd7
{ [%eval 1.13] [%clk 0:09:31] } 12. Bxd7 { [%eval 1.11] [%clk 0:09:31] } 12...
Qxd7 { [%eval 1.11] [%clk 0:09:30] } 13. O-O { [%eval 1.19] [%clk 0:09:27] }
13... Rfe8 { [%eval 1.05] [%clk 0:09:04] } 14. Qc2
{ [%eval 0.98] [%clk 0:09:21] } 14... Qe6 { [%eval 1.2] [%clk 0:09:01] } 15.
Rfe1 { [%eval 1.3] [%clk 0:08:41] } 15... Nxe4 $2
{ [%eval 4.18] [%clk 0:08:47] } 16. Nxe4 $4 { [%eval 0.42] [%clk 0:08:39] }
16... Qxe4 { [%eval 0.44] [%clk 0:08:46] } 17. Qb3
{ [%eval 0.0] [%clk 0:08:35] } 17... c4 { [%eval 0.25] [%clk 0:08:38] } 18. Qb5
{ [%eval 0.09] [%clk 0:08:27] } 18... Re5 { [%eval 0.14] [%clk 0:08:22] } 19.
Qd7 { [%eval 0.17] [%clk 0:08:11] } 19... Re7 { [%eval 0.2] [%clk 0:08:16] }
20. Qa4 { [%eval 0.34] [%clk 0:08:00] } 20... Rae8
{ [%eval 0.34] [%clk 0:07:50] } 21. Bg5 $6 { [%eval -0.25] [%clk 0:07:49] }
21... Qxe1+ { [%eval -0.25] [%clk 0:07:29] } 22. Rxe1
{ [%eval -0.23] [%clk 0:07:47] } 22... Rxe1+ { [%eval -0.3] [%clk 0:07:27] }
23. Kh2 { [%eval -0.3] [%clk 0:07:45] } 23... R1e2
{ [%eval -0.34] [%clk 0:07:13] } 24. Be3 $4 { [%eval -4.78] [%clk 0:07:19] }
24... Be5+ $4 { [%eval -0.22] [%clk 0:06:53] } 25. g3
{ [%eval -0.21] [%clk 0:07:01] } 25... Bb8 $4 { [%eval 5.57] [%clk 0:06:50] }
26. Qxe8+ { [%eval 5.57] [%clk 0:06:58] } 26... Kg7
{ [%eval 5.55] [%clk 0:06:45] } 1-0"
Rated Rapid game,https://lichess.org/4WqpoAvO,2024.08.01,-,adhaamahmoud,samida,0-1,2024.08.01,08:44:13,1501,1541,,,A40,Queen's Pawn Game,600+0,Normal,"1. d4 { [%clk 0:10:00] } 1... c6 { [%clk 0:10:00] } 2. Bf4 { [%clk 0:09:56] }
2... d5 { [%clk 0:10:00] } 3. e3 { [%clk 0:09:55] } 3... Bf5 { [%clk 0:09:58] }
4. Nd2 { [%clk 0:09:53] } 4... e6 { [%clk 0:09:57] } 5. Ngf3 { [%clk 0:09:52] }
5... Bg4 { [%clk 0:09:55] } 6. h3 { [%clk 0:09:48] } 6... Bxf3
{ [%clk 0:09:53] } 7. Nxf3 { [%clk 0:09:48] } 7... Bd6 { [%clk 0:09:50] } 8.
Bxd6 { [%clk 0:09:46] } 8... Qxd6 { [%clk 0:09:48] } 9. c3 { [%clk 0:09:44] }
9... c5 { [%clk 0:09:43] } 10. Qb3 { [%clk 0:09:42] } 10... Qb6
{ [%clk 0:09:33] } 11. Ne5 { [%clk 0:09:34] } 11... Qxb3 { [%clk 0:09:31] } 12.
axb3 { [%clk 0:09:32] } 12... cxd4 { [%clk 0:09:26] } 13. exd4
{ [%clk 0:09:30] } 13... Nc6 { [%clk 0:09:25] } 14. Bb5 { [%clk 0:09:26] }
14... Ne7 { [%clk 0:09:16] } 15. c4 { [%clk 0:09:16] } 15... O-O
{ [%clk 0:09:11] } 16. Nxc6 { [%clk 0:09:03] } 16... bxc6 { [%clk 0:08:20] }
17. Ba4 { [%clk 0:08:51] } 17... a6 { [%clk 0:08:05] } 18. Kd2
{ [%clk 0:08:47] } 18... f5 { [%clk 0:08:03] } 19. g4 { [%clk 0:08:44] } 19...
fxg4 { [%clk 0:08:02] } 20. hxg4 { [%clk 0:08:44] } 20... Rxf2+
{ [%clk 0:08:01] } 21. Kc3 { [%clk 0:08:41] } 21... Raf8 { [%clk 0:07:58] } 22.
Rhg1 { [%clk 0:08:27] } 22... R8f3+ { [%clk 0:07:55] } 23. Kb4
{ [%clk 0:08:23] } 23... Rxb2 { [%clk 0:07:50] } 24. Kc5 { [%clk 0:08:15] }
24... Rd2 { [%clk 0:07:40] } 25. Kd6 { [%clk 0:08:06] } 25... Kf8
{ [%clk 0:07:34] } 26. Bxc6 { [%clk 0:07:59] } 26... Nxc6 { [%clk 0:07:32] }
27. Kxc6 { [%clk 0:07:59] } 27... Rxd4 { [%clk 0:07:30] } 28. cxd5
{ [%clk 0:07:56] } 28... Rxd5 { [%clk 0:07:19] } 29. Rxa6 { [%clk 0:07:48] }
29... Rxb3 { [%clk 0:07:16] } 30. Rf1+ { [%clk 0:07:44] } 30... Ke7
{ [%clk 0:07:00] } 31. Ra7+ { [%clk 0:07:42] } 31... Ke8 { [%clk 0:06:55] } 32.
Rxg7 { [%clk 0:07:32] } 32... Rc3+ { [%clk 0:06:48] } 33. Kb6
{ [%clk 0:07:23] } 33... Rd6+ { [%clk 0:06:24] } 34. Kb5 { [%clk 0:07:11] }
34... Rd2 { [%clk 0:06:09] } 35. Rb1 { [%clk 0:06:57] } 35... Rc8
{ [%clk 0:05:31] } 36. Ka6 { [%clk 0:06:35] } 36... Rd6+ { [%clk 0:05:11] } 37.
Rb6 { [%clk 0:06:26] } 37... Rxb6+ { [%clk 0:05:07] } 38. Kxb6
{ [%clk 0:06:26] } 38... Rc4 { [%clk 0:04:58] } 39. Rxh7 { [%clk 0:06:23] }
39... Rxg4 { [%clk 0:04:55] } 40. Rh5 { [%clk 0:06:17] } 40... Rg7
{ [%clk 0:04:46] } 41. Re5 { [%clk 0:06:14] } 41... Re7 { [%clk 0:04:44] } 42.
Kc6 { [%clk 0:06:13] } 42... Kf7 { [%clk 0:04:43] } 43. Kd6 { [%clk 0:06:12] }
43... Kf6 { [%clk 0:04:39] } 44. Re4 { [%clk 0:06:02] } 44... e5
{ [%clk 0:04:26] } 45. Kd5 { [%clk 0:05:57] } 45... Kf5 { [%clk 0:04:22] } 46.
Re1 { [%clk 0:05:53] } 46... e4 { [%clk 0:04:18] } 47. Rf1+ { [%clk 0:05:51] }
47... Kg4 { [%clk 0:04:14] } 48. Kd4 { [%clk 0:05:44] } 48... e3
{ [%clk 0:04:11] } 49. Kd3 { [%clk 0:05:43] } 49... e2 { [%clk 0:04:08] } 50.
Re1 { [%clk 0:05:41] } 50... Kf3 { [%clk 0:04:07] } 51. Kd2 { [%clk 0:05:37] }
51... Kf2 { [%clk 0:04:00] } 52. Kd3 { [%clk 0:05:33] } 52... Rd7+
{ [%clk 0:03:55] } 53. Kc2 { [%clk 0:05:29] } 53... Kxe1 { [%clk 0:03:53] } 54.
Kc3 { [%clk 0:05:28] } 54... Kf2 { [%clk 0:03:52] } 0-1"
Rated Rapid game,https://lichess.org/S0u16Fug,2024.08.01,-,shadrach1,Teettoo,0-1,2024.08.01,08:44:13,2023,2117,,,D04,"Queen's Pawn Game: Colle System, Anti-Colle",600+0,Normal,"1. d4 { [%clk 0:10:00] } 1... d5 { [%clk 0:10:00] } 2. e3 { [%clk 0:09:59] }
2... Nf6 { [%clk 0:09:57] } 3. Nf3 { [%clk 0:09:58] } 3... Bf5
{ [%clk 0:09:54] } 4. Bd3 { [%clk 0:09:56] } 4... e6 { [%clk 0:09:51] } 5. Bxf5
{ [%clk 0:09:50] } 5... exf5 { [%clk 0:09:49] } 6. Qd3 { [%clk 0:09:50] } 6...
Qd7 { [%clk 0:09:35] } 7. Ne5 { [%clk 0:09:48] } 7... Qe6 { [%clk 0:09:21] } 8.
Qb5+ { [%clk 0:09:46] } 8... Nbd7 { [%clk 0:09:09] } 9. Qxb7 { [%clk 0:09:43] }
9... Rb8 { [%clk 0:09:02] } 10. Qc6 { [%clk 0:09:40] } 10... Bd6
{ [%clk 0:08:55] } 11. Nxd7 { [%clk 0:09:36] } 11... Nxd7 { [%clk 0:08:50] }
12. O-O { [%clk 0:09:32] } 12... O-O { [%clk 0:08:49] } 13. Nd2
{ [%clk 0:09:31] } 13... Bxh2+ { [%clk 0:08:40] } 14. Kxh2 { [%clk 0:09:29] }
14... Qxc6 { [%clk 0:08:39] } 0-1"
Rated Rapid game,https://lichess.org/gKB0b6uh,2024.08.01,-,Thor-61,mistrak0,1-0,2024.08.01,08:44:13,1215,1140,,,C50,Italian Game,600+0,Normal,"1. e4 { [%clk 0:10:00] } 1... e5 { [%clk 0:10:00] } 2. Nf3 { [%clk 0:09:59] }
2... Nc6 { [%clk 0:09:55] } 3. Bc4 { [%clk 0:09:58] } 3... d5
{ [%clk 0:09:37] } 4. Bxd5 { [%clk 0:09:48] } 4... Nf6 { [%clk 0:09:31] } 5.
Bxc6+ { [%clk 0:09:41] } 5... bxc6 { [%clk 0:09:29] } 6. Nxe5
{ [%clk 0:09:40] } 6... Bb7 { [%clk 0:09:25] } 7. O-O { [%clk 0:09:31] } 7...
c5 { [%clk 0:09:19] } 8. Re1 { [%clk 0:09:28] } 8... Nxe4 { [%clk 0:09:06] } 9.
Qf3 { [%clk 0:09:13] } 9... Qd5 { [%clk 0:08:52] } 10. Nd3 { [%clk 0:08:34] }
10... Bd6 { [%clk 0:08:29] } 11. b3 { [%clk 0:07:53] } 11... Qd4
{ [%clk 0:08:03] } 12. Bb2 { [%clk 0:07:42] } 12... Qd5 { [%clk 0:07:45] } 13.
Bxg7 { [%clk 0:07:37] } 13... Rg8 { [%clk 0:07:43] } 14. Bh6 { [%clk 0:06:57] }
14... O-O-O { [%clk 0:07:38] } 15. c4 { [%clk 0:06:35] } 15... Qc6
{ [%clk 0:07:02] } 16. Nf4 { [%clk 0:05:47] } 16... Be5 { [%clk 0:06:25] } 17.
Nc3 { [%clk 0:05:34] } 17... Qxh6 { [%clk 0:06:09] } 18. Rxe4
{ [%clk 0:04:59] } 18... Bxe4 { [%clk 0:05:54] } 19. Nxe4 { [%clk 0:04:57] }
19... Bxf4 { [%clk 0:05:49] } 20. Nxc5 { [%clk 0:04:45] } 20... Qxh2+
{ [%clk 0:05:30] } 21. Kf1 { [%clk 0:04:35] } 21... Rge8 { [%clk 0:05:11] } 22.
Qa8# { [%clk 0:04:30] } 1-0"
Rated Rapid game,https://lichess.org/lOOz122z,2024.08.01,-,buboko0111,momot74,0-1,2024.08.01,08:44:13,1589,1655,,,C68,"Ruy Lopez: Exchange Variation, Lutikov Variation",600+0,Normal,"1. e4 { [%eval 0.15] [%clk 0:10:00] } 1... e5 { [%eval 0.21] [%clk 0:10:00] }
2. Nf3 { [%eval 0.11] [%clk 0:09:59] } 2... Nc6 { [%eval 0.19] [%clk 0:09:49] }
3. Bb5 { [%eval 0.19] [%clk 0:09:58] } 3... a6 { [%eval 0.25] [%clk 0:09:46] }
4. Bxc6 { [%eval 0.0] [%clk 0:09:56] } 4... bxc6 $6
{ [%eval 0.59] [%clk 0:09:46] } 5. Nxe5 { [%eval 0.1] [%clk 0:09:55] } 5... Qe7
{ [%eval 0.17] [%clk 0:09:32] } 6. d4 { [%eval 0.19] [%clk 0:09:51] } 6... d6
{ [%eval 0.16] [%clk 0:09:28] } 7. Nd3 $6 { [%eval -0.67] [%clk 0:09:45] } 7...
Qxe4+ { [%eval -0.69] [%clk 0:09:25] } 8. Be3 $2
{ [%eval -2.35] [%clk 0:09:44] } 8... Nf6 $2 { [%eval 0.15] [%clk 0:09:08] } 9.
Qf3 $2 { [%eval -0.99] [%clk 0:09:35] } 9... Qxf3
{ [%eval -0.93] [%clk 0:09:00] } 10. gxf3 { [%eval -1.06] [%clk 0:09:33] }
10... Be7 { [%eval -0.57] [%clk 0:08:50] } 11. Nd2
{ [%eval -0.97] [%clk 0:09:32] } 11... Bb7 { [%eval -0.5] [%clk 0:08:45] } 12.
Rg1 { [%eval -0.47] [%clk 0:09:30] } 12... O-O { [%eval -0.58] [%clk 0:08:41] }
13. Bh6 { [%eval -0.53] [%clk 0:09:26] } 13... Nh5
{ [%eval -0.51] [%clk 0:08:16] } 14. Nf4 { [%eval -0.59] [%clk 0:09:19] } 14...
Nxf4 { [%eval -0.62] [%clk 0:08:12] } 15. Bxf4 { [%eval -0.69] [%clk 0:09:17] }
15... Rfe8 { [%eval -0.6] [%clk 0:08:04] } 16. O-O-O
{ [%eval -0.55] [%clk 0:09:15] } 16... Bf6 { [%eval -0.12] [%clk 0:07:59] } 17.
c3 $6 { [%eval -0.73] [%clk 0:09:13] } 17... Re2 $6
{ [%eval 0.07] [%clk 0:07:51] } 18. Be3 { [%eval -0.19] [%clk 0:09:11] } 18...
c5 { [%eval 0.0] [%clk 0:07:37] } 19. Nb3 $6 { [%eval -0.93] [%clk 0:09:05] }
19... c4 $6 { [%eval -0.26] [%clk 0:07:25] } 20. Nd2
{ [%eval -0.37] [%clk 0:08:43] } 20... Rb8 { [%eval -0.25] [%clk 0:07:06] } 21.
Rdf1 { [%eval -0.34] [%clk 0:08:38] } 21... a5 $6
{ [%eval 0.61] [%clk 0:06:57] } 22. Kd1 { [%eval 0.53] [%clk 0:08:36] } 22...
Rxd2+ { [%eval 0.47] [%clk 0:06:42] } 23. Kxd2 { [%eval 0.48] [%clk 0:08:29] }
23... Bxf3 $6 { [%eval 1.2] [%clk 0:06:40] } 24. Rg3 $2
{ [%eval -0.24] [%clk 0:08:26] } 24... Be4 { [%eval -0.19] [%clk 0:06:34] } 25.
Kc1 { [%eval -0.12] [%clk 0:07:37] } 25... d5 $6
{ [%eval 0.69] [%clk 0:06:16] } 26. Bg5 { [%eval 0.49] [%clk 0:07:34] } 26...
Bxg5+ { [%eval 0.46] [%clk 0:05:55] } 27. Rxg5 { [%eval 0.6] [%clk 0:07:33] }
27... c6 $2 { [%eval 1.97] [%clk 0:05:49] } 28. f3 $2
{ [%eval 0.93] [%clk 0:07:29] } 28... Bd3 $6 { [%eval 1.59] [%clk 0:05:47] }
29. Rfg1 { [%eval 1.4] [%clk 0:07:22] } 29... g6
{ [%eval 1.94] [%clk 0:05:41] } 30. h4 $2 { [%eval 0.03] [%clk 0:07:21] } 30...
Re8 $2 { [%eval 1.14] [%clk 0:05:39] } 31. R5g2 $2
{ [%eval 0.13] [%clk 0:07:01] } 31... Re3 { [%eval 0.52] [%clk 0:05:32] } 32.
f4 $2 { [%eval -1.29] [%clk 0:06:53] } 32... Re4 $2
{ [%eval 0.16] [%clk 0:05:18] } 33. h5 $2 { [%eval -1.23] [%clk 0:06:40] }
33... Rxf4 { [%eval -1.45] [%clk 0:05:06] } 34. hxg6
{ [%eval -1.55] [%clk 0:06:39] } 34... hxg6 { [%eval -1.57] [%clk 0:05:00] }
35. Rg4 { [%eval -1.76] [%clk 0:06:30] } 35... Rxg4 $2
{ [%eval -0.61] [%clk 0:04:47] } 36. Rxg4 { [%eval -0.39] [%clk 0:06:28] }
36... Kg7 { [%eval -0.58] [%clk 0:04:42] } 37. Kd2
{ [%eval -0.37] [%clk 0:06:26] } 37... f5 { [%eval -0.43] [%clk 0:04:39] } 38.
Rg1 $2 { [%eval -1.54] [%clk 0:06:23] } 38... Kf6
{ [%eval -0.44] [%clk 0:04:36] } 39. Ke3 $2 { [%eval -3.4] [%clk 0:06:21] }
39... g5 { [%eval -3.14] [%clk 0:04:34] } 40. Rh1
{ [%eval -3.29] [%clk 0:06:17] } 40... f4+ { [%eval -2.8] [%clk 0:04:33] } 41.
Kf2 { [%eval -3.27] [%clk 0:06:14] } 41... g4 { [%eval -2.85] [%clk 0:04:26] }
42. Rh6+ $2 { [%eval -4.49] [%clk 0:06:12] } 42... Kf5 $2
{ [%eval -2.5] [%clk 0:04:24] } 43. Rxc6 $4 { [%eval -7.02] [%clk 0:06:11] }
43... g3+ { [%eval -5.91] [%clk 0:04:22] } 44. Kg1 $4
{ [%eval #-7] [%clk 0:06:08] } 44... f3 { [%eval #-6] [%clk 0:04:20] } 45. Rc8
{ [%eval #-6] [%clk 0:05:43] } 45... f2+ { [%eval #-5] [%clk 0:04:16] } 46. Kg2
{ [%eval #-5] [%clk 0:05:36] } 46... f1=Q+ { [%eval #-4] [%clk 0:04:12] } 47.
Kxg3 { [%eval #-4] [%clk 0:05:34] } 47... Qf4+ { [%eval #-3] [%clk 0:04:08] }
48. Kg2 { [%eval #-3] [%clk 0:05:32] } 48... Be4+
{ [%eval #-2] [%clk 0:03:55] } 49. Kg1 { [%eval #-2] [%clk 0:05:29] } 49...
Qg3+ { [%eval #-1] [%clk 0:03:46] } 50. Kf1 { [%eval #-1] [%clk 0:05:27] }
50... Bd3# { [%clk 0:03:41] } 0-1"
Rated Rapid game,https://lichess.org/QonNAdRc,2024.08.01,-,Parobrodar,zhukovviktor,1-0,2024.08.01,08:44:19,1789,1867,,,C24,Bishop's Opening: Berlin Defense,600+0,Normal,"1. e4 { [%clk 0:10:00] } 1... e5 { [%clk 0:10:00] } 2. Bc4 { [%clk 0:09:57] }
2... Nf6 { [%clk 0:09:58] } 3. d3 { [%clk 0:09:52] } 3... Bc5
{ [%clk 0:09:51] } 4. Nf3 { [%clk 0:09:47] } 4... d6 { [%clk 0:09:47] } 5. h3
{ [%clk 0:09:46] } 5... c6 { [%clk 0:09:39] } 6. c3 { [%clk 0:09:44] } 6... d5
{ [%clk 0:09:37] } 7. exd5 { [%clk 0:09:43] } 7... cxd5 { [%clk 0:09:35] } 8.
Bb3 { [%clk 0:09:41] } 8... e4 { [%clk 0:09:31] } 9. dxe4 { [%clk 0:09:38] }
9... Nxe4 { [%clk 0:09:26] } 10. O-O { [%clk 0:09:35] } 10... Qb6
{ [%clk 0:08:57] } 11. Qxd5 { [%clk 0:09:25] } 11... Bxf2+ { [%clk 0:08:53] }
12. Kh2 { [%clk 0:09:05] } 12... Be6 { [%clk 0:08:49] } 13. Qxe4
{ [%clk 0:09:00] } 13... Bc5 { [%clk 0:08:30] } 14. Bxe6 { [%clk 0:08:56] }
14... fxe6 { [%clk 0:08:18] } 15. Ng5 { [%clk 0:08:48] } 15... Bd6+
{ [%clk 0:08:04] } 16. Kh1 { [%clk 0:08:21] } 16... e5 { [%clk 0:07:59] } 17.
b3 { [%clk 0:08:05] } 17... Nd7 { [%clk 0:07:50] } 18. Be3 { [%clk 0:08:01] }
18... Bc5 { [%clk 0:07:02] } 19. Bxc5 { [%clk 0:07:58] } 19... Qxc5
{ [%clk 0:06:58] } 20. Qxb7 { [%clk 0:07:47] } 20... Rb8 { [%clk 0:06:53] } 21.
Qe4 { [%clk 0:07:41] } 21... Nf6 { [%clk 0:06:47] } 22. Qe2 { [%clk 0:07:27] }
22... O-O { [%clk 0:06:42] } 23. Ne6 { [%clk 0:07:13] } 23... Qd6
{ [%clk 0:06:32] } 24. Nxf8 { [%clk 0:07:09] } 24... Rxf8 { [%clk 0:06:30] }
25. Nd2 { [%clk 0:07:05] } 25... e4 { [%clk 0:06:26] } 26. Nc4
{ [%clk 0:07:01] } 26... Qe6 { [%clk 0:06:18] } 27. Rad1 { [%clk 0:06:56] }
27... Nh5 { [%clk 0:06:16] } 28. Qxh5 { [%clk 0:06:49] } 28... e3
{ [%clk 0:06:05] } 29. Rxf8+ { [%clk 0:06:44] } 1-0"
Rated Rapid game,https://lichess.org/Vfi6KcHY,2024.08.01,-,ponn34,Bekicaaa,0-1,2024.08.01,08:44:23,1020,1010,,,C24,Bishop's Opening: Berlin Defense,600+0,Time forfeit,"1. e4 { [%clk 0:10:00] } 1... e5 { [%clk 0:10:00] } 2. Bc4 { [%clk 0:09:57] }
2... Nf6 { [%clk 0:09:55] } 3. d3 { [%clk 0:09:47] } 3... Bc5
{ [%clk 0:09:42] } 4. Bg5 { [%clk 0:09:34] } 4... d6 { [%clk 0:09:31] } 5. Bxf6
{ [%clk 0:09:19] } 5... Qxf6 { [%clk 0:09:27] } 6. Nf3 { [%clk 0:09:10] } 6...
Bg4 { [%clk 0:09:16] } 7. O-O { [%clk 0:09:03] } 7... O-O { [%clk 0:09:14] } 8.
h3 { [%clk 0:08:43] } 8... Bh5 { [%clk 0:09:11] } 9. g4 { [%clk 0:08:39] } 9...
Bg6 { [%clk 0:08:58] } 10. Nc3 { [%clk 0:08:18] } 10... Bxf2+
{ [%clk 0:08:54] } 11. Rxf2 { [%clk 0:07:55] } 11... Nc6 { [%clk 0:08:42] } 12.
Nd5 { [%clk 0:06:56] } 12... Qe6 { [%clk 0:08:19] } 13. Ng5 { [%clk 0:06:45] }
13... Qd7 { [%clk 0:08:02] } 14. Qf1 { [%clk 0:05:50] } 14... h6
{ [%clk 0:07:49] } 15. Ne7+ { [%clk 0:05:14] } 15... Qxe7 { [%clk 0:07:42] }
16. Bxf7+ { [%clk 0:05:06] } 16... Bxf7 { [%clk 0:07:30] } 17. Nxf7
{ [%clk 0:04:43] } 17... Rxf7 { [%clk 0:07:25] } 18. Rxf7 { [%clk 0:04:30] }
18... Qxf7 { [%clk 0:07:22] } 19. Qxf7+ { [%clk 0:04:18] } 19... Kxf7
{ [%clk 0:07:20] } 20. Rf1+ { [%clk 0:04:16] } 20... Kg8 { [%clk 0:07:18] } 21.
g5 { [%clk 0:04:14] } 21... hxg5 { [%clk 0:07:13] } 22. Rf5 { [%clk 0:04:08] }
22... Nd4 { [%clk 0:06:57] } 23. Rxg5 { [%clk 0:04:01] } 23... Nf3+
{ [%clk 0:06:56] } 24. Kf2 { [%clk 0:03:57] } 24... Nxg5 { [%clk 0:06:55] } 25.
h4 { [%clk 0:03:55] } 25... Nh3+ { [%clk 0:06:52] } 26. Kg3 { [%clk 0:03:54] }
26... Nf4 { [%clk 0:06:45] } 27. Kf3 { [%clk 0:03:49] } 27... Rf8
{ [%clk 0:06:42] } 28. Ke3 { [%clk 0:03:45] } 28... Ng2+ { [%clk 0:06:30] } 29.
Kd2 { [%clk 0:03:43] } 29... Nxh4 { [%clk 0:06:29] } 30. Ke3 { [%clk 0:03:42] }
30... Rf3+ { [%clk 0:06:25] } 31. Kd2 { [%clk 0:03:40] } 31... Rf2+
{ [%clk 0:06:21] } 32. Ke3 { [%clk 0:03:37] } 32... Rxc2 { [%clk 0:06:10] } 33.
d4 { [%clk 0:03:34] } 33... exd4+ { [%clk 0:06:07] } 34. Kxd4
{ [%clk 0:03:33] } 34... Rxb2 { [%clk 0:06:06] } 35. e5 { [%clk 0:03:31] }
35... dxe5+ { [%clk 0:06:04] } 36. Kxe5 { [%clk 0:03:31] } 36... Rxa2
{ [%clk 0:05:57] } 37. Kf4 { [%clk 0:03:30] } 37... Ng6+ { [%clk 0:05:55] } 38.
Ke4 { [%clk 0:03:27] } 38... a5 { [%clk 0:05:52] } 39. Kd3 { [%clk 0:03:25] }
39... a4 { [%clk 0:05:51] } 40. Kc3 { [%clk 0:03:24] } 40... a3
{ [%clk 0:05:48] } 41. Kb3 { [%clk 0:03:23] } 41... Ra1 { [%clk 0:05:46] } 42.
Kc2 { [%clk 0:03:18] } 42... a2 { [%clk 0:05:42] } 43. Kb2 { [%clk 0:03:16] }
43... Rh1 { [%clk 0:05:35] } 44. Kxa2 { [%clk 0:03:14] } 44... b5
{ [%clk 0:05:30] } 45. Kb3 { [%clk 0:03:13] } 45... c6 { [%clk 0:05:28] } 46.
Kb4 { [%clk 0:03:11] } 46... Rh5 { [%clk 0:05:24] } 47. Kb3 { [%clk 0:03:08] }
47... c5 { [%clk 0:05:22] } 48. Kc3 { [%clk 0:03:07] } 48... b4+
{ [%clk 0:05:20] } 49. Kc4 { [%clk 0:03:06] } 49... Nf4 { [%clk 0:05:15] } 50.
Kb3 { [%clk 0:03:01] } 50... g5 { [%clk 0:05:11] } 51. Kc4 { [%clk 0:02:59] }
51... g4 { [%clk 0:05:10] } 52. Kb5 { [%clk 0:02:57] } 52... g3
{ [%clk 0:05:09] } 53. Kc6 { [%clk 0:02:51] } 53... g2 { [%clk 0:05:09] } 54.
Kd6 { [%clk 0:02:50] } 54... g1=Q { [%clk 0:05:07] } 55. Kc6 { [%clk 0:02:49] }
55... Qg6+ { [%clk 0:05:05] } 56. Kb5 { [%clk 0:02:49] } 56... c4+
{ [%clk 0:04:50] } 57. Kxc4 { [%clk 0:02:46] } 57... Qc6+ { [%clk 0:04:49] }
58. Kxb4 { [%clk 0:02:44] } 58... Rb5+ { [%clk 0:04:46] } 0-1"
Rated Rapid game,https://lichess.org/cswtZrCS,2024.08.01,-,Baochaungo,Kursish_Roman,0-1,2024.08.01,08:44:23,1595,1659,,,B00,Pirc Defense,600+0,Normal,"1. e4 { [%clk 0:10:00] } 1... d6 { [%clk 0:10:00] } 2. Nf3 { [%clk 0:09:59] }
2... Nf6 { [%clk 0:09:58] } 3. Bc4 { [%clk 0:09:54] } 3... g6
{ [%clk 0:09:54] } 4. Nc3 { [%clk 0:09:52] } 4... Bg7 { [%clk 0:09:52] } 5. d3
{ [%clk 0:09:50] } 5... O-O { [%clk 0:09:50] } 6. Be3 { [%clk 0:09:49] } 6...
e5 { [%clk 0:09:49] } 7. Qd2 { [%clk 0:09:48] } 7... Ng4 { [%clk 0:09:46] } 8.
h3 { [%clk 0:09:45] } 8... Nxe3 { [%clk 0:09:44] } 9. Qxe3 { [%clk 0:09:43] }
9... Nc6 { [%clk 0:09:39] } 10. h4 { [%clk 0:09:42] } 10... h5
{ [%clk 0:09:34] } 11. Ng5 { [%clk 0:09:37] } 11... Nd4 { [%clk 0:09:23] } 12.
Qd2 { [%clk 0:09:32] } 12... Bh6 { [%clk 0:09:09] } 13. Kd1 { [%clk 0:09:14] }
13... Bg4+ { [%clk 0:09:01] } 14. f3 { [%clk 0:09:12] } 14... Nxf3
{ [%clk 0:08:51] } 15. gxf3 { [%clk 0:09:11] } 15... Bxf3+ { [%clk 0:08:50] }
16. Ke1 { [%clk 0:09:09] } 16... Bxh1 { [%clk 0:08:47] } 17. Nxf7
{ [%clk 0:09:07] } 17... Bxd2+ { [%clk 0:08:44] } 18. Kxd2 { [%clk 0:09:04] }
18... Rxf7 { [%clk 0:08:40] } 19. Bxf7+ { [%clk 0:09:02] } 19... Kxf7
{ [%clk 0:08:38] } 20. Rxh1 { [%clk 0:09:01] } 0-1"
Rated Rapid game,https://lichess.org/2bVECias,2024.08.01,-,thomasr,ahmedsherif9091,1-0,2024.08.01,08:44:23,1785,1760,,,A40,English Defense,600+0,Normal,"1. d4 { [%clk 0:10:00] } 1... b6 { [%clk 0:10:00] } 2. c4 { [%clk 0:09:59] }
2... Bb7 { [%clk 0:09:56] } 3. Nc3 { [%clk 0:09:59] } 3... g6
{ [%clk 0:09:54] } 4. Nf3 { [%clk 0:09:57] } 4... Bg7 { [%clk 0:09:54] } 5. Bf4
{ [%clk 0:09:55] } 5... Nf6 { [%clk 0:09:54] } 6. e3 { [%clk 0:09:51] } 6...
O-O { [%clk 0:09:53] } 7. Be2 { [%clk 0:09:45] } 7... Re8 { [%clk 0:09:52] } 8.
h3 { [%clk 0:09:43] } 8... d6 { [%clk 0:09:51] } 9. O-O { [%clk 0:09:39] } 9...
Nbd7 { [%clk 0:09:49] } 10. Nh2 { [%clk 0:09:26] } 10... e5 { [%clk 0:09:44] }
11. dxe5 { [%clk 0:09:22] } 11... dxe5 { [%clk 0:09:44] } 12. Bg5
{ [%clk 0:09:13] } 12... Qe7 { [%clk 0:09:42] } 13. Ng4 { [%clk 0:09:01] }
13... Qc5 { [%clk 0:09:38] } 14. Bxf6 { [%clk 0:08:31] } 14... Nxf6
{ [%clk 0:09:21] } 15. Nxf6+ { [%clk 0:08:27] } 15... Bxf6 { [%clk 0:09:20] }
16. Nd5 { [%clk 0:07:40] } 16... Bg7 { [%clk 0:09:10] } 17. b3
{ [%clk 0:07:26] } 17... Qc6 { [%clk 0:09:06] } 18. Qc2 { [%clk 0:07:00] }
18... Rad8 { [%clk 0:09:01] } 19. Rad1 { [%clk 0:06:49] } 19... a5
{ [%clk 0:08:18] } 20. Bf3 { [%clk 0:06:47] } 20... Qe6 { [%clk 0:08:10] } 21.
Nxc7 { [%clk 0:06:33] } 21... Qf6 { [%clk 0:07:54] } 22. Nxe8
{ [%clk 0:06:24] } 22... Rxe8 { [%clk 0:07:52] } 23. Bxb7 { [%clk 0:06:21] }
1-0"
Rated Rapid game,https://lichess.org/o81CoBEA,2024.08.01,-,muthiya87,Blacklag,1-0,2024.08.01,08:44:23,1950,1896,,,B34,"Sicilian Defense: Accelerated Dragon, Modern Variation",600+0,Normal,"1. e4 { [%clk 0:10:00] } 1... c5 { [%clk 0:10:00] } 2. Nf3 { [%clk 0:09:58] }
2... Nc6 { [%clk 0:09:58] } 3. d4 { [%clk 0:09:51] } 3... cxd4
{ [%clk 0:09:55] } 4. Nxd4 { [%clk 0:09:44] } 4... g6 { [%clk 0:09:54] } 5. Nc3
{ [%clk 0:09:42] } 5... Bg7 { [%clk 0:09:52] } 6. Nxc6 { [%clk 0:09:25] } 6...
bxc6 { [%clk 0:09:49] } 7. Bd3 { [%clk 0:09:10] } 7... d6 { [%clk 0:09:48] } 8.
O-O { [%clk 0:09:03] } 8... Nf6 { [%clk 0:09:47] } 9. h3 { [%clk 0:09:01] }
9... O-O { [%clk 0:09:43] } 10. Be3 { [%clk 0:08:59] } 10... Bb7
{ [%clk 0:08:55] } 11. Re1 { [%clk 0:08:41] } 11... e5 { [%clk 0:08:52] } 12.
Qd2 { [%clk 0:08:33] } 12... d5 { [%clk 0:08:50] } 13. exd5 { [%clk 0:08:27] }
13... cxd5 { [%clk 0:08:48] } 14. Bh6 { [%clk 0:08:20] } 14... e4
{ [%clk 0:08:47] } 15. Bf1 { [%clk 0:08:10] } 15... d4 { [%clk 0:08:46] } 16.
Bxg7 { [%clk 0:08:01] } 16... Kxg7 { [%clk 0:08:45] } 17. Ne2
{ [%clk 0:07:48] } 17... Qd5 { [%clk 0:08:27] } 18. Qxd4 { [%clk 0:07:41] }
18... Qg5 { [%clk 0:08:16] } 19. Ng3 { [%clk 0:07:25] } 19... Rfe8
{ [%clk 0:08:09] } 20. Qe3 { [%clk 0:07:09] } 20... Qe5 { [%clk 0:07:58] } 21.
c3 { [%clk 0:07:04] } 21... Rad8 { [%clk 0:07:48] } 22. Rad1 { [%clk 0:06:48] }
22... Rxd1 { [%clk 0:07:44] } 23. Rxd1 { [%clk 0:06:46] } 23... Nd5
{ [%clk 0:07:43] } 24. Qxa7 { [%clk 0:06:35] } 24... Bc8 { [%clk 0:07:32] } 25.
Bc4 { [%clk 0:06:26] } 25... Rd8 { [%clk 0:07:05] } 26. Qa5 { [%clk 0:06:15] }
26... Be6 { [%clk 0:07:02] } 1-0"
Rated Rapid game,https://lichess.org/9qBfzDd3,2024.08.01,-,savvyyy,Blunderbuss66,0-1,2024.08.01,08:44:23,1178,1141,,,B11,"Caro-Kann Defense: Two Knights Attack, Mindeno Variation",600+0,Time forfeit,"1. e4 { [%clk 0:10:00] } 1... c6 { [%clk 0:10:00] } 2. Nf3 { [%clk 0:09:51] }
2... d5 { [%clk 0:09:54] } 3. Nc3 { [%clk 0:09:31] } 3... Bg4
{ [%clk 0:09:50] } 4. Be2 { [%clk 0:09:12] } 4... Bxf3 { [%clk 0:09:46] } 5.
Bxf3 { [%clk 0:09:10] } 5... e6 { [%clk 0:09:44] } 6. d3 { [%clk 0:08:49] }
6... dxe4 { [%clk 0:09:27] } 7. Nxe4 { [%clk 0:08:33] } 7... Nf6
{ [%clk 0:09:24] } 8. Bg5 { [%clk 0:08:23] } 8... h6 { [%clk 0:09:21] } 9. Bh4
{ [%clk 0:08:16] } 9... Be7 { [%clk 0:09:18] } 10. Bxf6 { [%clk 0:07:48] }
10... Bxf6 { [%clk 0:09:16] } 11. Nxf6+ { [%clk 0:07:34] } 11... Qxf6
{ [%clk 0:09:14] } 12. O-O { [%clk 0:07:11] } 12... O-O { [%clk 0:09:12] } 13.
Be4 { [%clk 0:07:07] } 13... Nd7 { [%clk 0:09:08] } 14. Qf3 { [%clk 0:06:55] }
14... Qxb2 { [%clk 0:09:00] } 15. d4 { [%clk 0:06:32] } 15... Qxd4
{ [%clk 0:08:51] } 16. Rfd1 { [%clk 0:06:16] } 16... Qb6 { [%clk 0:08:40] } 17.
Rxd7 { [%clk 0:06:10] } 17... Qb2 { [%clk 0:08:35] } 18. Rad1
{ [%clk 0:05:14] } 18... g6 { [%clk 0:08:30] } 19. a4 { [%clk 0:04:48] } 19...
f5 { [%clk 0:08:11] } 20. Bd3 { [%clk 0:04:15] } 20... e5 { [%clk 0:08:01] }
21. Bc4+ { [%clk 0:04:01] } 21... Kh8 { [%clk 0:07:54] } 22. Bf7
{ [%clk 0:03:29] } 22... Qxc2 { [%clk 0:07:38] } 23. Bxg6 { [%clk 0:03:19] }
23... Rad8 { [%clk 0:07:29] } 24. Rh7+ { [%clk 0:02:59] } 24... Kg8
{ [%clk 0:07:24] } 25. Rxd8 { [%clk 0:02:19] } 25... Rxd8 { [%clk 0:07:23] }
26. Bf7+ { [%clk 0:02:04] } 26... Kxh7 { [%clk 0:07:21] } 27. h3
{ [%clk 0:01:40] } 27... Qc1+ { [%clk 0:07:13] } 28. Kh2 { [%clk 0:01:37] }
28... Qf4+ { [%clk 0:07:04] } 29. Qxf4 { [%clk 0:01:21] } 29... exf4
{ [%clk 0:07:02] } 30. g3 { [%clk 0:01:09] } 30... fxg3+ { [%clk 0:06:59] } 31.
fxg3 { [%clk 0:01:06] } 31... Kg7 { [%clk 0:06:55] } 32. Bh5 { [%clk 0:00:59] }
32... c5 { [%clk 0:06:50] } 33. g4 { [%clk 0:00:54] } 33... fxg4
{ [%clk 0:06:48] } 34. hxg4 { [%clk 0:00:53] } 34... Rd2+ { [%clk 0:06:45] }
35. Kg3 { [%clk 0:00:47] } 35... Rd3+ { [%clk 0:06:45] } 36. Kh4
{ [%clk 0:00:43] } 36... c4 { [%clk 0:06:42] } 37. g5 { [%clk 0:00:30] } 37...
hxg5+ { [%clk 0:06:36] } 38. Kxg5 { [%clk 0:00:29] } 38... Rd4
{ [%clk 0:06:33] } 39. Bf3 { [%clk 0:00:20] } 39... b6 { [%clk 0:06:31] } 40.
Bb7 { [%clk 0:00:12] } 40... c3 { [%clk 0:06:26] } 0-1"
Rated Rapid game,https://lichess.org/Rdg8qj8U,2024.08.01,-,dhanubharath,dadavr,1-0,2024.08.01,08:44:23,1223,1334,,,C42,Russian Game: Stafford Gambit,600+0,Normal,"1. e4 { [%eval 0.15] [%clk 0:10:00] } 1... e5 { [%eval 0.21] [%clk 0:10:00] }
2. Nf3 { [%eval 0.11] [%clk 0:09:59] } 2... Nf6 { [%eval 0.3] [%clk 0:09:59] }
3. Nxe5 { [%eval 0.3] [%clk 0:09:58] } 3... Nc6 $2
{ [%eval 1.44] [%clk 0:09:58] } 4. Nxc6 { [%eval 1.45] [%clk 0:09:53] } 4...
dxc6 { [%eval 1.75] [%clk 0:09:57] } 5. Bd3 $2 { [%eval 0.16] [%clk 0:09:52] }
5... Bc5 { [%eval 0.09] [%clk 0:09:54] } 6. Qf3 $6
{ [%eval -0.78] [%clk 0:09:49] } 6... Qd4 $4 { [%eval 2.22] [%clk 0:09:51] } 7.
O-O $2 { [%eval 0.23] [%clk 0:09:44] } 7... h5 $2
{ [%eval 1.5] [%clk 0:09:46] } 8. e5 $2 { [%eval -0.15] [%clk 0:09:43] } 8...
Bg4 { [%eval 0.16] [%clk 0:09:37] } 9. Qg3 { [%eval 0.01] [%clk 0:09:32] } 9...
Nd5 $6 { [%eval 0.85] [%clk 0:09:25] } 10. Re1 $4
{ [%eval -3.98] [%clk 0:09:29] } 10... O-O $4 { [%eval 2.87] [%clk 0:09:22] }
11. c3 $6 { [%eval 1.95] [%clk 0:09:27] } 11... Qxf2+ $2
{ [%eval 3.94] [%clk 0:09:09] } 12. Qxf2 { [%eval 3.87] [%clk 0:09:24] } 12...
Bxf2+ { [%eval 3.84] [%clk 0:09:07] } 13. Kxf2 { [%eval 3.83] [%clk 0:09:23] }
13... Nf4 { [%eval 4.22] [%clk 0:09:02] } 14. Be4
{ [%eval 3.81] [%clk 0:09:16] } 14... Rfe8 $2 { [%eval 5.21] [%clk 0:08:53] }
15. d4 { [%eval 5.07] [%clk 0:09:15] } 15... Rad8
{ [%eval 6.23] [%clk 0:08:44] } 16. Bxf4 { [%eval 6.25] [%clk 0:09:13] } 16...
c5 { [%eval 6.25] [%clk 0:08:37] } 17. h3 { [%eval 6.21] [%clk 0:09:11] } 17...
Be6 { [%eval 6.33] [%clk 0:08:34] } 18. dxc5 { [%eval 6.26] [%clk 0:09:08] }
18... g6 { [%eval 6.62] [%clk 0:08:30] } 19. Na3
{ [%eval 6.41] [%clk 0:09:05] } 19... f5 { [%eval 6.83] [%clk 0:08:28] } 20.
Bxb7 { [%eval 6.73] [%clk 0:09:02] } 20... Rb8 { [%eval 6.9] [%clk 0:08:18] }
21. Bc6 { [%eval 6.25] [%clk 0:08:56] } 21... Rxb2+
{ [%eval 6.2] [%clk 0:08:12] } 22. Kg1 { [%eval 6.15] [%clk 0:08:52] } 22...
Rd8 { [%eval 6.63] [%clk 0:08:08] } 23. Bg5 { [%eval 5.98] [%clk 0:08:35] }
23... Rd3 { [%eval 6.08] [%clk 0:08:01] } 24. Bb5
{ [%eval 4.85] [%clk 0:08:25] } 24... Rxc3 { [%eval 5.81] [%clk 0:07:58] } 25.
Nb1 $2 { [%eval 4.23] [%clk 0:08:10] } 25... Rcc2
{ [%eval 5.25] [%clk 0:07:56] } 26. Nd2 { [%eval 4.28] [%clk 0:07:52] } 26...
Bd5 { [%eval 5.15] [%clk 0:07:36] } 27. Be3 $2 { [%eval 3.62] [%clk 0:07:43] }
27... c6 $2 { [%eval 5.31] [%clk 0:07:25] } 28. Ba4
{ [%eval 5.25] [%clk 0:06:52] } 28... Rc3 { [%eval 5.55] [%clk 0:07:17] } 29.
Rab1 { [%eval 5.14] [%clk 0:06:41] } 29... Rxa2 { [%eval 5.64] [%clk 0:07:12] }
30. Bb3 { [%eval 5.58] [%clk 0:06:31] } 30... Bxb3
{ [%eval 5.93] [%clk 0:07:07] } 31. Nxb3 { [%eval 5.71] [%clk 0:06:28] } 31...
Rcc2 { [%eval 5.6] [%clk 0:06:59] } 32. Nd2 { [%eval 5.41] [%clk 0:06:11] }
32... g5 $2 { [%eval 7.58] [%clk 0:06:52] } 33. Rb8+
{ [%eval 7.56] [%clk 0:06:10] } 33... Kf7 { [%eval 7.52] [%clk 0:06:50] } 34.
Bxg5 { [%eval 7.36] [%clk 0:06:08] } 34... Ke6 { [%eval 8.1] [%clk 0:06:47] }
35. Re8+ { [%eval 8.52] [%clk 0:06:01] } 35... Kd5
{ [%eval 7.94] [%clk 0:06:44] } 36. Rf8 { [%eval 8.09] [%clk 0:05:57] } 36...
Kd4 { [%eval 8.26] [%clk 0:06:41] } 37. Rxf5 { [%eval 8.15] [%clk 0:05:49] }
37... Kc3 { [%eval 11.94] [%clk 0:06:39] } 38. e6
{ [%eval 10.48] [%clk 0:05:46] } 38... Rxd2 $6 { [%eval #9] [%clk 0:06:32] }
39. Bxd2+ { [%eval #10] [%clk 0:05:44] } 39... Kxd2
{ [%eval #8] [%clk 0:06:32] } 40. Rff1 { [%eval #9] [%clk 0:05:35] } 40... Kd3
{ [%eval #7] [%clk 0:06:27] } 41. e7 { [%eval #6] [%clk 0:05:34] } 41... Kd4
{ [%eval #6] [%clk 0:06:27] } 42. e8=Q { [%eval #5] [%clk 0:05:32] } 42... a5
{ [%eval #4] [%clk 0:06:23] } 43. Qxh5 { [%eval #5] [%clk 0:05:30] } 43... a4
{ [%eval #4] [%clk 0:06:22] } 44. Rd1+ { [%eval #5] [%clk 0:05:15] } 44... Kc3
{ [%eval #5] [%clk 0:06:14] } 45. Rf3+ { [%eval #5] [%clk 0:05:02] } 45... Kc2
{ [%eval #2] [%clk 0:06:13] } 46. Rdf1 { [%eval #3] [%clk 0:04:53] } 46... Rb2
{ [%eval #2] [%clk 0:06:10] } 47. R1f2+ { [%eval #4] [%clk 0:04:47] } 47... Kc1
{ [%eval #3] [%clk 0:06:08] } 48. Rxb2 { [%eval #3] [%clk 0:04:42] } 48... a3
{ [%eval #2] [%clk 0:06:07] } 49. Ra2 { [%eval #2] [%clk 0:04:39] } 49... Kb1
{ [%eval #2] [%clk 0:06:04] } 50. Rff2 { [%eval #1] [%clk 0:04:37] } 50... Kc1
{ [%eval #1] [%clk 0:06:02] } 51. Qe5 { [%eval #1] [%clk 0:04:36] } 51... Kd1
{ [%eval #1] [%clk 0:05:59] } 52. Qa1# { [%clk 0:04:33] } 1-0"
Rated Rapid game,https://lichess.org/DK4pLSOh,2024.08.01,-,vivithelone,AlexandrBest,1-0,2024.08.01,08:44:23,1014,1077,,,C25,Vienna Game: Max Lange Defense,600+0,Normal,"1. e4 { [%clk 0:10:00] } 1... e5 { [%clk 0:10:00] } 2. Nc3 { [%clk 0:09:50] }
2... Nc6 { [%clk 0:09:43] } 3. d3 { [%clk 0:09:49] } 3... Bb4
{ [%clk 0:09:30] } 4. g3 { [%clk 0:09:15] } 4... Bxc3+ { [%clk 0:09:26] } 5.
bxc3 { [%clk 0:09:13] } 5... Nf6 { [%clk 0:08:56] } 6. h4 { [%clk 0:08:51] }
6... d6 { [%clk 0:08:49] } 7. Nh3 { [%clk 0:08:49] } 7... Bg4
{ [%clk 0:08:43] } 8. Qd2 { [%clk 0:08:32] } 8... O-O { [%clk 0:08:19] } 9. Bg2
{ [%clk 0:08:00] } 9... Bxh3 { [%clk 0:08:09] } 10. Bxh3 { [%clk 0:07:59] }
10... d5 { [%clk 0:08:04] } 11. Bg2 { [%clk 0:07:28] } 11... dxe4
{ [%clk 0:07:26] } 12. dxe4 { [%clk 0:07:23] } 12... Qxd2+ { [%clk 0:07:10] }
13. Bxd2 { [%clk 0:07:23] } 13... b5 { [%clk 0:06:50] } 14. f3
{ [%clk 0:07:19] } 14... Ne7 { [%clk 0:06:40] } 15. Bh3 { [%clk 0:07:14] }
15... c5 { [%clk 0:06:31] } 16. O-O { [%clk 0:07:07] } 16... h6
{ [%clk 0:06:22] } 17. Rab1 { [%clk 0:07:04] } 17... Rab8 { [%clk 0:06:11] }
18. c4 { [%clk 0:06:59] } 18... a6 { [%clk 0:06:00] } 19. cxb5
{ [%clk 0:06:56] } 19... axb5 { [%clk 0:05:58] } 20. c3 { [%clk 0:06:46] }
20... Rfd8 { [%clk 0:05:43] } 21. Rfd1 { [%clk 0:06:37] } 21... Rd3
{ [%clk 0:05:36] } 22. Bf1 { [%clk 0:06:19] } 22... Rxf3 { [%clk 0:05:28] } 23.
Bxb5 { [%clk 0:06:18] } 23... Nxe4 { [%clk 0:05:09] } 24. Kg2
{ [%clk 0:06:10] } 24... Rxg3+ { [%clk 0:04:55] } 25. Kh2 { [%clk 0:06:04] }
25... Rd8 { [%clk 0:04:34] } 26. Rb2 { [%clk 0:05:47] } 26... Nf5
{ [%clk 0:04:15] } 27. Bc6 { [%clk 0:05:35] } 27... Nxd2 { [%clk 0:04:04] } 28.
Rdxd2 { [%clk 0:05:34] } 28... Rxd2+ { [%clk 0:03:59] } 29. Rxd2
{ [%clk 0:05:32] } 29... Rxc3 { [%clk 0:03:54] } 30. Be4 { [%clk 0:05:29] }
30... g6 { [%clk 0:03:36] } 31. Rd8+ { [%clk 0:05:22] } 31... Kg7
{ [%clk 0:03:29] } 32. Bxf5 { [%clk 0:05:14] } 32... gxf5 { [%clk 0:03:21] }
33. Rd5 { [%clk 0:05:12] } 33... e4 { [%clk 0:03:08] } 34. a4
{ [%clk 0:05:11] } 34... e3 { [%clk 0:03:02] } 35. Re5 { [%clk 0:05:06] } 35...
Rc2+ { [%clk 0:02:55] } 36. Kg3 { [%clk 0:05:04] } 36... e2 { [%clk 0:02:53] }
37. Kf2 { [%clk 0:05:02] } 37... Ra2 { [%clk 0:02:38] } 38. Rxc5
{ [%clk 0:04:53] } 38... Rd2 { [%clk 0:02:23] } 39. Rxf5 { [%clk 0:04:44] }
39... Ra2 { [%clk 0:02:07] } 40. a5 { [%clk 0:04:42] } 40... Kg6
{ [%clk 0:02:02] } 41. Re5 { [%clk 0:04:41] } 41... f6 { [%clk 0:01:59] } 42.
Rxe2 { [%clk 0:04:39] } 42... Rxa5 { [%clk 0:01:55] } 43. Kg3
{ [%clk 0:04:38] } 43... Rh5 { [%clk 0:01:41] } 44. Rh2 { [%clk 0:04:27] }
44... Kf5 { [%clk 0:01:30] } 45. Kf3 { [%clk 0:04:21] } 45... Ke5
{ [%clk 0:01:27] } 46. Kg4 { [%clk 0:04:20] } 46... Rf5 { [%clk 0:01:22] } 47.
h5 { [%clk 0:04:17] } 47... Rf4+ { [%clk 0:01:17] } 48. Kg3 { [%clk 0:04:13] }
48... f5 { [%clk 0:01:14] } 49. Re2+ { [%clk 0:04:12] } 49... Kf6
{ [%clk 0:01:09] } 50. Kxf4 { [%clk 0:04:11] } 50... Kg7 { [%clk 0:01:00] } 51.
Rg2+ { [%clk 0:04:09] } 51... Kf6 { [%clk 0:00:58] } 52. Rf2 { [%clk 0:04:06] }
52... Kg7 { [%clk 0:00:57] } 53. Kxf5 { [%clk 0:04:05] } 53... Kh7
{ [%clk 0:00:55] } 54. Rg2 { [%clk 0:04:03] } 54... Kh8 { [%clk 0:00:54] } 55.
Kg6 { [%clk 0:04:02] } 55... Kg8 { [%clk 0:00:53] } 56. Kxh6+
{ [%clk 0:04:01] } 56... Kh8 { [%clk 0:00:52] } 57. Kg5 { [%clk 0:04:00] }
57... Kh7 { [%clk 0:00:51] } 58. h6 { [%clk 0:03:57] } 58... Kh8
{ [%clk 0:00:49] } 59. Kh5 { [%clk 0:03:53] } 59... Kh7 { [%clk 0:00:48] } 60.
Ra2 { [%clk 0:03:50] } 60... Kh8 { [%clk 0:00:47] } 61. Ra7 { [%clk 0:03:45] }
61... Kg8 { [%clk 0:00:46] } 62. Kg6 { [%clk 0:03:40] } 62... Kh8
{ [%clk 0:00:45] } 63. Rb7 { [%clk 0:03:39] } 63... Kg8 { [%clk 0:00:43] } 64.
h7+ { [%clk 0:03:38] } 64... Kh8 { [%clk 0:00:43] } 65. Rb8# { [%clk 0:03:35] }
1-0"
Rated Rapid game,https://lichess.org/WlwGWesD,2024.08.01,-,LittleLuuu,Beiru,1-0,2024.08.01,08:44:23,820,704,,,D00,Queen's Pawn Game,600+0,Normal,"1. d4 { [%clk 0:10:00] } 1... d5 { [%clk 0:10:00] } 2. e3 { [%clk 0:09:58] }
2... e6 { [%clk 0:09:59] } 3. Bd3 { [%clk 0:09:55] } 3... f5 { [%clk 0:09:56] }
4. f4 { [%clk 0:09:51] } 4... Nf6 { [%clk 0:09:54] } 5. Nf3 { [%clk 0:09:47] }
5... Bb4+ { [%clk 0:09:52] } 6. c3 { [%clk 0:09:45] } 6... Bd6
{ [%clk 0:09:50] } 7. Na3 { [%clk 0:09:39] } 7... Bxa3 { [%clk 0:09:47] } 8.
bxa3 { [%clk 0:09:36] } 8... O-O { [%clk 0:09:43] } 9. O-O { [%clk 0:09:33] }
9... Nc6 { [%clk 0:09:33] } 10. a4 { [%clk 0:09:31] } 10... Na5
{ [%clk 0:09:29] } 11. Ba3 { [%clk 0:09:08] } 11... Re8 { [%clk 0:09:24] } 12.
Bb4 { [%clk 0:09:03] } 12... Nc4 { [%clk 0:09:23] } 13. a5 { [%clk 0:08:50] }
13... Nxe3 { [%clk 0:09:21] } 14. Qe2 { [%clk 0:08:44] } 14... Nxf1
{ [%clk 0:09:19] } 15. Kxf1 { [%clk 0:08:40] } 15... Qd7 { [%clk 0:09:09] } 16.
a4 { [%clk 0:08:09] } 16... Ne4 { [%clk 0:08:59] } 17. Ne5 { [%clk 0:07:56] }
17... Qd8 { [%clk 0:08:56] } 18. Qh5 { [%clk 0:07:40] } 18... Nd2+
{ [%clk 0:08:45] } 19. Ke2 { [%clk 0:07:24] } 19... Ne4 { [%clk 0:08:39] } 20.
Nf7 { [%clk 0:07:14] } 20... Qd7 { [%clk 0:08:29] } 21. Bb5 { [%clk 0:07:02] }
21... Qxf7 { [%clk 0:08:27] } 22. Qxf7+ { [%clk 0:06:52] } 22... Kxf7
{ [%clk 0:08:25] } 23. Bxe8+ { [%clk 0:06:49] } 23... Kxe8 { [%clk 0:08:24] }
24. g3 { [%clk 0:06:36] } 24... h5 { [%clk 0:08:16] } 25. h4 { [%clk 0:06:15] }
25... Nxg3+ { [%clk 0:08:13] } 26. Kf3 { [%clk 0:06:10] } 26... Ne4
{ [%clk 0:08:11] } 27. Rc1 { [%clk 0:05:53] } 27... b6 { [%clk 0:08:08] } 28.
axb6 { [%clk 0:05:49] } 28... axb6 { [%clk 0:08:06] } 29. Ra1
{ [%clk 0:05:31] } 29... Bd7 { [%clk 0:08:03] } 30. a5 { [%clk 0:05:08] } 30...
bxa5 { [%clk 0:08:00] } 31. Bxa5 { [%clk 0:04:55] } 31... c6 { [%clk 0:07:56] }
32. Ke3 { [%clk 0:04:38] } 32... c5 { [%clk 0:07:40] } 33. dxc5
{ [%clk 0:04:28] } 33... Nxc5 { [%clk 0:07:39] } 34. Kd4 { [%clk 0:04:24] }
34... Ne4 { [%clk 0:07:33] } 35. Kd3 { [%clk 0:04:02] } 35... Nf2+
{ [%clk 0:07:20] } 36. Kc2 { [%clk 0:03:59] } 36... d4 { [%clk 0:07:12] } 37.
cxd4 { [%clk 0:03:55] } 37... Ne4 { [%clk 0:07:09] } 38. Kd3 { [%clk 0:03:49] }
38... Bb5+ { [%clk 0:07:04] } 39. Kc2 { [%clk 0:03:42] } 39... Rd8
{ [%clk 0:07:01] } 40. Bxd8 { [%clk 0:03:39] } 40... Kxd8 { [%clk 0:06:58] }
41. Rb1 { [%clk 0:03:33] } 1-0"
Rated Rapid game,https://lichess.org/aFFJ5ptG,2024.08.01,-,luksochess1,abayoumy,1-0,2024.08.01,08:44:23,1547,1564,,,C64,Ruy Lopez: Classical Variation,600+0,Normal,"1. e4 { [%clk 0:10:00] } 1... e5 { [%clk 0:10:00] } 2. Nf3 { [%clk 0:09:58] }
2... Nc6 { [%clk 0:09:59] } 3. Bb5 { [%clk 0:09:55] } 3... Bc5
{ [%clk 0:09:57] } 4. Bxc6 { [%clk 0:09:53] } 4... dxc6 { [%clk 0:09:55] } 5.
d3 { [%clk 0:09:36] } 5... Nf6 { [%clk 0:09:43] } 6. Bg5 { [%clk 0:09:32] }
6... O-O { [%clk 0:09:41] } 7. c3 { [%clk 0:09:17] } 7... Re8
{ [%clk 0:09:35] } 8. Nbd2 { [%clk 0:08:49] } 8... h6 { [%clk 0:09:30] } 9. Bh4
{ [%clk 0:08:46] } 9... Bg4 { [%clk 0:09:23] } 10. h3 { [%clk 0:08:39] } 10...
Bh5 { [%clk 0:09:09] } 11. Qe2 { [%clk 0:08:27] } 11... b5 { [%clk 0:09:05] }
12. O-O-O { [%clk 0:08:14] } 12... a5 { [%clk 0:09:03] } 13. Nb3
{ [%clk 0:08:12] } 13... Bb6 { [%clk 0:08:56] } 14. d4 { [%clk 0:08:09] } 14...
a4 { [%clk 0:08:55] } 15. Na1 { [%clk 0:07:57] } 15... exd4 { [%clk 0:08:53] }
16. cxd4 { [%clk 0:07:44] } 16... Bxf3 { [%clk 0:08:42] } 17. Qxf3
{ [%clk 0:07:39] } 17... g5 { [%clk 0:08:37] } 18. e5 { [%clk 0:07:22] } 18...
Nd5 { [%clk 0:08:23] } 19. Bg3 { [%clk 0:07:01] } 19... Kg7 { [%clk 0:08:12] }
20. Nc2 { [%clk 0:06:53] } 20... Rf8 { [%clk 0:07:24] } 21. h4
{ [%clk 0:06:50] } 21... Kg6 { [%clk 0:07:12] } 22. hxg5 { [%clk 0:06:45] }
22... Qxg5+ { [%clk 0:07:03] } 23. Kb1 { [%clk 0:06:32] } 23... Rh8
{ [%clk 0:06:25] } 24. Rh5 { [%clk 0:06:09] } 24... Qf5 { [%clk 0:06:06] } 25.
Qxf5+ { [%clk 0:06:06] } 1-0"
Rated Rapid game,https://lichess.org/LwtKzAjh,2024.08.01,-,lahssan02,calin79,1-0,2024.08.01,08:44:23,1968,1955,,,A46,Indian Defense: Wade-Tartakower Defense,600+0,Normal,"1. d4 { [%clk 0:10:00] } 1... Nf6 { [%clk 0:10:00] } 2. Nf3 { [%clk 0:09:57] }
2... d6 { [%clk 0:09:57] } 3. e3 { [%clk 0:09:56] } 3... e5 { [%clk 0:09:57] }
4. c3 { [%clk 0:09:53] } 4... e4 { [%clk 0:09:55] } 5. Nfd2 { [%clk 0:09:48] }
5... d5 { [%clk 0:09:53] } 6. f3 { [%clk 0:09:43] } 6... Bf5 { [%clk 0:09:49] }
7. fxe4 { [%clk 0:09:41] } 7... Nxe4 { [%clk 0:09:45] } 8. Nxe4
{ [%clk 0:09:39] } 8... Bxe4 { [%clk 0:09:41] } 9. Nd2 { [%clk 0:09:35] } 9...
Qh4+ { [%clk 0:09:39] } 10. g3 { [%clk 0:09:32] } 10... Qe7 { [%clk 0:09:27] }
11. Nxe4 { [%clk 0:09:25] } 11... Qxe4 { [%clk 0:09:26] } 12. Rg1
{ [%clk 0:09:14] } 12... c5 { [%clk 0:09:21] } 13. Bg2 { [%clk 0:09:12] } 13...
Qe6 { [%clk 0:09:09] } 14. Qb3 { [%clk 0:09:09] } 14... c4 { [%clk 0:09:01] }
15. Qxb7 { [%clk 0:09:06] } 15... Qc6 { [%clk 0:08:59] } 16. Bxd5
{ [%clk 0:09:03] } 16... Qh6 { [%clk 0:08:24] } 17. Qxa8 { [%clk 0:08:55] }
17... Bd6 { [%clk 0:08:22] } 18. Qxa7 { [%clk 0:08:29] } 18... O-O
{ [%clk 0:08:19] } 19. Bd2 { [%clk 0:08:24] } 19... Qxh2 { [%clk 0:08:16] } 20.
O-O-O { [%clk 0:08:20] } 20... Bxg3 { [%clk 0:08:11] } 21. Rh1
{ [%clk 0:07:55] } 21... Qf2 { [%clk 0:07:54] } 22. Rdg1 { [%clk 0:07:52] }
22... Bd6 { [%clk 0:07:22] } 23. Rf1 { [%clk 0:07:47] } 23... Qg3
{ [%clk 0:07:04] } 24. Rxf7 { [%clk 0:07:44] } 24... Qg6 { [%clk 0:06:18] } 25.
Rf6+ { [%clk 0:07:27] } 1-0"
Rated Rapid game,https://lichess.org/ErIq23Wq,2024.08.01,-,jimmyboy21,chessconquerer,1-0,2024.08.01,08:44:25,1549,1616,,,C23,Bishop's Opening,600+0,Normal,"1. e4 { [%clk 0:10:00] } 1... e5 { [%clk 0:10:00] } 2. Bc4 { [%clk 0:09:58] }
2... d6 { [%clk 0:09:59] } 3. Qh5 { [%clk 0:09:55] } 3... Qf6
{ [%clk 0:09:57] } 4. Nf3 { [%clk 0:09:52] } 4... g6 { [%clk 0:09:53] } 5. Qg5
{ [%clk 0:09:49] } 5... Nd7 { [%clk 0:09:43] } 6. Qxf6 { [%clk 0:09:46] } 6...
Ndxf6 { [%clk 0:09:41] } 7. d3 { [%clk 0:09:44] } 7... h6 { [%clk 0:09:39] } 8.
O-O { [%clk 0:09:41] } 8... Bd7 { [%clk 0:09:37] } 9. c3 { [%clk 0:09:37] }
9... Rh7 { [%clk 0:09:35] } 10. Be3 { [%clk 0:09:25] } 10... b6
{ [%clk 0:09:32] } 11. Nbd2 { [%clk 0:09:22] } 11... O-O-O { [%clk 0:09:30] }
12. d4 { [%clk 0:09:18] } 12... exd4 { [%clk 0:09:28] } 13. cxd4
{ [%clk 0:09:16] } 13... b5 { [%clk 0:09:23] } 14. Bb3 { [%clk 0:09:11] } 14...
a6 { [%clk 0:09:18] } 15. e5 { [%clk 0:09:09] } 15... Ng4 { [%clk 0:09:15] }
16. h3 { [%clk 0:08:47] } 16... Nxe3 { [%clk 0:09:13] } 17. fxe3
{ [%clk 0:08:45] } 17... Ne7 { [%clk 0:09:10] } 18. d5 { [%clk 0:08:33] } 18...
Nf5 { [%clk 0:09:00] } 19. e6 { [%clk 0:08:27] } 19... fxe6 { [%clk 0:08:58] }
20. dxe6 { [%clk 0:08:22] } 20... Bc6 { [%clk 0:08:53] } 21. Nd4
{ [%clk 0:08:19] } 21... Ba8 { [%clk 0:08:39] } 22. Nxf5 { [%clk 0:08:13] }
22... gxf5 { [%clk 0:08:37] } 23. Rxf5 { [%clk 0:08:05] } 23... Be7
{ [%clk 0:08:36] } 24. Rf7 { [%clk 0:08:00] } 24... Rxf7 { [%clk 0:08:28] } 25.
exf7 { [%clk 0:07:58] } 25... Rf8 { [%clk 0:08:24] } 26. Rf1 { [%clk 0:07:46] }
26... c5 { [%clk 0:08:19] } 27. e4 { [%clk 0:07:39] } 27... c4
{ [%clk 0:08:14] } 28. Bc2 { [%clk 0:07:32] } 28... Kd7 { [%clk 0:08:06] } 29.
Nf3 { [%clk 0:07:25] } 29... Ke6 { [%clk 0:08:04] } 30. Nd4+ { [%clk 0:07:20] }
30... Ke5 { [%clk 0:08:02] } 31. Nf3+ { [%clk 0:07:09] } 31... Ke6
{ [%clk 0:07:55] } 32. Nd4+ { [%clk 0:06:54] } 32... Kd7 { [%clk 0:07:51] } 33.
b3 { [%clk 0:06:49] } 33... c3 { [%clk 0:07:45] } 34. a4 { [%clk 0:06:24] }
34... b4 { [%clk 0:07:43] } 35. Nf3 { [%clk 0:06:02] } 35... Bf6
{ [%clk 0:07:14] } 36. e5 { [%clk 0:05:53] } 36... dxe5 { [%clk 0:07:10] } 37.
Bf5+ { [%clk 0:05:44] } 37... Ke7 { [%clk 0:07:08] } 38. Bg6 { [%clk 0:05:42] }
38... Bg7 { [%clk 0:06:56] } 39. Ne1 { [%clk 0:05:31] } 39... Bd5
{ [%clk 0:06:53] } 40. Bc2 { [%clk 0:05:18] } 40... e4 { [%clk 0:05:42] } 41.
g4 { [%clk 0:05:01] } 41... e3 { [%clk 0:05:40] } 42. Ng2 { [%clk 0:04:57] }
42... Bd4 { [%clk 0:05:36] } 43. Kh1 { [%clk 0:04:43] } 43... e2
{ [%clk 0:05:29] } 44. Re1 { [%clk 0:04:35] } 44... Bf3 { [%clk 0:05:23] } 45.
Kh2 { [%clk 0:04:21] } 45... Bf2 { [%clk 0:05:11] } 46. Ra1 { [%clk 0:03:56] }
46... Bxg2 { [%clk 0:04:47] } 47. Kxg2 { [%clk 0:03:54] } 47... Rxf7
{ [%clk 0:04:41] } 48. Bg6 { [%clk 0:03:36] } 48... Rf6 { [%clk 0:04:39] } 49.
Bf5 { [%clk 0:03:33] } 49... h5 { [%clk 0:04:30] } 50. Kxf2 { [%clk 0:03:23] }
50... hxg4 { [%clk 0:04:27] } 51. hxg4 { [%clk 0:03:21] } 51... c2
{ [%clk 0:04:19] } 52. Re1 { [%clk 0:03:18] } 52... Kd6 { [%clk 0:04:16] } 1-0"
Rated Rapid game,https://lichess.org/bRp8HEvr,2024.08.01,-,CNX_ammo,PATOJNR,1-0,2024.08.01,08:44:26,1662,1706,,,B12,"Caro-Kann Defense: Advance Variation, Short Variation",600+0,Time forfeit,"1. e4 { [%clk 0:10:00] } 1... c6 { [%clk 0:10:00] } 2. Nf3 { [%clk 0:09:55] }
2... d5 { [%clk 0:09:59] } 3. e5 { [%clk 0:09:55] } 3... Bf5 { [%clk 0:09:57] }
4. d4 { [%clk 0:09:53] } 4... e6 { [%clk 0:09:56] } 5. Bg5 { [%clk 0:09:50] }
5... Be7 { [%clk 0:09:53] } 6. Bxe7 { [%clk 0:09:48] } 6... Nxe7
{ [%clk 0:09:52] } 7. Nbd2 { [%clk 0:09:47] } 7... Bg6 { [%clk 0:09:49] } 8.
Qe2 { [%clk 0:09:43] } 8... Nf5 { [%clk 0:09:47] } 9. O-O-O { [%clk 0:09:39] }
9... O-O { [%clk 0:09:45] } 10. h4 { [%clk 0:09:26] } 10... h6
{ [%clk 0:09:37] } 11. h5 { [%clk 0:09:25] } 11... Bh7 { [%clk 0:09:36] } 12.
g4 { [%clk 0:09:23] } 12... Ne7 { [%clk 0:09:31] } 13. g5 { [%clk 0:09:21] }
13... Nd7 { [%clk 0:09:24] } 14. gxh6 { [%clk 0:09:19] } 14... g6
{ [%clk 0:09:22] } 15. hxg6 { [%clk 0:09:16] } 15... Nxg6 { [%clk 0:09:21] }
16. Ng5 { [%clk 0:09:07] } 16... c5 { [%clk 0:09:16] } 17. Nxh7
{ [%clk 0:09:06] } 17... Kxh7 { [%clk 0:09:14] } 18. Qd3 { [%clk 0:08:56] }
18... cxd4 { [%clk 0:09:07] } 19. Nf3 { [%clk 0:08:05] } 19... Rc8
{ [%clk 0:08:57] } 20. Nxd4 { [%clk 0:08:02] } 20... Nxe5 { [%clk 0:08:55] }
21. Qg3 { [%clk 0:07:40] } 21... Rg8 { [%clk 0:08:12] } 22. Bd3
{ [%clk 0:07:31] } 22... Qf6 { [%clk 0:08:03] } 23. Rde1 { [%clk 0:06:38] }
23... Nxd3+ { [%clk 0:07:59] } 24. Qxd3 { [%clk 0:06:32] } 24... a6
{ [%clk 0:07:30] } 25. Rhg1 { [%clk 0:05:54] } 25... b5 { [%clk 0:07:26] } 26.
f3 { [%clk 0:05:27] } 26... Kxh6 { [%clk 0:07:06] } 27. Qe3+ { [%clk 0:05:25] }
27... Qf4 { [%clk 0:07:00] } 28. Rh1+ { [%clk 0:05:11] } 28... Kg7
{ [%clk 0:06:56] } 29. Qxf4 { [%clk 0:05:06] } 29... Nxf4 { [%clk 0:06:54] }
30. Reg1+ { [%clk 0:05:03] } 30... Ng6 { [%clk 0:06:50] } 31. Rg3
{ [%clk 0:04:41] } 31... Kf8 { [%clk 0:06:46] } 32. Rhg1 { [%clk 0:04:36] }
32... Ke7 { [%clk 0:06:43] } 33. Nb3 { [%clk 0:04:27] } 33... Rg7
{ [%clk 0:06:31] } 34. f4 { [%clk 0:04:12] } 34... Rcg8 { [%clk 0:06:24] } 35.
Nd4 { [%clk 0:04:05] } 35... f5 { [%clk 0:06:18] } 36. Nc6+ { [%clk 0:03:58] }
36... Kd6 { [%clk 0:06:10] } 37. Ne5 { [%clk 0:03:54] } 37... Nxf4
{ [%clk 0:04:40] } 38. Rxg7 { [%clk 0:03:36] } 38... Ne2+ { [%clk 0:04:39] }
39. Kd2 { [%clk 0:03:32] } 39... Nxg1 { [%clk 0:04:36] } 40. Rxg8
{ [%clk 0:03:31] } 40... Nf3+ { [%clk 0:04:34] } 41. Nxf3 { [%clk 0:03:29] }
41... a5 { [%clk 0:04:27] } 42. Ra8 { [%clk 0:03:26] } 42... a4
{ [%clk 0:04:25] } 43. Ng5 { [%clk 0:03:21] } 43... e5 { [%clk 0:04:21] } 44.
Rb8 { [%clk 0:03:14] } 44... Kc5 { [%clk 0:04:18] } 45. Ne6+ { [%clk 0:03:12] }
45... Kd6 { [%clk 0:04:16] } 46. Ng5 { [%clk 0:03:05] } 46... e4
{ [%clk 0:04:14] } 47. Rxb5 { [%clk 0:03:01] } 47... Ke5 { [%clk 0:04:13] } 48.
Ra5 { [%clk 0:02:47] } 48... Kf4 { [%clk 0:04:11] } 49. Ne6+ { [%clk 0:02:43] }
49... Ke5 { [%clk 0:04:09] } 50. Ng5 { [%clk 0:02:40] } 50... Kf4
{ [%clk 0:04:07] } 51. Nh3+ { [%clk 0:02:38] } 51... Ke5 { [%clk 0:04:04] } 52.
Rxa4 { [%clk 0:02:36] } 52... d4 { [%clk 0:04:03] } 53. b4 { [%clk 0:02:33] }
53... e3+ { [%clk 0:04:00] } 54. Ke2 { [%clk 0:02:31] } 54... Ke4
{ [%clk 0:03:59] } 55. b5 { [%clk 0:02:29] } 55... f4 { [%clk 0:03:57] } 56.
Ng5+ { [%clk 0:02:23] } 56... Kf5 { [%clk 0:03:56] } 57. Nf3 { [%clk 0:02:20] }
57... Ke4 { [%clk 0:03:53] } 58. b6 { [%clk 0:02:09] } 58... Kf5
{ [%clk 0:01:47] } 59. Nxd4+ { [%clk 0:02:03] } 1-0"
Rated Rapid game,https://lichess.org/JN1JeQoX,2024.08.01,-,TRMartial,dacrazy1,0-1,2024.08.01,08:44:26,1695,1686,,,C60,Ruy Lopez: Retreat Variation,600+0,Normal,"1. e4 { [%clk 0:10:00] } 1... e5 { [%clk 0:10:00] } 2. Nf3 { [%clk 0:09:59] }
2... Nc6 { [%clk 0:09:59] } 3. Bb5 { [%clk 0:09:56] } 3... Nb8
{ [%clk 0:09:56] } 4. d4 { [%clk 0:09:53] } 4... c6 { [%clk 0:09:38] } 5. Bc4
{ [%clk 0:09:48] } 5... exd4 { [%clk 0:09:29] } 6. Qxd4 { [%clk 0:09:33] } 6...
d6 { [%clk 0:09:25] } 7. Ng5 { [%clk 0:09:26] } 7... Nh6 { [%clk 0:09:12] } 8.
O-O { [%clk 0:09:13] } 8... Be7 { [%clk 0:08:56] } 9. Nxf7 { [%clk 0:09:00] }
9... Nxf7 { [%clk 0:08:51] } 10. Qxg7 { [%clk 0:09:00] } 10... Rf8
{ [%clk 0:08:40] } 11. Qxh7 { [%clk 0:08:55] } 11... Ng5 { [%clk 0:08:17] } 12.
Bxg5 { [%clk 0:08:48] } 12... Bxg5 { [%clk 0:08:15] } 13. Qg6+
{ [%clk 0:08:47] } 13... Kd7 { [%clk 0:08:07] } 14. Qg7+ { [%clk 0:08:46] }
14... Qe7 { [%clk 0:08:02] } 15. Qg6 { [%clk 0:08:39] } 15... Bf6
{ [%clk 0:07:49] } 16. Nc3 { [%clk 0:08:34] } 16... Kc7 { [%clk 0:07:33] } 17.
Bb5 { [%clk 0:08:19] } 17... Bxc3 { [%clk 0:07:05] } 18. bxc3
{ [%clk 0:08:10] } 18... cxb5 { [%clk 0:07:04] } 19. a4 { [%clk 0:08:03] }
19... bxa4 { [%clk 0:06:47] } 20. Rxa4 { [%clk 0:07:58] } 20... Nc6
{ [%clk 0:06:44] } 21. Rc4 { [%clk 0:07:44] } 21... b6 { [%clk 0:06:16] } 22.
Rd1 { [%clk 0:07:22] } 22... Bb7 { [%clk 0:06:00] } 23. f3 { [%clk 0:07:17] }
23... Rac8 { [%clk 0:05:52] } 24. h4 { [%clk 0:07:07] } 24... Kb8
{ [%clk 0:05:49] } 25. h5 { [%clk 0:06:52] } 25... Ne5 { [%clk 0:05:32] } 26.
Rxc8+ { [%clk 0:06:47] } 26... Bxc8 { [%clk 0:05:23] } 27. Qg3
{ [%clk 0:06:39] } 27... Rh8 { [%clk 0:05:11] } 28. Qh2 { [%clk 0:06:35] }
28... Qg5 { [%clk 0:05:06] } 29. Rxd6 { [%clk 0:06:20] } 29... Nxf3+
{ [%clk 0:05:04] } 30. Kh1 { [%clk 0:06:13] } 30... Nxh2 { [%clk 0:05:02] } 31.
Kxh2 { [%clk 0:06:13] } 31... Qe5+ { [%clk 0:05:00] } 0-1"
Rated Rapid game,https://lichess.org/lx0FlJSe,2024.08.01,-,Alexander_Maiorov,MatMarek1,0-1,2024.08.01,08:44:27,1645,1726,,,D20,Queen's Gambit Accepted,600+0,Normal,"1. d4 { [%clk 0:10:00] } 1... d5 { [%clk 0:10:00] } 2. c4 { [%clk 0:09:58] }
2... dxc4 { [%clk 0:09:59] } 3. Nc3 { [%clk 0:09:57] } 3... e5
{ [%clk 0:09:57] } 4. dxe5 { [%clk 0:09:43] } 4... Qxd1+ { [%clk 0:09:51] } 5.
Nxd1 { [%clk 0:09:43] } 5... Bf5 { [%clk 0:09:48] } 6. Nc3 { [%clk 0:09:40] }
6... Nc6 { [%clk 0:09:46] } 7. e4 { [%clk 0:09:39] } 7... Bg6
{ [%clk 0:09:38] } 8. Bxc4 { [%clk 0:09:27] } 8... Nxe5 { [%clk 0:09:33] } 9.
Bb3 { [%clk 0:09:13] } 9... Bb4 { [%clk 0:09:31] } 10. Ne2 { [%clk 0:09:06] }
10... Bxe4 { [%clk 0:09:25] } 11. O-O { [%clk 0:09:02] } 11... O-O-O
{ [%clk 0:09:17] } 12. Nxe4 { [%clk 0:08:57] } 12... f5 { [%clk 0:08:58] } 13.
N4c3 { [%clk 0:08:43] } 13... Bd6 { [%clk 0:08:47] } 14. Be6+
{ [%clk 0:08:30] } 14... Kb8 { [%clk 0:08:45] } 15. Bf4 { [%clk 0:08:25] }
15... g6 { [%clk 0:08:24] } 16. Rad1 { [%clk 0:08:23] } 16... Nf6
{ [%clk 0:08:13] } 17. Nb5 { [%clk 0:08:03] } 17... h5 { [%clk 0:07:03] } 18.
Bg5 { [%clk 0:07:46] } 18... Neg4 { [%clk 0:06:49] } 19. h3 { [%clk 0:07:18] }
19... Bh2+ { [%clk 0:06:25] } 20. Kh1 { [%clk 0:07:15] } 20... Rxd1
{ [%clk 0:06:15] } 21. Rxd1 { [%clk 0:07:15] } 21... Nxf2+ { [%clk 0:06:13] }
22. Kxh2 { [%clk 0:07:15] } 22... Nxd1 { [%clk 0:06:12] } 23. Bxf6
{ [%clk 0:07:13] } 23... Re8 { [%clk 0:06:07] } 24. Bc4 { [%clk 0:06:47] }
24... a6 { [%clk 0:05:55] } 25. Nbd4 { [%clk 0:06:34] } 25... Nxb2
{ [%clk 0:05:45] } 26. Bf7 { [%clk 0:06:19] } 26... Rf8 { [%clk 0:05:35] } 27.
Ne6 { [%clk 0:05:59] } 27... Rxf7 { [%clk 0:05:27] } 28. Bxb2
{ [%clk 0:05:58] } 28... Re7 { [%clk 0:05:25] } 29. Nxc7 { [%clk 0:05:00] }
29... Rxe2 { [%clk 0:05:13] } 30. Nxa6+ { [%clk 0:04:54] } 30... bxa6
{ [%clk 0:05:11] } 31. Bd4 { [%clk 0:04:49] } 31... Rxa2 { [%clk 0:05:06] } 32.
Kg3 { [%clk 0:04:49] } 32... g5 { [%clk 0:05:04] } 33. Bf6 { [%clk 0:04:45] }
33... f4+ { [%clk 0:04:43] } 34. Kf3 { [%clk 0:04:41] } 34... Ra3+
{ [%clk 0:04:29] } 35. Kf2 { [%clk 0:04:37] } 35... g4 { [%clk 0:04:25] } 36.
hxg4 { [%clk 0:04:29] } 36... hxg4 { [%clk 0:04:24] } 37. Be5+
{ [%clk 0:04:21] } 37... Kb7 { [%clk 0:04:18] } 38. Bxf4 { [%clk 0:04:21] }
38... Rb3 { [%clk 0:04:11] } 39. Be3 { [%clk 0:04:01] } 39... a5
{ [%clk 0:04:08] } 40. Bd4 { [%clk 0:03:53] } 40... a4 { [%clk 0:04:05] } 41.
Kg1 { [%clk 0:03:40] } 41... Kc6 { [%clk 0:04:03] } 42. Kh2 { [%clk 0:03:39] }
42... Kd5 { [%clk 0:04:01] } 43. Bh8 { [%clk 0:03:38] } 43... Ke4
{ [%clk 0:03:57] } 44. Bg7 { [%clk 0:03:16] } 44... a3 { [%clk 0:03:56] } 45.
Ba1 { [%clk 0:03:13] } 45... a2 { [%clk 0:03:54] } 46. Bg7 { [%clk 0:03:06] }
46... Kf5 { [%clk 0:03:52] } 47. Bh8 { [%clk 0:03:05] } 47... Rb1
{ [%clk 0:03:49] } 48. Kg3 { [%clk 0:03:03] } 48... a1=Q { [%clk 0:03:41] } 49.
Bxa1 { [%clk 0:03:02] } 49... Rxa1 { [%clk 0:03:40] } 50. Kh4
{ [%clk 0:03:00] } 50... Rh1+ { [%clk 0:03:32] } 51. Kg3 { [%clk 0:02:59] }
51... Rh7 { [%clk 0:03:29] } 52. Kf2 { [%clk 0:02:56] } 52... Rg7
{ [%clk 0:03:21] } 53. Kg3 { [%clk 0:02:56] } 53... Kg5 { [%clk 0:03:15] } 54.
Kf2 { [%clk 0:02:47] } 54... Kh4 { [%clk 0:03:13] } 55. Kg1 { [%clk 0:02:35] }
55... Kg3 { [%clk 0:03:10] } 56. Kh1 { [%clk 0:02:33] } 56... Ra7
{ [%clk 0:03:05] } 57. Kg1 { [%clk 0:02:33] } 57... Ra1# { [%clk 0:03:02] } 0-1"
Rated Rapid game,https://lichess.org/mHuVtMIg,2024.08.01,-,lepi123,nedenes1956,1-0,2024.08.01,08:44:27,1641,1613,,,C23,Bishop's Opening,600+0,Normal,"1. e4 { [%clk 0:10:00] } 1... e5 { [%clk 0:10:00] } 2. Bc4 { [%clk 0:09:58] }
2... d6 { [%clk 0:09:58] } 3. Nc3 { [%clk 0:09:54] } 3... Be7
{ [%clk 0:09:56] } 4. d3 { [%clk 0:09:52] } 4... Nf6 { [%clk 0:09:54] } 5. h3
{ [%clk 0:09:51] } 5... O-O { [%clk 0:09:51] } 6. Nf3 { [%clk 0:09:50] } 6...
h6 { [%clk 0:09:49] } 7. Be3 { [%clk 0:09:48] } 7... a6 { [%clk 0:09:47] } 8.
a3 { [%clk 0:09:45] } 8... c5 { [%clk 0:09:45] } 9. Qd2 { [%clk 0:09:44] } 9...
Nh7 { [%clk 0:09:29] } 10. Nd5 { [%clk 0:09:40] } 10... Bg5 { [%clk 0:09:20] }
11. Nxg5 { [%clk 0:09:35] } 11... Nxg5 { [%clk 0:09:16] } 12. O-O
{ [%clk 0:09:32] } 12... Be6 { [%clk 0:09:08] } 13. f4 { [%clk 0:09:30] } 13...
exf4 { [%clk 0:09:05] } 14. Rxf4 { [%clk 0:09:24] } 14... Bxh3
{ [%clk 0:08:53] } 15. gxh3 { [%clk 0:09:20] } 15... Nxh3+ { [%clk 0:08:52] }
16. Kf1 { [%clk 0:09:08] } 16... Nxf4 { [%clk 0:08:46] } 17. Bxf4
{ [%clk 0:09:06] } 17... Qh4 { [%clk 0:08:34] } 18. Qg2 { [%clk 0:08:57] }
18... Nc6 { [%clk 0:08:26] } 19. c3 { [%clk 0:08:40] } 19... Ne5
{ [%clk 0:08:08] } 20. Bxe5 { [%clk 0:08:20] } 20... dxe5 { [%clk 0:08:06] }
21. Ke2 { [%clk 0:08:18] } 21... b5 { [%clk 0:07:51] } 22. Bb3
{ [%clk 0:08:13] } 22... Rac8 { [%clk 0:07:47] } 23. Rg1 { [%clk 0:08:08] }
23... g6 { [%clk 0:07:30] } 24. Rh1 { [%clk 0:08:01] } 24... Qg5
{ [%clk 0:07:24] } 25. Qf2 { [%clk 0:07:41] } 25... c4 { [%clk 0:07:17] } 26.
Rg1 { [%clk 0:07:28] } 26... cxd3+ { [%clk 0:07:05] } 27. Kxd3
{ [%clk 0:07:24] } 27... Qd8 { [%clk 0:06:54] } 28. Qh2 { [%clk 0:06:32] }
28... h5 { [%clk 0:06:48] } 29. Qxe5 { [%clk 0:06:30] } 29... Qb6
{ [%clk 0:06:30] } 30. Nxb6 { [%clk 0:06:26] } 1-0"
Rated Rapid game,https://lichess.org/ZQhvlAkR,2024.08.01,-,Drazen1974,nirvana99,0-1,2024.08.01,08:44:27,1924,1902,,,B33,"Sicilian Defense: Lasker-Pelikan Variation, Sveshnikov Variation, Chelyabinsk Variation",600+0,Normal,"1. e4 { [%clk 0:10:00] } 1... c5 { [%clk 0:10:00] } 2. Nf3 { [%clk 0:09:58] }
2... Nc6 { [%clk 0:09:54] } 3. d4 { [%clk 0:09:55] } 3... cxd4
{ [%clk 0:09:53] } 4. Nxd4 { [%clk 0:09:54] } 4... Nf6 { [%clk 0:09:51] } 5.
Nc3 { [%clk 0:09:51] } 5... e5 { [%clk 0:09:49] } 6. Ndb5 { [%clk 0:09:49] }
6... d6 { [%clk 0:09:47] } 7. Bg5 { [%clk 0:09:22] } 7... a6 { [%clk 0:09:44] }
8. Na3 { [%clk 0:09:20] } 8... b5 { [%clk 0:09:42] } 9. Nd5 { [%clk 0:09:18] }
9... Be7 { [%clk 0:09:38] } 10. Bd3 { [%clk 0:08:58] } 10... Nxd5
{ [%clk 0:09:32] } 0-1"
Rated Rapid game,https://lichess.org/Q5RIT30J,2024.08.01,-,NineInchChess,Obielum1,0-1,2024.08.01,08:44:27,1244,1251,,,A41,Old Indian Defense,600+0,Normal,"1. d4 { [%clk 0:10:00] } 1... d6 { [%clk 0:10:00] } 2. c4 { [%clk 0:10:00] }
2... e6 { [%clk 0:09:59] } 3. e4 { [%clk 0:09:59] } 3... e5 { [%clk 0:09:56] }
4. Nf3 { [%clk 0:09:58] } 4... c6 { [%clk 0:09:54] } 5. Nc3 { [%clk 0:09:54] }
5... d5 { [%clk 0:09:44] } 6. cxd5 { [%clk 0:09:42] } 6... cxd5
{ [%clk 0:09:38] } 7. Nxe5 { [%clk 0:09:37] } 7... dxe4 { [%clk 0:09:24] } 8.
Bc4 { [%clk 0:09:28] } 8... Be6 { [%clk 0:09:18] } 9. Bxe6 { [%clk 0:08:56] }
9... fxe6 { [%clk 0:09:16] } 10. Nxe4 { [%clk 0:08:56] } 10... Qb6
{ [%clk 0:08:52] } 11. Qf3 { [%clk 0:08:24] } 11... Bb4+ { [%clk 0:08:31] } 12.
Bd2 { [%clk 0:08:18] } 12... Bxd2+ { [%clk 0:08:22] } 13. Nxd2
{ [%clk 0:08:13] } 13... Nf6 { [%clk 0:08:10] } 14. b3 { [%clk 0:07:35] } 14...
Qxd4 { [%clk 0:08:03] } 15. Rc1 { [%clk 0:07:26] } 15... Qxe5+
{ [%clk 0:07:52] } 16. Ne4 { [%clk 0:07:14] } 16... Qxe4+ { [%clk 0:07:40] }
17. Qxe4 { [%clk 0:07:11] } 17... Nxe4 { [%clk 0:07:37] } 18. Rc8+
{ [%clk 0:07:05] } 18... Kd7 { [%clk 0:07:32] } 19. Rxh8 { [%clk 0:07:03] }
19... Nf6 { [%clk 0:07:22] } 20. O-O { [%clk 0:06:59] } 20... Kc7
{ [%clk 0:07:06] } 21. Rc1+ { [%clk 0:06:51] } 21... Kb6 { [%clk 0:06:48] } 22.
f3 { [%clk 0:06:49] } 22... a5 { [%clk 0:06:42] } 23. g4 { [%clk 0:06:44] }
23... h6 { [%clk 0:06:35] } 24. h3 { [%clk 0:06:34] } 24... Ka7
{ [%clk 0:06:31] } 25. a3 { [%clk 0:06:26] } 25... Nc6 { [%clk 0:06:27] } 26.
Rxa8+ { [%clk 0:06:12] } 26... Kxa8 { [%clk 0:06:25] } 27. b4
{ [%clk 0:06:12] } 27... axb4 { [%clk 0:06:21] } 28. axb4 { [%clk 0:06:09] }
28... Nxb4 { [%clk 0:06:19] } 29. Ra1+ { [%clk 0:06:05] } 29... Na6
{ [%clk 0:06:13] } 30. Kf2 { [%clk 0:06:02] } 30... Ka7 { [%clk 0:06:09] } 31.
Ke3 { [%clk 0:06:00] } 31... Ne8 { [%clk 0:06:03] } 32. Kd4 { [%clk 0:05:53] }
32... Nc7 { [%clk 0:06:01] } 33. Kc4 { [%clk 0:05:43] } 33... b5+
{ [%clk 0:05:58] } 34. Kb3 { [%clk 0:05:38] } 34... Nd5 { [%clk 0:05:51] } 35.
Ra5 { [%clk 0:05:29] } 35... Kb6 { [%clk 0:05:45] } 36. Ra3 { [%clk 0:05:21] }
36... b4 { [%clk 0:05:34] } 37. Ra1 { [%clk 0:05:18] } 37... Kb5
{ [%clk 0:05:28] } 38. Re1 { [%clk 0:05:15] } 38... Nc5+ { [%clk 0:05:19] } 39.
Kc2 { [%clk 0:05:11] } 39... b3+ { [%clk 0:05:16] } 40. Kb2 { [%clk 0:05:07] }
40... Kb4 { [%clk 0:05:09] } 41. f4 { [%clk 0:04:56] } 41... Nd3+
{ [%clk 0:05:07] } 42. Kb1 { [%clk 0:04:51] } 42... Nxe1 { [%clk 0:05:07] } 0-1"
Rated Rapid game,https://lichess.org/4ciYJUBZ,2024.08.01,-,velo_26,JesterPennington,1/2-1/2,2024.08.01,08:44:27,1510,1500,,,C41,Philidor Defense,600+0,Normal,"1. e4 { [%clk 0:10:00] } 1... e5 { [%clk 0:10:00] } 2. Nf3 { [%clk 0:09:59] }
2... d6 { [%clk 0:09:59] } 3. d4 { [%clk 0:09:57] } 3... Bg4 { [%clk 0:09:58] }
4. dxe5 { [%clk 0:09:54] } 4... Bxf3 { [%clk 0:09:58] } 5. Qxf3
{ [%clk 0:09:52] } 5... dxe5 { [%clk 0:09:58] } 6. Bc4 { [%clk 0:09:51] } 6...
Qf6 { [%clk 0:09:57] } 7. Nc3 { [%clk 0:09:46] } 7... Bb4 { [%clk 0:09:57] } 8.
Bd2 { [%clk 0:09:38] } 8... Qxf3 { [%clk 0:09:56] } 9. gxf3 { [%clk 0:09:37] }
9... c6 { [%clk 0:09:55] } 10. a3 { [%clk 0:09:35] } 10... Ba5
{ [%clk 0:09:48] } 11. b4 { [%clk 0:09:30] } 11... Bb6 { [%clk 0:09:47] } 12.
Be3 { [%clk 0:09:29] } 12... Bxe3 { [%clk 0:09:46] } 13. fxe3
{ [%clk 0:09:28] } 13... Nf6 { [%clk 0:09:41] } 14. Rg1 { [%clk 0:09:27] }
14... O-O { [%clk 0:09:40] } 15. O-O-O { [%clk 0:09:19] } 15... Na6
{ [%clk 0:09:29] } 16. Kb2 { [%clk 0:08:56] } 16... Rad8 { [%clk 0:09:26] } 17.
Rxd8 { [%clk 0:08:25] } 17... Rxd8 { [%clk 0:09:23] } 18. Rd1
{ [%clk 0:08:25] } 18... Rxd1 { [%clk 0:09:21] } 19. Nxd1 { [%clk 0:08:23] }
19... Nc7 { [%clk 0:09:20] } 20. a4 { [%clk 0:08:16] } 20... a6
{ [%clk 0:09:18] } 21. c3 { [%clk 0:08:13] } 21... b5 { [%clk 0:09:17] } 22.
Bb3 { [%clk 0:08:08] } 22... h6 { [%clk 0:09:13] } 23. a5 { [%clk 0:08:06] }
23... Kf8 { [%clk 0:09:09] } 24. Nf2 { [%clk 0:07:57] } 24... Ne6
{ [%clk 0:09:06] } 25. Ng4 { [%clk 0:07:54] } 25... Nxg4 { [%clk 0:09:04] } 26.
fxg4 { [%clk 0:07:53] } 26... Ng5 { [%clk 0:09:04] } 27. Bc2 { [%clk 0:07:49] }
27... Nf3 { [%clk 0:08:50] } 28. h3 { [%clk 0:07:34] } 28... f6
{ [%clk 0:08:43] } 29. Kc1 { [%clk 0:07:26] } 29... Ng5 { [%clk 0:08:27] } 30.
h4 { [%clk 0:07:23] } 30... Nf3 { [%clk 0:08:26] } 31. h5 { [%clk 0:07:19] }
31... Ng5 { [%clk 0:06:56] } 32. Kd1 { [%clk 0:07:10] } 32... Ke7
{ [%clk 0:06:32] } 33. Ke2 { [%clk 0:07:08] } 33... Kd6 { [%clk 0:06:31] } 34.
Kd3 { [%clk 0:07:05] } 34... Nf3 { [%clk 0:06:26] } 35. Ke2 { [%clk 0:06:56] }
35... Ng5 { [%clk 0:06:22] } 36. Kd3 { [%clk 0:06:52] } 36... Nf3
{ [%clk 0:05:44] } 37. Ke2 { [%clk 0:06:05] } 37... Ng5 { [%clk 0:05:29] }
1/2-1/2"
Rated Rapid game,https://lichess.org/n59AN9Il,2024.08.01,-,chandraknight318,mystsummerchess,0-1,2024.08.01,08:44:27,2136,2118,,,A00,Hungarian Opening,600+0,Time forfeit,"1. g3 { [%eval 0.12] [%clk 0:10:00] } 1... d5 { [%eval 0.18] [%clk 0:10:00] }
2. Bg2 { [%eval -0.12] [%clk 0:09:58] } 2... e5
{ [%eval -0.21] [%clk 0:09:59] } 3. d3 { [%eval -0.1] [%clk 0:09:57] } 3... Nf6
{ [%eval -0.14] [%clk 0:09:58] } 4. Nf3 { [%eval -0.12] [%clk 0:09:55] } 4...
Nc6 { [%eval 0.0] [%clk 0:09:55] } 5. O-O { [%eval -0.04] [%clk 0:09:50] } 5...
Bd6 { [%eval 0.02] [%clk 0:09:54] } 6. Bg5 { [%eval -0.12] [%clk 0:09:44] }
6... O-O { [%eval 0.0] [%clk 0:09:51] } 7. Nc3 { [%eval 0.0] [%clk 0:09:36] }
7... Be6 { [%eval 0.03] [%clk 0:09:36] } 8. e4 { [%eval 0.06] [%clk 0:09:31] }
8... d4 { [%eval 0.53] [%clk 0:09:11] } 9. Nd5 { [%eval 0.45] [%clk 0:09:24] }
9... Be7 { [%eval 0.54] [%clk 0:08:47] } 10. Nxe7+
{ [%eval 0.49] [%clk 0:09:22] } 10... Qxe7 { [%eval 0.44] [%clk 0:08:47] } 11.
h3 { [%eval 0.45] [%clk 0:09:08] } 11... h6 { [%eval 0.42] [%clk 0:08:37] } 12.
Bd2 { [%eval 0.31] [%clk 0:09:05] } 12... a5 { [%eval 0.51] [%clk 0:08:26] }
13. Nh2 $6 { [%eval -0.17] [%clk 0:08:52] } 13... Qd7
{ [%eval 0.34] [%clk 0:08:06] } 14. h4 { [%eval -0.17] [%clk 0:08:33] } 14...
Ne8 { [%eval -0.05] [%clk 0:07:40] } 15. f4 { [%eval -0.28] [%clk 0:08:31] }
15... f6 $2 { [%eval 2.47] [%clk 0:07:39] } 16. f5
{ [%eval 2.43] [%clk 0:08:25] } 16... Bf7 { [%eval 2.46] [%clk 0:07:35] } 17.
g4 { [%eval 2.3] [%clk 0:08:12] } 17... b5 { [%eval 2.64] [%clk 0:06:50] } 18.
g5 { [%eval 2.71] [%clk 0:07:58] } 18... hxg5 { [%eval 2.85] [%clk 0:06:38] }
19. hxg5 { [%eval 2.89] [%clk 0:07:53] } 19... Nd6 $2
{ [%eval 4.23] [%clk 0:06:13] } 20. g6 { [%eval 4.07] [%clk 0:07:50] } 20...
Be8 $2 { [%eval 5.42] [%clk 0:06:09] } 21. Qh5 { [%eval 5.5] [%clk 0:07:48] }
21... Rf7 { [%eval 5.47] [%clk 0:05:31] } 22. Qh7+
{ [%eval 5.75] [%clk 0:07:13] } 22... Kf8 { [%eval 5.5] [%clk 0:05:30] } 23.
gxf7 $2 { [%eval 4.34] [%clk 0:07:11] } 23... Bxf7
{ [%eval 4.46] [%clk 0:05:21] } 24. Ng4 { [%eval 4.45] [%clk 0:06:55] } 24...
Bg8 $2 { [%eval 6.35] [%clk 0:05:05] } 25. Qh3 $2
{ [%eval 4.35] [%clk 0:06:34] } 25... b4 { [%eval 4.13] [%clk 0:04:59] } 26.
Rf3 { [%eval 4.22] [%clk 0:06:22] } 26... a4 { [%eval 4.48] [%clk 0:04:56] }
27. a3 { [%eval 4.39] [%clk 0:06:14] } 27... b3 { [%eval 4.87] [%clk 0:04:52] }
28. c4 $2 { [%eval 3.76] [%clk 0:06:06] } 28... dxc3
{ [%eval 3.8] [%clk 0:04:52] } 29. Bxc3 { [%eval 3.77] [%clk 0:06:04] } 29...
Nb5 { [%eval 3.59] [%clk 0:04:51] } 30. Rc1 { [%eval 3.5] [%clk 0:05:49] }
30... Ncd4 $2 { [%eval 4.51] [%clk 0:04:29] } 31. Bb4+
{ [%eval 4.45] [%clk 0:05:24] } 31... Ke8 { [%eval 4.61] [%clk 0:04:18] } 32.
Qh5+ $2 { [%eval 3.61] [%clk 0:05:13] } 32... Kd8
{ [%eval 3.43] [%clk 0:04:16] } 33. Rf2 { [%eval 3.45] [%clk 0:04:48] } 33...
Nc2 { [%eval 4.31] [%clk 0:04:00] } 34. Bh3 $6 { [%eval 3.33] [%clk 0:04:17] }
34... Nxb4 { [%eval 3.08] [%clk 0:03:41] } 35. axb4
{ [%eval 3.0] [%clk 0:04:15] } 35... Qxd3 $2 { [%eval 5.72] [%clk 0:03:33] }
36. Nxe5 $2 { [%eval 4.05] [%clk 0:03:55] } 36... Qg3+
{ [%eval 3.85] [%clk 0:03:23] } 37. Bg2 { [%eval 3.16] [%clk 0:03:26] } 37...
fxe5 $4 { [%eval 6.81] [%clk 0:03:03] } 38. Rf3 { [%eval 6.62] [%clk 0:02:59] }
38... Qxf3 { [%eval 6.31] [%clk 0:02:39] } 39. Qxf3 $2
{ [%eval 4.83] [%clk 0:02:53] } 39... Nd4 { [%eval 4.73] [%clk 0:02:36] } 40.
Qd3 { [%eval 4.53] [%clk 0:02:42] } 40... Kc8 { [%eval 4.61] [%clk 0:02:00] }
41. Bh3 { [%eval 4.45] [%clk 0:02:40] } 41... Kb8
{ [%eval 4.91] [%clk 0:01:41] } 42. Rc5 { [%eval 4.67] [%clk 0:02:10] } 42...
a3 { [%eval 4.49] [%clk 0:01:35] } 43. bxa3 { [%eval 4.28] [%clk 0:02:08] }
43... Rxa3 { [%eval 4.27] [%clk 0:01:31] } 44. Ra5
{ [%eval 3.89] [%clk 0:01:45] } 44... Ra2 { [%eval 3.66] [%clk 0:01:13] } 45.
Rxe5 $2 { [%eval 0.98] [%clk 0:00:56] } 45... b2 $4
{ [%eval 4.33] [%clk 0:00:54] } 46. Re8+ { [%eval 4.25] [%clk 0:00:47] } 46...
Kb7 { [%eval 4.12] [%clk 0:00:46] } 47. Qxd4 $4 { [%eval #-8] [%clk 0:00:28] }
47... b1=Q+ { [%eval #-7] [%clk 0:00:42] } 48. Bf1
{ [%eval #-7] [%clk 0:00:27] } 48... Ra1 $4 { [%eval -1.72] [%clk 0:00:28] }
49. Qf2 $2 { [%eval -4.41] [%clk 0:00:18] } 49... Bc4
{ [%eval -4.62] [%clk 0:00:24] } 50. Re7 { [%eval -5.81] [%clk 0:00:05] } 50...
Bxf1 $4 { [%eval 0.0] [%clk 0:00:16] } 51. Kh2 $4
{ [%eval -9.33] [%clk 0:00:03] } 51... Ra2 { [%eval -8.7] [%clk 0:00:14] } 0-1"
Rated Rapid game,https://lichess.org/MXle9dFE,2024.08.01,-,Ayah_Qatlish,lspthiagu,0-1,2024.08.01,08:44:27,1211,1177,,,C20,King's Pawn Game,600+0,Time forfeit,1. e4 { [%clk 0:10:00] } 1... e5 { [%clk 0:10:00] } 0-1
Rated Rapid game,https://lichess.org/19pcsLq8,2024.08.01,-,Seinniv,Kalpay,1-0,2024.08.01,08:44:27,1362,1317,,,C20,King's Pawn Game: Leonardis Variation,600+0,Normal,"1. e4 { [%clk 0:10:00] } 1... e5 { [%clk 0:10:00] } 2. d3 { [%clk 0:09:59] }
2... Qf6 { [%clk 0:10:00] } 3. Qg4 { [%clk 0:09:55] } 3... d6
{ [%clk 0:09:49] } 4. Qxc8+ { [%clk 0:09:51] } 1-0"
Rated Rapid game,https://lichess.org/5TIJcJeb,2024.08.01,-,Chuletavelazco,Teopelos10,1-0,2024.08.01,08:44:27,1528,1555,,,B07,King's Pawn Game: Maróczy Defense,600+0,Normal,"1. e4 { [%clk 0:10:00] } 1... d6 { [%clk 0:10:00] } 2. d4 { [%clk 0:09:58] }
2... e5 { [%clk 0:09:59] } 3. dxe5 { [%clk 0:09:56] } 3... dxe5
{ [%clk 0:09:34] } 4. Qxd8+ { [%clk 0:09:53] } 4... Kxd8 { [%clk 0:09:34] } 5.
Nf3 { [%clk 0:09:51] } 5... Nc6 { [%clk 0:09:33] } 6. Bb5 { [%clk 0:09:48] }
6... Bd7 { [%clk 0:09:27] } 7. Nc3 { [%clk 0:09:41] } 7... a6
{ [%clk 0:09:22] } 8. Bxc6 { [%clk 0:09:39] } 8... Bxc6 { [%clk 0:09:22] } 9.
Nxe5 { [%clk 0:09:37] } 9... Bd6 { [%clk 0:09:20] } 10. Nxf7+
{ [%clk 0:09:34] } 1-0"
Rated Rapid game,https://lichess.org/zxl7pFL8,2024.08.01,-,dyaaalahmad264,Piyushchordia,1-0,2024.08.01,08:44:27,1527,1527,,,C00,French Defense,600+0,Normal,"1. e4 { [%clk 0:10:00] } 1... e6 { [%clk 0:10:00] } 2. Bc4 { [%clk 0:09:59] }
2... d6 { [%clk 0:09:59] } 3. d3 { [%clk 0:09:58] } 3... a6 { [%clk 0:09:58] }
4. Ne2 { [%clk 0:09:57] } 4... h6 { [%clk 0:09:57] } 5. a3 { [%clk 0:09:56] }
5... b6 { [%clk 0:09:55] } 6. O-O { [%clk 0:09:56] } 6... Bb7
{ [%clk 0:09:54] } 7. Ng3 { [%clk 0:09:55] } 7... g6 { [%clk 0:09:46] } 8. Be3
{ [%clk 0:09:53] } 8... Bg7 { [%clk 0:09:44] } 9. f4 { [%clk 0:09:50] } 9...
Bxb2 { [%clk 0:09:41] } 10. Ra2 { [%clk 0:09:48] } 10... Bg7 { [%clk 0:09:39] }
11. Nd2 { [%clk 0:09:43] } 11... Kf8 { [%clk 0:09:33] } 12. a4
{ [%clk 0:09:22] } 12... Nd7 { [%clk 0:09:30] } 13. d4 { [%clk 0:09:14] } 13...
Ne7 { [%clk 0:09:24] } 14. Qg4 { [%clk 0:08:57] } 14... h5 { [%clk 0:09:14] }
15. Qf3 { [%clk 0:08:47] } 15... f5 { [%clk 0:09:03] } 16. Bxe6
{ [%clk 0:08:25] } 16... fxe4 { [%clk 0:08:48] } 17. Qf2 { [%clk 0:08:23] }
17... Nf6 { [%clk 0:08:40] } 18. f5 { [%clk 0:08:20] } 18... g5
{ [%clk 0:08:34] } 19. Raa1 { [%clk 0:07:55] } 19... Ng4 { [%clk 0:08:18] } 20.
Qe2 { [%clk 0:07:46] } 20... Bf6 { [%clk 0:08:14] } 21. Nc4 { [%clk 0:07:32] }
21... Nxe3 { [%clk 0:08:04] } 22. Nxe3 { [%clk 0:07:25] } 22... Bxd4
{ [%clk 0:08:01] } 23. Rad1 { [%clk 0:07:03] } 23... Bf6 { [%clk 0:07:58] } 24.
Nxh5 { [%clk 0:06:27] } 24... Qe8 { [%clk 0:07:24] } 25. Nxf6
{ [%clk 0:06:20] } 25... Qxa4 { [%clk 0:07:16] } 26. Qg4 { [%clk 0:06:04] }
26... Ng8 { [%clk 0:06:36] } 27. Qxg5 { [%clk 0:05:58] } 27... Qa3
{ [%clk 0:05:49] } 28. Nxg8 { [%clk 0:05:49] } 28... Bc8 { [%clk 0:05:20] } 29.
Qe7# { [%clk 0:05:43] } 1-0"
Rated Rapid game,https://lichess.org/BGll4cRd,2024.08.01,-,faridba3,Ahmedmaher1998,0-1,2024.08.01,08:44:30,1907,1917,,,C53,Italian Game: Classical Variation,600+0,Normal,"1. e4 { [%clk 0:10:00] } 1... e5 { [%clk 0:10:00] } 2. Nf3 { [%clk 0:09:59] }
2... Nc6 { [%clk 0:09:58] } 3. Bc4 { [%clk 0:09:58] } 3... Bc5
{ [%clk 0:09:57] } 4. c3 { [%clk 0:09:57] } 4... d6 { [%clk 0:09:56] } 5. h3
{ [%clk 0:09:55] } 5... Nf6 { [%clk 0:09:55] } 6. d4 { [%clk 0:09:53] } 6...
exd4 { [%clk 0:09:53] } 7. cxd4 { [%clk 0:09:52] } 7... Bb4+ { [%clk 0:09:52] }
8. Bd2 { [%clk 0:09:50] } 8... Bxd2+ { [%clk 0:09:49] } 9. Nbxd2
{ [%clk 0:09:50] } 9... O-O { [%clk 0:09:42] } 10. Qb3 { [%clk 0:09:45] } 10...
a6 { [%clk 0:09:38] } 11. Ng5 { [%clk 0:09:44] } 11... Na5 { [%clk 0:09:22] }
12. Bxf7+ { [%clk 0:09:42] } 12... Kh8 { [%clk 0:09:16] } 13. Qf3
{ [%clk 0:09:25] } 13... h6 { [%clk 0:09:09] } 14. Ne6 { [%clk 0:09:06] } 14...
Bxe6 { [%clk 0:08:57] } 15. Bxe6 { [%clk 0:09:06] } 15... Nc6
{ [%clk 0:08:47] } 16. O-O { [%clk 0:08:58] } 16... Nxd4 { [%clk 0:08:43] } 17.
Qg3 { [%clk 0:08:38] } 17... Nxe6 { [%clk 0:08:40] } 18. e5 { [%clk 0:08:36] }
18... dxe5 { [%clk 0:08:16] } 19. Nf3 { [%clk 0:08:32] } 19... e4
{ [%clk 0:07:55] } 20. Ne5 { [%clk 0:08:30] } 20... Qd4 { [%clk 0:07:21] } 21.
Ng6+ { [%clk 0:07:41] } 21... Kg8 { [%clk 0:07:18] } 22. Rad1
{ [%clk 0:07:32] } 22... Qxb2 { [%clk 0:07:05] } 23. Ne7+ { [%clk 0:07:00] }
23... Kh8 { [%clk 0:06:55] } 24. Ng6+ { [%clk 0:06:48] } 24... Kh7
{ [%clk 0:06:51] } 25. Ne7 { [%clk 0:06:38] } 25... Nd4 { [%clk 0:06:37] } 26.
Qg6+ { [%clk 0:06:18] } 26... Kh8 { [%clk 0:06:34] } 27. Qg3 { [%clk 0:05:48] }
27... Ne2+ { [%clk 0:06:31] } 0-1"
Rated Rapid game,https://lichess.org/Yv5MCCKP,2024.08.01,-,Nadir62332416,vikt1978,0-1,2024.08.01,08:44:30,1550,1581,,,B00,"Nimzowitsch Defense: Scandinavian Variation, Advance Variation",600+0,Normal,"1. e4 { [%clk 0:10:00] } 1... Nc6 { [%clk 0:10:00] } 2. d4 { [%clk 0:09:58] }
2... d5 { [%clk 0:09:58] } 3. e5 { [%clk 0:09:56] } 3... Bf5 { [%clk 0:09:56] }
4. Bd3 { [%clk 0:09:52] } 4... Bxd3 { [%clk 0:09:53] } 5. Qxd3
{ [%clk 0:09:50] } 5... f6 { [%clk 0:09:53] } 6. c3 { [%clk 0:09:49] } 6...
fxe5 { [%clk 0:09:47] } 7. dxe5 { [%clk 0:09:45] } 7... Nxe5 { [%clk 0:09:45] }
8. Qd1 { [%clk 0:09:32] } 8... Nf6 { [%clk 0:09:43] } 9. Bg5 { [%clk 0:09:29] }
9... Qd6 { [%clk 0:09:38] } 10. Bf4 { [%clk 0:09:21] } 10... Qe6
{ [%clk 0:09:33] } 11. Qe2 { [%clk 0:09:12] } 11... Nfd7 { [%clk 0:09:07] } 12.
Nf3 { [%clk 0:09:03] } 12... Nxf3+ { [%clk 0:09:01] } 13. gxf3
{ [%clk 0:09:01] } 13... Qxe2+ { [%clk 0:09:00] } 14. Kxe2 { [%clk 0:09:01] }
14... e6 { [%clk 0:08:57] } 15. Bxc7 { [%clk 0:08:59] } 15... Be7
{ [%clk 0:08:48] } 16. f4 { [%clk 0:08:56] } 16... O-O { [%clk 0:08:46] } 17.
Be5 { [%clk 0:08:54] } 17... Rac8 { [%clk 0:08:20] } 18. Nd2 { [%clk 0:08:51] }
18... Nb6 { [%clk 0:08:11] } 19. Nf3 { [%clk 0:08:42] } 19... Bf6
{ [%clk 0:08:09] } 20. Bd6 { [%clk 0:08:21] } 20... Rf7 { [%clk 0:08:06] } 21.
Nd4 { [%clk 0:08:11] } 21... Nc4 { [%clk 0:07:59] } 22. Ba3 { [%clk 0:08:02] }
22... Nxa3 { [%clk 0:07:56] } 23. bxa3 { [%clk 0:08:01] } 23... Bxd4
{ [%clk 0:07:55] } 24. cxd4 { [%clk 0:07:59] } 24... Rxf4 { [%clk 0:07:54] }
25. Ke3 { [%clk 0:07:58] } 25... Re4+ { [%clk 0:07:52] } 26. Kd3
{ [%clk 0:07:54] } 26... b5 { [%clk 0:07:47] } 27. Rae1 { [%clk 0:07:48] }
27... Rxe1 { [%clk 0:07:43] } 28. Rxe1 { [%clk 0:07:47] } 28... Kf7
{ [%clk 0:07:41] } 29. f4 { [%clk 0:07:30] } 29... g6 { [%clk 0:07:34] } 30. h4
{ [%clk 0:07:28] } 30... Rc4 { [%clk 0:07:29] } 31. Rb1 { [%clk 0:07:19] }
31... a6 { [%clk 0:07:27] } 32. a4 { [%clk 0:07:10] } 32... Rxa4
{ [%clk 0:07:25] } 33. Rb2 { [%clk 0:07:07] } 33... Ra3+ { [%clk 0:07:23] } 34.
Ke2 { [%clk 0:06:59] } 34... Rh3 { [%clk 0:07:21] } 35. a4 { [%clk 0:06:53] }
35... Rh2+ { [%clk 0:07:20] } 36. Kd3 { [%clk 0:06:51] } 36... Rxb2
{ [%clk 0:07:19] } 37. Kc3 { [%clk 0:06:50] } 37... Rb1 { [%clk 0:07:13] } 38.
Kc2 { [%clk 0:06:46] } 38... Rb4 { [%clk 0:07:11] } 39. axb5 { [%clk 0:06:44] }
39... Rxb5 { [%clk 0:07:06] } 40. Kc3 { [%clk 0:06:41] } 40... a5
{ [%clk 0:07:04] } 41. Kd3 { [%clk 0:06:37] } 41... a4 { [%clk 0:07:03] } 42.
Kc3 { [%clk 0:06:36] } 42... a3 { [%clk 0:07:02] } 43. Kc2 { [%clk 0:06:35] }
43... a2 { [%clk 0:07:01] } 44. Kc3 { [%clk 0:06:34] } 44... a1=Q+
{ [%clk 0:07:00] } 45. Kd3 { [%clk 0:06:32] } 45... Rb3+ { [%clk 0:06:57] } 46.
Ke2 { [%clk 0:06:30] } 46... Qxd4 { [%clk 0:06:56] } 47. Ke1 { [%clk 0:06:29] }
47... Qc3+ { [%clk 0:06:52] } 48. Ke2 { [%clk 0:06:27] } 48... Rb2+
{ [%clk 0:06:51] } 49. Kd1 { [%clk 0:06:26] } 49... Qd3+ { [%clk 0:06:49] } 50.
Kc1 { [%clk 0:06:26] } 50... Qb1# { [%clk 0:06:48] } 0-1"
Rated Rapid game,https://lichess.org/X8sXhrNF,2024.08.01,-,Ali00333,scolopax2,1-0,2024.08.01,08:44:30,1638,1524,,,B30,Sicilian Defense: Old Sicilian,600+0,Normal,"1. e4 { [%eval 0.15] [%clk 0:10:00] } 1... c5 { [%eval 0.25] [%clk 0:10:00] }
2. Nf3 { [%eval 0.22] [%clk 0:09:58] } 2... Nc6 { [%eval 0.31] [%clk 0:10:00] }
3. Bc4 { [%eval 0.06] [%clk 0:09:49] } 3... e6 { [%eval 0.05] [%clk 0:09:58] }
4. c3 { [%eval -0.04] [%clk 0:09:47] } 4... Nf6 { [%eval 0.09] [%clk 0:09:57] }
5. d3 $6 { [%eval -0.52] [%clk 0:09:39] } 5... h6 $6
{ [%eval 0.03] [%clk 0:09:53] } 6. Bf4 { [%eval -0.24] [%clk 0:09:37] } 6... d5
{ [%eval -0.16] [%clk 0:09:49] } 7. exd5 { [%eval -0.44] [%clk 0:09:27] } 7...
exd5 { [%eval -0.46] [%clk 0:09:47] } 8. Bb5 { [%eval -0.41] [%clk 0:09:26] }
8... Bd7 { [%eval -0.12] [%clk 0:09:40] } 9. Nbd2
{ [%eval -0.35] [%clk 0:09:02] } 9... Qe7+ { [%eval -0.46] [%clk 0:09:39] } 10.
Qe2 { [%eval -0.56] [%clk 0:08:40] } 10... Qxe2+
{ [%eval -0.52] [%clk 0:09:23] } 11. Kxe2 { [%eval -0.42] [%clk 0:08:40] }
11... Be7 { [%eval -0.18] [%clk 0:09:21] } 12. d4
{ [%eval -0.68] [%clk 0:07:54] } 12... c4 $6 { [%eval -0.11] [%clk 0:09:07] }
13. a3 $6 { [%eval -0.78] [%clk 0:07:40] } 13... O-O
{ [%eval -0.61] [%clk 0:08:53] } 14. Rab1 $6 { [%eval -1.57] [%clk 0:07:39] }
14... Bg4 $2 { [%eval -0.42] [%clk 0:08:47] } 15. b4 $2
{ [%eval -3.22] [%clk 0:07:35] } 15... a6 $2 { [%eval -1.73] [%clk 0:08:44] }
16. Bxc6 { [%eval -1.73] [%clk 0:07:27] } 16... bxc6
{ [%eval -1.72] [%clk 0:08:43] } 17. h3 { [%eval -1.64] [%clk 0:07:17] } 17...
Bh5 $6 { [%eval -0.74] [%clk 0:08:41] } 18. g4 $2
{ [%eval -2.16] [%clk 0:06:54] } 18... Bg6 { [%eval -2.19] [%clk 0:08:39] } 19.
Rb2 { [%eval -2.45] [%clk 0:06:45] } 19... Rfe8 $2
{ [%eval -1.29] [%clk 0:08:36] } 20. Ne5 { [%eval -1.19] [%clk 0:06:33] } 20...
Bf8 { [%eval -0.74] [%clk 0:08:16] } 21. Nf3 $2
{ [%eval -2.77] [%clk 0:06:21] } 21... Bd3+ { [%eval -2.69] [%clk 0:08:12] }
22. Kd2 $6 { [%eval -3.52] [%clk 0:06:15] } 22... Ne4+
{ [%eval -3.57] [%clk 0:08:09] } 23. Ke1 $6 { [%eval -4.56] [%clk 0:06:09] }
23... Nxc3 { [%eval -4.59] [%clk 0:07:54] } 24. Kd2
{ [%eval -4.69] [%clk 0:05:41] } 24... Ne4+ { [%eval -4.5] [%clk 0:07:51] } 25.
Ke3 { [%eval -5.22] [%clk 0:05:36] } 25... f6 { [%eval -4.9] [%clk 0:07:46] }
26. Nxc6 $2 { [%eval -6.58] [%clk 0:05:26] } 26... Nc3+
{ [%eval -5.28] [%clk 0:07:36] } 27. Kd2 { [%eval -6.42] [%clk 0:05:21] } 27...
Nb5 { [%eval -5.28] [%clk 0:07:33] } 28. Re1 { [%eval -5.71] [%clk 0:04:54] }
28... Nxd4 $4 { [%eval 3.1] [%clk 0:07:17] } 29. Ncxd4
{ [%eval 2.91] [%clk 0:04:35] } 29... Rxe1 { [%eval 3.2] [%clk 0:07:13] } 30.
Nxe1 { [%eval 3.06] [%clk 0:04:35] } 30... Re8 $2
{ [%eval 5.7] [%clk 0:07:11] } 31. Nxd3 { [%eval 5.77] [%clk 0:04:30] } 31...
cxd3 { [%eval 5.62] [%clk 0:07:09] } 32. Kxd3 { [%eval 5.31] [%clk 0:04:30] }
1-0"
Rated Rapid game,https://lichess.org/sVnWpAeT,2024.08.01,-,dmohammadi487,ojilo,1-0,2024.08.01,08:44:30,1781,1863,,,B20,Sicilian Defense: Bowdler Attack,600+0,Time forfeit,"1. e4 { [%clk 0:10:00] } 1... c5 { [%clk 0:10:00] } 2. Bc4 { [%clk 0:09:41] }
2... Nc6 { [%clk 0:09:55] } 3. d3 { [%clk 0:09:40] } 3... e6 { [%clk 0:09:48] }
4. Nf3 { [%clk 0:09:39] } 4... d5 { [%clk 0:09:45] } 5. exd5 { [%clk 0:09:37] }
5... exd5 { [%clk 0:09:45] } 6. Bb3 { [%clk 0:09:36] } 6... Na5
{ [%clk 0:09:38] } 7. c3 { [%clk 0:09:32] } 7... Nxb3 { [%clk 0:09:36] } 8.
Qxb3 { [%clk 0:09:31] } 8... Nf6 { [%clk 0:09:29] } 9. O-O { [%clk 0:09:29] }
9... Be7 { [%clk 0:09:27] } 10. Bg5 { [%clk 0:09:26] } 10... O-O
{ [%clk 0:09:25] } 11. Na3 { [%clk 0:09:20] } 11... a6 { [%clk 0:09:14] } 12.
h3 { [%clk 0:09:16] } 12... b5 { [%clk 0:09:13] } 13. Rae1 { [%clk 0:09:10] }
13... Be6 { [%clk 0:09:07] } 14. Qd1 { [%clk 0:09:06] } 14... Ne8
{ [%clk 0:08:41] } 15. Bxe7 { [%clk 0:09:02] } 15... Qxe7 { [%clk 0:08:40] }
16. Nh2 { [%clk 0:08:57] } 16... Qh4 { [%clk 0:08:08] } 17. Qf3
{ [%clk 0:08:48] } 17... Nd6 { [%clk 0:07:48] } 18. c4 { [%clk 0:08:45] } 18...
dxc4 { [%clk 0:07:41] } 19. dxc4 { [%clk 0:08:43] } 19... b4 { [%clk 0:07:34] }
20. Nc2 { [%clk 0:08:40] } 20... Bxc4 { [%clk 0:07:23] } 21. Ne3
{ [%clk 0:08:37] } 21... Bxf1 { [%clk 0:07:19] } 22. Nhxf1 { [%clk 0:08:36] }
22... Rfe8 { [%clk 0:07:06] } 23. b3 { [%clk 0:08:34] } 23... Qe4
{ [%clk 0:06:44] } 24. Qxe4 { [%clk 0:08:23] } 24... Nxe4 { [%clk 0:06:31] }
25. Rc1 { [%clk 0:08:12] } 25... Nc3 { [%clk 0:06:22] } 26. Ra1
{ [%clk 0:08:01] } 26... g6 { [%clk 0:06:07] } 27. Nd2 { [%clk 0:07:37] } 27...
Rad8 { [%clk 0:05:40] } 28. Ndc4 { [%clk 0:07:31] } 28... h5 { [%clk 0:05:14] }
29. Kh2 { [%clk 0:07:21] } 29... f5 { [%clk 0:05:08] } 30. Kg3
{ [%clk 0:07:18] } 30... Kg7 { [%clk 0:05:01] } 31. Kf3 { [%clk 0:07:15] }
31... Kf6 { [%clk 0:04:51] } 32. a3 { [%clk 0:07:04] } 32... Nb5
{ [%clk 0:04:33] } 33. axb4 { [%clk 0:06:57] } 33... cxb4 { [%clk 0:04:28] }
34. Rxa6+ { [%clk 0:06:55] } 34... Kg5 { [%clk 0:04:24] } 35. g3
{ [%clk 0:06:52] } 35... Nd4+ { [%clk 0:04:22] } 36. Kg2 { [%clk 0:06:48] }
36... Nxb3 { [%clk 0:04:15] } 37. h4+ { [%clk 0:06:47] } 37... Kh6
{ [%clk 0:04:11] } 38. Nxf5+ { [%clk 0:06:42] } 38... Kh7 { [%clk 0:04:05] }
39. Ra7+ { [%clk 0:06:35] } 39... Kh8 { [%clk 0:03:36] } 40. Nh6
{ [%clk 0:06:33] } 40... Rb8 { [%clk 0:02:55] } 41. Nd6 { [%clk 0:06:24] }
41... Rf8 { [%clk 0:02:06] } 42. Ndf7+ { [%clk 0:06:15] } 42... Kg7
{ [%clk 0:01:52] } 43. f4 { [%clk 0:06:03] } 43... Nc5 { [%clk 0:01:30] } 44.
f5 { [%clk 0:05:59] } 44... gxf5 { [%clk 0:01:23] } 45. Nxf5+
{ [%clk 0:05:57] } 45... Kg6 { [%clk 0:01:17] } 46. Nd4 { [%clk 0:05:40] }
46... Rxf7 { [%clk 0:01:09] } 47. Ra1 { [%clk 0:05:35] } 47... b3
{ [%clk 0:01:05] } 48. Rb1 { [%clk 0:05:33] } 48... b2 { [%clk 0:01:01] } 49.
Nf3 { [%clk 0:05:29] } 49... Re7 { [%clk 0:00:45] } 50. Kf2 { [%clk 0:05:14] }
50... Ne4+ { [%clk 0:00:43] } 51. Kg2 { [%clk 0:05:09] } 51... Nc3
{ [%clk 0:00:42] } 52. Rxb2 { [%clk 0:05:00] } 52... Rxb2+ { [%clk 0:00:41] }
53. Kh3 { [%clk 0:04:58] } 53... Kf5 { [%clk 0:00:34] } 54. Nd4+
{ [%clk 0:04:55] } 54... Ke4 { [%clk 0:00:26] } 55. Nc6 { [%clk 0:04:51] }
55... Rg7 { [%clk 0:00:22] } 56. Nd8 { [%clk 0:04:46] } 56... Rb1
{ [%clk 0:00:17] } 57. Ne6 { [%clk 0:04:39] } 57... Rg4 { [%clk 0:00:09] } 58.
Ng5+ { [%clk 0:04:36] } 58... Kf5 { [%clk 0:00:07] } 59. Nf3 { [%clk 0:04:28] }
59... Ne2 { [%clk 0:00:05] } 60. Kh2 { [%clk 0:04:13] } 60... Rxg3
{ [%clk 0:00:04] } 61. Nd2 { [%clk 0:04:10] } 1-0"
Rated Rapid game,https://lichess.org/JgLgI6AV,2024.08.01,-,bormi2,NDK17,0-1,2024.08.01,08:44:30,1630,1616,,,B40,Sicilian Defense: Marshall Counterattack,600+0,Normal,"1. e4 { [%clk 0:10:00] } 1... c5 { [%clk 0:10:00] } 2. Nf3 { [%clk 0:09:59] }
2... e6 { [%clk 0:09:59] } 3. d4 { [%clk 0:09:57] } 3... d5 { [%clk 0:09:59] }
4. Bb5+ { [%clk 0:09:52] } 4... Nc6 { [%clk 0:09:57] } 5. O-O
{ [%clk 0:09:50] } 5... a6 { [%clk 0:09:57] } 6. Bxc6+ { [%clk 0:09:49] } 6...
bxc6 { [%clk 0:09:56] } 7. Re1 { [%clk 0:09:39] } 7... dxe4 { [%clk 0:09:52] }
8. Rxe4 { [%clk 0:09:32] } 8... Nf6 { [%clk 0:09:50] } 9. Rf4
{ [%clk 0:09:18] } 9... Bd6 { [%clk 0:09:39] } 10. dxc5 { [%clk 0:09:00] }
10... Bxf4 { [%clk 0:09:37] } 11. Qxd8+ { [%clk 0:08:59] } 11... Kxd8
{ [%clk 0:09:36] } 12. Bxf4 { [%clk 0:08:58] } 12... Bb7 { [%clk 0:09:28] } 13.
Ne5 { [%clk 0:08:55] } 13... Ke7 { [%clk 0:09:23] } 14. Nc3 { [%clk 0:08:52] }
14... h6 { [%clk 0:09:16] } 15. Rd1 { [%clk 0:08:46] } 15... Rad8
{ [%clk 0:09:11] } 16. Re1 { [%clk 0:08:27] } 16... g5 { [%clk 0:09:02] } 17.
Bc1 { [%clk 0:08:15] } 17... Nd5 { [%clk 0:08:57] } 18. Ne4 { [%clk 0:08:01] }
18... Nb4 { [%clk 0:08:26] } 19. Re2 { [%clk 0:07:18] } 19... Rd1+
{ [%clk 0:08:22] } 0-1"
Rated Rapid game,https://lichess.org/cu9jRrMy,2024.08.01,-,dsadsasadaf,yu-ra85,0-1,2024.08.01,08:44:30,1780,1770,,,B14,"Caro-Kann Defense: Panov Attack, Main Line",600+0,Normal,"1. e4 { [%clk 0:10:00] } 1... c6 { [%clk 0:10:00] } 2. d4 { [%clk 0:09:59] }
2... d5 { [%clk 0:09:59] } 3. exd5 { [%clk 0:09:59] } 3... cxd5
{ [%clk 0:09:58] } 4. c4 { [%clk 0:09:58] } 4... Nf6 { [%clk 0:09:54] } 5. Nc3
{ [%clk 0:09:57] } 5... e6 { [%clk 0:09:49] } 6. Nf3 { [%clk 0:09:56] } 6...
Bb4 { [%clk 0:09:47] } 7. Bg5 { [%clk 0:09:54] } 7... O-O { [%clk 0:09:33] } 8.
Bd3 { [%clk 0:09:52] } 8... dxc4 { [%clk 0:08:49] } 9. Bxc4 { [%clk 0:09:52] }
9... Qc7 { [%clk 0:08:44] } 10. Qb3 { [%clk 0:09:35] } 10... Bxc3+
{ [%clk 0:08:21] } 11. bxc3 { [%clk 0:09:33] } 11... Ne4 { [%clk 0:08:19] } 12.
Be3 { [%clk 0:09:22] } 12... Nc6 { [%clk 0:07:49] } 13. O-O { [%clk 0:09:21] }
13... Na5 { [%clk 0:07:48] } 14. Qc2 { [%clk 0:08:46] } 14... Nxc4
{ [%clk 0:07:08] } 15. Qxe4 { [%clk 0:08:44] } 15... f5 { [%clk 0:06:44] } 16.
Qd3 { [%clk 0:08:37] } 16... b5 { [%clk 0:06:29] } 17. d5 { [%clk 0:08:08] }
17... Rd8 { [%clk 0:06:15] } 0-1"
Rated Rapid game,https://lichess.org/tH0fk79D,2024.08.01,-,Adenbenze21,YuraGar,1-0,2024.08.01,08:44:30,2424,2430,,,C02,"French Defense: Advance Variation, Euwe Variation",600+0,Normal,"1. e4 { [%eval 0.15] [%clk 0:10:00] } 1... e6 { [%eval 0.25] [%clk 0:10:00] }
2. d4 { [%eval 0.3] [%clk 0:09:49] } 2... d5 { [%eval 0.31] [%clk 0:09:58] } 3.
e5 { [%eval 0.25] [%clk 0:09:45] } 3... c5 { [%eval 0.24] [%clk 0:09:55] } 4.
c3 { [%eval 0.28] [%clk 0:09:40] } 4... Nc6 { [%eval 0.22] [%clk 0:09:52] } 5.
Nf3 { [%eval 0.13] [%clk 0:09:37] } 5... Bd7 { [%eval 0.18] [%clk 0:09:37] } 6.
Be2 { [%eval 0.24] [%clk 0:09:36] } 6... Na5 $2 { [%eval 1.32] [%clk 0:08:56] }
7. O-O $6 { [%eval 0.74] [%clk 0:09:30] } 7... c4
{ [%eval 1.14] [%clk 0:08:35] } 8. b4 { [%eval 1.28] [%clk 0:09:27] } 8... cxb3
{ [%eval 1.66] [%clk 0:08:28] } 9. axb3 { [%eval 1.68] [%clk 0:09:26] } 9... b5
{ [%eval 1.84] [%clk 0:08:26] } 10. Be3 { [%eval 1.67] [%clk 0:09:21] } 10...
Ne7 { [%eval 1.46] [%clk 0:08:21] } 11. Nbd2 { [%eval 1.48] [%clk 0:09:10] }
11... Nf5 { [%eval 1.34] [%clk 0:08:10] } 12. Bf4
{ [%eval 1.53] [%clk 0:09:09] } 12... Be7 { [%eval 1.67] [%clk 0:07:28] } 13.
Bd3 { [%eval 1.61] [%clk 0:09:07] } 13... O-O { [%eval 2.16] [%clk 0:07:24] }
14. Qe2 { [%eval 2.17] [%clk 0:09:06] } 14... Qb6
{ [%eval 2.76] [%clk 0:07:07] } 15. Ra2 $2 { [%eval 1.42] [%clk 0:08:56] }
15... b4 { [%eval 1.29] [%clk 0:06:48] } 16. c4 { [%eval 1.1] [%clk 0:08:39] }
16... dxc4 { [%eval 1.08] [%clk 0:06:08] } 17. bxc4
{ [%eval 1.24] [%clk 0:08:37] } 17... Nxd4 $6 { [%eval 1.92] [%clk 0:05:45] }
18. Nxd4 { [%eval 1.87] [%clk 0:08:35] } 18... Qxd4
{ [%eval 1.44] [%clk 0:05:45] } 19. Ne4 { [%eval 1.31] [%clk 0:08:02] } 19...
Nc6 $2 { [%eval 3.23] [%clk 0:04:58] } 20. Rd2 { [%eval 3.32] [%clk 0:07:21] }
20... Nxe5 { [%eval 3.59] [%clk 0:04:05] } 21. Nf6+
{ [%eval 3.51] [%clk 0:07:04] } 21... Bxf6 { [%eval 3.57] [%clk 0:03:31] } 22.
Bxh7+ { [%eval 3.48] [%clk 0:07:00] } 22... Kxh7
{ [%eval 3.46] [%clk 0:03:30] } 23. Rxd4 { [%eval 3.22] [%clk 0:06:57] } 23...
Nf3+ { [%eval 3.92] [%clk 0:03:11] } 24. Qxf3 { [%eval 3.89] [%clk 0:06:54] }
24... Bxd4 { [%eval 3.96] [%clk 0:03:10] } 25. Qd3+
{ [%eval 3.76] [%clk 0:06:53] } 25... Kg8 { [%eval 3.87] [%clk 0:03:08] } 26.
Qxd4 { [%eval 3.71] [%clk 0:06:52] } 26... Bc6 { [%eval 4.09] [%clk 0:03:00] }
27. Qc5 { [%eval 4.09] [%clk 0:06:51] } 27... a5 $2
{ [%eval 5.22] [%clk 0:02:31] } 28. Qxc6 { [%eval 5.16] [%clk 0:06:48] } 28...
a4 { [%eval 5.19] [%clk 0:02:30] } 29. Qb5 { [%eval 5.21] [%clk 0:06:45] }
29... b3 { [%eval 5.4] [%clk 0:02:24] } 30. c5 { [%eval 5.24] [%clk 0:06:44] }
30... Rfe8 { [%eval 5.58] [%clk 0:01:59] } 31. c6
{ [%eval 5.57] [%clk 0:06:28] } 31... e5 { [%eval 5.97] [%clk 0:01:54] } 32.
Bxe5 { [%eval 5.99] [%clk 0:06:27] } 32... a3 { [%eval 6.13] [%clk 0:01:53] }
33. c7 { [%eval 6.09] [%clk 0:06:14] } 33... b2 { [%eval 6.06] [%clk 0:01:29] }
34. Bxb2 { [%eval 6.07] [%clk 0:06:12] } 1-0"
Rated Rapid game,https://lichess.org/iWPT7YJ4,2024.08.01,-,lkijanovic,SorokhteiMykola,0-1,2024.08.01,08:44:30,1940,2005,,,C13,"French Defense: Classical Variation, Richter Attack",600+0,Normal,"1. e4 { [%clk 0:10:00] } 1... e6 { [%clk 0:10:00] } 2. d4 { [%clk 0:09:58] }
2... d5 { [%clk 0:09:57] } 3. Nc3 { [%clk 0:09:57] } 3... Nf6
{ [%clk 0:09:55] } 4. Bg5 { [%clk 0:09:53] } 4... Be7 { [%clk 0:09:52] } 5.
Bxf6 { [%clk 0:09:52] } 5... Bxf6 { [%clk 0:09:51] } 6. e5 { [%clk 0:09:51] }
6... Be7 { [%clk 0:09:48] } 7. Nce2 { [%clk 0:09:50] } 7... O-O
{ [%clk 0:09:47] } 8. Ng3 { [%clk 0:09:49] } 8... c5 { [%clk 0:09:43] } 9. c3
{ [%clk 0:09:48] } 9... cxd4 { [%clk 0:09:41] } 10. cxd4 { [%clk 0:09:46] }
10... Nc6 { [%clk 0:09:39] } 11. Nf3 { [%clk 0:09:45] } 11... Bb4+
{ [%clk 0:09:36] } 12. Ke2 { [%clk 0:09:31] } 12... Qb6 { [%clk 0:09:27] } 13.
Ke3 { [%clk 0:09:28] } 13... f6 { [%clk 0:09:22] } 14. a3 { [%clk 0:09:26] }
14... fxe5 { [%clk 0:09:20] } 15. axb4 { [%clk 0:09:21] } 15... e4
{ [%clk 0:09:12] } 16. Ne5 { [%clk 0:09:18] } 16... Nxe5 { [%clk 0:09:08] } 17.
Ra6 { [%clk 0:09:16] } 17... bxa6 { [%clk 0:09:05] } 0-1"
Rated Rapid game,https://lichess.org/yAvHBr9d,2024.08.01,-,Thepowerofdodo,pen-772,1-0,2024.08.01,08:44:30,1018,1035,,,A00,Mieses Opening: Reversed Rat,600+0,Time forfeit,"1. d3 { [%clk 0:10:00] } 1... e5 { [%clk 0:10:00] } 2. e3 { [%clk 0:09:59] }
2... Nc6 { [%clk 0:09:55] } 3. g3 { [%clk 0:09:51] } 3... d5 { [%clk 0:09:54] }
4. Bg2 { [%clk 0:09:50] } 4... d4 { [%clk 0:09:42] } 5. Nf3 { [%clk 0:09:47] }
5... dxe3 { [%clk 0:09:39] } 6. fxe3 { [%clk 0:09:43] } 6... Bc5
{ [%clk 0:09:30] } 7. O-O { [%clk 0:09:41] } 7... f5 { [%clk 0:09:27] } 8. b3
{ [%clk 0:09:29] } 8... f4 { [%clk 0:09:26] } 9. d4 { [%clk 0:09:14] } 9...
exd4 { [%clk 0:09:22] } 10. gxf4 { [%clk 0:09:02] } 10... dxe3
{ [%clk 0:09:13] } 11. Qxd8+ { [%clk 0:08:57] } 11... Nxd8 { [%clk 0:09:12] }
12. Re1 { [%clk 0:08:44] } 12... e2+ { [%clk 0:09:07] } 13. Kh1
{ [%clk 0:08:31] } 13... Be7 { [%clk 0:08:55] } 14. Rxe2 { [%clk 0:08:29] }
14... Be6 { [%clk 0:08:51] } 15. h3 { [%clk 0:08:22] } 15... Bf6
{ [%clk 0:08:50] } 16. f5 { [%clk 0:08:09] } 16... Bxa1 { [%clk 0:08:46] } 17.
fxe6 { [%clk 0:08:05] } 17... Ne7 { [%clk 0:08:45] } 18. Ng5 { [%clk 0:07:44] }
18... Bf6 { [%clk 0:08:23] } 19. Nf7 { [%clk 0:07:37] } 19... Nxf7
{ [%clk 0:08:22] } 20. exf7+ { [%clk 0:07:34] } 20... Kxf7 { [%clk 0:08:21] }
21. Na3 { [%clk 0:07:15] } 21... Rhd8 { [%clk 0:08:04] } 22. Bxb7
{ [%clk 0:06:19] } 22... Rab8 { [%clk 0:07:59] } 23. Be3 { [%clk 0:05:22] }
23... Be5 { [%clk 0:07:30] } 24. Be4 { [%clk 0:05:16] } 24... Rd1+
{ [%clk 0:07:27] } 25. Kg2 { [%clk 0:05:15] } 25... Rbd8 { [%clk 0:07:19] } 26.
Nc4 { [%clk 0:04:40] } 26... Bc3 { [%clk 0:06:45] } 27. Bf3 { [%clk 0:04:23] }
27... Nf5 { [%clk 0:06:35] } 28. Rf2 { [%clk 0:03:53] } 28... Nxe3+
{ [%clk 0:06:27] } 29. Kg3 { [%clk 0:03:47] } 29... Nxc4 { [%clk 0:06:24] } 30.
Bxd1+ { [%clk 0:03:30] } 30... Ke7 { [%clk 0:06:17] } 31. Re2+
{ [%clk 0:03:21] } 31... Be5+ { [%clk 0:06:15] } 32. Kg2 { [%clk 0:03:11] }
32... Rd2 { [%clk 0:06:06] } 33. bxc4 { [%clk 0:03:05] } 33... Rxe2+
{ [%clk 0:06:00] } 34. Bxe2 { [%clk 0:03:04] } 34... Kd6 { [%clk 0:05:57] } 35.
Bd3 { [%clk 0:02:59] } 35... c5 { [%clk 0:05:53] } 36. Bxh7 { [%clk 0:02:57] }
36... g5 { [%clk 0:05:51] } 37. a4 { [%clk 0:02:54] } 1-0"
Rated Rapid game,https://lichess.org/DtILEaJ6,2024.08.01,-,maybelinns,vovaleoking,1-0,2024.08.01,08:44:30,1106,1156,,,B15,Caro-Kann Defense,600+0,Normal,"1. d4 { [%clk 0:10:00] } 1... d5 { [%clk 0:10:00] } 2. e4 { [%clk 0:09:57] }
2... c6 { [%clk 0:09:58] } 3. Nc3 { [%clk 0:09:55] } 3... e6 { [%clk 0:09:54] }
4. exd5 { [%clk 0:09:49] } 4... exd5 { [%clk 0:09:37] } 5. Nf3
{ [%clk 0:09:42] } 5... Nf6 { [%clk 0:09:33] } 6. Bg5 { [%clk 0:09:40] } 6...
Be7 { [%clk 0:09:16] } 7. Ne5 { [%clk 0:09:38] } 7... O-O { [%clk 0:09:04] } 8.
Bd3 { [%clk 0:09:33] } 8... h6 { [%clk 0:08:49] } 9. Bxf6 { [%clk 0:09:29] }
9... Bxf6 { [%clk 0:08:48] } 10. h4 { [%clk 0:09:06] } 10... Nd7
{ [%clk 0:08:19] } 11. g4 { [%clk 0:08:55] } 11... Nxe5 { [%clk 0:08:14] } 12.
dxe5 { [%clk 0:08:49] } 12... Bxe5 { [%clk 0:08:12] } 13. g5 { [%clk 0:08:45] }
13... hxg5 { [%clk 0:07:49] } 14. hxg5 { [%clk 0:08:42] } 14... Qxg5
{ [%clk 0:07:48] } 15. Qe2 { [%clk 0:08:28] } 15... f6 { [%clk 0:07:45] } 16.
Ne4 { [%clk 0:08:20] } 16... dxe4 { [%clk 0:07:31] } 17. Qxe4
{ [%clk 0:08:15] } 17... Bd7 { [%clk 0:06:30] } 18. Bc4+ { [%clk 0:08:02] }
18... Rf7 { [%clk 0:06:09] } 19. Qh7+ { [%clk 0:07:51] } 19... Kf8
{ [%clk 0:05:55] } 20. Qh8+ { [%clk 0:07:45] } 20... Ke7 { [%clk 0:05:53] } 21.
Qxa8 { [%clk 0:07:30] } 21... Bxb2 { [%clk 0:05:47] } 22. Rd1
{ [%clk 0:07:16] } 22... Bc3+ { [%clk 0:05:18] } 23. Kf1 { [%clk 0:07:09] }
23... Qg2+ { [%clk 0:05:01] } 24. Kxg2 { [%clk 0:07:05] } 1-0"
Rated Rapid game,https://lichess.org/xH5DRBfj,2024.08.01,-,AdvocatFox,MAKC15,0-1,2024.08.01,08:44:30,1868,1873,,,B21,Sicilian Defense: McDonnell Attack,600+0,Time forfeit,"1. e4 { [%clk 0:10:00] } 1... c5 { [%clk 0:10:00] } 2. f4 { [%clk 0:09:58] }
2... Nc6 { [%clk 0:09:59] } 3. Nf3 { [%clk 0:09:56] } 3... e6
{ [%clk 0:09:59] } 4. Be2 { [%clk 0:09:55] } 4... Be7 { [%clk 0:09:58] } 5. O-O
{ [%clk 0:09:53] } 5... Nf6 { [%clk 0:09:57] } 6. d3 { [%clk 0:09:51] } 6...
O-O { [%clk 0:09:56] } 7. c4 { [%clk 0:09:46] } 7... a6 { [%clk 0:09:37] } 8.
Nc3 { [%clk 0:09:43] } 8... Nd4 { [%clk 0:09:15] } 9. Nxd4 { [%clk 0:09:41] }
9... cxd4 { [%clk 0:09:15] } 10. Nb1 { [%clk 0:09:30] } 10... Rb8
{ [%clk 0:09:11] } 11. e5 { [%clk 0:09:25] } 11... Ne8 { [%clk 0:09:09] } 12.
Qe1 { [%clk 0:09:09] } 12... d6 { [%clk 0:09:07] } 13. Bf3 { [%clk 0:08:35] }
13... Qc7 { [%clk 0:09:04] } 14. Nd2 { [%clk 0:08:18] } 14... b5
{ [%clk 0:09:03] } 15. cxb5 { [%clk 0:08:09] } 15... axb5 { [%clk 0:09:02] }
16. Nb3 { [%clk 0:08:04] } 16... Qb6 { [%clk 0:08:53] } 17. Kh1
{ [%clk 0:07:54] } 17... f6 { [%clk 0:08:51] } 18. Qb4 { [%clk 0:07:36] } 18...
fxe5 { [%clk 0:08:37] } 19. fxe5 { [%clk 0:07:30] } 19... Rf7
{ [%clk 0:08:19] } 20. exd6 { [%clk 0:07:13] } 20... Bxd6 { [%clk 0:08:18] }
21. Qxd4 { [%clk 0:07:07] } 21... Bc5 { [%clk 0:08:16] } 22. Qxc5
{ [%clk 0:06:56] } 22... Qa6 { [%clk 0:08:10] } 23. Be3 { [%clk 0:06:37] }
23... Nf6 { [%clk 0:08:07] } 24. Qe5 { [%clk 0:06:26] } 24... Nd7
{ [%clk 0:07:48] } 25. Qg3 { [%clk 0:06:09] } 25... Bb7 { [%clk 0:07:46] } 26.
Be2 { [%clk 0:05:53] } 26... Rbf8 { [%clk 0:07:29] } 27. Rxf7
{ [%clk 0:05:43] } 27... Rxf7 { [%clk 0:07:28] } 28. a3 { [%clk 0:05:30] }
28... Rf6 { [%clk 0:07:27] } 29. Bd4 { [%clk 0:05:17] } 29... Rg6
{ [%clk 0:07:26] } 30. Bg4 { [%clk 0:04:46] } 30... h5 { [%clk 0:07:18] } 31.
Qc7 { [%clk 0:03:36] } 31... Bxg2+ { [%clk 0:07:02] } 32. Kxg2
{ [%clk 0:03:30] } 32... Rxg4+ { [%clk 0:06:59] } 33. Kf2 { [%clk 0:03:19] }
33... Nf6 { [%clk 0:06:37] } 34. Bxf6 { [%clk 0:03:07] } 34... Rf4+
{ [%clk 0:06:35] } 35. Ke3 { [%clk 0:02:55] } 35... Rxf6 { [%clk 0:06:34] } 36.
Rg1 { [%clk 0:02:46] } 36... Rf7 { [%clk 0:06:29] } 37. Qc5 { [%clk 0:02:27] }
37... Qb7 { [%clk 0:06:09] } 38. Kd2 { [%clk 0:02:07] } 38... Rf5
{ [%clk 0:05:14] } 39. Qd4 { [%clk 0:01:56] } 39... Qc7 { [%clk 0:04:57] } 40.
Rg2 { [%clk 0:01:29] } 40... Rd5 { [%clk 0:04:21] } 41. Qc3 { [%clk 0:01:15] }
41... Qf4+ { [%clk 0:04:18] } 42. Ke1 { [%clk 0:00:55] } 42... Re5+
{ [%clk 0:04:11] } 43. Re2 { [%clk 0:00:48] } 43... Qh4+ { [%clk 0:03:47] } 44.
Kd1 { [%clk 0:00:41] } 44... Rxe2 { [%clk 0:03:45] } 45. Kxe2
{ [%clk 0:00:39] } 45... Qxh2+ { [%clk 0:03:44] } 46. Kd1 { [%clk 0:00:35] }
46... Qg1+ { [%clk 0:03:32] } 47. Kc2 { [%clk 0:00:34] } 47... h4
{ [%clk 0:03:26] } 48. Qc8+ { [%clk 0:00:26] } 48... Kh7 { [%clk 0:03:25] } 49.
Qxe6 { [%clk 0:00:23] } 49... Qg2+ { [%clk 0:03:23] } 50. Nd2
{ [%clk 0:00:20] } 50... h3 { [%clk 0:03:22] } 51. Qe4+ { [%clk 0:00:16] }
51... Qxe4 { [%clk 0:03:19] } 52. Nxe4 { [%clk 0:00:11] } 52... h2
{ [%clk 0:03:18] } 53. Ng3 { [%clk 0:00:10] } 53... Kh6 { [%clk 0:03:16] } 54.
Kd2 { [%clk 0:00:10] } 54... Kg5 { [%clk 0:03:15] } 55. Ke2 { [%clk 0:00:10] }
55... Kg4 { [%clk 0:03:14] } 56. Kf2 { [%clk 0:00:10] } 56... Kh3
{ [%clk 0:03:12] } 57. Nh1 { [%clk 0:00:09] } 57... g5 { [%clk 0:03:11] } 58.
d4 { [%clk 0:00:07] } 58... Kg4 { [%clk 0:03:09] } 59. d5 { [%clk 0:00:07] }
59... Kf5 { [%clk 0:03:08] } 60. d6 { [%clk 0:00:07] } 60... Ke6
{ [%clk 0:03:07] } 61. d7 { [%clk 0:00:07] } 61... Kxd7 { [%clk 0:03:06] } 62.
b4 { [%clk 0:00:04] } 62... Kd6 { [%clk 0:03:05] } 63. Kg2 { [%clk 0:00:04] }
63... Kd5 { [%clk 0:03:04] } 64. Kxh2 { [%clk 0:00:04] } 64... Kc4
{ [%clk 0:03:03] } 65. Kg3 { [%clk 0:00:04] } 65... Kb3 { [%clk 0:03:03] } 66.
Kg4 { [%clk 0:00:04] } 66... Kxa3 { [%clk 0:03:02] } 67. Kxg5
{ [%clk 0:00:04] } 67... Kxb4 { [%clk 0:03:01] } 68. Nf2 { [%clk 0:00:03] }
68... Kc4 { [%clk 0:03:01] } 69. Nd1 { [%clk 0:00:02] } 69... b4
{ [%clk 0:03:00] } 70. Kf4 { [%clk 0:00:02] } 70... b3 { [%clk 0:02:57] } 71.
Ke3 { [%clk 0:00:02] } 71... Kb4 { [%clk 0:02:55] } 72. Kd2 { [%clk 0:00:00] }
72... Ka3 { [%clk 0:02:54] } 0-1"
Rated Rapid game,https://lichess.org/Avj6zjTH,2024.08.01,-,pratheeshN,jamalirani,0-1,2024.08.01,08:44:30,1295,1286,,,A40,Mikenas Defense,600+0,Time forfeit,"1. d4 { [%clk 0:10:00] } 1... Nc6 { [%clk 0:10:00] } 2. e3 { [%clk 0:09:52] }
2... Nb8 { [%clk 0:09:47] } 3. Bc4 { [%clk 0:09:32] } 3... d6
{ [%clk 0:09:32] } 4. h3 { [%clk 0:08:55] } 4... e6 { [%clk 0:09:24] } 5. Nc3
{ [%clk 0:08:32] } 5... d5 { [%clk 0:09:13] } 6. Bb5+ { [%clk 0:08:09] } 6...
c6 { [%clk 0:09:09] } 7. Ba4 { [%clk 0:08:06] } 7... b5 { [%clk 0:09:07] } 8.
Bb3 { [%clk 0:08:03] } 8... b4 { [%clk 0:09:06] } 9. Nce2 { [%clk 0:07:46] }
9... c5 { [%clk 0:08:51] } 10. dxc5 { [%clk 0:07:40] } 10... Bxc5
{ [%clk 0:08:49] } 11. Qd2 { [%clk 0:07:27] } 11... Nf6 { [%clk 0:08:37] } 12.
Qd3 { [%clk 0:07:19] } 12... O-O { [%clk 0:07:55] } 13. Bd2 { [%clk 0:07:02] }
13... Na6 { [%clk 0:07:49] } 14. c3 { [%clk 0:06:38] } 14... Nb8
{ [%clk 0:07:43] } 15. cxb4 { [%clk 0:06:32] } 15... Ba6 { [%clk 0:07:42] } 16.
Qc3 { [%clk 0:05:59] } 16... Be7 { [%clk 0:07:32] } 17. Bc2 { [%clk 0:04:59] }
17... Qb6 { [%clk 0:07:19] } 18. f3 { [%clk 0:04:48] } 18... Qb5
{ [%clk 0:07:17] } 19. O-O-O { [%clk 0:04:23] } 19... Qc6 { [%clk 0:06:12] }
20. a4 { [%clk 0:04:03] } 20... Qxc3 { [%clk 0:05:51] } 21. Bxc3
{ [%clk 0:03:47] } 21... Bxe2 { [%clk 0:05:22] } 22. Nxe2 { [%clk 0:03:44] }
22... Nc6 { [%clk 0:05:16] } 23. Bxf6 { [%clk 0:03:39] } 23... Bxf6
{ [%clk 0:05:13] } 24. b5 { [%clk 0:03:34] } 24... Nb4 { [%clk 0:05:11] } 25.
Kb1 { [%clk 0:03:11] } 25... Rac8 { [%clk 0:05:07] } 26. Rc1 { [%clk 0:02:45] }
26... d4 { [%clk 0:05:03] } 27. Nxd4 { [%clk 0:02:38] } 27... Bxd4
{ [%clk 0:04:59] } 28. exd4 { [%clk 0:02:35] } 28... Nd5 { [%clk 0:04:58] } 29.
Bb3 { [%clk 0:02:23] } 29... Rxc1+ { [%clk 0:04:54] } 30. Rxc1
{ [%clk 0:02:17] } 30... Ne3 { [%clk 0:04:51] } 31. g4 { [%clk 0:02:09] } 31...
Ng2 { [%clk 0:04:40] } 32. Rc7 { [%clk 0:01:49] } 32... a5 { [%clk 0:04:33] }
33. Ra7 { [%clk 0:01:45] } 33... Nh4 { [%clk 0:04:22] } 34. f4
{ [%clk 0:01:37] } 34... Ng2 { [%clk 0:04:17] } 35. f5 { [%clk 0:01:27] } 35...
exf5 { [%clk 0:04:16] } 36. gxf5 { [%clk 0:01:24] } 36... Nh4
{ [%clk 0:04:11] } 37. Bc2 { [%clk 0:01:15] } 37... Rd8 { [%clk 0:04:05] } 38.
b3 { [%clk 0:00:54] } 38... g6 { [%clk 0:03:55] } 39. f6 { [%clk 0:00:46] }
39... Nf3 { [%clk 0:03:46] } 40. d5 { [%clk 0:00:39] } 40... h5
{ [%clk 0:03:31] } 41. Rxa5 { [%clk 0:00:33] } 41... Ne5 { [%clk 0:03:10] } 42.
Ra6 { [%clk 0:00:21] } 42... Kh7 { [%clk 0:02:54] } 43. Be4 { [%clk 0:00:18] }
43... Rd7 { [%clk 0:01:55] } 44. b6 { [%clk 0:00:14] } 44... Rd8
{ [%clk 0:01:53] } 45. b7 { [%clk 0:00:06] } 45... Kh6 { [%clk 0:01:45] } 46.
Rb6 { [%clk 0:00:03] } 46... Nd7 { [%clk 0:01:37] } 0-1"
Rated Rapid game,https://lichess.org/055Ix1JE,2024.08.01,-,Jan-van-schaken,Huevon,0-1,2024.08.01,08:44:30,2205,2274,,,A84,Dutch Defense: Rubinstein Variation,600+0,Normal,"1. d4 { [%eval 0.16] [%clk 0:10:00] } 1... e6 { [%eval 0.3] [%clk 0:10:00] } 2.
c4 { [%eval 0.17] [%clk 0:09:59] } 2... f5 { [%eval 0.48] [%clk 0:09:59] } 3.
Nc3 { [%eval 0.38] [%clk 0:09:58] } 3... Nf6 { [%eval 0.41] [%clk 0:09:59] } 4.
g3 { [%eval 0.4] [%clk 0:09:57] } 4... Bb4 { [%eval 0.37] [%clk 0:09:58] } 5.
Bg2 { [%eval 0.42] [%clk 0:09:57] } 5... Bxc3+ { [%eval 0.28] [%clk 0:09:57] }
6. bxc3 { [%eval 0.31] [%clk 0:09:57] } 6... O-O
{ [%eval 0.36] [%clk 0:09:57] } 7. Nh3 { [%eval 0.35] [%clk 0:09:55] } 7... d6
{ [%eval 0.39] [%clk 0:09:56] } 8. O-O { [%eval 0.19] [%clk 0:09:55] } 8... Qe8
{ [%eval 0.53] [%clk 0:09:54] } 9. Qc2 { [%eval 0.31] [%clk 0:09:54] } 9... Nc6
{ [%eval 0.31] [%clk 0:09:52] } 10. f3 $6 { [%eval -0.6] [%clk 0:09:52] } 10...
b6 { [%eval -0.46] [%clk 0:09:49] } 11. Nf2 { [%eval -0.65] [%clk 0:09:52] }
11... Bb7 { [%eval -0.46] [%clk 0:09:48] } 12. a4
{ [%eval -0.92] [%clk 0:09:50] } 12... a5 $2 { [%eval 0.19] [%clk 0:09:47] }
13. Bd2 $6 { [%eval -0.48] [%clk 0:09:43] } 13... Nb8
{ [%eval -0.32] [%clk 0:09:42] } 14. Rae1 { [%eval -0.51] [%clk 0:09:42] }
14... Nbd7 { [%eval -0.55] [%clk 0:09:41] } 15. e4
{ [%eval -0.59] [%clk 0:09:40] } 15... fxe4 { [%eval -0.61] [%clk 0:09:40] }
16. fxe4 { [%eval -0.55] [%clk 0:09:40] } 16... e5
{ [%eval -0.69] [%clk 0:09:39] } 17. Qb3 { [%eval -0.66] [%clk 0:09:29] } 17...
Kh8 { [%eval -0.97] [%clk 0:09:37] } 18. Qd1 $6
{ [%eval -1.86] [%clk 0:09:04] } 18... Qg6 $2 { [%eval -0.72] [%clk 0:09:29] }
19. Qe2 { [%eval -0.86] [%clk 0:08:57] } 19... Ba6
{ [%eval -0.67] [%clk 0:09:27] } 20. Bh3 $2 { [%eval -1.8] [%clk 0:08:31] }
20... Qf7 { [%eval -1.89] [%clk 0:09:05] } 21. d5
{ [%eval -1.85] [%clk 0:08:25] } 21... Nc5 { [%eval -1.82] [%clk 0:09:03] } 22.
Ra1 { [%eval -2.32] [%clk 0:08:20] } 22... Bc8 $6
{ [%eval -1.55] [%clk 0:08:53] } 23. Bg2 $6 { [%eval -2.28] [%clk 0:08:19] }
23... Bd7 { [%eval -2.53] [%clk 0:08:50] } 24. Bg5
{ [%eval -3.07] [%clk 0:08:05] } 24... Bxa4 $2 { [%eval -1.5] [%clk 0:08:41] }
25. Bxf6 { [%eval -1.57] [%clk 0:08:02] } 25... gxf6
{ [%eval -1.49] [%clk 0:08:13] } 26. Ng4 $6 { [%eval -2.29] [%clk 0:08:00] }
26... Qg7 { [%eval -1.93] [%clk 0:07:58] } 27. Ne3
{ [%eval -1.83] [%clk 0:07:57] } 27... Bd7 { [%eval -1.85] [%clk 0:07:56] } 28.
Nf5 { [%eval -1.74] [%clk 0:07:39] } 28... Bxf5
{ [%eval -1.64] [%clk 0:07:54] } 29. Rxf5 { [%eval -1.75] [%clk 0:07:39] }
29... Rf7 { [%eval -1.17] [%clk 0:07:41] } 30. Bf3
{ [%eval -1.46] [%clk 0:07:36] } 30... Qh6 $6 { [%eval -0.67] [%clk 0:07:34] }
31. Rf1 { [%eval -1.06] [%clk 0:07:31] } 31... Raf8 $6
{ [%eval -0.44] [%clk 0:07:25] } 32. Bh5 $6 { [%eval -1.22] [%clk 0:07:29] }
32... Rg7 { [%eval -1.33] [%clk 0:07:21] } 33. Qf3
{ [%eval -1.64] [%clk 0:07:18] } 33... Rg5 { [%eval -1.42] [%clk 0:07:15] } 34.
g4 $4 { [%eval -5.64] [%clk 0:06:49] } 34... Rxf5 $2
{ [%eval -3.94] [%clk 0:07:12] } 35. Qxf5 { [%eval -4.85] [%clk 0:06:41] }
35... Qe3+ { [%eval -4.75] [%clk 0:07:00] } 36. Kh1
{ [%eval -5.16] [%clk 0:06:30] } 36... Qxe4+ { [%eval -5.13] [%clk 0:06:58] }
37. Kg1 { [%eval -5.23] [%clk 0:06:28] } 37... Qxf5
{ [%eval -5.21] [%clk 0:06:56] } 38. gxf5 { [%eval -4.95] [%clk 0:06:28] } 0-1"
Rated Rapid game,https://lichess.org/KIrR2kCQ,2024.08.01,-,Apj001,AnindyaN86,1-0,2024.08.01,08:44:32,1967,1985,,,B50,Sicilian Defense: Modern Variations,600+0,Normal,"1. e4 { [%eval 0.15] [%clk 0:10:00] } 1... c5 { [%eval 0.25] [%clk 0:10:00] }
2. Nf3 { [%eval 0.22] [%clk 0:09:59] } 2... d6 { [%eval 0.26] [%clk 0:09:58] }
3. Bc4 { [%eval 0.0] [%clk 0:09:56] } 3... Bd7 { [%eval 0.43] [%clk 0:09:54] }
4. O-O { [%eval 0.46] [%clk 0:09:55] } 4... e6 { [%eval 0.5] [%clk 0:09:52] }
5. Nc3 { [%eval 0.18] [%clk 0:09:49] } 5... Nf6 { [%eval 0.21] [%clk 0:09:49] }
6. d4 { [%eval 0.26] [%clk 0:09:37] } 6... cxd4 { [%eval 0.31] [%clk 0:09:47] }
7. Nxd4 { [%eval 0.1] [%clk 0:09:34] } 7... Nc6 { [%eval 0.23] [%clk 0:09:45] }
8. Bg5 { [%eval -0.13] [%clk 0:09:25] } 8... Nxd4
{ [%eval 0.14] [%clk 0:09:41] } 9. Qxd4 { [%eval 0.07] [%clk 0:09:23] } 9...
Be7 { [%eval 0.51] [%clk 0:09:17] } 10. Rad1 { [%eval 0.1] [%clk 0:09:12] }
10... d5 $4 { [%eval 3.27] [%clk 0:09:07] } 11. exd5
{ [%eval 3.42] [%clk 0:09:06] } 11... exd5 $2 { [%eval 5.04] [%clk 0:09:06] }
12. Bxd5 { [%eval 4.18] [%clk 0:08:34] } 12... Nxd5 $2
{ [%eval 5.49] [%clk 0:09:02] } 13. Nxd5 { [%eval 5.62] [%clk 0:08:26] } 13...
Bxg5 { [%eval 5.95] [%clk 0:08:59] } 14. Qxg7 { [%eval 5.85] [%clk 0:08:20] }
1-0"
Rated Rapid game,https://lichess.org/SurDe1hY,2024.08.01,-,deptraim7,MTM5YmluZA,0-1,2024.08.01,08:44:32,1564,1574,,,B10,Caro-Kann Defense,600+0,Normal,"1. e4 { [%eval 0.15] [%clk 0:10:00] } 1... c6 { [%eval 0.26] [%clk 0:10:00] }
2. Nf3 { [%eval 0.33] [%clk 0:09:58] } 2... d5 { [%eval 0.27] [%clk 0:10:00] }
3. e5 { [%eval 0.22] [%clk 0:09:53] } 3... Bg4 { [%eval 0.18] [%clk 0:09:58] }
4. d4 { [%eval 0.17] [%clk 0:09:51] } 4... c5 { [%eval 0.51] [%clk 0:09:57] }
5. c3 { [%eval 0.12] [%clk 0:09:49] } 5... cxd4 { [%eval 0.26] [%clk 0:09:56] }
6. cxd4 { [%eval 0.03] [%clk 0:09:47] } 6... Nc6 { [%eval 0.0] [%clk 0:09:55] }
7. Be3 { [%eval 0.0] [%clk 0:09:43] } 7... e6 { [%eval 0.0] [%clk 0:09:46] } 8.
Be2 { [%eval -0.12] [%clk 0:09:35] } 8... Nge7 { [%eval -0.15] [%clk 0:09:43] }
9. Qb3 $6 { [%eval -0.81] [%clk 0:09:33] } 9... Qc7 $6
{ [%eval -0.11] [%clk 0:09:33] } 10. Nc3 { [%eval -0.44] [%clk 0:09:26] } 10...
Nf5 { [%eval -0.44] [%clk 0:09:31] } 11. h3 $2 { [%eval -2.44] [%clk 0:09:22] }
11... Bxf3 { [%eval -2.66] [%clk 0:09:25] } 12. Bxf3
{ [%eval -2.76] [%clk 0:09:19] } 12... Nfxd4 { [%eval -2.77] [%clk 0:09:23] }
13. Bxd4 { [%eval -2.78] [%clk 0:09:09] } 13... Nxd4
{ [%eval -2.83] [%clk 0:09:22] } 14. Qd1 $6 { [%eval -3.69] [%clk 0:09:07] }
14... Qxe5+ { [%eval -3.57] [%clk 0:09:15] } 15. Be2
{ [%eval -4.16] [%clk 0:09:00] } 15... Bb4 { [%eval -3.81] [%clk 0:09:10] } 16.
O-O { [%eval -3.82] [%clk 0:08:46] } 16... Nxe2+
{ [%eval -3.83] [%clk 0:08:58] } 17. Nxe2 { [%eval -3.81] [%clk 0:08:42] }
17... O-O { [%eval -3.8] [%clk 0:08:54] } 18. Qb3
{ [%eval -3.93] [%clk 0:08:37] } 18... Qxe2 { [%eval -3.3] [%clk 0:08:46] } 19.
Qxb4 { [%eval -3.35] [%clk 0:08:36] } 19... b6 { [%eval -3.21] [%clk 0:08:39] }
20. b3 { [%eval -3.51] [%clk 0:08:32] } 20... Qe5
{ [%eval -3.29] [%clk 0:08:29] } 21. Rfe1 { [%eval -3.53] [%clk 0:08:28] }
21... Qc7 { [%eval -3.31] [%clk 0:08:27] } 22. a4
{ [%eval -3.46] [%clk 0:08:22] } 22... a5 { [%eval -3.3] [%clk 0:08:25] } 23.
Qd4 { [%eval -3.26] [%clk 0:08:15] } 23... Rab8
{ [%eval -2.81] [%clk 0:08:16] } 24. Rab1 { [%eval -3.08] [%clk 0:08:03] }
24... b5 { [%eval -2.81] [%clk 0:08:11] } 25. Qd3 $6
{ [%eval -3.64] [%clk 0:07:46] } 25... bxa4 { [%eval -3.75] [%clk 0:08:07] }
26. bxa4 { [%eval -3.67] [%clk 0:07:45] } 26... Rxb1
{ [%eval -3.39] [%clk 0:08:05] } 27. Rxb1 { [%eval -3.2] [%clk 0:07:44] } 27...
Rb8 { [%eval -2.67] [%clk 0:08:02] } 28. Rc1 $4
{ [%eval -6.32] [%clk 0:07:38] } 28... Qxc1+ { [%eval -6.25] [%clk 0:08:00] }
0-1"
Rated Rapid game,https://lichess.org/gsN6aLnw,2024.08.01,-,spaceshield,bajingteng,0-1,2024.08.01,08:44:32,1327,1362,,,C50,Italian Game,600+0,Normal,"1. e4 { [%clk 0:10:00] } 1... e5 { [%clk 0:10:00] } 2. Nf3 { [%clk 0:10:00] }
2... Nc6 { [%clk 0:09:58] } 3. Bc4 { [%clk 0:09:59] } 3... Bb4
{ [%clk 0:09:52] } 4. c3 { [%clk 0:09:40] } 4... Ba5 { [%clk 0:09:47] } 5. d3
{ [%clk 0:09:38] } 5... Nf6 { [%clk 0:09:45] } 6. Ng5 { [%clk 0:09:36] } 6...
O-O { [%clk 0:09:33] } 7. Nd2 { [%clk 0:09:21] } 7... h6 { [%clk 0:09:31] } 8.
Nh3 { [%clk 0:09:19] } 8... a6 { [%clk 0:09:16] } 9. Nf3 { [%clk 0:08:32] }
9... b5 { [%clk 0:09:15] } 10. Bb3 { [%clk 0:08:30] } 10... b4
{ [%clk 0:09:01] } 11. Be3 { [%clk 0:08:21] } 11... bxc3 { [%clk 0:08:51] } 12.
bxc3 { [%clk 0:08:13] } 12... Bxc3+ { [%clk 0:08:47] } 0-1"
Rated Rapid game,https://lichess.org/HnVTYYT0,2024.08.01,-,DelStewart,Aidaulet,0-1,2024.08.01,08:44:32,2065,1992,,,C30,King's Gambit Declined: Queen's Knight Defense,600+0,Normal,"1. e4 { [%clk 0:10:00] } 1... e5 { [%clk 0:10:00] } 2. f4 { [%clk 0:09:58] }
2... Nc6 { [%clk 0:09:58] } 3. Bc4 { [%clk 0:09:56] } 3... Bc5
{ [%clk 0:09:48] } 4. Nf3 { [%clk 0:09:51] } 4... f5 { [%clk 0:09:43] } 5. exf5
{ [%clk 0:09:24] } 5... d5 { [%clk 0:09:40] } 6. Bb5 { [%clk 0:09:09] } 6...
Bxf5 { [%clk 0:09:29] } 7. fxe5 { [%clk 0:08:56] } 7... Ne7 { [%clk 0:09:13] }
8. d4 { [%clk 0:08:49] } 8... Bb6 { [%clk 0:09:08] } 9. O-O { [%clk 0:08:19] }
9... O-O { [%clk 0:09:06] } 10. c3 { [%clk 0:08:11] } 10... a6
{ [%clk 0:08:58] } 11. Bd3 { [%clk 0:07:59] } 11... Bg4 { [%clk 0:08:53] } 12.
Kh1 { [%clk 0:07:48] } 12... Nf5 { [%clk 0:08:31] } 13. Qc2 { [%clk 0:07:13] }
13... g6 { [%clk 0:08:13] } 14. Ng5 { [%clk 0:06:09] } 14... Ng7
{ [%clk 0:07:39] } 15. h3 { [%clk 0:05:10] } 15... Bf5 { [%clk 0:07:32] } 16.
Bf4 { [%clk 0:04:12] } 16... Bxd3 { [%clk 0:07:25] } 17. Qxd3
{ [%clk 0:04:08] } 17... Rxf4 { [%clk 0:07:19] } 18. Rxf4 { [%clk 0:03:54] }
18... Qxg5 { [%clk 0:07:17] } 19. Rf1 { [%clk 0:03:22] } 19... Nf5
{ [%clk 0:07:14] } 20. Kh2 { [%clk 0:03:14] } 20... Nce7 { [%clk 0:07:10] } 21.
Nd2 { [%clk 0:03:09] } 21... c6 { [%clk 0:07:08] } 22. Rae1 { [%clk 0:02:51] }
22... Bc7 { [%clk 0:06:59] } 23. g4 { [%clk 0:02:32] } 23... Nh6
{ [%clk 0:05:14] } 24. Qf3 { [%clk 0:01:54] } 24... Qxd2+ { [%clk 0:04:59] }
25. Re2 { [%clk 0:01:41] } 25... Qg5 { [%clk 0:04:56] } 26. Kg3
{ [%clk 0:01:36] } 26... Nhf5+ { [%clk 0:04:51] } 0-1"
Rated Rapid game,https://lichess.org/Uy7VmH5L,2024.08.01,-,Alex_k78,soloknight007,1-0,2024.08.01,08:44:32,1058,1145,,,B00,Barnes Defense,600+0,Normal,"1. e4 { [%clk 0:10:00] } 1... f6 { [%clk 0:10:00] } 2. Qf3 { [%clk 0:09:59] }
2... e5 { [%clk 0:09:59] } 3. Bc4 { [%clk 0:09:58] } 3... c6 { [%clk 0:09:56] }
4. Qh5+ { [%clk 0:09:57] } 4... g6 { [%clk 0:09:54] } 5. Qf3 { [%clk 0:09:55] }
5... Ne7 { [%clk 0:09:48] } 6. Qxf6 { [%clk 0:09:51] } 6... Rg8
{ [%clk 0:09:42] } 7. Qf7# { [%clk 0:09:49] } 1-0"
Rated Rapid game,https://lichess.org/LW6gGH3y,2024.08.01,-,MAKSIM_2001,saeedap51,1-0,2024.08.01,08:44:32,1346,1347,,,A04,Zukertort Opening: Queen's Gambit Invitation,600+0,Normal,"1. Nf3 { [%clk 0:10:00] } 1... e6 { [%clk 0:10:00] } 2. g3 { [%clk 0:09:59] }
2... Qf6 { [%clk 0:09:57] } 3. Bg2 { [%clk 0:09:57] } 3... Bc5
{ [%clk 0:09:54] } 4. O-O { [%clk 0:09:55] } 4... Nc6 { [%clk 0:09:52] } 5. Nc3
{ [%clk 0:09:53] } 5... b6 { [%clk 0:09:51] } 6. b3 { [%clk 0:09:52] } 6... Bb7
{ [%clk 0:09:50] } 7. Bb2 { [%clk 0:09:52] } 7... O-O-O { [%clk 0:09:41] } 8.
e3 { [%clk 0:09:46] } 8... d5 { [%clk 0:09:26] } 9. d4 { [%clk 0:09:43] } 9...
Bb4 { [%clk 0:09:24] } 10. Na4 { [%clk 0:09:35] } 10... Re8 { [%clk 0:09:07] }
11. c3 { [%clk 0:08:48] } 11... Bd6 { [%clk 0:08:56] } 12. b4
{ [%clk 0:08:38] } 12... Be5 { [%clk 0:08:50] } 13. Nxe5 { [%clk 0:08:33] }
13... Nxe5 { [%clk 0:08:48] } 14. dxe5 { [%clk 0:08:29] } 14... Qxe5
{ [%clk 0:08:45] } 15. c4 { [%clk 0:08:27] } 15... Qf5 { [%clk 0:08:37] } 16.
cxd5 { [%clk 0:08:22] } 16... exd5 { [%clk 0:08:32] } 17. Bxg7
{ [%clk 0:08:19] } 17... Nf6 { [%clk 0:08:19] } 18. Bxh8 { [%clk 0:08:13] }
18... Rxh8 { [%clk 0:08:18] } 19. b5 { [%clk 0:08:10] } 19... Ng4
{ [%clk 0:08:05] } 20. Nc3 { [%clk 0:08:05] } 20... Qh5 { [%clk 0:08:00] } 21.
h3 { [%clk 0:07:54] } 21... Ne5 { [%clk 0:07:54] } 22. Qxh5 { [%clk 0:07:47] }
1-0"
Rated Rapid game,https://lichess.org/PXzssQVb,2024.08.01,-,KING0527,MR_Gritsun,1-0,2024.08.01,08:44:32,825,818,,,C50,Italian Game: Paris Defense,600+0,Normal,"1. e4 { [%clk 0:10:00] } 1... e5 { [%clk 0:10:00] } 2. Nf3 { [%clk 0:09:59] }
2... Nc6 { [%clk 0:09:57] } 3. Bc4 { [%clk 0:09:56] } 3... d6
{ [%clk 0:09:54] } 4. h3 { [%clk 0:09:54] } 4... Nb4 { [%clk 0:09:47] } 5. Nc3
{ [%clk 0:09:53] } 5... Nf6 { [%clk 0:09:32] } 6. d3 { [%clk 0:09:51] } 6... g5
{ [%clk 0:09:16] } 7. Bxg5 { [%clk 0:09:40] } 7... a6 { [%clk 0:08:58] } 8. Nd5
{ [%clk 0:09:38] } 8... Nbxd5 { [%clk 0:08:48] } 9. Bxd5 { [%clk 0:09:35] }
9... c6 { [%clk 0:08:43] } 10. Bxf6 { [%clk 0:09:33] } 10... Qxf6
{ [%clk 0:08:40] } 11. Bc4 { [%clk 0:09:27] } 11... b5 { [%clk 0:08:38] } 12.
Bb3 { [%clk 0:09:22] } 12... a5 { [%clk 0:08:19] } 13. a3 { [%clk 0:09:20] }
13... a4 { [%clk 0:08:17] } 14. Ba2 { [%clk 0:09:17] } 14... Be6
{ [%clk 0:08:11] } 15. b3 { [%clk 0:09:15] } 15... axb3 { [%clk 0:08:07] } 16.
cxb3 { [%clk 0:09:14] } 16... c5 { [%clk 0:08:02] } 17. a4 { [%clk 0:09:13] }
17... c4 { [%clk 0:07:57] } 18. axb5 { [%clk 0:09:11] } 18... O-O-O
{ [%clk 0:07:50] } 19. bxc4 { [%clk 0:09:08] } 19... d5 { [%clk 0:07:30] } 20.
exd5 { [%clk 0:09:06] } 20... Bf5 { [%clk 0:07:26] } 21. c5 { [%clk 0:09:02] }
21... Rxd5 { [%clk 0:07:22] } 22. Bxd5 { [%clk 0:08:58] } 22... Bxc5
{ [%clk 0:07:16] } 23. Ra8+ { [%clk 0:08:53] } 23... Kd7 { [%clk 0:07:08] } 24.
Rxh8 { [%clk 0:08:51] } 24... Qxh8 { [%clk 0:07:05] } 25. Nxe5+
{ [%clk 0:08:47] } 25... Kd6 { [%clk 0:07:02] } 26. Nxf7+ { [%clk 0:08:44] }
26... Kxd5 { [%clk 0:07:01] } 27. Nxh8 { [%clk 0:08:42] } 27... Bb4+
{ [%clk 0:06:54] } 28. Kf1 { [%clk 0:08:38] } 28... h5 { [%clk 0:06:50] } 29.
b6 { [%clk 0:08:35] } 29... Kc6 { [%clk 0:06:49] } 30. Qa4+ { [%clk 0:08:31] }
30... Kxb6 { [%clk 0:06:48] } 31. Qxb4+ { [%clk 0:08:30] } 31... Kc6
{ [%clk 0:06:47] } 32. Qf8 { [%clk 0:08:22] } 32... Bxd3+ { [%clk 0:06:45] }
33. Kg1 { [%clk 0:08:20] } 33... Kd5 { [%clk 0:06:40] } 34. Qd8+
{ [%clk 0:08:17] } 34... Kc4 { [%clk 0:06:39] } 35. Qa8 { [%clk 0:08:07] }
35... Kc3 { [%clk 0:06:35] } 36. Qc6+ { [%clk 0:08:01] } 36... Kd2
{ [%clk 0:06:31] } 37. Qd6 { [%clk 0:07:59] } 37... Kc3 { [%clk 0:06:29] } 38.
Kh2 { [%clk 0:07:55] } 38... h4 { [%clk 0:06:24] } 39. Rd1 { [%clk 0:07:53] }
39... Bc2 { [%clk 0:06:21] } 40. Qd2+ { [%clk 0:07:49] } 40... Kb3
{ [%clk 0:06:18] } 41. Rc1 { [%clk 0:07:47] } 41... Kb2 { [%clk 0:06:15] } 42.
Qxc2+ { [%clk 0:07:45] } 42... Ka3 { [%clk 0:06:12] } 43. f4 { [%clk 0:07:44] }
1-0"
Rated Rapid game,https://lichess.org/M1DODucc,2024.08.01,-,KotesWar,kurt_kaspar,0-1,2024.08.01,08:44:32,1202,1235,,,A00,Mieses Opening,600+0,Normal,"1. d3 { [%clk 0:10:00] } 1... b6 { [%clk 0:10:00] } 2. e4 { [%clk 0:09:55] }
2... Bb7 { [%clk 0:10:00] } 3. f3 { [%clk 0:09:52] } 3... d5 { [%clk 0:10:00] }
4. e5 { [%clk 0:09:50] } 4... f6 { [%clk 0:09:52] } 5. e6 { [%clk 0:09:46] }
5... Qd6 { [%clk 0:09:37] } 6. Qe2 { [%clk 0:09:36] } 6... Nc6
{ [%clk 0:09:29] } 7. a3 { [%clk 0:09:28] } 7... Nd4 { [%clk 0:09:25] } 8. Qe3
{ [%clk 0:09:27] } 8... Nxc2+ { [%clk 0:09:22] } 9. Ke2 { [%clk 0:09:25] } 9...
Nxe3 { [%clk 0:09:20] } 10. Bxe3 { [%clk 0:09:24] } 10... O-O-O
{ [%clk 0:09:15] } 11. g3 { [%clk 0:09:13] } 11... Qxe6 { [%clk 0:09:13] } 12.
Nc3 { [%clk 0:09:11] } 12... d4 { [%clk 0:09:11] } 13. Bh3 { [%clk 0:09:08] }
13... Qxh3 { [%clk 0:08:58] } 14. Nxh3 { [%clk 0:09:06] } 14... dxc3
{ [%clk 0:08:56] } 15. bxc3 { [%clk 0:09:05] } 15... g5 { [%clk 0:08:41] } 16.
g4 { [%clk 0:09:03] } 16... e5 { [%clk 0:08:32] } 17. Rhd1 { [%clk 0:08:55] }
17... Ne7 { [%clk 0:08:23] } 18. c4 { [%clk 0:08:50] } 18... Nc6
{ [%clk 0:08:21] } 19. a4 { [%clk 0:08:41] } 19... Rd7 { [%clk 0:08:20] } 20.
a5 { [%clk 0:08:35] } 20... Nxa5 { [%clk 0:08:14] } 21. Nf2 { [%clk 0:08:25] }
21... Bc5 { [%clk 0:08:12] } 22. Bxc5 { [%clk 0:08:21] } 22... bxc5
{ [%clk 0:08:07] } 23. Rxa5 { [%clk 0:08:17] } 23... Kb8 { [%clk 0:07:56] } 24.
Rxc5 { [%clk 0:08:14] } 24... Rhd8 { [%clk 0:07:49] } 25. Ne4
{ [%clk 0:08:09] } 25... Bxe4 { [%clk 0:07:40] } 26. fxe4 { [%clk 0:08:05] }
26... a6 { [%clk 0:07:25] } 27. Rb1+ { [%clk 0:07:59] } 27... Ka7
{ [%clk 0:07:21] } 28. Kd2 { [%clk 0:07:52] } 28... h6 { [%clk 0:07:19] } 29.
Rb3 { [%clk 0:07:39] } 29... Rb8 { [%clk 0:06:55] } 30. Rxb8 { [%clk 0:07:33] }
30... Kxb8 { [%clk 0:06:53] } 31. Kc3 { [%clk 0:07:29] } 31... Kb7
{ [%clk 0:06:51] } 32. Ra5 { [%clk 0:07:27] } 32... Kb6 { [%clk 0:06:49] } 33.
Ra1 { [%clk 0:07:22] } 33... c5 { [%clk 0:06:43] } 34. Rb1+ { [%clk 0:07:19] }
34... Kc6 { [%clk 0:06:40] } 35. h3 { [%clk 0:07:13] } 35... Ra7
{ [%clk 0:06:23] } 36. Kd2 { [%clk 0:07:03] } 36... a5 { [%clk 0:06:22] } 37.
Kc3 { [%clk 0:06:52] } 37... Kd6 { [%clk 0:06:15] } 38. Rb6+ { [%clk 0:06:44] }
38... Ke7 { [%clk 0:06:08] } 39. Kb3 { [%clk 0:06:33] } 39... a4+
{ [%clk 0:06:06] } 40. Ka3 { [%clk 0:06:32] } 40... Rd7 { [%clk 0:05:57] } 41.
Kxa4 { [%clk 0:06:27] } 41... Rxd3 { [%clk 0:05:56] } 42. Rb7+
{ [%clk 0:06:25] } 42... Kf8 { [%clk 0:05:48] } 43. Kb5 { [%clk 0:06:22] }
43... Rd4 { [%clk 0:05:46] } 44. Kxc5 { [%clk 0:06:18] } 44... Rxe4
{ [%clk 0:05:44] } 45. Kd5 { [%clk 0:06:12] } 45... Re3 { [%clk 0:05:41] } 46.
c5 { [%clk 0:06:00] } 46... Rxh3 { [%clk 0:05:38] } 47. c6 { [%clk 0:05:58] }
47... Ke8 { [%clk 0:05:26] } 48. c7 { [%clk 0:05:50] } 48... Rc3
{ [%clk 0:05:21] } 49. Kd6 { [%clk 0:05:47] } 49... Rd3+ { [%clk 0:05:06] } 50.
Ke6 { [%clk 0:05:43] } 50... Rc3 { [%clk 0:04:59] } 51. Kxf6 { [%clk 0:05:40] }
51... Kd7 { [%clk 0:04:57] } 52. Kxe5 { [%clk 0:05:35] } 52... Rxc7
{ [%clk 0:04:55] } 53. Rb2 { [%clk 0:05:31] } 53... Ke7 { [%clk 0:04:45] } 54.
Kf5 { [%clk 0:05:23] } 54... Kf7 { [%clk 0:04:42] } 55. Ke5 { [%clk 0:05:19] }
55... Re7+ { [%clk 0:04:33] } 56. Kd6 { [%clk 0:05:16] } 56... Re6+
{ [%clk 0:04:31] } 57. Kc7 { [%clk 0:05:14] } 57... Kf6 { [%clk 0:04:26] } 58.
Rf2+ { [%clk 0:05:08] } 58... Ke5 { [%clk 0:04:24] } 59. Kd7 { [%clk 0:04:59] }
59... Rd6+ { [%clk 0:04:16] } 60. Kc7 { [%clk 0:04:54] } 60... Re6
{ [%clk 0:04:09] } 61. Re2+ { [%clk 0:04:52] } 61... Kf6 { [%clk 0:04:05] } 62.
Rf2+ { [%clk 0:04:50] } 62... Kg6 { [%clk 0:04:02] } 63. Rf8 { [%clk 0:04:44] }
63... Re4 { [%clk 0:03:59] } 64. Rg8+ { [%clk 0:04:42] } 64... Kf6
{ [%clk 0:03:57] } 65. Rf8+ { [%clk 0:04:36] } 65... Kg7 { [%clk 0:03:48] } 66.
Ra8 { [%clk 0:04:33] } 66... Rxg4 { [%clk 0:03:44] } 67. Kd6 { [%clk 0:04:31] }
67... Rf4 { [%clk 0:03:39] } 68. Ra7+ { [%clk 0:04:28] } 68... Rf7
{ [%clk 0:03:35] } 69. Ra2 { [%clk 0:04:23] } 69... h5 { [%clk 0:03:32] } 70.
Ke6 { [%clk 0:04:19] } 70... Rf6+ { [%clk 0:03:28] } 71. Ke5 { [%clk 0:04:10] }
71... Kg6 { [%clk 0:03:26] } 72. Ke4 { [%clk 0:03:57] } 72... h4
{ [%clk 0:03:23] } 73. Kd4 { [%clk 0:03:45] } 73... Rf4+ { [%clk 0:03:19] } 74.
Ke5 { [%clk 0:03:43] } 74... Rf5+ { [%clk 0:03:16] } 75. Kd4 { [%clk 0:03:40] }
75... g4 { [%clk 0:03:14] } 76. Kd3 { [%clk 0:03:38] } 76... Kg5
{ [%clk 0:03:13] } 77. Ke4 { [%clk 0:03:33] } 77... Rf4+ { [%clk 0:03:04] } 78.
Ke5 { [%clk 0:03:30] } 78... Rf5+ { [%clk 0:03:00] } 79. Kd6 { [%clk 0:03:19] }
79... g3 { [%clk 0:02:56] } 80. Rg2 { [%clk 0:03:16] } 80... Kg4
{ [%clk 0:02:49] } 81. Ke6 { [%clk 0:03:11] } 81... Rf2 { [%clk 0:02:48] } 82.
Rxf2 { [%clk 0:03:05] } 82... gxf2 { [%clk 0:02:46] } 83. Ke5
{ [%clk 0:02:59] } 83... f1=Q { [%clk 0:02:43] } 84. Ke4 { [%clk 0:02:52] }
84... Qe1+ { [%clk 0:02:43] } 85. Kd4 { [%clk 0:02:49] } 85... h3
{ [%clk 0:02:42] } 86. Kd3 { [%clk 0:02:43] } 86... h2 { [%clk 0:02:41] } 87.
Kc2 { [%clk 0:02:40] } 87... h1=Q { [%clk 0:02:39] } 88. Kd3 { [%clk 0:02:36] }
88... Qhe4# { [%clk 0:02:35] } 0-1"
Rated Rapid game,https://lichess.org/HWK5GCQE,2024.08.01,-,sergeykingkong,marwaha,0-1,2024.08.01,08:44:32,1623,1735,,,C30,King's Gambit,600+0,Normal,"1. e4 { [%clk 0:10:00] } 1... e5 { [%clk 0:10:00] } 2. f4 { [%clk 0:09:59] }
2... d6 { [%clk 0:09:54] } 3. Nf3 { [%clk 0:09:58] } 3... Bg4
{ [%clk 0:09:52] } 4. Bc4 { [%clk 0:09:57] } 4... Bxf3 { [%clk 0:09:41] } 5.
Qxf3 { [%clk 0:09:55] } 5... Nf6 { [%clk 0:09:38] } 6. fxe5 { [%clk 0:09:46] }
6... dxe5 { [%clk 0:09:37] } 7. d3 { [%clk 0:09:40] } 7... Bc5
{ [%clk 0:09:28] } 8. Nc3 { [%clk 0:09:38] } 8... Nc6 { [%clk 0:09:16] } 9. Nd5
{ [%clk 0:09:18] } 9... Nd4 { [%clk 0:09:03] } 10. Qd1 { [%clk 0:09:11] } 10...
Nxd5 { [%clk 0:08:56] } 11. Bxd5 { [%clk 0:09:10] } 11... Qh4+
{ [%clk 0:08:38] } 12. g3 { [%clk 0:09:04] } 12... Qf6 { [%clk 0:08:31] } 13.
c3 { [%clk 0:08:21] } 13... Nf3+ { [%clk 0:08:27] } 14. Ke2 { [%clk 0:08:14] }
14... Ng5 { [%clk 0:07:55] } 15. Rf1 { [%clk 0:08:11] } 15... Qg6
{ [%clk 0:07:04] } 16. h4 { [%clk 0:08:04] } 16... Ne6 { [%clk 0:06:49] } 17.
Qe1 { [%clk 0:07:58] } 17... O-O-O { [%clk 0:06:36] } 18. Be3
{ [%clk 0:07:44] } 18... Qh5+ { [%clk 0:06:25] } 19. Kd2 { [%clk 0:07:42] }
19... Qg4 { [%clk 0:05:59] } 20. Rxf7 { [%clk 0:07:21] } 20... Rhf8
{ [%clk 0:05:42] } 21. Bxe6+ { [%clk 0:05:40] } 21... Qxe6 { [%clk 0:05:38] }
22. Rxg7 { [%clk 0:05:39] } 22... Bxe3+ { [%clk 0:05:24] } 23. Qxe3
{ [%clk 0:05:37] } 23... Qh3 { [%clk 0:04:56] } 24. Kc2 { [%clk 0:05:21] }
24... Qg2+ { [%clk 0:04:47] } 25. Kb3 { [%clk 0:05:18] } 25... Rf6
{ [%clk 0:04:29] } 26. Rg1 { [%clk 0:04:50] } 26... Rb6+ { [%clk 0:04:24] } 27.
Kc4 { [%clk 0:04:46] } 27... Qxb2 { [%clk 0:04:16] } 28. Qc5 { [%clk 0:04:14] }
28... Qxa2# { [%clk 0:03:59] } 0-1"
Rated Rapid game,https://lichess.org/mne3N2LI,2024.08.01,-,elican_memo,vajose,0-1,2024.08.01,08:44:32,1500,1513,,,C20,King's Pawn Game: Napoleon Attack,600+0,Normal,"1. e4 { [%eval 0.15] [%clk 0:10:00] } 1... e5 { [%eval 0.21] [%clk 0:10:00] }
2. Qf3 { [%eval -0.2] [%clk 0:09:58] } 2... Qf6 { [%eval 0.34] [%clk 0:09:51] }
3. Bc4 { [%eval -0.05] [%clk 0:09:55] } 3... Be7 { [%eval 0.3] [%clk 0:09:38] }
4. Qd1 $6 { [%eval -0.67] [%clk 0:09:52] } 4... Qg5 $2
{ [%eval 0.62] [%clk 0:09:25] } 5. a4 $2 { [%eval -1.24] [%clk 0:09:48] } 5...
Qxg2 { [%eval -1.31] [%clk 0:09:05] } 6. Ne2 $4
{ [%eval -8.76] [%clk 0:09:36] } 6... Qxh1+ { [%eval -8.74] [%clk 0:09:02] } 7.
Ng1 { [%eval -8.73] [%clk 0:09:34] } 7... Qxe4+
{ [%eval -7.41] [%clk 0:08:59] } 8. Qe2 { [%eval -7.52] [%clk 0:09:23] } 8...
Qxe2+ { [%eval -7.27] [%clk 0:08:57] } 9. Nxe2 { [%eval -7.24] [%clk 0:09:21] }
9... Nf6 { [%eval -7.37] [%clk 0:08:55] } 10. Ng3
{ [%eval -8.21] [%clk 0:09:19] } 10... d6 { [%eval -7.91] [%clk 0:08:52] } 11.
d3 { [%eval -7.9] [%clk 0:09:18] } 11... O-O { [%eval -7.36] [%clk 0:08:50] }
12. Bh6 { [%eval -9.07] [%clk 0:09:17] } 12... gxh6
{ [%eval -9.03] [%clk 0:08:45] } 13. Ne4 { [%eval -9.09] [%clk 0:09:15] } 13...
Nxe4 { [%eval -9.1] [%clk 0:08:42] } 14. Ra3 { [%eval -10.11] [%clk 0:09:09] }
14... Nc5 { [%eval -9.51] [%clk 0:08:38] } 15. Rb3
{ [%eval -10.46] [%clk 0:09:09] } 15... Nxb3 { [%eval -10.56] [%clk 0:08:35] }
16. Nc3 { [%eval -11.11] [%clk 0:09:08] } 16... Nd4
{ [%eval -11.02] [%clk 0:08:32] } 17. Bxf7+ { [%eval -12.87] [%clk 0:09:05] }
17... Rxf7 { [%eval -12.85] [%clk 0:08:30] } 18. Nd5
{ [%eval -12.83] [%clk 0:09:05] } 18... Na6 { [%eval -12.77] [%clk 0:08:27] }
19. Nxe7+ { [%eval -12.87] [%clk 0:09:04] } 19... Rxe7
{ [%eval -12.66] [%clk 0:08:25] } 20. b3 { [%eval -13.31] [%clk 0:09:01] }
20... Nxc2+ { [%eval -13.18] [%clk 0:08:23] } 21. Kd1
{ [%eval -13.35] [%clk 0:08:58] } 21... Nd4 { [%eval -13.41] [%clk 0:08:21] }
22. a5 { [%eval -13.46] [%clk 0:08:54] } 22... Nb4
{ [%eval -13.39] [%clk 0:08:18] } 23. a6 { [%eval -13.38] [%clk 0:08:49] }
23... Nxa6 { [%eval -13.1] [%clk 0:08:14] } 24. f3
{ [%eval -13.55] [%clk 0:08:45] } 24... Nxf3 { [%eval -13.28] [%clk 0:08:12] }
25. h4 { [%eval -13.55] [%clk 0:08:42] } 25... Nxh4
{ [%eval -13.43] [%clk 0:08:11] } 26. d4 { [%eval -13.98] [%clk 0:08:40] }
26... exd4 { [%eval -13.44] [%clk 0:08:09] } 27. b4 $6
{ [%eval #-5] [%clk 0:08:38] } 27... Nxb4 { [%eval #-4] [%clk 0:08:02] } 28.
Kd2 { [%eval #-4] [%clk 0:08:36] } 28... a5 { [%eval #-4] [%clk 0:07:59] } 29.
Kc1 { [%eval #-5] [%clk 0:08:35] } 29... c5 { [%eval #-4] [%clk 0:07:58] } 30.
Kb1 { [%eval #-4] [%clk 0:08:34] } 30... Bf5+ { [%eval #-4] [%clk 0:07:55] }
31. Kc1 { [%eval #-4] [%clk 0:08:31] } 31... a4 { [%eval #-3] [%clk 0:07:54] }
32. Kb2 { [%eval #-3] [%clk 0:08:27] } 32... a3+ { [%eval #-2] [%clk 0:07:52] }
33. Ka1 { [%eval #-1] [%clk 0:08:26] } 33... Re1# { [%clk 0:07:48] } 0-1"
Rated Rapid game,https://lichess.org/otYx9quS,2024.08.01,-,ChessAmateur2022,sat_tv,1-0,2024.08.01,08:44:32,1866,1781,,,A43,Benoni Defense: French Benoni,600+0,Normal,"1. d4 { [%clk 0:10:00] } 1... c5 { [%clk 0:10:00] } 2. d5 { [%clk 0:09:58] }
2... e6 { [%clk 0:09:58] } 3. e4 { [%clk 0:09:56] } 3... exd5
{ [%clk 0:09:56] } 4. exd5 { [%clk 0:09:56] } 4... d6 { [%clk 0:09:54] } 5. Nc3
{ [%clk 0:09:55] } 5... Nf6 { [%clk 0:09:51] } 6. Nf3 { [%clk 0:09:54] } 6...
g6 { [%clk 0:09:49] } 7. Bc4 { [%clk 0:09:51] } 7... Bg7 { [%clk 0:09:48] } 8.
O-O { [%clk 0:09:49] } 8... O-O { [%clk 0:09:46] } 9. Bg5 { [%clk 0:09:46] }
9... a6 { [%clk 0:09:41] } 10. a4 { [%clk 0:09:44] } 10... Bf5
{ [%clk 0:09:37] } 11. Re1 { [%clk 0:09:41] } 11... Nbd7 { [%clk 0:09:36] } 12.
a5 { [%clk 0:09:40] } 12... b5 { [%clk 0:09:27] } 13. axb6 { [%clk 0:09:37] }
13... Nxb6 { [%clk 0:09:19] } 14. Bxa6 { [%clk 0:09:26] } 14... Qb8
{ [%clk 0:09:05] } 15. Bd3 { [%clk 0:09:21] } 15... Rxa1 { [%clk 0:08:55] } 16.
Qxa1 { [%clk 0:09:18] } 16... Bxd3 { [%clk 0:08:52] } 17. cxd3
{ [%clk 0:09:18] } 17... Nbxd5 { [%clk 0:08:33] } 18. Qa3 { [%clk 0:08:57] }
18... Nxc3 { [%clk 0:08:01] } 19. bxc3 { [%clk 0:08:57] } 19... Nd5
{ [%clk 0:07:55] } 20. c4 { [%clk 0:08:46] } 20... Nb4 { [%clk 0:07:53] } 21.
Bf4 { [%clk 0:08:41] } 21... Nc2 { [%clk 0:07:48] } 22. Qc1 { [%clk 0:08:07] }
22... Nxe1 { [%clk 0:07:44] } 23. Qxe1 { [%clk 0:08:07] } 23... Re8
{ [%clk 0:07:39] } 24. Qd1 { [%clk 0:08:03] } 24... Be5 { [%clk 0:07:19] } 25.
Nxe5 { [%clk 0:08:00] } 25... dxe5 { [%clk 0:07:19] } 26. Be3
{ [%clk 0:07:58] } 26... Qc7 { [%clk 0:07:04] } 27. h4 { [%clk 0:07:54] } 27...
Rd8 { [%clk 0:07:02] } 28. Qf3 { [%clk 0:07:46] } 28... f5 { [%clk 0:06:56] }
29. Bh6 { [%clk 0:07:38] } 29... Qe7 { [%clk 0:06:45] } 30. h5
{ [%clk 0:07:36] } 30... Qh4 { [%clk 0:06:28] } 31. Qb7 { [%clk 0:07:28] }
31... Qf6 { [%clk 0:06:15] } 32. hxg6 { [%clk 0:07:06] } 32... Qxg6
{ [%clk 0:05:55] } 33. Be3 { [%clk 0:07:02] } 33... Rxd3 { [%clk 0:05:51] } 34.
Qc8+ { [%clk 0:06:53] } 34... Kg7 { [%clk 0:05:47] } 35. Qc7+
{ [%clk 0:06:48] } 35... Qf7 { [%clk 0:05:41] } 36. Bh6+ { [%clk 0:06:45] }
36... Kf6 { [%clk 0:05:38] } 37. Qc6+ { [%clk 0:06:42] } 37... Qe6
{ [%clk 0:05:35] } 38. Bg5+ { [%clk 0:06:37] } 38... Kf7 { [%clk 0:05:31] } 39.
Qxc5 { [%clk 0:06:32] } 39... e4 { [%clk 0:05:11] } 40. Qb5 { [%clk 0:05:58] }
40... Rd1+ { [%clk 0:05:05] } 41. Kh2 { [%clk 0:05:55] } 41... Qd6+
{ [%clk 0:05:00] } 42. g3 { [%clk 0:05:51] } 42... h6 { [%clk 0:04:51] } 43.
Qxf5+ { [%clk 0:05:50] } 43... Ke8 { [%clk 0:04:36] } 44. Qxe4+
{ [%clk 0:05:45] } 44... Kd7 { [%clk 0:04:33] } 45. Qh7+ { [%clk 0:05:42] }
45... Kc6 { [%clk 0:04:29] } 46. Qe4+ { [%clk 0:05:37] } 46... Kd7
{ [%clk 0:04:25] } 47. Qh7+ { [%clk 0:05:32] } 47... Kc8 { [%clk 0:04:20] } 48.
Qg8+ { [%clk 0:05:20] } 48... Kb7 { [%clk 0:04:11] } 49. Qg7+
{ [%clk 0:05:16] } 49... Ka6 { [%clk 0:04:07] } 50. Qxh6 { [%clk 0:05:03] }
50... Qxh6+ { [%clk 0:03:34] } 51. Bxh6 { [%clk 0:05:03] } 51... Kb7
{ [%clk 0:03:33] } 52. Be3 { [%clk 0:05:01] } 52... Kc6 { [%clk 0:03:32] } 53.
c5 { [%clk 0:04:59] } 53... Rd7 { [%clk 0:03:29] } 54. g4 { [%clk 0:04:56] }
54... Rh7+ { [%clk 0:03:27] } 55. Kg3 { [%clk 0:04:55] } 55... Kd7
{ [%clk 0:03:21] } 56. g5 { [%clk 0:04:53] } 56... Rg7 { [%clk 0:03:16] } 57.
Kg4 { [%clk 0:04:52] } 57... Ke6 { [%clk 0:03:10] } 58. f4 { [%clk 0:04:50] }
58... Kd5 { [%clk 0:03:06] } 59. f5 { [%clk 0:04:47] } 59... Ke4
{ [%clk 0:02:59] } 60. Bg1 { [%clk 0:04:45] } 60... Ra7 { [%clk 0:02:49] } 61.
f6 { [%clk 0:04:40] } 61... Ra4 { [%clk 0:02:48] } 62. Kh5 { [%clk 0:04:38] }
62... Kf5 { [%clk 0:02:42] } 63. Be3 { [%clk 0:04:27] } 63... Re4
{ [%clk 0:02:39] } 64. f7 { [%clk 0:04:09] } 64... Rxe3 { [%clk 0:02:10] } 65.
f8=Q+ { [%clk 0:04:06] } 65... Ke4 { [%clk 0:02:08] } 66. Qe7+
{ [%clk 0:04:05] } 66... Kd3 { [%clk 0:02:06] } 67. Qxe3+ { [%clk 0:04:05] }
67... Kxe3 { [%clk 0:02:06] } 68. c6 { [%clk 0:04:03] } 68... Kf4
{ [%clk 0:02:06] } 69. c7 { [%clk 0:04:03] } 69... Kf5 { [%clk 0:02:05] } 70.
c8=Q+ { [%clk 0:04:01] } 70... Ke5 { [%clk 0:02:05] } 71. Qf8
{ [%clk 0:03:58] } 71... Ke6 { [%clk 0:02:04] } 72. g6 { [%clk 0:03:57] } 72...
Kd7 { [%clk 0:02:03] } 73. g7 { [%clk 0:03:57] } 73... Ke6 { [%clk 0:02:02] }
74. g8=Q+ { [%clk 0:03:57] } 74... Ke5 { [%clk 0:02:00] } 75. Qgf7
{ [%clk 0:03:54] } 75... Ke4 { [%clk 0:01:58] } 76. Q8e8+ { [%clk 0:03:54] }
76... Kd4 { [%clk 0:01:56] } 77. Qfd7+ { [%clk 0:03:54] } 77... Kc5
{ [%clk 0:01:56] } 78. Qec8+ { [%clk 0:03:53] } 78... Kb6 { [%clk 0:01:56] }
79. Qdb7+ { [%clk 0:03:52] } 79... Ka5 { [%clk 0:01:54] } 80. Qca8#
{ [%clk 0:03:52] } 1-0"
Rated Rapid game,https://lichess.org/2yLU5yPh,2024.08.01,-,DontCrykiddoo,Chiz_p,1-0,2024.08.01,08:44:37,1661,1628,,,C23,Bishop's Opening,600+0,Normal,"1. e4 { [%clk 0:10:00] } 1... e5 { [%clk 0:10:00] } 2. Bc4 { [%clk 0:09:59] }
2... Nc6 { [%clk 0:09:57] } 3. Nc3 { [%clk 0:09:57] } 3... h6
{ [%clk 0:09:56] } 4. f4 { [%clk 0:09:55] } 4... exf4 { [%clk 0:09:51] } 5. Nf3
{ [%clk 0:09:54] } 5... Nf6 { [%clk 0:09:48] } 6. d3 { [%clk 0:09:49] } 6...
Bb4 { [%clk 0:09:46] } 7. Bxf4 { [%clk 0:09:47] } 7... Bxc3+ { [%clk 0:09:43] }
8. bxc3 { [%clk 0:09:46] } 8... O-O { [%clk 0:09:42] } 9. O-O
{ [%clk 0:09:40] } 9... d6 { [%clk 0:09:40] } 10. h3 { [%clk 0:09:38] } 10...
a6 { [%clk 0:09:35] } 11. a4 { [%clk 0:09:29] } 11... Be6 { [%clk 0:09:28] }
12. Bb3 { [%clk 0:09:26] } 12... Bxb3 { [%clk 0:09:25] } 13. cxb3
{ [%clk 0:09:26] } 13... Nh5 { [%clk 0:09:12] } 14. Bh2 { [%clk 0:09:18] }
14... Qf6 { [%clk 0:09:04] } 15. Nd4 { [%clk 0:09:15] } 15... Qg6
{ [%clk 0:08:52] } 16. Qf3 { [%clk 0:08:40] } 16... Nxd4 { [%clk 0:08:48] } 17.
cxd4 { [%clk 0:08:39] } 17... Nf6 { [%clk 0:08:30] } 18. e5 { [%clk 0:08:33] }
18... dxe5 { [%clk 0:08:24] } 19. dxe5 { [%clk 0:08:33] } 19... Nd7
{ [%clk 0:08:12] } 20. d4 { [%clk 0:08:30] } 20... c6 { [%clk 0:08:02] } 21.
Rac1 { [%clk 0:08:23] } 21... Nb6 { [%clk 0:07:55] } 22. a5 { [%clk 0:08:19] }
22... Nd5 { [%clk 0:07:52] } 23. Rf2 { [%clk 0:07:54] } 23... Rad8
{ [%clk 0:07:37] } 24. Rcf1 { [%clk 0:07:51] } 24... Nb4 { [%clk 0:07:04] } 25.
Qc3 { [%clk 0:07:43] } 25... Nd5 { [%clk 0:06:58] } 26. Qd2 { [%clk 0:07:25] }
26... Nc7 { [%clk 0:06:31] } 27. e6 { [%clk 0:07:20] } 27... Nb5
{ [%clk 0:06:23] } 28. e7 { [%clk 0:07:14] } 28... Rxd4 { [%clk 0:06:07] } 29.
exf8=Q+ { [%clk 0:07:08] } 29... Kxf8 { [%clk 0:06:05] } 30. Rxf7+
{ [%clk 0:07:00] } 30... Kg8 { [%clk 0:05:58] } 31. Rf8+ { [%clk 0:06:55] }
31... Kh7 { [%clk 0:05:56] } 32. Qe3 { [%clk 0:06:29] } 32... Re4
{ [%clk 0:05:31] } 33. Qb6 { [%clk 0:06:20] } 33... Re2 { [%clk 0:05:06] } 34.
R8f2 { [%clk 0:06:19] } 34... Re3 { [%clk 0:04:55] } 35. Qxe3
{ [%clk 0:06:14] } 1-0"
Rated Rapid game,https://lichess.org/T5P7II3B,2024.08.01,-,BegginerKing7,mrjforreal,1-0,2024.08.01,08:44:37,1453,1373,,,D00,Queen's Pawn Game: Accelerated London System,600+0,Normal,"1. d4 { [%clk 0:10:00] } 1... d5 { [%clk 0:10:00] } 2. Bf4 { [%clk 0:09:57] }
2... h6 { [%clk 0:09:57] } 3. e3 { [%clk 0:09:53] } 3... Nc6 { [%clk 0:09:56] }
4. Nc3 { [%clk 0:09:50] } 4... Nf6 { [%clk 0:09:51] } 5. Nb5 { [%clk 0:09:32] }
5... a6 { [%clk 0:09:50] } 6. Nxc7+ { [%clk 0:09:30] } 6... Kd7
{ [%clk 0:09:47] } 7. Nxa8 { [%clk 0:09:30] } 7... b5 { [%clk 0:09:43] } 8. Nc7
{ [%clk 0:09:24] } 8... Qxc7 { [%clk 0:09:41] } 9. Bxc7 { [%clk 0:09:21] } 9...
Kxc7 { [%clk 0:09:41] } 1-0"
Rated Rapid game,https://lichess.org/1u65Os2u,2024.08.01,-,Paulz2110,MohammadFateh,1-0,2024.08.01,08:44:37,1953,1976,,,B01,Scandinavian Defense,600+0,Normal,"1. e4 { [%clk 0:10:00] } 1... d5 { [%clk 0:10:00] } 2. exd5 { [%clk 0:09:58] }
2... e6 { [%clk 0:10:00] } 3. dxe6 { [%clk 0:09:57] } 3... fxe6
{ [%clk 0:10:00] } 4. Bd3 { [%clk 0:09:42] } 4... Nf6 { [%clk 0:10:00] } 5. g4
{ [%clk 0:09:40] } 5... Bc5 { [%clk 0:09:59] } 6. g5 { [%clk 0:09:37] } 6...
Bxf2+ { [%clk 0:09:56] } 7. Kxf2 { [%clk 0:09:33] } 7... Qd4+
{ [%clk 0:09:55] } 8. Kf1 { [%clk 0:09:23] } 8... Ng4 { [%clk 0:09:55] } 9. Qe2
{ [%clk 0:08:45] } 9... O-O+ { [%clk 0:09:54] } 10. Nf3 { [%clk 0:08:43] }
10... b6 { [%clk 0:09:09] } 11. Be4 { [%clk 0:08:34] } 11... Ba6
{ [%clk 0:08:45] } 12. d3 { [%clk 0:08:31] } 12... c6 { [%clk 0:08:34] } 13.
Ke1 { [%clk 0:07:55] } 13... Qb4+ { [%clk 0:08:26] } 14. Nc3 { [%clk 0:07:48] }
14... Qd6 { [%clk 0:08:25] } 15. Be3 { [%clk 0:07:02] } 15... Nd7
{ [%clk 0:08:14] } 16. Nd4 { [%clk 0:06:47] } 16... Nde5 { [%clk 0:08:03] } 17.
h3 { [%clk 0:06:41] } 17... Nxe3 { [%clk 0:07:00] } 18. Qxe3 { [%clk 0:06:39] }
18... Rad8 { [%clk 0:06:37] } 19. Nf3 { [%clk 0:06:02] } 19... Nxf3+
{ [%clk 0:05:42] } 20. Bxf3 { [%clk 0:05:59] } 20... Qb4 { [%clk 0:05:25] } 21.
Rb1 { [%clk 0:04:38] } 21... Qh4+ { [%clk 0:05:22] } 22. Kd2 { [%clk 0:04:13] }
22... e5 { [%clk 0:05:11] } 23. Bg4 { [%clk 0:03:45] } 23... Rf2+
{ [%clk 0:05:11] } 24. Ne2 { [%clk 0:03:43] } 24... e4 { [%clk 0:05:03] } 25.
Qxe4 { [%clk 0:03:16] } 25... Qxg5+ { [%clk 0:04:55] } 26. Qe3
{ [%clk 0:03:13] } 26... Qa5+ { [%clk 0:04:40] } 27. b4 { [%clk 0:02:44] }
27... Rxe2+ { [%clk 0:03:35] } 28. Kxe2 { [%clk 0:02:35] } 28... Qxa2
{ [%clk 0:03:22] } 29. Be6+ { [%clk 0:02:33] } 29... Qxe6 { [%clk 0:03:17] }
30. Qxe6+ { [%clk 0:02:30] } 30... Kh8 { [%clk 0:03:16] } 31. Rhf1
{ [%clk 0:02:24] } 1-0"
Rated Rapid game,https://lichess.org/ZHfkZtN3,2024.08.01,-,BlackYakuza24,thelegend4407,0-1,2024.08.01,08:44:37,1459,1465,,,B06,Modern Defense,600+0,Normal,"1. e4 { [%clk 0:10:00] } 1... g6 { [%clk 0:10:00] } 2. Nf3 { [%clk 0:09:59] }
2... Bg7 { [%clk 0:10:00] } 3. Bc4 { [%clk 0:09:59] } 3... e6
{ [%clk 0:09:50] } 4. O-O { [%clk 0:09:57] } 4... Ne7 { [%clk 0:09:48] } 5. d4
{ [%clk 0:09:53] } 5... d5 { [%clk 0:09:47] } 6. Bb5+ { [%clk 0:09:49] } 6...
c6 { [%clk 0:09:45] } 7. Bd3 { [%clk 0:09:46] } 7... Nd7 { [%clk 0:09:35] } 8.
e5 { [%clk 0:09:40] } 8... O-O { [%clk 0:09:15] } 9. Bg5 { [%clk 0:09:39] }
9... h6 { [%clk 0:09:11] } 10. Bxe7 { [%clk 0:09:37] } 10... Qxe7
{ [%clk 0:09:11] } 11. Nc3 { [%clk 0:09:29] } 11... c5 { [%clk 0:09:05] } 12.
Nb5 { [%clk 0:09:25] } 12... cxd4 { [%clk 0:08:47] } 13. Nd6 { [%clk 0:09:22] }
13... Bxe5 { [%clk 0:08:35] } 14. Nxc8 { [%clk 0:09:10] } 14... Raxc8
{ [%clk 0:08:26] } 15. Bb5 { [%clk 0:09:03] } 15... Bg7 { [%clk 0:07:56] } 16.
c3 { [%clk 0:08:51] } 16... dxc3 { [%clk 0:07:53] } 17. bxc3 { [%clk 0:08:45] }
17... Rxc3 { [%clk 0:07:49] } 18. a4 { [%clk 0:08:36] } 18... Rfc8
{ [%clk 0:07:40] } 19. g3 { [%clk 0:08:18] } 19... Nf6 { [%clk 0:07:13] } 20.
Ne5 { [%clk 0:08:14] } 20... Ne4 { [%clk 0:06:45] } 21. Nd7 { [%clk 0:08:00] }
21... a6 { [%clk 0:06:20] } 22. f3 { [%clk 0:07:59] } 22... axb5
{ [%clk 0:06:01] } 23. Nb6 { [%clk 0:07:56] } 23... Qc5+ { [%clk 0:05:49] } 24.
Kg2 { [%clk 0:07:35] } 24... Qxb6 { [%clk 0:05:47] } 25. fxe4
{ [%clk 0:07:34] } 25... Rxg3+ { [%clk 0:04:54] } 26. Kxg3 { [%clk 0:07:31] }
26... Bxa1 { [%clk 0:04:54] } 27. Qxa1 { [%clk 0:07:27] } 27... Qe3+
{ [%clk 0:04:49] } 28. Rf3 { [%clk 0:07:21] } 28... Qxe4 { [%clk 0:04:46] } 29.
Qf6 { [%clk 0:07:20] } 29... bxa4 { [%clk 0:04:35] } 30. Qxf7+
{ [%clk 0:07:17] } 30... Kh8 { [%clk 0:04:31] } 31. Qf6+ { [%clk 0:07:05] }
31... Kh7 { [%clk 0:04:26] } 32. Qf7+ { [%clk 0:06:57] } 32... Kh8
{ [%clk 0:04:25] } 33. Qf6+ { [%clk 0:06:53] } 33... Kg8 { [%clk 0:04:20] } 34.
Rf4 { [%clk 0:06:48] } 34... Qe3+ { [%clk 0:04:01] } 35. Rf3 { [%clk 0:06:45] }
35... Qg5+ { [%clk 0:03:57] } 36. Qxg5 { [%clk 0:06:40] } 36... hxg5
{ [%clk 0:03:54] } 37. Rf6 { [%clk 0:06:37] } 37... a3 { [%clk 0:03:45] } 38.
Rxg6+ { [%clk 0:06:36] } 38... Kf7 { [%clk 0:03:44] } 39. Rxg5
{ [%clk 0:06:35] } 39... a2 { [%clk 0:03:42] } 40. h4 { [%clk 0:06:31] } 40...
a1=Q { [%clk 0:03:40] } 41. h5 { [%clk 0:06:30] } 41... Qf6 { [%clk 0:03:23] }
42. Rg6 { [%clk 0:06:25] } 42... Qxg6+ { [%clk 0:03:22] } 43. hxg6+
{ [%clk 0:06:24] } 43... Kxg6 { [%clk 0:03:22] } 44. Kf4 { [%clk 0:06:22] }
44... Rc4+ { [%clk 0:03:20] } 45. Ke5 { [%clk 0:06:22] } 45... Kf7
{ [%clk 0:03:18] } 46. Kd6 { [%clk 0:06:20] } 46... b5 { [%clk 0:03:17] } 47.
Ke5 { [%clk 0:06:18] } 47... b4 { [%clk 0:03:16] } 48. Kd6 { [%clk 0:06:16] }
48... b3 { [%clk 0:03:16] } 0-1"
Rated Rapid game,https://lichess.org/YYVHXlOi,2024.08.01,-,DmitriiMorozoff1977,allalimiloud,1-0,2024.08.01,08:44:37,1866,1822,,,D00,Queen's Pawn Game: Accelerated London System,600+0,Normal,"1. d4 { [%clk 0:10:00] } 1... d5 { [%clk 0:10:00] } 2. Bf4 { [%clk 0:09:59] }
2... c6 { [%clk 0:09:58] } 3. e3 { [%clk 0:09:57] } 3... Bf5 { [%clk 0:09:56] }
4. Nf3 { [%clk 0:09:56] } 4... Nf6 { [%clk 0:09:55] } 5. Be2 { [%clk 0:09:53] }
5... h6 { [%clk 0:09:54] } 6. O-O { [%clk 0:09:52] } 6... Nbd7
{ [%clk 0:09:52] } 7. h3 { [%clk 0:09:50] } 7... e6 { [%clk 0:09:50] } 8. Nbd2
{ [%clk 0:09:49] } 8... Be7 { [%clk 0:09:45] } 9. c3 { [%clk 0:09:47] } 9...
Bh7 { [%clk 0:09:43] } 10. Ne5 { [%clk 0:09:45] } 10... a6 { [%clk 0:09:06] }
11. Ndf3 { [%clk 0:09:42] } 11... Nf8 { [%clk 0:08:58] } 12. Bd3
{ [%clk 0:09:26] } 12... Ng6 { [%clk 0:08:54] } 13. Nxg6 { [%clk 0:09:22] }
13... Bxg6 { [%clk 0:08:53] } 14. Bxg6 { [%clk 0:09:17] } 14... fxg6
{ [%clk 0:08:51] } 15. Ne5 { [%clk 0:09:15] } 15... g5 { [%clk 0:08:46] } 16.
Bg3 { [%clk 0:09:00] } 16... Bd6 { [%clk 0:08:30] } 17. f4 { [%clk 0:08:48] }
17... Qc7 { [%clk 0:08:15] } 18. fxg5 { [%clk 0:08:43] } 18... hxg5
{ [%clk 0:08:10] } 19. Bh2 { [%clk 0:08:07] } 19... O-O-O { [%clk 0:08:08] }
20. b4 { [%clk 0:07:49] } 20... Kb8 { [%clk 0:07:34] } 21. a4
{ [%clk 0:07:47] } 21... g4 { [%clk 0:07:24] } 22. Nxg4 { [%clk 0:07:33] }
22... Bxh2+ { [%clk 0:07:16] } 23. Nxh2 { [%clk 0:07:31] } 23... Qg3
{ [%clk 0:07:11] } 24. Rf3 { [%clk 0:07:19] } 24... Qg5 { [%clk 0:06:58] } 25.
b5 { [%clk 0:07:07] } 25... cxb5 { [%clk 0:06:53] } 26. axb5 { [%clk 0:07:05] }
26... a5 { [%clk 0:06:48] } 27. Rxa5 { [%clk 0:07:00] } 27... Rdf8
{ [%clk 0:06:44] } 28. b6 { [%clk 0:06:47] } 28... Nd7 { [%clk 0:06:39] } 29.
Rxf8+ { [%clk 0:06:41] } 29... Rxf8 { [%clk 0:06:38] } 30. Nf3
{ [%clk 0:06:27] } 30... Qxe3+ { [%clk 0:06:31] } 31. Kh1 { [%clk 0:06:25] }
31... Qxc3 { [%clk 0:06:30] } 32. Qa1 { [%clk 0:06:11] } 32... Nxb6
{ [%clk 0:06:26] } 33. Qxc3 { [%clk 0:06:06] } 1-0"
Rated Rapid game,https://lichess.org/ex8eDZwp,2024.08.01,-,MulletHeadMike,Avi45,1-0,2024.08.01,08:44:37,1882,1882,,,A04,Zukertort Opening: Sicilian Invitation,600+0,Normal,"1. Nf3 { [%clk 0:10:00] } 1... c5 { [%clk 0:10:00] } 2. d4 { [%clk 0:09:57] }
2... cxd4 { [%clk 0:09:59] } 3. Nxd4 { [%clk 0:09:55] } 3... Nc6
{ [%clk 0:09:58] } 4. Nxc6 { [%clk 0:09:54] } 4... bxc6 { [%clk 0:09:56] } 5.
Nc3 { [%clk 0:09:44] } 5... e6 { [%clk 0:09:55] } 6. h4 { [%clk 0:09:40] } 6...
d5 { [%clk 0:09:55] } 7. Bg5 { [%clk 0:09:37] } 7... Be7 { [%clk 0:09:53] } 8.
e3 { [%clk 0:09:31] } 8... Bxg5 { [%clk 0:09:47] } 9. hxg5 { [%clk 0:09:29] }
9... Qxg5 { [%clk 0:09:47] } 10. Rh5 { [%clk 0:09:10] } 10... Qf6
{ [%clk 0:09:41] } 11. e4 { [%clk 0:08:48] } 11... d4 { [%clk 0:09:29] } 12.
Ne2 { [%clk 0:08:36] } 12... e5 { [%clk 0:09:24] } 13. c3 { [%clk 0:08:28] }
13... Bg4 { [%clk 0:09:22] } 14. Rh1 { [%clk 0:08:01] } 14... c5
{ [%clk 0:09:17] } 15. f3 { [%clk 0:07:58] } 15... Rd8 { [%clk 0:09:10] } 16.
Qa4+ { [%clk 0:07:53] } 16... Bd7 { [%clk 0:09:07] } 17. Qxa7
{ [%clk 0:07:50] } 17... d3 { [%clk 0:09:04] } 18. Ng3 { [%clk 0:07:39] } 18...
Qf4 { [%clk 0:08:42] } 19. Nh5 { [%clk 0:06:59] } 19... Qe3+ { [%clk 0:08:36] }
20. Kd1 { [%clk 0:06:53] } 20... Ba4+ { [%clk 0:08:16] } 21. b3
{ [%clk 0:06:48] } 21... Qf2 { [%clk 0:07:55] } 22. Qxa4+ { [%clk 0:06:13] }
22... Rd7 { [%clk 0:07:51] } 1-0"
Rated Rapid game,https://lichess.org/56mwiGqX,2024.08.01,-,ahmedmahde,skarto,1-0,2024.08.01,08:44:37,1601,1583,,,B12,"Caro-Kann Defense: Advance Variation, Short Variation",600+0,Normal,"1. e4 { [%clk 0:10:00] } 1... c6 { [%clk 0:10:00] } 2. d4 { [%clk 0:09:58] }
2... d5 { [%clk 0:09:59] } 3. e5 { [%clk 0:09:55] } 3... Bf5 { [%clk 0:09:58] }
4. Nf3 { [%clk 0:09:53] } 4... e6 { [%clk 0:09:56] } 5. Be2 { [%clk 0:09:52] }
5... Nd7 { [%clk 0:09:55] } 6. O-O { [%clk 0:09:50] } 6... Ne7
{ [%clk 0:09:53] } 7. c4 { [%clk 0:09:48] } 7... Ng6 { [%clk 0:09:49] } 8. c5
{ [%clk 0:09:45] } 8... Be7 { [%clk 0:09:46] } 9. b4 { [%clk 0:09:42] } 9... f6
{ [%clk 0:09:45] } 10. Nc3 { [%clk 0:09:36] } 10... fxe5 { [%clk 0:09:40] } 11.
dxe5 { [%clk 0:09:32] } 11... O-O { [%clk 0:09:36] } 12. Nd4 { [%clk 0:09:22] }
12... Ndxe5 { [%clk 0:09:31] } 13. Qe1 { [%clk 0:09:01] } 13... Ng4
{ [%clk 0:09:07] } 14. Qd1 { [%clk 0:08:49] } 14... Qc7 { [%clk 0:08:49] } 15.
Bxg4 { [%clk 0:08:45] } 15... Bxg4 { [%clk 0:08:33] } 16. Qxg4
{ [%clk 0:08:41] } 1-0"
Rated Rapid game,https://lichess.org/H3PxoXuK,2024.08.01,-,NikitaRak2015,MichlR,0-1,2024.08.01,08:44:37,1142,1232,,,C62,Ruy Lopez: Steinitz Defense,600+0,Normal,"1. e4 { [%clk 0:10:00] } 1... e5 { [%clk 0:10:00] } 2. Nf3 { [%clk 0:09:58] }
2... Nc6 { [%clk 0:09:58] } 3. Bb5 { [%clk 0:09:57] } 3... d6
{ [%clk 0:09:57] } 4. Bxc6+ { [%clk 0:09:56] } 4... bxc6 { [%clk 0:09:56] } 5.
Nc3 { [%clk 0:09:56] } 5... Ba6 { [%clk 0:09:53] } 6. d3 { [%clk 0:09:51] }
6... Nf6 { [%clk 0:09:51] } 7. O-O { [%clk 0:09:50] } 7... d5
{ [%clk 0:09:46] } 8. exd5 { [%clk 0:09:48] } 8... cxd5 { [%clk 0:09:42] } 9.
Nxe5 { [%clk 0:09:47] } 9... d4 { [%clk 0:09:41] } 10. Ne2 { [%clk 0:09:38] }
10... Qd6 { [%clk 0:09:33] } 11. Bf4 { [%clk 0:09:35] } 11... Qb6
{ [%clk 0:09:20] } 12. h3 { [%clk 0:09:25] } 12... Bd6 { [%clk 0:09:18] } 13.
Nc4 { [%clk 0:09:17] } 13... Bxc4 { [%clk 0:09:09] } 14. dxc4
{ [%clk 0:09:15] } 14... Bxf4 { [%clk 0:09:08] } 15. Nxf4 { [%clk 0:09:14] }
15... O-O { [%clk 0:09:05] } 16. c3 { [%clk 0:08:57] } 16... Rad8
{ [%clk 0:09:02] } 17. cxd4 { [%clk 0:08:55] } 17... Rxd4 { [%clk 0:09:01] }
18. Qa4 { [%clk 0:08:49] } 18... Rxf4 { [%clk 0:08:55] } 19. Rae1
{ [%clk 0:08:40] } 19... c5 { [%clk 0:08:45] } 20. g4 { [%clk 0:08:32] } 20...
g5 { [%clk 0:08:42] } 21. h4 { [%clk 0:08:28] } 21... gxh4 { [%clk 0:08:34] }
22. g5 { [%clk 0:08:28] } 22... Rg4+ { [%clk 0:08:27] } 23. Kh1
{ [%clk 0:08:26] } 23... Qb7+ { [%clk 0:08:15] } 24. Kh2 { [%clk 0:08:25] }
24... Qg2# { [%clk 0:08:08] } 0-1"
Rated Rapid game,https://lichess.org/8kyiT4eJ,2024.08.01,-,Muthudx,ruslan_mikhayloff,1-0,2024.08.01,08:44:37,1273,1253,,,B01,Scandinavian Defense: Valencian Variation,600+0,Time forfeit,"1. e4 { [%clk 0:10:00] } 1... d5 { [%clk 0:10:00] } 2. exd5 { [%clk 0:09:59] }
2... Qxd5 { [%clk 0:09:59] } 3. Nc3 { [%clk 0:09:58] } 3... Qd8
{ [%clk 0:09:58] } 4. Bc4 { [%clk 0:09:56] } 4... e6 { [%clk 0:09:55] } 5. Nf3
{ [%clk 0:09:56] } 5... Nf6 { [%clk 0:09:54] } 6. d3 { [%clk 0:09:55] } 6...
Bb4 { [%clk 0:09:52] } 7. Ng5 { [%clk 0:09:54] } 7... O-O { [%clk 0:09:47] } 8.
Qf3 { [%clk 0:09:48] } 8... Nc6 { [%clk 0:09:35] } 9. h4 { [%clk 0:09:44] }
9... Ne5 { [%clk 0:09:23] } 10. Qh3 { [%clk 0:09:39] } 10... Qd4
{ [%clk 0:09:04] } 11. Be3 { [%clk 0:09:34] } 11... Bxc3+ { [%clk 0:08:47] }
12. Kf1 { [%clk 0:09:15] } 12... Qd8 { [%clk 0:07:31] } 13. bxc3
{ [%clk 0:09:08] } 13... Nxc4 { [%clk 0:07:18] } 14. dxc4 { [%clk 0:09:05] }
14... h6 { [%clk 0:06:46] } 15. Nf3 { [%clk 0:09:01] } 15... e5
{ [%clk 0:06:39] } 16. Qg3 { [%clk 0:08:58] } 16... e4 { [%clk 0:06:30] } 17.
Nd4 { [%clk 0:08:48] } 17... Kh7 { [%clk 0:05:37] } 18. Qf4 { [%clk 0:08:37] }
18... b6 { [%clk 0:05:08] } 19. Nc6 { [%clk 0:08:10] } 19... Qd7
{ [%clk 0:05:07] } 20. Ne5 { [%clk 0:08:06] } 20... Qe6 { [%clk 0:04:36] } 21.
h5 { [%clk 0:07:03] } 21... Bb7 { [%clk 0:03:40] } 22. g4 { [%clk 0:06:38] }
22... Rae8 { [%clk 0:02:09] } 23. g5 { [%clk 0:05:51] } 23... Nd7
{ [%clk 0:02:06] } 24. gxh6 { [%clk 0:05:33] } 24... gxh6 { [%clk 0:01:15] }
25. Nxd7 { [%clk 0:05:26] } 25... Qxc4+ { [%clk 0:00:52] } 26. Ke1
{ [%clk 0:05:18] } 26... Qxc3+ { [%clk 0:00:42] } 27. Bd2 { [%clk 0:05:14] }
27... Qxa1+ { [%clk 0:00:36] } 28. Bc1 { [%clk 0:05:11] } 28... Rg8
{ [%clk 0:00:21] } 29. Qf5+ { [%clk 0:05:05] } 29... Kh8 { [%clk 0:00:06] } 30.
Kd1 { [%clk 0:04:18] } 30... e3 { [%clk 0:00:02] } 31. Re1 { [%clk 0:03:45] }
1-0"
Rated Rapid game,https://lichess.org/4eydV2Gi,2024.08.01,-,stanislaw70,sia9,0-1,2024.08.01,08:44:37,1613,1615,,,C23,Bishop's Opening,600+0,Normal,"1. e4 { [%clk 0:10:00] } 1... e5 { [%clk 0:10:00] } 2. Bc4 { [%clk 0:09:58] }
2... Qf6 { [%clk 0:09:59] } 3. Nf3 { [%clk 0:09:54] } 3... Nc6
{ [%clk 0:09:58] } 4. d3 { [%clk 0:09:52] } 4... Bc5 { [%clk 0:09:57] } 5. Bg5
{ [%clk 0:09:48] } 5... Qd6 { [%clk 0:09:55] } 6. Nc3 { [%clk 0:09:37] } 6...
f6 { [%clk 0:09:42] } 7. Nb5 { [%clk 0:09:32] } 7... Bxf2+ { [%clk 0:09:31] }
8. Kxf2 { [%clk 0:09:24] } 8... Qc5+ { [%clk 0:09:14] } 9. Be3
{ [%clk 0:09:20] } 9... Nd4 { [%clk 0:09:08] } 10. c3 { [%clk 0:09:09] } 10...
Qc6 { [%clk 0:08:28] } 11. cxd4 { [%clk 0:09:01] } 11... a6 { [%clk 0:08:05] }
12. d5 { [%clk 0:08:53] } 12... Qxc4 { [%clk 0:07:43] } 13. dxc4
{ [%clk 0:08:49] } 13... axb5 { [%clk 0:07:41] } 14. cxb5 { [%clk 0:08:47] }
14... Ne7 { [%clk 0:07:35] } 15. d6 { [%clk 0:08:43] } 15... cxd6
{ [%clk 0:07:31] } 16. Qxd6 { [%clk 0:08:39] } 16... Ra4 { [%clk 0:07:11] } 17.
Bc5 { [%clk 0:08:28] } 17... Ng6 { [%clk 0:06:34] } 18. Qc7 { [%clk 0:08:13] }
18... Ne7 { [%clk 0:06:20] } 19. Bxe7 { [%clk 0:07:57] } 19... Kxe7
{ [%clk 0:06:18] } 20. Qc5+ { [%clk 0:07:56] } 20... d6 { [%clk 0:06:16] } 21.
b4 { [%clk 0:07:42] } 21... dxc5 { [%clk 0:06:01] } 22. bxc5 { [%clk 0:07:38] }
22... Rxe4 { [%clk 0:05:59] } 23. a4 { [%clk 0:07:31] } 23... g5
{ [%clk 0:05:26] } 24. Rhd1 { [%clk 0:07:25] } 24... g4 { [%clk 0:05:23] } 25.
Nh4 { [%clk 0:07:19] } 25... f5 { [%clk 0:04:53] } 26. Rd6 { [%clk 0:07:03] }
26... Rf8 { [%clk 0:04:03] } 27. Rh6 { [%clk 0:06:53] } 27... Rf7
{ [%clk 0:03:56] } 28. a5 { [%clk 0:06:40] } 28... f4 { [%clk 0:03:39] } 29. a6
{ [%clk 0:06:25] } 29... bxa6 { [%clk 0:03:31] } 30. bxa6 { [%clk 0:06:20] }
30... g3+ { [%clk 0:03:29] } 31. Kg1 { [%clk 0:06:14] } 31... gxh2+
{ [%clk 0:03:27] } 32. Kxh2 { [%clk 0:06:11] } 32... Bxa6 { [%clk 0:03:00] }
33. Raxa6 { [%clk 0:06:06] } 33... Kf8 { [%clk 0:02:58] } 34. c6
{ [%clk 0:05:50] } 34... Rc4 { [%clk 0:02:49] } 35. Re6 { [%clk 0:05:41] }
35... e4 { [%clk 0:02:30] } 36. Ra8+ { [%clk 0:05:31] } 36... Kg7
{ [%clk 0:02:27] } 37. Ra3 { [%clk 0:05:14] } 37... e3 { [%clk 0:01:48] } 38.
Re5 { [%clk 0:04:53] } 38... Rxc6 { [%clk 0:01:35] } 39. Nf5+
{ [%clk 0:04:48] } 39... Kf6 { [%clk 0:01:28] } 40. Rea5 { [%clk 0:04:33] }
40... e2 { [%clk 0:01:25] } 41. Nd4 { [%clk 0:04:21] } 41... e1=Q
{ [%clk 0:01:19] } 42. Rf5+ { [%clk 0:04:08] } 42... Kg6 { [%clk 0:01:14] } 43.
Rxf7 { [%clk 0:03:58] } 43... Qh4+ { [%clk 0:01:09] } 44. Kg1
{ [%clk 0:03:45] } 44... Rc1# { [%clk 0:01:05] } 0-1"
Rated Rapid game,https://lichess.org/i81wBRBt,2024.08.01,-,akusha_001,sergey_petrovich_v,0-1,2024.08.01,08:44:37,1500,1730,,,A43,Benoni Defense: Old Benoni,600+0,Normal,"1. d4 { [%clk 0:10:00] } 1... c5 { [%clk 0:10:00] } 2. Nf3 { [%clk 0:09:42] }
2... cxd4 { [%clk 0:09:57] } 3. Nc3 { [%clk 0:09:42] } 3... dxc3
{ [%clk 0:09:54] } 4. Qd2 { [%clk 0:09:37] } 4... cxd2+ { [%clk 0:09:52] } 5.
Kxd2 { [%clk 0:09:29] } 5... Nf6 { [%clk 0:09:49] } 6. Kd3 { [%clk 0:09:24] }
6... Nc6 { [%clk 0:09:46] } 7. Kc4 { [%clk 0:09:23] } 7... d5+
{ [%clk 0:09:44] } 8. Kc5 { [%clk 0:09:19] } 8... Qb6# { [%clk 0:09:40] } 0-1"
Rated Rapid game,https://lichess.org/78VvT4DV,2024.08.01,-,theynotlikeus1,niallsheedy,0-1,2024.08.01,08:44:37,1184,1140,,,B21,Sicilian Defense: Smith-Morra Gambit,600+0,Normal,"1. e4 { [%eval 0.15] [%clk 0:10:00] } 1... c5 { [%eval 0.25] [%clk 0:10:00] }
2. d4 { [%eval 0.09] [%clk 0:10:00] } 2... cxd4 { [%eval 0.09] [%clk 0:09:58] }
3. Qxd4 { [%eval 0.0] [%clk 0:09:59] } 3... Nc6 { [%eval 0.0] [%clk 0:09:56] }
4. Qd1 { [%eval -0.07] [%clk 0:09:47] } 4... e5 { [%eval 0.0] [%clk 0:09:53] }
5. Bc4 { [%eval 0.0] [%clk 0:09:45] } 5... Nf6 { [%eval 0.0] [%clk 0:09:49] }
6. Nf3 { [%eval -0.2] [%clk 0:09:40] } 6... h6 { [%eval 0.02] [%clk 0:09:46] }
7. Bd2 $6 { [%eval -0.9] [%clk 0:09:32] } 7... Nxe4
{ [%eval -0.87] [%clk 0:09:44] } 8. Qe2 $2 { [%eval -2.29] [%clk 0:09:23] }
8... Nxd2 $2 { [%eval -0.18] [%clk 0:09:38] } 9. Qxd2 $2
{ [%eval -1.35] [%clk 0:09:21] } 9... Bb4 { [%eval -1.3] [%clk 0:09:37] } 10.
c3 { [%eval -1.53] [%clk 0:09:18] } 10... Bc5 $6
{ [%eval -0.67] [%clk 0:09:25] } 11. b4 $2 { [%eval -2.0] [%clk 0:09:15] }
11... Bd6 $4 { [%eval 3.93] [%clk 0:09:15] } 12. Bd5 $4
{ [%eval -1.61] [%clk 0:09:14] } 12... Qb6 $2 { [%eval 0.05] [%clk 0:09:08] }
13. Bxf7+ { [%eval 0.02] [%clk 0:08:57] } 13... Kxf7
{ [%eval 0.02] [%clk 0:09:05] } 14. Qxd6 { [%eval 0.19] [%clk 0:08:51] } 14...
Ke8 $4 { [%eval 3.26] [%clk 0:08:40] } 15. Nxe5 $2
{ [%eval 1.57] [%clk 0:08:33] } 15... Rf8 { [%eval 1.54] [%clk 0:08:28] } 16.
Qg6+ { [%eval 0.99] [%clk 0:08:22] } 16... Kd8 { [%eval 0.91] [%clk 0:08:23] }
17. Nf7+ $2 { [%eval -1.74] [%clk 0:08:19] } 17... Kc7 $4
{ [%eval #1] [%clk 0:08:14] } 18. Qg3+ $4 { [%eval 5.88] [%clk 0:08:10] } 18...
d6 $4 { [%eval #1] [%clk 0:08:03] } 19. Nxd6 $4 { [%eval 2.85] [%clk 0:08:06] }
19... Kd8 $4 { [%eval 6.16] [%clk 0:07:51] } 20. O-O
{ [%eval 5.98] [%clk 0:07:56] } 20... Bd7 { [%eval 6.65] [%clk 0:07:30] } 21.
Nd2 { [%eval 6.59] [%clk 0:07:48] } 21... g5 { [%eval 6.97] [%clk 0:06:45] }
22. N2e4 { [%eval 6.44] [%clk 0:07:27] } 22... a5
{ [%eval 6.8] [%clk 0:06:13] } 23. Nc4 { [%eval 5.96] [%clk 0:06:53] } 23...
Qa7 { [%eval 7.84] [%clk 0:06:00] } 24. a3 $2 { [%eval 5.69] [%clk 0:06:40] }
24... b6 { [%eval 6.74] [%clk 0:05:50] } 25. f4 { [%eval 5.33] [%clk 0:06:25] }
25... b5+ { [%eval 5.22] [%clk 0:05:46] } 26. Nc5
{ [%eval 4.83] [%clk 0:06:11] } 26... bxc4 { [%eval 5.54] [%clk 0:05:42] } 27.
fxg5 { [%eval 5.55] [%clk 0:05:58] } 27... Rxf1+
{ [%eval 5.34] [%clk 0:05:27] } 28. Rxf1 { [%eval 5.07] [%clk 0:05:56] } 28...
axb4 { [%eval 4.87] [%clk 0:05:25] } 29. axb4 { [%eval 4.91] [%clk 0:05:35] }
29... Nxb4 $2 { [%eval 7.36] [%clk 0:05:05] } 30. cxb4
{ [%eval 6.58] [%clk 0:05:23] } 30... Qb6 { [%eval 7.76] [%clk 0:04:59] } 31.
Rf8+ { [%eval 7.52] [%clk 0:05:15] } 31... Be8 { [%eval 7.33] [%clk 0:04:55] }
32. g6 $4 { [%eval 3.31] [%clk 0:05:00] } 32... Qxb4 $4
{ [%eval #2] [%clk 0:04:49] } 33. Ne6+ $4 { [%eval 3.81] [%clk 0:04:44] } 33...
Kd7 $2 { [%eval 5.24] [%clk 0:04:37] } 34. g7 $4
{ [%eval -6.73] [%clk 0:04:31] } 34... Qb6+ { [%eval -6.6] [%clk 0:04:33] } 35.
Kf1 { [%eval -6.58] [%clk 0:04:19] } 35... Ra1+
{ [%eval -6.47] [%clk 0:04:31] } 36. Ke2 { [%eval -6.4] [%clk 0:04:08] } 36...
Qxe6+ { [%eval -6.17] [%clk 0:04:26] } 37. Kd2 { [%eval -5.94] [%clk 0:03:58] }
37... Ra2+ { [%eval -5.58] [%clk 0:04:21] } 38. Kc3
{ [%eval -6.95] [%clk 0:03:51] } 38... Ra3+ { [%eval -6.73] [%clk 0:04:11] }
39. Kb2 { [%eval -8.67] [%clk 0:03:47] } 39... Rxg3
{ [%eval -8.41] [%clk 0:04:00] } 40. hxg3 { [%eval -7.97] [%clk 0:03:18] }
40... Qe5+ { [%eval -7.73] [%clk 0:03:57] } 41. Ka3
{ [%eval -8.4] [%clk 0:02:59] } 41... Qxg3+ { [%eval -9.11] [%clk 0:03:55] }
42. Kb4 { [%eval -8.9] [%clk 0:02:56] } 42... Qxg7
{ [%eval -7.96] [%clk 0:03:54] } 43. Rf3 { [%eval -11.06] [%clk 0:02:40] }
43... Qxg2 { [%eval -9.84] [%clk 0:03:51] } 0-1"
Rated Rapid game,https://lichess.org/zumKnxFU,2024.08.01,-,vp-dinhquangthuong,ARIJ_RAdaSlav,0-1,2024.08.01,08:44:37,1479,1518,,,C43,Russian Game: Modern Attack,600+0,Normal,"1. e4 { [%clk 0:10:00] } 1... e5 { [%clk 0:10:00] } 2. Nf3 { [%clk 0:09:59] }
2... Nf6 { [%clk 0:09:59] } 3. d4 { [%clk 0:09:56] } 3... Nxe4
{ [%clk 0:09:56] } 4. dxe5 { [%clk 0:09:49] } 4... Nc6 { [%clk 0:09:50] } 5.
Qd4 { [%clk 0:09:33] } 5... Nxd4 { [%clk 0:09:47] } 0-1"
Rated Rapid game,https://lichess.org/GHFovM5g,2024.08.01,-,EclairNoix,theddmage,0-1,2024.08.01,08:44:41,1680,1718,,,B50,Sicilian Defense: Modern Variations,600+0,Normal,"1. e4 { [%clk 0:10:00] } 1... c5 { [%clk 0:10:00] } 2. Nf3 { [%clk 0:09:56] }
2... d6 { [%clk 0:09:59] } 3. h3 { [%clk 0:09:52] } 3... e5 { [%clk 0:09:58] }
4. c3 { [%clk 0:09:50] } 4... Nf6 { [%clk 0:09:57] } 5. d3 { [%clk 0:09:45] }
5... Nc6 { [%clk 0:09:54] } 6. Bg5 { [%clk 0:09:40] } 6... Be7
{ [%clk 0:09:53] } 7. Be2 { [%clk 0:09:30] } 7... O-O { [%clk 0:09:51] } 8. O-O
{ [%clk 0:09:27] } 8... Nh5 { [%clk 0:09:49] } 9. Bxe7 { [%clk 0:09:20] } 9...
Qxe7 { [%clk 0:09:46] } 10. Re1 { [%clk 0:09:12] } 10... Nf4 { [%clk 0:09:44] }
11. d4 { [%clk 0:08:55] } 11... Qf6 { [%clk 0:09:41] } 12. dxe5
{ [%clk 0:08:08] } 12... Qg6 { [%clk 0:09:36] } 13. g3 { [%clk 0:07:05] } 13...
Nxh3+ { [%clk 0:09:32] } 14. Kg2 { [%clk 0:06:55] } 14... Nxe5
{ [%clk 0:09:30] } 15. Nxe5 { [%clk 0:06:48] } 15... dxe5 { [%clk 0:09:27] }
16. Bf3 { [%clk 0:06:32] } 16... Ng5 { [%clk 0:09:07] } 17. Nd2
{ [%clk 0:06:20] } 17... Qf6 { [%clk 0:08:59] } 18. Bg4 { [%clk 0:06:02] }
18... Ne6 { [%clk 0:08:29] } 19. Nc4 { [%clk 0:05:27] } 19... b6
{ [%clk 0:08:03] } 20. Qf3 { [%clk 0:05:20] } 20... Ba6 { [%clk 0:07:35] } 21.
Qxf6 { [%clk 0:05:00] } 21... gxf6 { [%clk 0:07:32] } 22. Ne3
{ [%clk 0:04:31] } 22... Ng5 { [%clk 0:07:19] } 23. Nf5 { [%clk 0:04:14] }
23... Bb7 { [%clk 0:07:09] } 24. f3 { [%clk 0:03:59] } 24... Rad8
{ [%clk 0:06:53] } 25. Rad1 { [%clk 0:03:55] } 25... Ne6 { [%clk 0:06:40] } 26.
Ne7+ { [%clk 0:03:06] } 26... Kg7 { [%clk 0:06:26] } 27. Bxe6
{ [%clk 0:02:58] } 27... fxe6 { [%clk 0:06:20] } 0-1"
Rated Rapid game,https://lichess.org/fo17dAUW,2024.08.01,-,LeePops,ajaycits,0-1,2024.08.01,08:44:41,1544,1622,,,C25,Vienna Game,600+0,Normal,"1. e4 { [%clk 0:10:00] } 1... e5 { [%clk 0:10:00] } 2. Nc3 { [%clk 0:09:59] }
2... c6 { [%clk 0:09:57] } 3. d4 { [%clk 0:09:57] } 3... exd4
{ [%clk 0:09:51] } 4. Qxd4 { [%clk 0:09:56] } 4... Qb6 { [%clk 0:09:31] } 5.
Qxb6 { [%clk 0:09:29] } 5... axb6 { [%clk 0:09:29] } 6. Be3 { [%clk 0:09:28] }
6... Bc5 { [%clk 0:09:18] } 7. Bxc5 { [%clk 0:09:22] } 7... bxc5
{ [%clk 0:09:17] } 8. Nf3 { [%clk 0:09:15] } 8... Ne7 { [%clk 0:09:04] } 9. Bc4
{ [%clk 0:09:12] } 9... O-O { [%clk 0:09:01] } 10. O-O { [%clk 0:08:23] } 10...
b5 { [%clk 0:08:51] } 11. Bd3 { [%clk 0:08:18] } 11... Na6 { [%clk 0:08:43] }
12. a4 { [%clk 0:08:11] } 12... bxa4 { [%clk 0:08:33] } 13. Rxa4
{ [%clk 0:08:08] } 13... Bb7 { [%clk 0:08:29] } 14. Rfa1 { [%clk 0:08:07] }
14... Nb4 { [%clk 0:08:23] } 15. Rxa8 { [%clk 0:07:57] } 15... Rxa8
{ [%clk 0:08:21] } 16. Rxa8+ { [%clk 0:07:55] } 16... Bxa8 { [%clk 0:08:20] }
17. Na4 { [%clk 0:07:38] } 17... d6 { [%clk 0:08:05] } 18. Ne1
{ [%clk 0:07:14] } 18... Nxd3 { [%clk 0:07:36] } 19. cxd3 { [%clk 0:07:09] }
19... Bb7 { [%clk 0:07:34] } 20. Nc2 { [%clk 0:07:00] } 20... Ba6
{ [%clk 0:07:32] } 21. d4 { [%clk 0:06:59] } 21... Bd3 { [%clk 0:07:04] } 22.
Ne1 { [%clk 0:06:54] } 22... Bb5 { [%clk 0:06:52] } 23. dxc5 { [%clk 0:06:32] }
23... Nc8 { [%clk 0:05:44] } 24. Nb6 { [%clk 0:06:25] } 24... Nxb6
{ [%clk 0:05:32] } 25. cxb6 { [%clk 0:06:24] } 25... Ba6 { [%clk 0:05:30] } 26.
Nc2 { [%clk 0:06:21] } 26... c5 { [%clk 0:05:23] } 27. b4 { [%clk 0:06:17] }
27... Kf8 { [%clk 0:05:20] } 28. bxc5 { [%clk 0:06:15] } 28... dxc5
{ [%clk 0:05:18] } 29. Ne3 { [%clk 0:06:13] } 29... c4 { [%clk 0:05:16] } 30.
Kf1 { [%clk 0:06:12] } 30... c3+ { [%clk 0:05:14] } 31. Ke1 { [%clk 0:06:11] }
31... Ke8 { [%clk 0:05:02] } 32. Kd1 { [%clk 0:06:04] } 32... Kd7
{ [%clk 0:04:54] } 33. Kc2 { [%clk 0:06:02] } 33... Bb7 { [%clk 0:04:37] } 34.
f3 { [%clk 0:05:59] } 34... Kc6 { [%clk 0:04:33] } 35. Nd5 { [%clk 0:05:53] }
35... Ba6 { [%clk 0:04:16] } 36. Kxc3 { [%clk 0:05:50] } 36... Bf1
{ [%clk 0:04:12] } 37. Kd4 { [%clk 0:05:35] } 37... Bxg2 { [%clk 0:04:09] } 38.
Ke3 { [%clk 0:05:34] } 38... Bh3 { [%clk 0:04:03] } 39. Kf4 { [%clk 0:05:21] }
39... f6 { [%clk 0:03:59] } 40. Kg3 { [%clk 0:05:12] } 40... Be6
{ [%clk 0:03:42] } 41. h4 { [%clk 0:05:03] } 41... Bxd5 { [%clk 0:03:23] } 42.
exd5+ { [%clk 0:05:01] } 42... Kxb6 { [%clk 0:03:22] } 43. Kf4
{ [%clk 0:05:00] } 43... g6 { [%clk 0:03:12] } 44. Ke4 { [%clk 0:04:56] } 44...
Kc5 { [%clk 0:03:11] } 45. Kf4 { [%clk 0:04:46] } 45... Kxd5 { [%clk 0:03:08] }
46. Ke3 { [%clk 0:04:45] } 46... g5 { [%clk 0:02:55] } 47. hxg5
{ [%clk 0:04:18] } 47... fxg5 { [%clk 0:02:54] } 48. f4 { [%clk 0:04:16] }
48... g4 { [%clk 0:02:42] } 49. f5 { [%clk 0:04:12] } 49... Ke5
{ [%clk 0:02:41] } 50. f6 { [%clk 0:04:04] } 50... Kxf6 { [%clk 0:02:39] } 51.
Kf4 { [%clk 0:04:04] } 51... h5 { [%clk 0:02:37] } 0-1"
Rated Rapid game,https://lichess.org/xDusOn5D,2024.08.01,-,drakisobak,RAY552_552,0-1,2024.08.01,08:44:41,860,842,,,C24,Bishop's Opening: Berlin Defense,600+0,Normal,"1. e4 { [%clk 0:10:00] } 1... e5 { [%clk 0:10:00] } 2. Bc4 { [%clk 0:09:58] }
2... Nf6 { [%clk 0:09:50] } 3. g4 { [%clk 0:09:52] } 3... Nxe4
{ [%clk 0:09:47] } 4. Qf3 { [%clk 0:09:43] } 4... d5 { [%clk 0:09:42] } 5. Bxd5
{ [%clk 0:09:33] } 5... Qxd5 { [%clk 0:09:41] } 6. g5 { [%clk 0:09:29] } 6...
Bc5 { [%clk 0:09:38] } 7. d3 { [%clk 0:09:22] } 7... Bxf2+ { [%clk 0:09:05] }
8. Kf1 { [%clk 0:09:10] } 8... Bxg1 { [%clk 0:08:56] } 9. Rxg1
{ [%clk 0:09:07] } 9... f5 { [%clk 0:08:39] } 10. dxe4 { [%clk 0:09:03] } 10...
fxe4 { [%clk 0:08:38] } 11. g6 { [%clk 0:08:55] } 11... exf3 { [%clk 0:08:30] }
0-1"
Rated Rapid game,https://lichess.org/MptDlHGm,2024.08.01,-,meteo021,boulpat2,1-0,2024.08.01,08:44:41,1639,1640,,,C42,Russian Game,600+0,Normal,"1. e4 { [%clk 0:10:00] } 1... e5 { [%clk 0:10:00] } 2. Nf3 { [%clk 0:09:59] }
2... Nf6 { [%clk 0:09:59] } 3. d3 { [%clk 0:09:56] } 3... d6 { [%clk 0:09:56] }
4. Be2 { [%clk 0:09:54] } 4... Be7 { [%clk 0:09:53] } 5. h3 { [%clk 0:09:53] }
5... O-O { [%clk 0:09:50] } 6. Nc3 { [%clk 0:09:52] } 6... h6
{ [%clk 0:09:49] } 7. Nh2 { [%clk 0:09:47] } 7... Nh7 { [%clk 0:09:46] } 8. f4
{ [%clk 0:09:44] } 8... exf4 { [%clk 0:09:40] } 9. Bxf4 { [%clk 0:09:42] } 9...
Bg5 { [%clk 0:09:39] } 10. O-O { [%clk 0:09:36] } 10... Bxf4 { [%clk 0:09:29] }
11. Rxf4 { [%clk 0:09:34] } 11... Be6 { [%clk 0:09:22] } 12. Bg4
{ [%clk 0:09:24] } 12... Nc6 { [%clk 0:09:14] } 13. a3 { [%clk 0:09:14] } 13...
Ne5 { [%clk 0:08:47] } 14. Bxe6 { [%clk 0:09:10] } 14... fxe6
{ [%clk 0:08:44] } 15. Qd2 { [%clk 0:08:53] } 15... Rxf4 { [%clk 0:08:39] } 16.
Qxf4 { [%clk 0:08:51] } 16... Qf8 { [%clk 0:08:36] } 17. Rf1 { [%clk 0:08:47] }
17... Qxf4 { [%clk 0:08:33] } 18. Rxf4 { [%clk 0:08:45] } 18... Rf8
{ [%clk 0:08:33] } 19. Rxf8+ { [%clk 0:08:43] } 19... Kxf8 { [%clk 0:08:17] }
20. Nb5 { [%clk 0:08:41] } 20... c6 { [%clk 0:08:06] } 21. Nxa7
{ [%clk 0:08:33] } 21... Nd7 { [%clk 0:07:58] } 22. Nc8 { [%clk 0:08:17] }
22... d5 { [%clk 0:07:47] } 23. exd5 { [%clk 0:08:13] } 23... exd5
{ [%clk 0:07:43] } 24. Nd6 { [%clk 0:08:11] } 24... b5 { [%clk 0:07:39] } 25.
Nf5 { [%clk 0:07:36] } 25... Nhf6 { [%clk 0:07:33] } 26. Nf3 { [%clk 0:07:29] }
26... Kf7 { [%clk 0:07:20] } 27. N5d4 { [%clk 0:07:25] } 27... Nb8
{ [%clk 0:07:15] } 28. Ne5+ { [%clk 0:07:24] } 28... Ke7 { [%clk 0:07:04] } 29.
Nexc6+ { [%clk 0:07:22] } 29... Nxc6 { [%clk 0:07:04] } 30. Nxc6+
{ [%clk 0:07:21] } 30... Kd6 { [%clk 0:07:03] } 31. Nd4 { [%clk 0:07:17] }
31... Kc5 { [%clk 0:07:01] } 1-0"
Rated Rapid game,https://lichess.org/Icb6HbkD,2024.08.01,-,Knights-88,Rusian-Army,1/2-1/2,2024.08.01,08:44:41,1780,1741,,,B10,Caro-Kann Defense,600+0,Normal,"1. e4 { [%clk 0:10:00] } 1... c6 { [%clk 0:10:00] } 2. Nf3 { [%clk 0:09:58] }
2... d5 { [%clk 0:09:58] } 3. exd5 { [%clk 0:09:56] } 3... cxd5
{ [%clk 0:09:57] } 4. d4 { [%clk 0:09:54] } 4... e6 { [%clk 0:09:55] } 5. c3
{ [%clk 0:09:53] } 5... Nf6 { [%clk 0:09:49] } 6. Be2 { [%clk 0:09:51] } 6...
Be7 { [%clk 0:09:47] } 7. a3 { [%clk 0:09:49] } 7... a6 { [%clk 0:09:41] } 8.
O-O { [%clk 0:09:47] } 8... O-O { [%clk 0:09:40] } 9. Nbd2 { [%clk 0:09:41] }
9... Nbd7 { [%clk 0:09:36] } 10. Nb3 { [%clk 0:09:39] } 10... Re8
{ [%clk 0:09:27] } 11. Bg5 { [%clk 0:09:36] } 11... Nf8 { [%clk 0:09:25] } 12.
Ne5 { [%clk 0:09:06] } 12... Bd7 { [%clk 0:09:07] } 13. Nxd7 { [%clk 0:09:03] }
13... Qxd7 { [%clk 0:09:05] } 14. h3 { [%clk 0:08:46] } 14... Rac8
{ [%clk 0:08:49] } 15. Nd2 { [%clk 0:08:43] } 15... Qc7 { [%clk 0:08:22] } 16.
Nf3 { [%clk 0:08:30] } 16... h6 { [%clk 0:08:17] } 17. Bh4 { [%clk 0:08:27] }
17... Kh7 { [%clk 0:08:15] } 18. Ne5 { [%clk 0:08:13] } 18... Bd8
{ [%clk 0:08:09] } 19. Bh5 { [%clk 0:07:50] } 19... g6 { [%clk 0:08:05] } 20.
Be2 { [%clk 0:07:38] } 20... Qb6 { [%clk 0:07:49] } 21. Rb1 { [%clk 0:07:17] }
21... Qc7 { [%clk 0:07:47] } 22. Bg3 { [%clk 0:07:03] } 22... Ne4
{ [%clk 0:07:26] } 23. Bh2 { [%clk 0:06:50] } 23... Qe7 { [%clk 0:07:16] } 24.
f3 { [%clk 0:06:12] } 24... Nf6 { [%clk 0:07:08] } 25. Qd2 { [%clk 0:06:03] }
25... Ng8 { [%clk 0:06:56] } 26. Bd3 { [%clk 0:05:45] } 26... Kg7
{ [%clk 0:06:37] } 27. Ng4 { [%clk 0:05:34] } 27... f5 { [%clk 0:06:22] } 28.
Be5+ { [%clk 0:05:29] } 28... Kh7 { [%clk 0:06:12] } 29. Nh2 { [%clk 0:05:26] }
29... Bc7 { [%clk 0:05:57] } 30. Bxc7 { [%clk 0:05:19] } 30... Rxc7
{ [%clk 0:05:56] } 31. b4 { [%clk 0:05:17] } 31... Rec8 { [%clk 0:05:41] } 32.
Rbc1 { [%clk 0:05:13] } 32... Nf6 { [%clk 0:05:05] } 33. Rfe1
{ [%clk 0:05:09] } 33... Nh5 { [%clk 0:05:00] } 34. Kf2 { [%clk 0:04:50] }
34... Qh4+ { [%clk 0:04:50] } 35. Kg1 { [%clk 0:04:38] } 35... Qg3
{ [%clk 0:04:34] } 36. Nf1 { [%clk 0:04:31] } 36... Qf4 { [%clk 0:04:24] } 37.
Qxf4 { [%clk 0:04:28] } 37... Nxf4 { [%clk 0:04:22] } 38. Re3
{ [%clk 0:04:04] } 38... Nxd3 { [%clk 0:04:14] } 39. Rxd3 { [%clk 0:04:00] }
39... Kg7 { [%clk 0:03:56] } 40. Ne3 { [%clk 0:03:58] } 40... Kf6
{ [%clk 0:03:47] } 41. g4 { [%clk 0:03:56] } 41... f4 { [%clk 0:03:36] } 42.
Ng2 { [%clk 0:03:54] } 42... g5 { [%clk 0:03:34] } 43. Kf2 { [%clk 0:03:52] }
43... Nd7 { [%clk 0:03:21] } 44. h4 { [%clk 0:03:48] } 44... Nb6
{ [%clk 0:03:15] } 45. hxg5+ { [%clk 0:03:39] } 45... hxg5 { [%clk 0:03:13] }
46. Rh1 { [%clk 0:03:31] } 46... Kg6 { [%clk 0:03:08] } 47. Ke2
{ [%clk 0:03:10] } 47... Rxc3 { [%clk 0:03:06] } 48. Rxc3 { [%clk 0:03:08] }
48... Rxc3 { [%clk 0:03:05] } 49. Rh8 { [%clk 0:03:04] } 49... Rxa3
{ [%clk 0:02:47] } 50. Ne1 { [%clk 0:03:02] } 50... Rc3 { [%clk 0:02:38] } 51.
Rb8 { [%clk 0:02:54] } 51... Re3+ { [%clk 0:02:33] } 52. Kf2 { [%clk 0:02:50] }
52... Nc4 { [%clk 0:02:28] } 53. Rxb7 { [%clk 0:02:40] } 53... a5
{ [%clk 0:02:25] } 54. bxa5 { [%clk 0:02:37] } 54... Nxa5 { [%clk 0:02:24] }
55. Rb6 { [%clk 0:02:34] } 55... Nc4 { [%clk 0:02:19] } 56. Rc6
{ [%clk 0:02:22] } 56... Kf6 { [%clk 0:02:13] } 57. Nc2 { [%clk 0:02:18] }
57... Rc3 { [%clk 0:02:11] } 58. Nb4 { [%clk 0:02:10] } 58... Rb3
{ [%clk 0:02:02] } 59. Nxd5+ { [%clk 0:02:07] } 59... Kf7 { [%clk 0:01:54] }
60. Rxc4 { [%clk 0:01:47] } 60... exd5 { [%clk 0:01:51] } 61. Rc5
{ [%clk 0:01:45] } 61... Ke6 { [%clk 0:01:49] } 62. Rc6+ { [%clk 0:01:37] }
62... Ke7 { [%clk 0:01:47] } 63. Rg6 { [%clk 0:01:35] } 63... Rb2+
{ [%clk 0:01:45] } 64. Ke1 { [%clk 0:01:32] } 64... Rb4 { [%clk 0:01:40] } 65.
Rxg5 { [%clk 0:01:30] } 65... Rxd4 { [%clk 0:01:38] } 66. Rf5
{ [%clk 0:01:27] } 66... Ke6 { [%clk 0:01:36] } 67. Rf8 { [%clk 0:01:21] }
67... Rc4 { [%clk 0:01:29] } 68. g5 { [%clk 0:01:19] } 68... Ke7
{ [%clk 0:01:27] } 69. Rf5 { [%clk 0:01:16] } 69... d4 { [%clk 0:01:18] } 70.
g6 { [%clk 0:01:10] } 70... d3 { [%clk 0:01:16] } 71. g7 { [%clk 0:01:07] }
71... Rc8 { [%clk 0:01:15] } 72. Kd2 { [%clk 0:00:57] } 72... Rg8
{ [%clk 0:01:10] } 73. Rg5 { [%clk 0:00:51] } 73... Kf6 { [%clk 0:01:07] } 74.
Rg4 { [%clk 0:00:48] } 74... Kf5 { [%clk 0:01:05] } 75. Kxd3 { [%clk 0:00:43] }
75... Kf6 { [%clk 0:01:04] } 76. Rxf4+ { [%clk 0:00:40] } 76... Ke7
{ [%clk 0:00:56] } 77. Rg4 { [%clk 0:00:37] } 77... Ke6 { [%clk 0:00:54] } 78.
f4 { [%clk 0:00:36] } 78... Kf5 { [%clk 0:00:52] } 79. Rg2 { [%clk 0:00:31] }
79... Kxf4 { [%clk 0:00:50] } 80. Kd4 { [%clk 0:00:30] } 80... Kf5
{ [%clk 0:00:49] } 81. Kd5 { [%clk 0:00:29] } 81... Kf6 { [%clk 0:00:47] } 82.
Rf2+ { [%clk 0:00:27] } 82... Kxg7 { [%clk 0:00:46] } 83. Rg2+
{ [%clk 0:00:25] } 83... Kf7 { [%clk 0:00:44] } 84. Rxg8 { [%clk 0:00:24] }
84... Kxg8 { [%clk 0:00:43] } 1/2-1/2"
Rated Rapid game,https://lichess.org/daaXWjwW,2024.08.01,-,H00007,suchzero,0-1,2024.08.01,08:44:41,1493,1485,,,B10,Caro-Kann Defense,600+0,Normal,"1. e4 { [%clk 0:10:00] } 1... c6 { [%clk 0:10:00] } 2. Nf3 { [%clk 0:09:59] }
2... d5 { [%clk 0:09:57] } 3. exd5 { [%clk 0:09:54] } 3... cxd5
{ [%clk 0:09:57] } 4. d4 { [%clk 0:09:49] } 4... e6 { [%clk 0:09:56] } 5. a3
{ [%clk 0:09:47] } 5... Bd7 { [%clk 0:09:55] } 6. Nc3 { [%clk 0:09:46] } 6...
Bd6 { [%clk 0:09:53] } 7. Bd3 { [%clk 0:09:44] } 7... Nf6 { [%clk 0:09:52] } 8.
Bg5 { [%clk 0:09:42] } 8... O-O { [%clk 0:09:51] } 9. O-O { [%clk 0:09:39] }
9... a6 { [%clk 0:09:50] } 10. Ne2 { [%clk 0:09:14] } 10... b5
{ [%clk 0:09:49] } 11. Qd2 { [%clk 0:08:54] } 11... Be7 { [%clk 0:09:43] } 12.
Ne5 { [%clk 0:08:32] } 12... Nc6 { [%clk 0:09:35] } 13. f4 { [%clk 0:08:14] }
13... h6 { [%clk 0:09:32] } 14. Bh4 { [%clk 0:08:09] } 14... Nxe5
{ [%clk 0:09:26] } 15. fxe5 { [%clk 0:07:57] } 15... Ng4 { [%clk 0:09:26] } 16.
Bxe7 { [%clk 0:07:53] } 16... Qxe7 { [%clk 0:09:26] } 17. h3 { [%clk 0:07:44] }
17... Nxe5 { [%clk 0:09:23] } 18. Nf4 { [%clk 0:07:17] } 18... Nxd3
{ [%clk 0:09:21] } 19. Qxd3 { [%clk 0:07:16] } 19... f5 { [%clk 0:09:11] } 20.
c3 { [%clk 0:07:12] } 20... Qg5 { [%clk 0:09:05] } 21. Rf3 { [%clk 0:06:57] }
21... Qf6 { [%clk 0:08:50] } 22. Re1 { [%clk 0:06:48] } 22... Rfe8
{ [%clk 0:08:46] } 23. Ref1 { [%clk 0:06:35] } 23... Rab8 { [%clk 0:08:38] }
24. Nh5 { [%clk 0:06:29] } 24... Qg5 { [%clk 0:08:29] } 25. Nf4
{ [%clk 0:06:06] } 25... a5 { [%clk 0:08:26] } 26. Rg3 { [%clk 0:05:57] } 26...
Qh4 { [%clk 0:08:13] } 27. Ng6 { [%clk 0:05:42] } 27... Qe4 { [%clk 0:08:05] }
28. Qd1 { [%clk 0:05:18] } 28... b4 { [%clk 0:07:51] } 29. Qh5
{ [%clk 0:05:09] } 29... bxc3 { [%clk 0:07:42] } 30. bxc3 { [%clk 0:05:08] }
30... Bb5 { [%clk 0:07:34] } 31. Rff3 { [%clk 0:04:51] } 31... Be2
{ [%clk 0:07:32] } 32. Nf4 { [%clk 0:04:43] } 32... Bxf3 { [%clk 0:07:29] } 33.
Qxh6 { [%clk 0:04:36] } 33... Rb7 { [%clk 0:07:11] } 34. Rxf3
{ [%clk 0:04:25] } 0-1"
Rated Rapid game,https://lichess.org/6VSgqmhd,2024.08.01,-,Ahmad_The19th,taruuuu,1-0,2024.08.01,08:44:41,1662,1669,,,A01,Nimzo-Larsen Attack: Modern Variation,600+0,Normal,"1. b3 { [%clk 0:10:00] } 1... e5 { [%clk 0:10:00] } 2. Bb2 { [%clk 0:10:00] }
2... e4 { [%clk 0:09:58] } 3. e3 { [%clk 0:09:55] } 3... Nf6 { [%clk 0:09:57] }
4. h3 { [%clk 0:09:54] } 4... d6 { [%clk 0:09:55] } 5. Ne2 { [%clk 0:09:53] }
5... b6 { [%clk 0:09:54] } 6. Nf4 { [%clk 0:09:52] } 6... Bb7
{ [%clk 0:09:51] } 7. Nh5 { [%clk 0:09:49] } 7... Nxh5 { [%clk 0:09:49] } 8.
Qxh5 { [%clk 0:09:49] } 8... g6 { [%clk 0:09:47] } 9. Qg4 { [%clk 0:09:45] }
9... Rg8 { [%clk 0:09:44] } 10. Qf4 { [%clk 0:09:37] } 10... Bg7
{ [%clk 0:09:41] } 11. Bxg7 { [%clk 0:09:21] } 11... Rxg7 { [%clk 0:09:39] }
12. Bc4 { [%clk 0:09:20] } 12... d5 { [%clk 0:09:38] } 13. Bf1
{ [%clk 0:09:16] } 13... Nd7 { [%clk 0:09:37] } 14. Nc3 { [%clk 0:09:15] }
14... Qe7 { [%clk 0:09:34] } 15. Ne2 { [%clk 0:09:13] } 15... O-O-O
{ [%clk 0:09:33] } 16. Nd4 { [%clk 0:09:12] } 16... f5 { [%clk 0:09:29] } 17.
Nb5 { [%clk 0:09:00] } 17... Qc5 { [%clk 0:09:17] } 18. Nxa7+
{ [%clk 0:08:57] } 18... Kb8 { [%clk 0:09:15] } 19. Nb5 { [%clk 0:08:54] }
19... Rc8 { [%clk 0:09:07] } 20. a4 { [%clk 0:08:52] } 20... Qxc2
{ [%clk 0:09:04] } 21. Be2 { [%clk 0:08:47] } 21... Qxb3 { [%clk 0:09:01] } 22.
O-O { [%clk 0:08:37] } 22... Ba6 { [%clk 0:09:00] } 23. Nc3 { [%clk 0:08:29] }
23... Bxe2 { [%clk 0:08:57] } 24. Nxe2 { [%clk 0:08:28] } 24... Nc5
{ [%clk 0:08:50] } 25. Nd4 { [%clk 0:08:22] } 25... Qd3 { [%clk 0:08:47] } 26.
Qe5 { [%clk 0:08:15] } 26... Rgg8 { [%clk 0:08:41] } 27. Qxd5
{ [%clk 0:08:14] } 27... Qxd2 { [%clk 0:08:37] } 28. Nc6+ { [%clk 0:08:12] }
28... Kb7 { [%clk 0:08:30] } 29. Nd4+ { [%clk 0:08:10] } 29... Ka6
{ [%clk 0:08:14] } 30. Rfb1 { [%clk 0:08:03] } 30... Nd3 { [%clk 0:07:58] } 31.
a5 { [%clk 0:07:53] } 31... Qxf2+ { [%clk 0:06:18] } 32. Kh2 { [%clk 0:07:35] }
32... Nb2 { [%clk 0:05:54] } 33. axb6+ { [%clk 0:07:18] } 33... Kxb6
{ [%clk 0:05:49] } 34. Qb5# { [%clk 0:07:14] } 1-0"
Rated Rapid game,https://lichess.org/TXLnJNLP,2024.08.01,-,gleontas,Chungyee,0-1,2024.08.01,08:44:41,1914,1990,,,C50,Italian Game: Rousseau Gambit,600+0,Normal,"1. e4 { [%clk 0:10:00] } 1... e5 { [%clk 0:10:00] } 2. Nf3 { [%clk 0:09:58] }
2... Nc6 { [%clk 0:09:57] } 3. Bc4 { [%clk 0:09:57] } 3... f5
{ [%clk 0:09:55] } 4. Bxg8 { [%clk 0:09:52] } 4... Rxg8 { [%clk 0:09:52] } 5.
exf5 { [%clk 0:09:50] } 5... e4 { [%clk 0:09:49] } 6. Qe2 { [%clk 0:09:48] }
6... Qe7 { [%clk 0:09:45] } 7. Ng1 { [%clk 0:09:38] } 7... Nd4
{ [%clk 0:09:42] } 8. Qd1 { [%clk 0:09:35] } 8... d5 { [%clk 0:09:39] } 9. c3
{ [%clk 0:09:32] } 9... Nxf5 { [%clk 0:09:34] } 10. Qe2 { [%clk 0:09:26] }
10... Bd7 { [%clk 0:09:25] } 11. f3 { [%clk 0:09:25] } 11... O-O-O
{ [%clk 0:09:19] } 12. fxe4 { [%clk 0:09:23] } 12... dxe4 { [%clk 0:09:18] }
13. h3 { [%clk 0:09:05] } 13... Ng3 { [%clk 0:09:13] } 0-1"
Rated Rapid game,https://lichess.org/qMtGEtJf,2024.08.01,-,Adoric,FPatrocinio,0-1,2024.08.01,08:44:41,1384,1294,,,C42,Russian Game: Three Knights Game,600+0,Normal,"1. e4 { [%clk 0:10:00] } 1... e5 { [%clk 0:10:00] } 2. Nf3 { [%clk 0:09:59] }
2... Nf6 { [%clk 0:09:56] } 3. Nc3 { [%clk 0:09:54] } 3... Bc5
{ [%clk 0:09:53] } 4. g3 { [%clk 0:09:51] } 4... Ng4 { [%clk 0:09:44] } 5. Bg2
{ [%clk 0:09:39] } 5... Nxf2 { [%clk 0:09:36] } 0-1"
Rated Rapid game,https://lichess.org/drCDEnWQ,2024.08.01,-,miladin63,MohdJaba,1-0,2024.08.01,08:44:41,1633,1570,,,B13,Caro-Kann Defense: Exchange Variation,600+0,Normal,"1. e4 { [%clk 0:10:00] } 1... c6 { [%clk 0:10:00] } 2. d4 { [%clk 0:09:57] }
2... d5 { [%clk 0:09:59] } 3. exd5 { [%clk 0:09:54] } 3... cxd5
{ [%clk 0:09:59] } 4. Nc3 { [%clk 0:09:53] } 4... Nc6 { [%clk 0:09:58] } 5. Be3
{ [%clk 0:09:50] } 5... Nf6 { [%clk 0:09:55] } 6. Nf3 { [%clk 0:09:47] } 6...
Bg4 { [%clk 0:09:53] } 7. Bb5 { [%clk 0:09:43] } 7... e6 { [%clk 0:09:51] } 8.
h3 { [%clk 0:09:41] } 8... Bxf3 { [%clk 0:09:48] } 9. Qxf3 { [%clk 0:09:35] }
9... Bb4 { [%clk 0:09:47] } 10. O-O-O { [%clk 0:09:02] } 10... Bxc3
{ [%clk 0:09:46] } 11. bxc3 { [%clk 0:08:59] } 11... O-O { [%clk 0:09:44] } 12.
Bg5 { [%clk 0:08:56] } 12... a6 { [%clk 0:09:34] } 13. Bd3 { [%clk 0:08:54] }
13... b5 { [%clk 0:09:30] } 14. Qg3 { [%clk 0:08:46] } 14... h6
{ [%clk 0:09:22] } 15. Be3 { [%clk 0:08:33] } 15... b4 { [%clk 0:09:00] } 16.
Bxh6 { [%clk 0:08:29] } 16... Nh5 { [%clk 0:08:50] } 17. Qg4 { [%clk 0:08:27] }
17... g6 { [%clk 0:08:45] } 18. Bxg6 { [%clk 0:08:20] } 18... fxg6
{ [%clk 0:08:43] } 19. Qxg6+ { [%clk 0:08:16] } 19... Kh8 { [%clk 0:08:39] }
20. Bxf8 { [%clk 0:08:11] } 20... Qxf8 { [%clk 0:08:36] } 21. Qxh5+
{ [%clk 0:08:09] } 21... Kg8 { [%clk 0:08:33] } 22. Qg4+ { [%clk 0:08:02] }
22... Kh8 { [%clk 0:08:27] } 23. Qxe6 { [%clk 0:07:59] } 23... bxc3
{ [%clk 0:07:41] } 24. Qxc6 { [%clk 0:07:57] } 24... Qf4+ { [%clk 0:07:36] }
25. Kb1 { [%clk 0:07:52] } 25... Rb8+ { [%clk 0:07:29] } 26. Ka1
{ [%clk 0:07:50] } 26... Rb2 { [%clk 0:07:23] } 27. Qxc3 { [%clk 0:07:40] }
27... Rb8 { [%clk 0:07:12] } 28. Qe3 { [%clk 0:07:30] } 28... Qd6
{ [%clk 0:07:02] } 29. Qe5+ { [%clk 0:07:28] } 29... Qxe5 { [%clk 0:06:59] }
30. dxe5 { [%clk 0:07:26] } 30... Rf8 { [%clk 0:06:55] } 31. f3
{ [%clk 0:07:23] } 31... Rd8 { [%clk 0:06:53] } 32. e6 { [%clk 0:07:19] } 32...
Kg7 { [%clk 0:06:52] } 33. e7 { [%clk 0:07:15] } 33... Re8 { [%clk 0:06:49] }
34. Rhe1 { [%clk 0:07:13] } 34... Kf7 { [%clk 0:06:42] } 35. Rxd5
{ [%clk 0:07:11] } 35... a5 { [%clk 0:06:41] } 36. Rxa5 { [%clk 0:07:08] }
36... Rxe7 { [%clk 0:06:38] } 37. Rxe7+ { [%clk 0:07:02] } 37... Kxe7
{ [%clk 0:06:36] } 38. Rd5 { [%clk 0:06:56] } 38... Ke6 { [%clk 0:06:35] } 39.
c4 { [%clk 0:06:54] } 39... Ke7 { [%clk 0:06:33] } 40. a3 { [%clk 0:06:52] }
40... Ke6 { [%clk 0:06:32] } 41. a4 { [%clk 0:06:51] } 41... Ke7
{ [%clk 0:06:31] } 42. a5 { [%clk 0:06:50] } 42... Ke6 { [%clk 0:06:31] } 43.
a6 { [%clk 0:06:49] } 43... Ke7 { [%clk 0:06:26] } 44. a7 { [%clk 0:06:48] }
44... Ke6 { [%clk 0:06:25] } 45. a8=Q { [%clk 0:06:41] } 45... Kf6
{ [%clk 0:06:21] } 46. Qc6+ { [%clk 0:06:39] } 46... Ke7 { [%clk 0:06:19] } 47.
Rd7+ { [%clk 0:06:38] } 47... Ke8 { [%clk 0:06:17] } 48. Qc8#
{ [%clk 0:06:36] } 1-0"
Rated Rapid game,https://lichess.org/6IAIXw4m,2024.08.01,-,ahmadfarahanifar,hosseinzadehahmad77,1-0,2024.08.01,08:44:41,1692,1602,,,D20,"Queen's Gambit Accepted: Central Variation, Greco Variation",600+0,Normal,"1. d4 { [%clk 0:10:00] } 1... d5 { [%clk 0:10:00] } 2. c4 { [%clk 0:09:55] }
2... dxc4 { [%clk 0:09:59] } 3. e4 { [%clk 0:09:54] } 3... b5
{ [%clk 0:09:58] } 4. a4 { [%clk 0:09:44] } 4... c6 { [%clk 0:09:56] } 5. axb5
{ [%clk 0:09:41] } 5... cxb5 { [%clk 0:09:55] } 6. d5 { [%clk 0:09:35] } 6...
Bd7 { [%clk 0:09:52] } 7. b3 { [%clk 0:09:33] } 7... cxb3 { [%clk 0:09:50] } 8.
Qxb3 { [%clk 0:09:31] } 8... Qb6 { [%clk 0:09:47] } 9. Nc3 { [%clk 0:09:24] }
9... a6 { [%clk 0:09:46] } 10. Nxb5 { [%clk 0:08:57] } 10... Bxb5
{ [%clk 0:09:41] } 11. Bxb5+ { [%clk 0:08:53] } 11... Kd8 { [%clk 0:09:39] }
12. Be3 { [%clk 0:08:15] } 12... Qb7 { [%clk 0:09:31] } 13. Bc4
{ [%clk 0:07:53] } 13... Nf6 { [%clk 0:09:27] } 14. Qxb7 { [%clk 0:07:45] }
14... Nxe4 { [%clk 0:09:15] } 15. Bb6+ { [%clk 0:07:38] } 15... Ke8
{ [%clk 0:09:11] } 16. Qc8# { [%clk 0:07:21] } 1-0"
Rated Rapid tournament https://lichess.org/tournament/r8ERvLF8,https://lichess.org/VFgaOl3G,2024.08.01,-,Sofiya_cat360,Alexey_Averin,0-1,2024.08.01,08:44:47,1399,1807,,,B21,Sicilian Defense: Smith-Morra Gambit,600+0,Normal,"1. e4 { [%clk 0:10:00] } 1... c5 { [%clk 0:05:00] } 2. d4 { [%clk 0:09:53] }
2... cxd4 { [%clk 0:04:59] } 3. Qxd4 { [%clk 0:09:51] } 3... Nc6
{ [%clk 0:04:58] } 4. Qa4 { [%clk 0:09:48] } 4... Nf6 { [%clk 0:04:55] } 5. Nf3
{ [%clk 0:09:45] } 5... d5 { [%clk 0:04:52] } 6. e5 { [%clk 0:09:41] } 6... Ne4
{ [%clk 0:04:51] } 7. Bg5 { [%clk 0:09:36] } 7... f6 { [%clk 0:04:46] } 8. exf6
{ [%clk 0:09:34] } 8... exf6 { [%clk 0:04:46] } 9. Bf4 { [%clk 0:09:32] } 9...
Qb6 { [%clk 0:04:35] } 10. Be3 { [%clk 0:09:28] } 10... Qxb2 { [%clk 0:04:34] }
11. Nbd2 { [%clk 0:09:25] } 11... Qxa1+ { [%clk 0:04:32] } 12. Ke2
{ [%clk 0:09:24] } 12... Nc3+ { [%clk 0:04:27] } 0-1"
Rated Rapid tournament https://lichess.org/tournament/r8ERvLF8,https://lichess.org/6meohPg1,2024.08.01,-,Fedor229,MasterBull,1-0,2024.08.01,08:44:47,1328,1636,,,A45,Canard Opening,600+0,Normal,"1. d4 { [%eval 0.16] [%clk 0:10:00] } 1... Nf6 { [%eval 0.17] [%clk 0:05:00] }
2. f4 $6 { [%eval -0.55] [%clk 0:09:59] } 2... g6
{ [%eval -0.29] [%clk 0:04:56] } 3. e3 { [%eval -0.32] [%clk 0:09:52] } 3...
Bg7 { [%eval -0.18] [%clk 0:04:55] } 4. Bd3 { [%eval -0.28] [%clk 0:09:39] }
4... e6 $6 { [%eval 0.46] [%clk 0:04:53] } 5. Nf3
{ [%eval 0.14] [%clk 0:09:32] } 5... d5 { [%eval 0.16] [%clk 0:04:50] } 6. O-O
{ [%eval -0.08] [%clk 0:09:31] } 6... O-O { [%eval 0.32] [%clk 0:04:48] } 7. c3
{ [%eval 0.0] [%clk 0:09:30] } 7... Nc6 { [%eval 0.25] [%clk 0:04:44] } 8. Nbd2
{ [%eval 0.24] [%clk 0:09:29] } 8... Bd7 $6 { [%eval 0.83] [%clk 0:04:43] } 9.
Ne5 { [%eval 0.84] [%clk 0:09:28] } 9... Nxe5 { [%eval 1.04] [%clk 0:04:39] }
10. fxe5 { [%eval 0.96] [%clk 0:09:28] } 10... Ne4 $2
{ [%eval 2.0] [%clk 0:04:39] } 11. Nxe4 { [%eval 1.77] [%clk 0:09:26] } 11...
dxe4 { [%eval 1.72] [%clk 0:04:39] } 12. Bxe4 { [%eval 1.79] [%clk 0:09:26] }
12... Bc6 { [%eval 2.32] [%clk 0:04:38] } 13. Bxc6
{ [%eval 2.11] [%clk 0:09:24] } 13... bxc6 { [%eval 2.29] [%clk 0:04:38] } 14.
Rf2 $2 { [%eval 1.19] [%clk 0:09:24] } 14... f6 { [%eval 1.77] [%clk 0:04:35] }
15. exf6 { [%eval 1.81] [%clk 0:09:18] } 15... Rxf6
{ [%eval 1.73] [%clk 0:04:35] } 16. Rxf6 { [%eval 1.77] [%clk 0:09:14] } 16...
Qxf6 { [%eval 1.76] [%clk 0:04:35] } 17. Bd2 { [%eval 1.8] [%clk 0:09:12] }
17... Rf8 { [%eval 1.71] [%clk 0:04:33] } 18. Qe2
{ [%eval 1.74] [%clk 0:09:06] } 18... Qe7 { [%eval 2.03] [%clk 0:04:30] } 19.
Qc4 { [%eval 2.04] [%clk 0:09:02] } 19... Kh8 $6 { [%eval 2.7] [%clk 0:04:24] }
20. Qxc6 { [%eval 2.74] [%clk 0:09:01] } 20... e5
{ [%eval 3.34] [%clk 0:04:21] } 21. Qe4 $2 { [%eval 0.39] [%clk 0:08:53] }
21... Qd6 $2 { [%eval 3.06] [%clk 0:04:14] } 22. h3 $6
{ [%eval 2.08] [%clk 0:08:22] } 22... exd4 $2 { [%eval 3.15] [%clk 0:04:10] }
23. exd4 { [%eval 3.07] [%clk 0:08:21] } 23... Qg3 $2
{ [%eval 4.33] [%clk 0:04:08] } 24. Be1 $2 { [%eval 3.31] [%clk 0:08:04] }
24... Qg5 { [%eval 3.35] [%clk 0:03:49] } 25. Bh4
{ [%eval 3.37] [%clk 0:07:59] } 25... Qd2 { [%eval 3.51] [%clk 0:03:44] } 26.
Qb7 $4 { [%eval 0.0] [%clk 0:07:11] } 26... Qe3+ $4
{ [%eval 3.67] [%clk 0:03:35] } 27. Kh2 { [%eval 3.46] [%clk 0:07:09] } 27...
Qf4+ $2 { [%eval 4.61] [%clk 0:03:34] } 28. Bg3 { [%eval 4.52] [%clk 0:07:07] }
28... Qf7 { [%eval 5.08] [%clk 0:03:26] } 29. Qxc7
{ [%eval 4.53] [%clk 0:07:05] } 29... Qf5 { [%eval 5.04] [%clk 0:03:19] } 30.
Be5 { [%eval 4.63] [%clk 0:06:49] } 1-0"
Rated Rapid tournament https://lichess.org/tournament/r8ERvLF8,https://lichess.org/Xwj0iKJM,2024.08.01,-,misha09102013,Amur_fin,1-0,2024.08.01,08:44:47,1606,1640,,,C21,Center Game: Kieseritzky Variation,600+0,Normal,"1. e4 { [%clk 0:10:00] } 1... e5 { [%clk 0:10:00] } 2. d4 { [%clk 0:09:59] }
2... exd4 { [%clk 0:09:59] } 3. Nf3 { [%clk 0:09:54] } 3... c5
{ [%clk 0:09:58] } 4. c3 { [%clk 0:09:51] } 4... dxc3 { [%clk 0:09:57] } 5.
Nxc3 { [%clk 0:09:49] } 5... Nc6 { [%clk 0:09:56] } 6. Bc4 { [%clk 0:09:48] }
6... d6 { [%clk 0:09:55] } 7. Qd5 { [%clk 0:09:43] } 7... Qe7
{ [%clk 0:09:46] } 8. O-O { [%clk 0:09:40] } 8... Nf6 { [%clk 0:09:44] } 9. Qd2
{ [%clk 0:09:36] } 9... g6 { [%clk 0:09:38] } 10. Re1 { [%clk 0:09:28] } 10...
Bg7 { [%clk 0:09:36] } 11. e5 { [%clk 0:09:27] } 11... dxe5 { [%clk 0:09:32] }
12. Nxe5 { [%clk 0:09:26] } 12... Nxe5 { [%clk 0:09:27] } 13. Qf4
{ [%clk 0:09:15] } 13... Nh5 { [%clk 0:09:00] } 14. Bb5+ { [%clk 0:09:04] }
14... Kf8 { [%clk 0:08:55] } 15. Qe3 { [%clk 0:08:48] } 15... Nc6
{ [%clk 0:08:35] } 16. Qf3 { [%clk 0:08:33] } 16... Qxe1+ { [%clk 0:08:32] }
17. Bf1 { [%clk 0:08:29] } 17... Bxc3 { [%clk 0:08:23] } 18. bxc3
{ [%clk 0:08:27] } 18... Kg7 { [%clk 0:08:15] } 19. Bh6+ { [%clk 0:08:14] }
19... Kxh6 { [%clk 0:08:08] } 20. Rxe1 { [%clk 0:08:11] } 20... Be6
{ [%clk 0:08:00] } 21. Rb1 { [%clk 0:08:01] } 21... Rab8 { [%clk 0:07:53] } 22.
Bb5 { [%clk 0:07:51] } 22... Rhd8 { [%clk 0:07:34] } 23. Qe3+
{ [%clk 0:07:48] } 23... Kg7 { [%clk 0:07:30] } 24. h3 { [%clk 0:07:38] } 24...
c4 { [%clk 0:07:10] } 25. Bxc6 { [%clk 0:07:33] } 25... bxc6 { [%clk 0:07:10] }
26. Qe5+ { [%clk 0:07:25] } 26... Kh6 { [%clk 0:07:05] } 27. Rxb8
{ [%clk 0:07:22] } 27... Rxb8 { [%clk 0:07:05] } 28. Qxb8 { [%clk 0:07:20] }
1-0"
Rated Rapid game,https://lichess.org/YwImoVY2,2024.08.01,-,Chessdoncarlos,Gideon-Entsey,1-0,2024.08.01,08:44:45,1796,1820,,,D07,Queen's Gambit Declined: Chigorin Defense,600+0,Normal,"1. d4 { [%eval 0.16] [%clk 0:10:00] } 1... d5 { [%eval 0.23] [%clk 0:10:00] }
2. c4 { [%eval 0.19] [%clk 0:09:58] } 2... dxc4 { [%eval 0.28] [%clk 0:09:58] }
3. Nc3 { [%eval 0.0] [%clk 0:09:57] } 3... Nc6 $6
{ [%eval 0.65] [%clk 0:09:56] } 4. e3 { [%eval 0.37] [%clk 0:09:55] } 4... Nf6
{ [%eval 0.39] [%clk 0:09:55] } 5. Bxc4 { [%eval 0.13] [%clk 0:09:53] } 5... e6
$6 { [%eval 0.78] [%clk 0:09:52] } 6. Nf3 { [%eval 0.93] [%clk 0:09:51] } 6...
Bd6 { [%eval 0.97] [%clk 0:09:50] } 7. a3 $6 { [%eval 0.25] [%clk 0:09:49] }
7... O-O { [%eval 0.25] [%clk 0:09:36] } 8. b4 { [%eval 0.09] [%clk 0:09:47] }
8... a6 { [%eval 0.21] [%clk 0:09:35] } 9. Bb2 { [%eval 0.1] [%clk 0:09:44] }
9... b5 { [%eval 0.58] [%clk 0:09:23] } 10. Bd3 { [%eval 0.49] [%clk 0:09:43] }
10... Bb7 { [%eval 0.55] [%clk 0:09:20] } 11. O-O
{ [%eval 0.53] [%clk 0:09:40] } 11... Nd5 $2 { [%eval 1.62] [%clk 0:09:19] }
12. Nxd5 { [%eval 1.59] [%clk 0:09:36] } 12... exd5
{ [%eval 1.65] [%clk 0:09:15] } 13. Qc2 { [%eval 1.66] [%clk 0:09:28] } 13...
g6 { [%eval 1.76] [%clk 0:09:07] } 14. Rac1 $6 { [%eval 0.89] [%clk 0:09:19] }
14... Qe7 { [%eval 0.98] [%clk 0:09:02] } 15. Rfe1
{ [%eval 0.88] [%clk 0:09:02] } 15... f5 { [%eval 0.92] [%clk 0:09:00] } 16.
Bc3 { [%eval 0.67] [%clk 0:08:57] } 16... Rae8 { [%eval 0.65] [%clk 0:08:53] }
17. Bd2 { [%eval 0.6] [%clk 0:08:36] } 17... g5 $6
{ [%eval 1.37] [%clk 0:08:47] } 18. Re2 $2 { [%eval 0.22] [%clk 0:08:22] }
18... g4 { [%eval 0.27] [%clk 0:08:46] } 19. Ne1
{ [%eval 0.32] [%clk 0:08:00] } 19... Qh4 { [%eval 0.58] [%clk 0:08:28] } 20.
g3 { [%eval 0.43] [%clk 0:07:51] } 20... Qh3 { [%eval 0.76] [%clk 0:08:17] }
21. Bxf5 $4 { [%eval -4.05] [%clk 0:07:49] } 21... Kg7 $4
{ [%eval 2.84] [%clk 0:08:09] } 22. Ng2 $6 { [%eval 2.11] [%clk 0:07:35] }
22... Rf6 { [%eval 2.08] [%clk 0:07:45] } 23. Nh4
{ [%eval 1.94] [%clk 0:06:21] } 23... Nxd4 $2 { [%eval 3.73] [%clk 0:07:41] }
24. exd4 { [%eval 3.7] [%clk 0:05:51] } 24... Rxe2
{ [%eval 4.02] [%clk 0:07:39] } 25. Bh6+ { [%eval 3.97] [%clk 0:05:37] } 25...
Rxh6 { [%eval 3.89] [%clk 0:07:23] } 26. Qxe2 { [%eval 3.56] [%clk 0:05:33] }
26... Rf6 $4 { [%eval 6.68] [%clk 0:06:53] } 27. Qxg4+ $4
{ [%eval 3.13] [%clk 0:05:16] } 27... Qxg4 { [%eval 3.2] [%clk 0:06:51] } 28.
Bxg4 { [%eval 3.2] [%clk 0:05:14] } 28... a5 $2 { [%eval 5.05] [%clk 0:06:43] }
29. Nf5+ { [%eval 5.01] [%clk 0:05:12] } 29... Kg6
{ [%eval 5.27] [%clk 0:06:37] } 30. Nxd6 { [%eval 5.22] [%clk 0:05:09] } 30...
cxd6 { [%eval 5.72] [%clk 0:06:33] } 31. Rc7 { [%eval 5.69] [%clk 0:04:50] }
31... axb4 { [%eval 5.72] [%clk 0:06:23] } 32. Rxb7
{ [%eval 5.65] [%clk 0:04:37] } 32... b3 { [%eval 6.59] [%clk 0:06:17] } 33.
Rxb5 { [%eval 6.66] [%clk 0:04:35] } 33... Kg5 { [%eval 6.93] [%clk 0:06:11] }
34. Be2 { [%eval 6.89] [%clk 0:04:27] } 34... Re6
{ [%eval 7.1] [%clk 0:06:07] } 35. Bf1 { [%eval 6.55] [%clk 0:04:12] } 35...
Kg4 { [%eval 7.08] [%clk 0:05:52] } 36. Rxb3 { [%eval 7.07] [%clk 0:04:10] }
36... Re4 { [%eval 9.34] [%clk 0:05:50] } 37. Rd3
{ [%eval 6.72] [%clk 0:04:01] } 37... Re1 { [%eval 6.8] [%clk 0:05:38] } 38.
Kg2 { [%eval 6.72] [%clk 0:03:57] } 38... Ra1 { [%eval 6.92] [%clk 0:05:26] }
39. h3+ { [%eval 6.57] [%clk 0:03:53] } 39... Kf5
{ [%eval 6.71] [%clk 0:05:25] } 40. f3 { [%eval 6.15] [%clk 0:03:24] } 40...
Ra2+ { [%eval 6.15] [%clk 0:05:18] } 41. Kg1 { [%eval 5.97] [%clk 0:03:22] }
41... h5 { [%eval 6.18] [%clk 0:05:06] } 42. Bg2
{ [%eval 6.54] [%clk 0:03:15] } 42... Ra1+ { [%eval 6.45] [%clk 0:05:05] } 43.
Kh2 { [%eval 6.53] [%clk 0:03:13] } 43... Ra2 { [%eval 7.14] [%clk 0:04:59] }
44. h4 { [%eval 7.02] [%clk 0:02:38] } 44... Rb2 { [%eval 7.1] [%clk 0:04:48] }
45. Kh3 { [%eval 6.98] [%clk 0:02:36] } 45... Ra2
{ [%eval 6.57] [%clk 0:04:37] } 46. g4+ { [%eval 6.44] [%clk 0:02:34] } 46...
hxg4+ { [%eval 7.32] [%clk 0:04:35] } 47. fxg4+ { [%eval 7.66] [%clk 0:02:32] }
47... Ke6 { [%eval 7.62] [%clk 0:04:28] } 48. Bf3
{ [%eval 7.53] [%clk 0:02:29] } 48... Ra1 { [%eval 7.28] [%clk 0:04:20] } 49.
g5 { [%eval 7.08] [%clk 0:02:26] } 49... Rh1+ $2 { [%eval #7] [%clk 0:04:16] }
50. Kg4 $2 { [%eval 8.73] [%clk 0:02:24] } 50... Rg1+
{ [%eval 8.34] [%clk 0:04:11] } 51. Kf4 { [%eval 7.85] [%clk 0:02:22] } 51...
Rf1 { [%eval 8.17] [%clk 0:03:57] } 52. h5 { [%eval 9.06] [%clk 0:02:20] }
52... Rg1 { [%eval 11.58] [%clk 0:03:51] } 53. g6
{ [%eval 10.7] [%clk 0:02:18] } 53... Rf1 { [%eval 11.09] [%clk 0:03:36] } 54.
a4 { [%eval 10.08] [%clk 0:02:17] } 54... Ra1 $6 { [%eval #12] [%clk 0:03:31] }
55. g7 { [%eval #11] [%clk 0:02:13] } 55... Kf7 { [%eval #9] [%clk 0:03:30] }
56. h6 { [%eval #8] [%clk 0:02:11] } 56... Rg1 { [%eval #8] [%clk 0:03:22] }
57. Bxd5+ { [%eval #7] [%clk 0:02:09] } 57... Kf6 { [%eval #7] [%clk 0:03:17] }
58. g8=Q { [%eval #6] [%clk 0:02:07] } 58... Rxg8 { [%eval #6] [%clk 0:03:15] }
59. Bxg8 { [%eval #5] [%clk 0:02:05] } 1-0"
Rated Rapid game,https://lichess.org/JHYDmohD,2024.08.01,-,Dan2017,Miklegro,0-1,2024.08.01,08:44:45,1836,1900,,,C23,Bishop's Opening,600+0,Normal,"1. e4 { [%clk 0:10:00] } 1... e5 { [%clk 0:10:00] } 2. Bc4 { [%clk 0:09:57] }
2... Nc6 { [%clk 0:09:54] } 3. a3 { [%clk 0:09:52] } 3... Be7
{ [%clk 0:09:51] } 4. Nf3 { [%clk 0:09:41] } 4... Nf6 { [%clk 0:09:46] } 5. d3
{ [%clk 0:09:31] } 5... h6 { [%clk 0:09:44] } 6. Nc3 { [%clk 0:09:24] } 6... d6
{ [%clk 0:09:41] } 7. h3 { [%clk 0:09:18] } 7... O-O { [%clk 0:09:32] } 8. Be3
{ [%clk 0:09:08] } 8... Be6 { [%clk 0:09:26] } 9. Nd5 { [%clk 0:08:58] } 9...
a6 { [%clk 0:09:09] } 10. Nxe7+ { [%clk 0:08:46] } 10... Nxe7
{ [%clk 0:09:05] } 11. Bxe6 { [%clk 0:08:35] } 11... fxe6 { [%clk 0:09:03] }
12. Qd2 { [%clk 0:08:20] } 12... Nc6 { [%clk 0:08:53] } 13. g4
{ [%clk 0:07:15] } 13... d5 { [%clk 0:08:41] } 14. g5 { [%clk 0:07:10] } 14...
hxg5 { [%clk 0:08:35] } 15. Bxg5 { [%clk 0:07:04] } 15... dxe4
{ [%clk 0:08:31] } 16. Nh4 { [%clk 0:06:53] } 16... exd3 { [%clk 0:08:20] } 17.
cxd3 { [%clk 0:06:45] } 17... Nd4 { [%clk 0:08:15] } 18. Bh6 { [%clk 0:05:48] }
18... gxh6 { [%clk 0:07:21] } 19. Qxh6 { [%clk 0:05:30] } 19... Kf7
{ [%clk 0:07:16] } 20. Qg6+ { [%clk 0:05:13] } 20... Ke7 { [%clk 0:07:14] } 21.
O-O-O { [%clk 0:05:06] } 21... Qd5 { [%clk 0:07:02] } 22. Qg7+
{ [%clk 0:05:01] } 22... Kd6 { [%clk 0:06:46] } 23. Kb1 { [%clk 0:04:39] }
23... Rg8 { [%clk 0:06:02] } 24. Qxf6 { [%clk 0:04:32] } 24... Raf8
{ [%clk 0:05:56] } 25. Qh6 { [%clk 0:04:11] } 25... Rxf2 { [%clk 0:05:53] } 26.
Rc1 { [%clk 0:04:01] } 26... Qb3 { [%clk 0:05:41] } 0-1"
Rated Rapid game,https://lichess.org/3WcfzIbw,2024.08.01,-,m2362,rkaganozyurek,0-1,2024.08.01,08:44:45,1089,1138,,,C55,"Italian Game: Two Knights Defense, Modern Bishop's Opening",600+0,Time forfeit,"1. e4 { [%clk 0:10:00] } 1... e5 { [%clk 0:10:00] } 2. Nf3 { [%clk 0:09:59] }
2... Nc6 { [%clk 0:09:56] } 3. Bc4 { [%clk 0:09:57] } 3... Nf6
{ [%clk 0:09:54] } 4. d3 { [%clk 0:09:49] } 4... a6 { [%clk 0:09:51] } 5. O-O
{ [%clk 0:09:43] } 5... h5 { [%clk 0:09:49] } 6. Bg5 { [%clk 0:09:38] } 6...
Be7 { [%clk 0:09:46] } 7. Re1 { [%clk 0:09:28] } 7... d6 { [%clk 0:09:44] } 8.
c3 { [%clk 0:09:20] } 8... Be6 { [%clk 0:09:40] } 9. Bxe6 { [%clk 0:09:18] }
9... fxe6 { [%clk 0:09:40] } 10. d4 { [%clk 0:09:16] } 10... exd4
{ [%clk 0:09:37] } 11. cxd4 { [%clk 0:09:15] } 11... e5 { [%clk 0:09:35] } 12.
dxe5 { [%clk 0:09:09] } 12... Nxe5 { [%clk 0:09:35] } 13. Bxf6
{ [%clk 0:09:05] } 13... Bxf6 { [%clk 0:09:29] } 14. Nc3 { [%clk 0:09:02] }
14... Nxf3+ { [%clk 0:09:28] } 15. Qxf3 { [%clk 0:08:59] } 15... h4
{ [%clk 0:09:24] } 16. Nd5 { [%clk 0:08:57] } 16... Qd7 { [%clk 0:09:15] } 17.
Rac1 { [%clk 0:08:50] } 17... O-O-O { [%clk 0:09:09] } 18. Rxc7+
{ [%clk 0:08:45] } 18... Qxc7 { [%clk 0:09:08] } 19. Nxc7 { [%clk 0:08:44] }
19... Kxc7 { [%clk 0:09:08] } 20. Rc1+ { [%clk 0:08:35] } 20... Kb8
{ [%clk 0:09:05] } 21. e5 { [%clk 0:08:31] } 21... Bxe5 { [%clk 0:09:03] } 22.
g3 { [%clk 0:08:22] } 22... h3 { [%clk 0:08:59] } 23. Qd3 { [%clk 0:08:06] }
23... Bxb2 { [%clk 0:08:54] } 24. Rc2 { [%clk 0:08:02] } 24... Be5
{ [%clk 0:08:51] } 25. f4 { [%clk 0:08:00] } 25... Bf6 { [%clk 0:08:46] } 26.
Qc4 { [%clk 0:07:57] } 26... Ba1 { [%clk 0:08:25] } 27. Qc7+ { [%clk 0:07:54] }
27... Ka7 { [%clk 0:08:21] } 28. Rc1 { [%clk 0:07:51] } 28... Rc8
{ [%clk 0:08:16] } 29. Qxc8 { [%clk 0:07:29] } 29... Rxc8 { [%clk 0:08:16] }
30. Rxa1 { [%clk 0:07:28] } 30... Rc2 { [%clk 0:08:14] } 31. Kf1
{ [%clk 0:07:23] } 31... Kb6 { [%clk 0:08:12] } 32. Rb1+ { [%clk 0:07:22] }
32... Kc7 { [%clk 0:08:07] } 33. a4 { [%clk 0:07:21] } 33... Kd7
{ [%clk 0:08:05] } 34. a5 { [%clk 0:07:18] } 34... b5 { [%clk 0:08:02] } 35. f5
{ [%clk 0:07:13] } 35... Rxh2 { [%clk 0:07:57] } 36. Kg1 { [%clk 0:07:10] }
36... Rg2+ { [%clk 0:07:55] } 37. Kf1 { [%clk 0:07:02] } 37... Rxg3
{ [%clk 0:07:53] } 38. Rb2 { [%clk 0:06:51] } 38... Ke7 { [%clk 0:07:50] } 39.
Re2+ { [%clk 0:06:43] } 39... Kf6 { [%clk 0:07:48] } 40. Rf2 { [%clk 0:06:36] }
40... d5 { [%clk 0:07:46] } 41. Rd2 { [%clk 0:06:27] } 41... Kxf5
{ [%clk 0:07:42] } 42. Rxd5+ { [%clk 0:06:26] } 42... Ke4 { [%clk 0:07:40] }
43. Rd7 { [%clk 0:06:23] } 43... g5 { [%clk 0:07:38] } 44. Re7+
{ [%clk 0:06:20] } 44... Kf4 { [%clk 0:07:36] } 45. Re6 { [%clk 0:06:16] }
45... h2 { [%clk 0:07:34] } 46. Rf6+ { [%clk 0:06:11] } 46... Kg4
{ [%clk 0:07:32] } 47. Kf2 { [%clk 0:05:59] } 47... h1=Q { [%clk 0:07:29] } 0-1"
Rated Rapid game,https://lichess.org/S7XGOBWm,2024.08.01,-,boske20091,psheev,0-1,2024.08.01,08:44:45,1417,1413,,,A40,Queen's Pawn Game,600+0,Normal,"1. d4 { [%clk 0:10:00] } 1... f6 { [%clk 0:10:00] } 2. c4 { [%clk 0:09:57] }
2... e6 { [%clk 0:09:59] } 3. Nc3 { [%clk 0:09:55] } 3... g6 { [%clk 0:09:58] }
4. b4 { [%clk 0:09:53] } 4... c6 { [%clk 0:09:56] } 5. a3 { [%clk 0:09:49] }
5... Bg7 { [%clk 0:09:54] } 6. a4 { [%clk 0:09:46] } 6... Nh6
{ [%clk 0:09:53] } 7. c5 { [%clk 0:09:44] } 7... Nf7 { [%clk 0:09:51] } 8. Bf4
{ [%clk 0:09:37] } 8... O-O { [%clk 0:09:50] } 9. e3 { [%clk 0:09:36] } 9... d5
{ [%clk 0:09:44] } 10. b5 { [%clk 0:09:35] } 10... Re8 { [%clk 0:09:32] } 11.
a5 { [%clk 0:09:33] } 11... cxb5 { [%clk 0:09:30] } 12. Nxb5 { [%clk 0:09:31] }
12... a6 { [%clk 0:09:26] } 13. Nc7 { [%clk 0:09:29] } 13... e5
{ [%clk 0:09:23] } 14. Nxe8 { [%clk 0:09:23] } 14... exf4 { [%clk 0:09:21] }
15. Nd6 { [%clk 0:09:19] } 15... Nxd6 { [%clk 0:09:19] } 16. cxd6
{ [%clk 0:09:17] } 16... Qxd6 { [%clk 0:09:18] } 17. Qa4 { [%clk 0:09:10] }
17... Bd7 { [%clk 0:09:12] } 18. Qa3 { [%clk 0:08:56] } 18... Qxa3
{ [%clk 0:09:09] } 19. Rxa3 { [%clk 0:08:55] } 19... fxe3 { [%clk 0:09:02] }
20. fxe3 { [%clk 0:08:53] } 20... Nc6 { [%clk 0:08:57] } 21. Nf3
{ [%clk 0:08:52] } 21... Re8 { [%clk 0:08:54] } 22. Bd3 { [%clk 0:08:48] }
22... Rxe3+ { [%clk 0:08:52] } 23. Kd2 { [%clk 0:08:48] } 23... Re8
{ [%clk 0:08:43] } 24. Rb1 { [%clk 0:08:45] } 24... Bc8 { [%clk 0:08:38] } 25.
Ng1 { [%clk 0:08:29] } 25... f5 { [%clk 0:08:37] } 26. Ne2 { [%clk 0:08:28] }
26... Nxd4 { [%clk 0:08:27] } 27. Nf4 { [%clk 0:08:25] } 27... Nc6
{ [%clk 0:08:23] } 28. Nxd5 { [%clk 0:08:23] } 28... Rd8 { [%clk 0:08:13] } 29.
Nb6 { [%clk 0:08:17] } 29... Ne5 { [%clk 0:07:52] } 30. Nxc8 { [%clk 0:08:12] }
30... Nxd3 { [%clk 0:07:43] } 31. Rxd3 { [%clk 0:08:10] } 31... Rxc8
{ [%clk 0:07:37] } 32. Rxb7 { [%clk 0:08:09] } 32... Bh6+ { [%clk 0:07:23] }
33. Kd1 { [%clk 0:08:03] } 33... Rc1+ { [%clk 0:07:21] } 34. Ke2
{ [%clk 0:08:01] } 34... Rc2+ { [%clk 0:07:19] } 35. Rd2 { [%clk 0:07:59] }
35... Rxd2+ { [%clk 0:07:11] } 0-1"
Rated Rapid game,https://lichess.org/HYQh35ff,2024.08.01,-,FarArden,ruther-eis,1-0,2024.08.01,08:44:45,1660,1775,,,C25,Vienna Game: Max Lange Defense,600+0,Time forfeit,"1. e4 { [%clk 0:10:00] } 1... e5 { [%clk 0:10:00] } 2. Nc3 { [%clk 0:09:58] }
2... Nc6 { [%clk 0:10:00] } 3. Bc4 { [%clk 0:09:55] } 3... h6
{ [%clk 0:10:00] } 4. d3 { [%clk 0:09:52] } 4... d6 { [%clk 0:09:59] } 5. a3
{ [%clk 0:09:45] } 5... Be7 { [%clk 0:09:58] } 6. f4 { [%clk 0:09:41] } 6...
exf4 { [%clk 0:09:55] } 7. Bxf4 { [%clk 0:09:32] } 7... Bg5 { [%clk 0:09:54] }
8. Bd2 { [%clk 0:09:23] } 8... Nf6 { [%clk 0:09:40] } 9. Nf3 { [%clk 0:09:19] }
9... Bxd2+ { [%clk 0:09:32] } 10. Qxd2 { [%clk 0:09:15] } 10... Bg4
{ [%clk 0:09:29] } 11. O-O-O { [%clk 0:09:08] } 11... O-O { [%clk 0:09:21] }
12. h3 { [%clk 0:09:02] } 12... Be6 { [%clk 0:09:20] } 13. Bb5
{ [%clk 0:08:37] } 13... Ne5 { [%clk 0:08:59] } 14. d4 { [%clk 0:08:31] } 14...
Nc4 { [%clk 0:08:43] } 15. Qd3 { [%clk 0:08:17] } 15... d5 { [%clk 0:08:27] }
16. exd5 { [%clk 0:08:10] } 16... Nxd5 { [%clk 0:07:46] } 17. Bxc4
{ [%clk 0:08:01] } 17... Nf4 { [%clk 0:07:37] } 18. Qf1 { [%clk 0:07:40] }
18... Qd6 { [%clk 0:07:21] } 19. Ne5 { [%clk 0:07:04] } 19... Ng6
{ [%clk 0:07:11] } 20. Ne4 { [%clk 0:06:54] } 20... Qb6 { [%clk 0:06:50] } 21.
Qd3 { [%clk 0:05:31] } 21... Nf4 { [%clk 0:06:17] } 22. Qf3 { [%clk 0:05:04] }
22... Ng6 { [%clk 0:05:04] } 23. Qg3 { [%clk 0:04:45] } 23... Bf5
{ [%clk 0:04:57] } 24. Nc5 { [%clk 0:04:13] } 24... Qf6 { [%clk 0:04:22] } 25.
Ned7 { [%clk 0:04:03] } 25... Qd6 { [%clk 0:03:57] } 26. Qxd6
{ [%clk 0:03:45] } 26... cxd6 { [%clk 0:03:55] } 27. Nxf8 { [%clk 0:03:25] }
27... Nxf8 { [%clk 0:03:28] } 28. Nxb7 { [%clk 0:03:10] } 28... Be4
{ [%clk 0:03:04] } 29. Nxd6 { [%clk 0:03:01] } 29... Bg6 { [%clk 0:02:55] } 30.
h4 { [%clk 0:02:51] } 30... Nd7 { [%clk 0:02:48] } 31. h5 { [%clk 0:02:46] }
31... Bh7 { [%clk 0:02:40] } 32. Bxf7+ { [%clk 0:02:43] } 32... Kh8
{ [%clk 0:02:34] } 33. g4 { [%clk 0:02:35] } 33... Rd8 { [%clk 0:02:23] } 34.
Ne8 { [%clk 0:02:21] } 34... Rc8 { [%clk 0:02:10] } 35. c3 { [%clk 0:02:14] }
35... Nf6 { [%clk 0:01:47] } 36. Nxf6 { [%clk 0:02:10] } 36... gxf6
{ [%clk 0:01:41] } 37. Bg6 { [%clk 0:02:07] } 37... Bg8 { [%clk 0:01:38] } 38.
Bf5 { [%clk 0:02:03] } 38... Rb8 { [%clk 0:01:26] } 39. Rhe1 { [%clk 0:01:57] }
39... Bb3 { [%clk 0:01:10] } 40. Rd3 { [%clk 0:01:48] } 40... Kg7
{ [%clk 0:01:05] } 41. Re7+ { [%clk 0:01:40] } 41... Kf8 { [%clk 0:01:01] } 42.
Rxa7 { [%clk 0:01:36] } 42... Re8 { [%clk 0:00:57] } 43. Bg6 { [%clk 0:01:31] }
43... Re1+ { [%clk 0:00:55] } 44. Kd2 { [%clk 0:01:26] } 44... Rd1+
{ [%clk 0:00:48] } 45. Ke3 { [%clk 0:01:23] } 45... Re1+ { [%clk 0:00:44] } 46.
Kf4 { [%clk 0:01:21] } 46... Bc2 { [%clk 0:00:29] } 47. Re3 { [%clk 0:01:11] }
47... Rf1+ { [%clk 0:00:23] } 48. Rf3 { [%clk 0:01:06] } 48... Rxf3+
{ [%clk 0:00:10] } 49. Kxf3 { [%clk 0:01:04] } 49... Bd1+ { [%clk 0:00:10] }
50. Kf4 { [%clk 0:01:00] } 50... Bb3 { [%clk 0:00:07] } 51. Rb7
{ [%clk 0:00:52] } 51... Bc4 { [%clk 0:00:06] } 52. Rb6 { [%clk 0:00:47] }
52... Ke7 { [%clk 0:00:03] } 53. a4 { [%clk 0:00:44] } 53... Bd5
{ [%clk 0:00:01] } 54. a5 { [%clk 0:00:40] } 54... Kf8 { [%clk 0:00:01] } 55.
a6 { [%clk 0:00:37] } 55... Ke7 { [%clk 0:00:01] } 56. a7 { [%clk 0:00:29] }
56... Kf8 { [%clk 0:00:01] } 57. c4 { [%clk 0:00:23] } 57... Ba8
{ [%clk 0:00:01] } 58. Rb8+ { [%clk 0:00:21] } 58... Ke7 { [%clk 0:00:00] } 59.
Rxa8 { [%clk 0:00:20] } 1-0"
Rated Rapid game,https://lichess.org/1DIrZVXU,2024.08.01,-,mosquitoze,Alex_Overman,1-0,2024.08.01,08:44:45,1626,1622,,,D00,Queen's Pawn Game: Levitsky Attack,600+0,Normal,"1. d4 { [%clk 0:10:00] } 1... d5 { [%clk 0:10:00] } 2. Bg5 { [%clk 0:09:59] }
2... f6 { [%clk 0:09:58] } 3. Bh4 { [%clk 0:09:58] } 3... e6 { [%clk 0:09:57] }
4. e3 { [%clk 0:09:57] } 4... g5 { [%clk 0:09:54] } 5. Bg3 { [%clk 0:09:56] }
5... f5 { [%clk 0:09:53] } 6. Qh5+ { [%clk 0:09:44] } 6... Kd7
{ [%clk 0:09:43] } 7. Be5 { [%clk 0:09:44] } 7... Nf6 { [%clk 0:09:41] } 8.
Qf7+ { [%clk 0:09:39] } 8... Qe7 { [%clk 0:09:37] } 9. Qxf6 { [%clk 0:09:36] }
9... Qxf6 { [%clk 0:09:35] } 10. Bxf6 { [%clk 0:09:35] } 10... Rg8
{ [%clk 0:09:34] } 11. Nf3 { [%clk 0:09:32] } 11... Bg7 { [%clk 0:09:32] } 12.
Bxg5 { [%clk 0:09:27] } 12... Nc6 { [%clk 0:09:24] } 13. Bf4 { [%clk 0:09:23] }
13... h6 { [%clk 0:09:19] } 14. a3 { [%clk 0:09:21] } 14... b6
{ [%clk 0:09:16] } 15. Nc3 { [%clk 0:09:20] } 15... Ba6 { [%clk 0:09:14] } 16.
Bxa6 { [%clk 0:09:18] } 1-0"
Rated Rapid game,https://lichess.org/yjRwTMjP,2024.08.01,-,Kev1nder,Capafer2021,1-0,2024.08.01,08:44:45,1520,1445,,,C00,French Defense: Steinitz Attack,600+0,Normal,"1. e4 { [%clk 0:10:00] } 1... e6 { [%clk 0:10:00] } 2. e5 { [%clk 0:09:58] }
2... d6 { [%clk 0:09:59] } 3. d4 { [%clk 0:09:54] } 3... dxe5
{ [%clk 0:09:57] } 4. dxe5 { [%clk 0:09:53] } 4... Qxd1+ { [%clk 0:09:57] } 5.
Kxd1 { [%clk 0:09:53] } 5... f6 { [%clk 0:09:53] } 6. f4 { [%clk 0:09:46] }
6... fxe5 { [%clk 0:09:52] } 7. fxe5 { [%clk 0:09:46] } 7... Ne7
{ [%clk 0:09:45] } 8. Nf3 { [%clk 0:09:44] } 8... Ng6 { [%clk 0:09:44] } 9. g3
{ [%clk 0:09:40] } 9... Nc6 { [%clk 0:09:43] } 10. Bf4 { [%clk 0:09:36] } 10...
Nxf4 { [%clk 0:09:41] } 11. gxf4 { [%clk 0:09:35] } 11... Bd7
{ [%clk 0:09:38] } 12. Nc3 { [%clk 0:09:33] } 12... a6 { [%clk 0:09:36] } 13.
Bd3 { [%clk 0:09:31] } 13... O-O-O { [%clk 0:09:34] } 14. Ke2
{ [%clk 0:09:27] } 14... Nb4 { [%clk 0:09:33] } 15. Be4 { [%clk 0:09:17] }
15... Be7 { [%clk 0:09:20] } 16. a3 { [%clk 0:09:16] } 16... Nc6
{ [%clk 0:09:14] } 17. b4 { [%clk 0:09:11] } 17... a5 { [%clk 0:09:05] } 18.
bxa5 { [%clk 0:08:57] } 18... Nxa5 { [%clk 0:09:03] } 19. Nd4
{ [%clk 0:08:42] } 19... Rhf8 { [%clk 0:08:55] } 20. Kf3 { [%clk 0:08:36] }
20... g5 { [%clk 0:08:51] } 21. Nce2 { [%clk 0:08:26] } 21... Nc4
{ [%clk 0:08:38] } 22. Rhd1 { [%clk 0:08:17] } 22... gxf4 { [%clk 0:08:20] }
23. Nxf4 { [%clk 0:08:09] } 23... Bg5 { [%clk 0:08:12] } 24. Ne2
{ [%clk 0:08:08] } 24... Bc6 { [%clk 0:08:03] } 25. Bxc6 { [%clk 0:08:03] }
25... bxc6 { [%clk 0:07:59] } 26. c3 { [%clk 0:07:51] } 26... Nb2
{ [%clk 0:07:39] } 27. Rxd8+ { [%clk 0:07:48] } 27... Rxd8 { [%clk 0:07:37] }
28. Ke4 { [%clk 0:07:48] } 28... Re8 { [%clk 0:07:18] } 29. Nd4
{ [%clk 0:07:46] } 29... c5 { [%clk 0:06:46] } 30. Ndxe6 { [%clk 0:07:38] }
30... Bxf4 { [%clk 0:06:42] } 31. Nxf4 { [%clk 0:07:36] } 31... Nc4
{ [%clk 0:06:24] } 32. Ra2 { [%clk 0:07:22] } 32... Nxe5 { [%clk 0:06:21] } 33.
Kd5 { [%clk 0:07:18] } 33... Nf3 { [%clk 0:05:57] } 34. Kxc5 { [%clk 0:07:14] }
34... Re5+ { [%clk 0:05:43] } 35. Kc6 { [%clk 0:06:56] } 35... Re3
{ [%clk 0:05:11] } 36. Nd5 { [%clk 0:06:46] } 36... h5 { [%clk 0:04:58] } 37.
Nxe3 { [%clk 0:06:34] } 1-0"
Rated Rapid game,https://lichess.org/2fO3U4zi,2024.08.01,-,Mouatazinho,bignevdawg,1-0,2024.08.01,08:44:45,1583,1590,,,B08,Pirc Defense: Classical Variation,600+0,Normal,"1. e4 { [%clk 0:10:00] } 1... d6 { [%clk 0:10:00] } 2. Nf3 { [%clk 0:09:54] }
2... Nf6 { [%clk 0:09:58] } 3. d4 { [%clk 0:09:50] } 3... g6 { [%clk 0:09:56] }
4. Nc3 { [%clk 0:09:45] } 4... Bg7 { [%clk 0:09:52] } 5. Be3 { [%clk 0:09:42] }
5... O-O { [%clk 0:09:49] } 6. Bc4 { [%clk 0:09:40] } 6... Bg4
{ [%clk 0:09:45] } 7. Qd2 { [%clk 0:09:35] } 7... Nbd7 { [%clk 0:09:42] } 8. h4
{ [%clk 0:09:33] } 8... a6 { [%clk 0:09:20] } 9. O-O-O { [%clk 0:09:31] } 9...
e5 { [%clk 0:09:15] } 10. Bh6 { [%clk 0:09:29] } 10... exd4 { [%clk 0:09:07] }
11. Bxg7 { [%clk 0:09:24] } 11... dxc3 { [%clk 0:09:05] } 12. Qxc3
{ [%clk 0:09:20] } 12... Kxg7 { [%clk 0:09:02] } 13. Kb1 { [%clk 0:09:18] }
13... Ne5 { [%clk 0:08:59] } 14. Nxe5 { [%clk 0:09:15] } 14... Bxd1
{ [%clk 0:08:55] } 15. Rxd1 { [%clk 0:09:08] } 15... Kg8 { [%clk 0:08:35] } 16.
Nf3 { [%clk 0:08:57] } 16... Nxe4 { [%clk 0:08:30] } 17. Qe3 { [%clk 0:08:48] }
17... Re8 { [%clk 0:08:02] } 18. h5 { [%clk 0:08:45] } 18... Ng5
{ [%clk 0:07:48] } 19. Qf4 { [%clk 0:08:39] } 19... Ne6 { [%clk 0:07:28] } 20.
Bxe6 { [%clk 0:08:31] } 20... Rxe6 { [%clk 0:07:24] } 21. hxg6
{ [%clk 0:08:24] } 21... hxg6 { [%clk 0:07:17] } 22. Ng5 { [%clk 0:08:21] }
22... Re5 { [%clk 0:07:10] } 23. Qxf7+ { [%clk 0:08:18] } 1-0"
Rated Rapid game,https://lichess.org/gJswR6dL,2024.08.01,-,Khandaker_Yeakin,vitthal254,1-0,2024.08.01,08:44:45,978,1028,,,C30,King's Gambit Declined: Keene's Defense,600+0,Normal,"1. e4 { [%clk 0:10:00] } 1... e5 { [%clk 0:10:00] } 2. f4 { [%clk 0:09:59] }
2... Qh4+ { [%clk 0:09:51] } 3. g3 { [%clk 0:09:56] } 3... Qf6
{ [%clk 0:09:37] } 4. a3 { [%clk 0:09:53] } 4... Bc5 { [%clk 0:09:35] } 5. Qf3
{ [%clk 0:09:39] } 5... Qd6 { [%clk 0:09:29] } 6. fxe5 { [%clk 0:09:35] } 6...
Qb6 { [%clk 0:08:57] } 7. Nc3 { [%clk 0:09:27] } 7... f6 { [%clk 0:08:42] } 8.
exf6 { [%clk 0:09:22] } 8... gxf6 { [%clk 0:08:38] } 9. Bc4 { [%clk 0:09:10] }
9... d6 { [%clk 0:08:25] } 10. Bd5 { [%clk 0:08:57] } 10... f5
{ [%clk 0:08:13] } 11. g4 { [%clk 0:08:34] } 11... Nh6 { [%clk 0:07:48] } 12.
gxf5 { [%clk 0:08:28] } 12... Rf8 { [%clk 0:07:40] } 13. Nge2
{ [%clk 0:08:12] } 13... Rg8 { [%clk 0:07:02] } 14. Bxg8 { [%clk 0:08:10] }
14... Nxg8 { [%clk 0:07:00] } 15. d4 { [%clk 0:08:09] } 15... Bxd4
{ [%clk 0:06:30] } 16. Nxd4 { [%clk 0:08:06] } 16... Qxd4 { [%clk 0:06:28] }
17. Be3 { [%clk 0:07:57] } 17... Qe5 { [%clk 0:06:04] } 18. O-O-O
{ [%clk 0:07:45] } 18... c6 { [%clk 0:05:33] } 19. Bg1 { [%clk 0:07:40] } 19...
Nd7 { [%clk 0:05:11] } 20. Bd4 { [%clk 0:07:15] } 20... Qe7 { [%clk 0:04:44] }
21. Rhg1 { [%clk 0:07:08] } 21... Ndf6 { [%clk 0:04:24] } 22. Bxf6
{ [%clk 0:07:02] } 22... Nxf6 { [%clk 0:04:16] } 23. Rg7 { [%clk 0:06:49] }
23... Qxg7 { [%clk 0:04:08] } 24. Rxd6 { [%clk 0:06:39] } 24... Nh5
{ [%clk 0:03:42] } 25. Qxh5+ { [%clk 0:06:31] } 25... Ke7 { [%clk 0:03:36] }
26. f6+ { [%clk 0:05:55] } 26... Kxd6 { [%clk 0:03:16] } 27. fxg7
{ [%clk 0:05:53] } 27... Be6 { [%clk 0:03:06] } 28. Qxh7 { [%clk 0:05:31] }
28... b5 { [%clk 0:02:33] } 29. Qg6 { [%clk 0:05:20] } 29... Ke5
{ [%clk 0:02:25] } 30. h4 { [%clk 0:05:12] } 30... Rg8 { [%clk 0:02:00] } 31.
h5 { [%clk 0:04:40] } 31... c5 { [%clk 0:01:49] } 32. h6 { [%clk 0:04:36] }
32... b4 { [%clk 0:01:47] } 33. axb4 { [%clk 0:04:34] } 33... cxb4
{ [%clk 0:01:45] } 34. h7 { [%clk 0:04:30] } 34... bxc3 { [%clk 0:01:31] } 35.
bxc3 { [%clk 0:04:28] } 35... a5 { [%clk 0:01:29] } 36. h8=Q { [%clk 0:04:13] }
36... a4 { [%clk 0:01:12] } 37. Qxg8 { [%clk 0:04:10] } 37... Bxg8
{ [%clk 0:01:10] } 38. Qa6 { [%clk 0:03:59] } 38... a3 { [%clk 0:01:03] } 39.
Qxa3 { [%clk 0:03:56] } 39... Kxe4 { [%clk 0:01:00] } 40. Qa4+
{ [%clk 0:03:53] } 40... Kd5 { [%clk 0:00:58] } 41. c4+ { [%clk 0:03:51] }
41... Kc5 { [%clk 0:00:57] } 42. Qb5+ { [%clk 0:03:46] } 42... Kd6
{ [%clk 0:00:53] } 43. c5+ { [%clk 0:03:44] } 43... Kc7 { [%clk 0:00:52] } 44.
Qb6+ { [%clk 0:03:41] } 44... Kc8 { [%clk 0:00:47] } 45. c6 { [%clk 0:03:38] }
45... Be6 { [%clk 0:00:41] } 46. Qb7+ { [%clk 0:03:34] } 46... Kd8
{ [%clk 0:00:38] } 47. c7+ { [%clk 0:03:29] } 47... Ke7 { [%clk 0:00:34] } 48.
c8=Q+ { [%clk 0:03:25] } 48... Bd7 { [%clk 0:00:29] } 49. Qcxd7+
{ [%clk 0:03:23] } 49... Kf6 { [%clk 0:00:27] } 50. Qd6+ { [%clk 0:03:19] }
50... Kf5 { [%clk 0:00:24] } 51. Qb5+ { [%clk 0:03:17] } 51... Ke4
{ [%clk 0:00:23] } 52. Qdc5 { [%clk 0:03:13] } 52... Kf3 { [%clk 0:00:21] } 53.
Qd4 { [%clk 0:03:09] } 53... Kg3 { [%clk 0:00:20] } 54. Qbd3+
{ [%clk 0:03:05] } 54... Kg2 { [%clk 0:00:18] } 55. Q4e4+ { [%clk 0:02:58] }
55... Kf2 { [%clk 0:00:17] } 56. Qee2+ { [%clk 0:02:56] } 56... Kg1
{ [%clk 0:00:15] } 57. Qdd1# { [%clk 0:02:54] } 1-0"
Rated Rapid game,https://lichess.org/bclGuhKM,2024.08.01,-,zern0,saravananm,1-0,2024.08.01,08:44:45,1168,1294,,,B10,Caro-Kann Defense,600+0,Normal,"1. e4 { [%clk 0:10:00] } 1... c6 { [%clk 0:10:00] } 2. e5 { [%clk 0:09:55] }
2... Na6 { [%clk 0:09:45] } 3. d4 { [%clk 0:09:55] } 3... d6 { [%clk 0:09:40] }
4. Nf3 { [%clk 0:09:49] } 4... dxe5 { [%clk 0:09:38] } 5. Nxe5
{ [%clk 0:09:47] } 5... f6 { [%clk 0:09:37] } 6. Nf3 { [%clk 0:09:42] } 6...
Bg4 { [%clk 0:09:34] } 7. Bxa6 { [%clk 0:09:41] } 7... bxa6 { [%clk 0:09:32] }
8. O-O { [%clk 0:09:38] } 8... Nh6 { [%clk 0:09:29] } 9. Re1 { [%clk 0:09:37] }
9... e5 { [%clk 0:09:22] } 10. dxe5 { [%clk 0:09:16] } 10... Be7
{ [%clk 0:09:18] } 11. h3 { [%clk 0:09:16] } 11... Bxf3 { [%clk 0:09:16] } 12.
Qxf3 { [%clk 0:09:13] } 12... fxe5 { [%clk 0:09:15] } 13. Qxc6+
{ [%clk 0:09:10] } 13... Kf7 { [%clk 0:09:12] } 14. Nc3 { [%clk 0:09:02] }
14... Rc8 { [%clk 0:09:10] } 15. Qf3+ { [%clk 0:08:58] } 15... Bf6
{ [%clk 0:09:07] } 16. Rxe5 { [%clk 0:08:53] } 16... Re8 { [%clk 0:08:59] } 17.
Rxe8 { [%clk 0:08:44] } 17... Qxe8 { [%clk 0:08:56] } 18. Bxh6
{ [%clk 0:08:44] } 18... gxh6 { [%clk 0:08:54] } 19. Qh5+ { [%clk 0:08:41] }
19... Kg8 { [%clk 0:08:52] } 20. Qxh6 { [%clk 0:08:39] } 20... Kh8
{ [%clk 0:08:50] } 21. Qxf6+ { [%clk 0:08:13] } 21... Kg8 { [%clk 0:08:47] }
22. Rd1 { [%clk 0:07:52] } 22... Qg6 { [%clk 0:08:43] } 23. Rd8+
{ [%clk 0:07:48] } 23... Rxd8 { [%clk 0:07:44] } 24. Qxd8+ { [%clk 0:07:48] }
24... Kg7 { [%clk 0:07:42] } 25. Qc7+ { [%clk 0:07:18] } 25... Kh6
{ [%clk 0:07:38] } 26. Qxa7 { [%clk 0:07:16] } 26... Qxc2 { [%clk 0:07:36] }
27. Qxa6+ { [%clk 0:07:08] } 27... Kg5 { [%clk 0:07:21] } 28. Qb5+
{ [%clk 0:07:05] } 28... Kf4 { [%clk 0:07:20] } 29. a4 { [%clk 0:07:04] } 29...
Qe2 { [%clk 0:07:11] } 1-0"
Rated Rapid game,https://lichess.org/C4tS5EBq,2024.08.01,-,Hamo_af,QueensKnight00001,0-1,2024.08.01,08:44:45,1310,1324,,,B07,King's Pawn Game: Maróczy Defense,600+0,Normal,"1. e4 { [%eval 0.15] [%clk 0:10:00] } 1... d6 { [%eval 0.45] [%clk 0:10:00] }
2. d4 { [%eval 0.47] [%clk 0:09:59] } 2... e5 { [%eval 0.5] [%clk 0:09:59] } 3.
d5 { [%eval 0.25] [%clk 0:09:57] } 3... Nf6 { [%eval 0.46] [%clk 0:09:57] } 4.
Nc3 { [%eval 0.19] [%clk 0:09:54] } 4... g6 { [%eval 0.37] [%clk 0:09:55] } 5.
Nf3 { [%eval 0.28] [%clk 0:09:52] } 5... Bg4 { [%eval 0.77] [%clk 0:09:53] } 6.
Be2 { [%eval 0.64] [%clk 0:09:51] } 6... Bxf3 { [%eval 0.86] [%clk 0:09:52] }
7. Bxf3 { [%eval 0.62] [%clk 0:09:50] } 7... Bg7 $6
{ [%eval 1.45] [%clk 0:09:50] } 8. O-O $6 { [%eval 0.65] [%clk 0:09:47] } 8...
O-O { [%eval 0.91] [%clk 0:09:48] } 9. b3 { [%eval 0.74] [%clk 0:09:46] } 9...
Nbd7 { [%eval 0.76] [%clk 0:09:40] } 10. a4 { [%eval 0.75] [%clk 0:09:37] }
10... a6 { [%eval 0.92] [%clk 0:09:39] } 11. a5 { [%eval 0.84] [%clk 0:09:30] }
11... b5 { [%eval 0.97] [%clk 0:09:37] } 12. Be3
{ [%eval 0.98] [%clk 0:09:23] } 12... c5 $2 { [%eval 2.73] [%clk 0:09:31] } 13.
dxc6 { [%eval 2.72] [%clk 0:09:18] } 13... Nc5 { [%eval 2.84] [%clk 0:09:23] }
14. Bxc5 { [%eval 2.38] [%clk 0:09:16] } 14... dxc5
{ [%eval 2.15] [%clk 0:09:21] } 15. Qd7 $4 { [%eval -5.13] [%clk 0:09:06] }
15... Nxd7 { [%eval -4.78] [%clk 0:09:18] } 16. cxd7
{ [%eval -5.57] [%clk 0:08:57] } 16... Qxd7 { [%eval -5.51] [%clk 0:09:15] }
17. Nd5 { [%eval -5.65] [%clk 0:08:56] } 17... Rab8
{ [%eval -5.43] [%clk 0:09:00] } 18. Rad1 { [%eval -5.63] [%clk 0:08:55] }
18... Qe6 { [%eval -5.2] [%clk 0:08:50] } 19. Bg4
{ [%eval -5.04] [%clk 0:08:52] } 0-1"
Rated Rapid game,https://lichess.org/T7OOjSg6,2024.08.01,-,vitaliy2312,wilkrl,1-0,2024.08.01,08:44:50,1083,1148,,,C22,Center Game: Normal Variation,600+0,Normal,"1. e4 { [%clk 0:10:00] } 1... e5 { [%clk 0:10:00] } 2. d4 { [%clk 0:09:59] }
2... exd4 { [%clk 0:09:48] } 3. Qxd4 { [%clk 0:09:57] } 3... Nc6
{ [%clk 0:09:48] } 4. Qd1 { [%clk 0:09:54] } 4... Nf6 { [%clk 0:09:43] } 5. Nc3
{ [%clk 0:09:50] } 5... g6 { [%clk 0:09:35] } 6. Bc4 { [%clk 0:09:42] } 6...
Bg7 { [%clk 0:09:29] } 7. Nf3 { [%clk 0:09:40] } 7... O-O { [%clk 0:09:27] } 8.
O-O { [%clk 0:09:35] } 8... b6 { [%clk 0:09:14] } 9. Ng5 { [%clk 0:09:29] }
9... Bb7 { [%clk 0:09:10] } 10. Qe2 { [%clk 0:09:12] } 10... h6
{ [%clk 0:08:54] } 11. e5 { [%clk 0:08:59] } 11... Nh7 { [%clk 0:08:13] } 12.
Nxf7 { [%clk 0:08:39] } 12... Rxf7 { [%clk 0:08:09] } 13. Bxf7+
{ [%clk 0:08:37] } 13... Kxf7 { [%clk 0:08:09] } 14. Qc4+ { [%clk 0:08:31] }
14... Kf8 { [%clk 0:07:59] } 15. Qf4+ { [%clk 0:08:25] } 15... Kg8
{ [%clk 0:07:58] } 16. Nd5 { [%clk 0:08:20] } 16... Bxe5 { [%clk 0:07:49] } 17.
Qxh6 { [%clk 0:08:13] } 17... Nd4 { [%clk 0:07:34] } 18. Qxg6+
{ [%clk 0:08:08] } 18... Kh8 { [%clk 0:07:27] } 19. Bg5 { [%clk 0:08:02] }
19... Nxg5 { [%clk 0:07:24] } 20. Qh6+ { [%clk 0:07:48] } 20... Kg8
{ [%clk 0:07:08] } 21. Rae1 { [%clk 0:07:46] } 21... Bxd5 { [%clk 0:06:58] }
22. Rxe5 { [%clk 0:07:36] } 22... Nf7 { [%clk 0:06:57] } 23. Qg6+
{ [%clk 0:07:25] } 23... Kf8 { [%clk 0:06:49] } 24. Rxd5 { [%clk 0:07:23] }
24... Nxc2 { [%clk 0:06:42] } 25. Rf5 { [%clk 0:07:17] } 25... Qe7
{ [%clk 0:06:33] } 26. Rf3 { [%clk 0:06:59] } 26... Nd4 { [%clk 0:06:24] } 27.
Rd3 { [%clk 0:06:42] } 27... c5 { [%clk 0:06:19] } 28. f4 { [%clk 0:06:38] }
28... Re8 { [%clk 0:06:09] } 29. f5 { [%clk 0:06:29] } 29... Ne5
{ [%clk 0:05:37] } 30. Qh6+ { [%clk 0:06:20] } 30... Qg7 { [%clk 0:05:16] } 31.
Qd6+ { [%clk 0:06:13] } 31... Qe7 { [%clk 0:05:06] } 32. Qh6+
{ [%clk 0:06:00] } 32... Kf7 { [%clk 0:04:52] } 33. Rg3 { [%clk 0:05:51] }
33... Nxf5 { [%clk 0:04:35] } 34. Rxf5+ { [%clk 0:05:45] } 1-0"
Rated Rapid game,https://lichess.org/J8QItQUv,2024.08.01,-,PumaChuhan,AsadullahGalib,1-0,2024.08.01,08:44:50,1334,1366,,,D06,Queen's Gambit Declined: Marshall Defense,600+0,Normal,"1. d4 { [%clk 0:10:00] } 1... d5 { [%clk 0:10:00] } 2. c4 { [%clk 0:09:59] }
2... Nf6 { [%clk 0:09:58] } 3. e3 { [%clk 0:09:57] } 3... Bf5
{ [%clk 0:09:57] } 4. Nc3 { [%clk 0:09:55] } 4... Nc6 { [%clk 0:09:54] } 5. Bd3
{ [%clk 0:09:48] } 5... e6 { [%clk 0:09:48] } 6. Bxf5 { [%clk 0:09:46] } 6...
exf5 { [%clk 0:09:47] } 7. Nf3 { [%clk 0:09:40] } 7... Ne4 { [%clk 0:09:45] }
8. Nxe4 { [%clk 0:09:39] } 8... dxe4 { [%clk 0:09:44] } 9. Ne5
{ [%clk 0:09:22] } 9... Nxe5 { [%clk 0:09:22] } 10. dxe5 { [%clk 0:09:22] }
10... Qxd1+ { [%clk 0:09:20] } 11. Kxd1 { [%clk 0:09:20] } 11... O-O-O+
{ [%clk 0:09:19] } 12. Ke2 { [%clk 0:09:19] } 12... Bb4 { [%clk 0:09:07] } 13.
Rd1 { [%clk 0:09:15] } 13... Rde8 { [%clk 0:08:59] } 14. Bd2 { [%clk 0:09:13] }
14... Bxd2 { [%clk 0:08:55] } 15. Rxd2 { [%clk 0:09:11] } 15... Rxe5
{ [%clk 0:08:54] } 16. f4 { [%clk 0:09:08] } 16... exf3+ { [%clk 0:08:52] } 17.
gxf3 { [%clk 0:09:07] } 17... Rhe8 { [%clk 0:08:49] } 18. Rd3
{ [%clk 0:09:01] } 18... f4 { [%clk 0:08:47] } 19. e4 { [%clk 0:08:59] } 19...
Rh5 { [%clk 0:08:39] } 20. Rh1 { [%clk 0:08:57] } 20... g5 { [%clk 0:08:27] }
21. b4 { [%clk 0:08:49] } 21... Rh4 { [%clk 0:08:22] } 22. h3
{ [%clk 0:08:30] } 22... f5 { [%clk 0:08:11] } 23. Rd5 { [%clk 0:08:14] } 23...
fxe4 { [%clk 0:08:03] } 24. Rxg5 { [%clk 0:08:05] } 24... exf3+
{ [%clk 0:07:29] } 25. Kxf3 { [%clk 0:08:03] } 25... Re3+ { [%clk 0:07:24] }
26. Kf2 { [%clk 0:07:50] } 26... Ra3 { [%clk 0:07:20] } 27. Rd1
{ [%clk 0:07:31] } 27... Rxa2+ { [%clk 0:07:18] } 28. Kf1 { [%clk 0:07:31] }
28... Rxh3 { [%clk 0:07:07] } 29. Rg8# { [%clk 0:07:29] } 1-0"
Rated Rapid game,https://lichess.org/JC4Wr5KS,2024.08.01,-,stratonovichvs115,panegersie,1-0,2024.08.01,08:44:50,1584,1503,,,C70,"Ruy Lopez: Morphy Defense, Classical Defense Deferred",600+0,Normal,"1. e4 { [%eval 0.15] [%clk 0:10:00] } 1... e5 { [%eval 0.21] [%clk 0:10:00] }
2. Nf3 { [%eval 0.11] [%clk 0:09:57] } 2... Nc6 { [%eval 0.19] [%clk 0:09:57] }
3. Bb5 { [%eval 0.19] [%clk 0:09:55] } 3... a6 { [%eval 0.25] [%clk 0:09:42] }
4. Ba4 { [%eval 0.14] [%clk 0:09:52] } 4... Bc5 { [%eval 0.42] [%clk 0:09:38] }
5. c3 { [%eval 0.37] [%clk 0:09:42] } 5... Nf6 { [%eval 0.43] [%clk 0:09:32] }
6. O-O { [%eval 0.27] [%clk 0:08:55] } 6... Nxe4
{ [%eval 0.79] [%clk 0:09:23] } 7. d4 { [%eval 0.64] [%clk 0:08:39] } 7... exd4
{ [%eval 0.63] [%clk 0:09:17] } 8. cxd4 { [%eval 0.83] [%clk 0:08:37] } 8...
Bd6 $4 { [%eval 4.44] [%clk 0:09:02] } 9. Re1 { [%eval 4.19] [%clk 0:08:21] }
9... f5 { [%eval 4.2] [%clk 0:08:18] } 10. Nc3 { [%eval 4.33] [%clk 0:08:13] }
10... O-O { [%eval 3.97] [%clk 0:08:07] } 11. Nxe4
{ [%eval 4.34] [%clk 0:08:09] } 11... fxe4 { [%eval 4.01] [%clk 0:08:04] } 12.
Rxe4 { [%eval 3.73] [%clk 0:08:08] } 12... Qf6 { [%eval 4.41] [%clk 0:07:34] }
13. Qb3+ $2 { [%eval 2.46] [%clk 0:07:46] } 13... Kh8
{ [%eval 1.58] [%clk 0:07:29] } 14. Bg5 { [%eval 1.88] [%clk 0:07:24] } 14...
Qg6 $2 { [%eval 3.05] [%clk 0:07:11] } 15. Rae1 $4
{ [%eval -3.04] [%clk 0:06:43] } 15... b5 { [%eval -3.14] [%clk 0:06:26] } 16.
d5 { [%eval -2.94] [%clk 0:05:37] } 16... Na5 $2
{ [%eval -0.77] [%clk 0:05:06] } 17. Qc3 { [%eval -0.75] [%clk 0:05:07] } 17...
bxa4 { [%eval -0.25] [%clk 0:04:13] } 18. Qxa5 $2
{ [%eval -2.81] [%clk 0:05:04] } 18... Rxf3 { [%eval -2.7] [%clk 0:03:53] } 19.
Re8+ $2 { [%eval -4.57] [%clk 0:04:16] } 19... Qxe8 $4
{ [%eval 5.59] [%clk 0:03:42] } 20. Rxe8+ { [%eval 5.46] [%clk 0:04:13] } 20...
Rf8 { [%eval 5.27] [%clk 0:03:33] } 21. Rxf8+ { [%eval 5.53] [%clk 0:04:09] }
21... Bxf8 { [%eval 5.36] [%clk 0:03:31] } 22. Qxc7
{ [%eval 5.29] [%clk 0:04:03] } 22... a5 { [%eval 5.55] [%clk 0:03:17] } 23.
Qd8 { [%eval 5.5] [%clk 0:03:57] } 23... Bb7 { [%eval 6.09] [%clk 0:03:11] }
24. Qxd7 { [%eval 6.08] [%clk 0:03:43] } 24... Ba6
{ [%eval 5.96] [%clk 0:02:59] } 25. Qxa4 { [%eval 5.47] [%clk 0:03:30] } 25...
Bb4 $2 { [%eval 7.2] [%clk 0:02:55] } 26. h3 { [%eval 5.53] [%clk 0:03:16] }
26... Re8 $4 { [%eval #2] [%clk 0:02:52] } 27. Qxe8+
{ [%eval #1] [%clk 0:03:11] } 27... Bf8 { [%eval #1] [%clk 0:02:49] } 28. Qxf8#
{ [%clk 0:03:09] } 1-0"
Rated Rapid game,https://lichess.org/kyfbJcoS,2024.08.01,-,cyber_1,stan_chess,1-0,2024.08.01,08:44:50,1668,1669,,,C54,"Italian Game: Classical Variation, Giuoco Pianissimo",600+0,Normal,"1. e4 { [%clk 0:10:00] } 1... e5 { [%clk 0:10:00] } 2. Nf3 { [%clk 0:09:59] }
2... Nc6 { [%clk 0:09:57] } 3. Bc4 { [%clk 0:09:58] } 3... Bc5
{ [%clk 0:09:53] } 4. d3 { [%clk 0:09:56] } 4... Nf6 { [%clk 0:09:52] } 5. c3
{ [%clk 0:09:55] } 5... O-O { [%clk 0:09:46] } 6. O-O { [%clk 0:09:54] } 6...
d5 { [%clk 0:09:38] } 7. exd5 { [%clk 0:09:52] } 7... Nxd5 { [%clk 0:09:34] }
8. Nbd2 { [%clk 0:09:45] } 8... Be6 { [%clk 0:09:19] } 9. Re1
{ [%clk 0:09:41] } 9... Qf6 { [%clk 0:08:17] } 10. h3 { [%clk 0:09:30] } 10...
Nb6 { [%clk 0:08:06] } 11. Bb5 { [%clk 0:09:26] } 11... Rad8 { [%clk 0:07:37] }
12. Nf1 { [%clk 0:09:18] } 12... Qg6 { [%clk 0:07:09] } 13. Ng3
{ [%clk 0:08:53] } 13... a6 { [%clk 0:06:12] } 14. Bxc6 { [%clk 0:08:43] }
14... bxc6 { [%clk 0:06:10] } 15. Nxe5 { [%clk 0:08:40] } 15... Qf6
{ [%clk 0:05:57] } 16. Qe2 { [%clk 0:08:31] } 16... Rfe8 { [%clk 0:05:49] } 17.
Nf3 { [%clk 0:07:58] } 17... h6 { [%clk 0:05:39] } 18. Be3 { [%clk 0:07:55] }
18... Bd6 { [%clk 0:05:28] } 19. Rad1 { [%clk 0:07:51] } 19... Bxa2
{ [%clk 0:05:22] } 20. Qc2 { [%clk 0:07:37] } 20... Nd5 { [%clk 0:05:01] } 21.
Bd4 { [%clk 0:07:22] } 21... Qg6 { [%clk 0:04:39] } 22. b3 { [%clk 0:07:11] }
22... Bxg3 { [%clk 0:04:06] } 23. Qxa2 { [%clk 0:06:54] } 23... Rxe1+
{ [%clk 0:03:51] } 24. Rxe1 { [%clk 0:06:52] } 24... Bd6 { [%clk 0:03:33] } 25.
Qd2 { [%clk 0:06:36] } 25... Rb8 { [%clk 0:03:22] } 26. b4 { [%clk 0:06:31] }
26... Nf4 { [%clk 0:03:09] } 27. Nh4 { [%clk 0:06:18] } 27... Qxd3
{ [%clk 0:02:58] } 28. Qxd3 { [%clk 0:06:11] } 28... Nxd3 { [%clk 0:02:50] }
29. Rd1 { [%clk 0:06:08] } 29... Nb2 { [%clk 0:02:36] } 30. Rd2
{ [%clk 0:05:59] } 30... Nc4 { [%clk 0:02:34] } 31. Rd1 { [%clk 0:05:53] }
31... a5 { [%clk 0:02:30] } 32. Nf5 { [%clk 0:05:46] } 32... a4
{ [%clk 0:02:15] } 33. Bxg7 { [%clk 0:05:29] } 33... a3 { [%clk 0:02:09] } 34.
Bxh6 { [%clk 0:05:23] } 34... a2 { [%clk 0:02:03] } 35. Ra1 { [%clk 0:05:22] }
35... Ra8 { [%clk 0:02:02] } 36. Nxd6 { [%clk 0:05:13] } 36... cxd6
{ [%clk 0:01:57] } 37. Bf4 { [%clk 0:05:06] } 37... d5 { [%clk 0:01:55] } 38.
Kh2 { [%clk 0:05:00] } 38... Kg7 { [%clk 0:01:52] } 39. Kg3 { [%clk 0:04:59] }
39... Ra3 { [%clk 0:01:50] } 40. Kg4 { [%clk 0:04:51] } 40... Kg6
{ [%clk 0:01:47] } 41. f3 { [%clk 0:04:47] } 41... Ra4 { [%clk 0:01:30] } 42.
h4 { [%clk 0:04:41] } 42... f5+ { [%clk 0:01:27] } 43. Kg3 { [%clk 0:04:38] }
43... Kh5 { [%clk 0:01:26] } 44. Kh3 { [%clk 0:04:37] } 44... Ra3
{ [%clk 0:01:22] } 45. g4+ { [%clk 0:04:30] } 45... fxg4+ { [%clk 0:01:20] }
46. fxg4+ { [%clk 0:04:24] } 46... Kg6 { [%clk 0:01:19] } 47. h5+
{ [%clk 0:04:15] } 47... Kf6 { [%clk 0:01:17] } 48. Kh4 { [%clk 0:04:11] }
48... Rxc3 { [%clk 0:01:01] } 49. Rxa2 { [%clk 0:04:09] } 49... Rc2
{ [%clk 0:00:54] } 50. Rxc2 { [%clk 0:04:07] } 1-0"
Rated Rapid game,https://lichess.org/V4wLlm1p,2024.08.01,-,Anna_lyuk,HareshThacker2019,1/2-1/2,2024.08.01,08:44:50,1368,1378,,,B01,Scandinavian Defense: Main Line,600+0,Normal,"1. e4 { [%clk 0:10:00] } 1... d5 { [%clk 0:10:00] } 2. exd5 { [%clk 0:09:56] }
2... Qxd5 { [%clk 0:09:58] } 3. Nc3 { [%clk 0:09:52] } 3... Qa5
{ [%clk 0:09:56] } 4. h3 { [%clk 0:09:31] } 4... Nf6 { [%clk 0:09:53] } 5. Nf3
{ [%clk 0:09:12] } 5... Nc6 { [%clk 0:09:49] } 6. d4 { [%clk 0:09:00] } 6... h6
{ [%clk 0:09:44] } 7. d5 { [%clk 0:08:41] } 7... Nb4 { [%clk 0:09:09] } 8. Bb5+
{ [%clk 0:08:19] } 8... c6 { [%clk 0:08:59] } 9. dxc6 { [%clk 0:08:16] } 9...
bxc6 { [%clk 0:08:38] } 10. Ba4 { [%clk 0:08:04] } 10... e6 { [%clk 0:08:20] }
11. Nd4 { [%clk 0:08:00] } 11... Qe5+ { [%clk 0:08:08] } 12. Be3
{ [%clk 0:07:37] } 12... Bd7 { [%clk 0:07:45] } 13. a3 { [%clk 0:07:00] } 13...
Nbd5 { [%clk 0:07:35] } 14. Bxc6 { [%clk 0:06:48] } 14... Bxc6
{ [%clk 0:07:28] } 15. Nxc6 { [%clk 0:06:37] } 15... Qc7 { [%clk 0:06:44] } 16.
Nxd5 { [%clk 0:06:00] } 16... exd5 { [%clk 0:06:37] } 17. Nd4
{ [%clk 0:05:45] } 17... Bc5 { [%clk 0:06:25] } 18. c3 { [%clk 0:05:27] } 18...
O-O { [%clk 0:06:19] } 19. Nb5 { [%clk 0:04:54] } 19... Qb6 { [%clk 0:06:05] }
20. Bxc5 { [%clk 0:04:42] } 20... Qxc5 { [%clk 0:06:02] } 21. Nd4
{ [%clk 0:04:26] } 21... Rfe8+ { [%clk 0:05:57] } 22. Kf1 { [%clk 0:04:20] }
22... Ne4 { [%clk 0:05:51] } 23. Qc2 { [%clk 0:03:54] } 23... Qc4+
{ [%clk 0:05:43] } 24. Kg1 { [%clk 0:03:49] } 24... Rac8 { [%clk 0:05:20] } 25.
Re1 { [%clk 0:03:16] } 25... Nd6 { [%clk 0:05:04] } 26. Rxe8+
{ [%clk 0:02:46] } 26... Rxe8 { [%clk 0:05:00] } 27. b3 { [%clk 0:02:34] }
27... Qa6 { [%clk 0:04:30] } 28. a4 { [%clk 0:02:26] } 28... Re1+
{ [%clk 0:04:23] } 29. Kh2 { [%clk 0:02:23] } 29... Rxh1+ { [%clk 0:04:19] }
30. Kxh1 { [%clk 0:02:21] } 30... Qc8 { [%clk 0:04:03] } 31. f3
{ [%clk 0:02:17] } 31... Qe8 { [%clk 0:03:53] } 32. Ne2 { [%clk 0:02:10] }
32... g6 { [%clk 0:03:44] } 33. Nf4 { [%clk 0:02:03] } 33... Nf5
{ [%clk 0:03:30] } 34. Nxd5 { [%clk 0:01:55] } 34... Qe1+ { [%clk 0:03:24] }
35. Kh2 { [%clk 0:01:47] } 35... Qg3+ { [%clk 0:03:21] } 36. Kh1
{ [%clk 0:01:41] } 36... Qe1+ { [%clk 0:03:06] } 37. Kh2 { [%clk 0:01:39] }
37... h5 { [%clk 0:02:59] } 38. Nf6+ { [%clk 0:01:25] } 38... Kg7
{ [%clk 0:02:53] } 39. Ne4 { [%clk 0:01:23] } 39... Qh4 { [%clk 0:02:40] } 40.
c4 { [%clk 0:01:12] } 40... Qf4+ { [%clk 0:02:36] } 41. Kg1 { [%clk 0:00:55] }
41... Ne3 { [%clk 0:02:02] } 42. Qc3+ { [%clk 0:00:51] } 42... Kh6
{ [%clk 0:01:53] } 43. c5 { [%clk 0:00:50] } 43... Nd5 { [%clk 0:01:29] } 44.
Qc4 { [%clk 0:00:42] } 44... Qe3+ { [%clk 0:01:23] } 45. Kh2 { [%clk 0:00:35] }
45... Qf4+ { [%clk 0:01:18] } 46. Kg1 { [%clk 0:00:28] } 46... Qe3+
{ [%clk 0:01:14] } 47. Kh2 { [%clk 0:00:26] } 47... Qf4+ { [%clk 0:01:12] } 48.
Kg1 { [%clk 0:00:24] } 1/2-1/2"
Rated Rapid game,https://lichess.org/CMBLWrPG,2024.08.01,-,villxm,Naningkamot2023,0-1,2024.08.01,08:44:50,1193,1242,,,A00,Ware Opening: Meadow Hay Trap,600+0,Normal,"1. a4 { [%clk 0:10:00] } 1... e5 { [%clk 0:10:00] } 2. Ra3 { [%clk 0:10:00] }
2... Nc6 { [%clk 0:09:59] } 3. b3 { [%clk 0:09:59] } 3... Bxa3
{ [%clk 0:09:58] } 4. Nxa3 { [%clk 0:09:59] } 4... Nf6 { [%clk 0:09:57] } 5.
Bb2 { [%clk 0:09:59] } 5... O-O { [%clk 0:09:55] } 6. Qa1 { [%clk 0:09:59] }
6... d6 { [%clk 0:09:52] } 7. g3 { [%clk 0:09:58] } 7... Bf5 { [%clk 0:09:49] }
8. Bg2 { [%clk 0:09:58] } 8... Bxc2 { [%clk 0:09:46] } 9. Nh3
{ [%clk 0:09:25] } 9... Bxb3 { [%clk 0:09:45] } 10. O-O { [%clk 0:08:55] }
10... Bxa4 { [%clk 0:09:40] } 11. f4 { [%clk 0:08:48] } 11... exf4
{ [%clk 0:09:24] } 12. gxf4 { [%clk 0:08:45] } 12... d5 { [%clk 0:09:11] } 13.
e3 { [%clk 0:08:36] } 13... a6 { [%clk 0:09:08] } 14. d3 { [%clk 0:07:57] }
14... Bb5 { [%clk 0:09:01] } 15. Nxb5 { [%clk 0:07:55] } 15... axb5
{ [%clk 0:08:59] } 16. e4 { [%clk 0:07:50] } 16... Rxa1 { [%clk 0:08:57] } 17.
Bxa1 { [%clk 0:07:49] } 17... dxe4 { [%clk 0:08:55] } 18. dxe4
{ [%clk 0:07:47] } 18... Qd3 { [%clk 0:08:51] } 19. e5 { [%clk 0:07:44] } 19...
Ne4 { [%clk 0:08:43] } 20. Bxe4 { [%clk 0:07:32] } 20... Qxe4
{ [%clk 0:08:41] } 21. Ng5 { [%clk 0:07:21] } 21... Qf5 { [%clk 0:08:36] } 22.
Rf3 { [%clk 0:07:01] } 22... f6 { [%clk 0:08:35] } 23. exf6 { [%clk 0:06:22] }
23... gxf6 { [%clk 0:08:32] } 24. h4 { [%clk 0:05:18] } 24... Qg4+
{ [%clk 0:08:27] } 25. Kf2 { [%clk 0:05:14] } 25... fxg5 { [%clk 0:08:25] } 26.
hxg5 { [%clk 0:05:02] } 26... Rxf4 { [%clk 0:08:23] } 27. Rxf4
{ [%clk 0:05:00] } 27... Qxf4+ { [%clk 0:08:21] } 28. Ke2 { [%clk 0:04:59] }
28... Qxg5 { [%clk 0:08:20] } 29. Kd3 { [%clk 0:04:52] } 0-1"
Rated Rapid game,https://lichess.org/HLXXb8yt,2024.08.01,-,rlagustn950,Botxi,0-1,2024.08.01,08:44:50,1169,1200,,,C40,King's Pawn Game: Damiano Defense,600+0,Normal,"1. e4 { [%eval 0.15] [%clk 0:10:00] } 1... e5 { [%eval 0.21] [%clk 0:10:00] }
2. Nf3 { [%eval 0.11] [%clk 0:09:59] } 2... f6 $2
{ [%eval 1.68] [%clk 0:09:51] } 3. Bc4 { [%eval 1.29] [%clk 0:09:54] } 3... c6
{ [%eval 1.5] [%clk 0:09:43] } 4. O-O $6 { [%eval 0.76] [%clk 0:09:49] } 4...
d5 { [%eval 0.78] [%clk 0:09:41] } 5. Bb3 $6 { [%eval -0.14] [%clk 0:09:44] }
5... Bd6 $2 { [%eval 1.49] [%clk 0:09:35] } 6. c4 $2
{ [%eval -1.07] [%clk 0:09:38] } 6... Ne7 $4 { [%eval 1.94] [%clk 0:09:30] } 7.
cxd5 { [%eval 1.97] [%clk 0:09:31] } 7... O-O $6
{ [%eval 2.66] [%clk 0:09:23] } 8. d4 { [%eval 2.6] [%clk 0:09:26] } 8... Na6
$2 { [%eval 3.85] [%clk 0:08:47] } 9. dxe5 { [%eval 3.71] [%clk 0:09:20] } 9...
fxe5 { [%eval 3.8] [%clk 0:08:42] } 10. dxc6+ { [%eval 3.77] [%clk 0:09:11] }
10... Kh8 { [%eval 3.76] [%clk 0:08:33] } 11. cxb7
{ [%eval 3.45] [%clk 0:08:42] } 11... Bxb7 { [%eval 3.48] [%clk 0:08:32] } 12.
Nc3 { [%eval 3.53] [%clk 0:08:39] } 12... Nc5 { [%eval 3.52] [%clk 0:08:26] }
13. Bg5 $2 { [%eval 2.46] [%clk 0:08:23] } 13... h6
{ [%eval 2.89] [%clk 0:08:18] } 14. Bxe7 $6 { [%eval 2.17] [%clk 0:07:31] }
14... Qxe7 { [%eval 2.19] [%clk 0:08:12] } 15. Bd5
{ [%eval 1.94] [%clk 0:07:10] } 15... Bxd5 { [%eval 2.55] [%clk 0:08:04] } 16.
Nxd5 { [%eval 2.55] [%clk 0:07:10] } 16... Qd7 { [%eval 2.51] [%clk 0:07:53] }
17. Re1 { [%eval 2.53] [%clk 0:06:25] } 17... Rab8
{ [%eval 2.57] [%clk 0:07:28] } 18. Rb1 { [%eval 2.38] [%clk 0:06:23] } 18...
Qg4 { [%eval 2.94] [%clk 0:07:02] } 19. Ne3 { [%eval 2.46] [%clk 0:06:09] }
19... Qxe4 $2 { [%eval 3.91] [%clk 0:06:56] } 20. Qxd6
{ [%eval 4.12] [%clk 0:05:55] } 20... Nd3 { [%eval 3.92] [%clk 0:06:48] } 21.
Red1 { [%eval 3.91] [%clk 0:04:38] } 21... Rbd8 { [%eval 4.47] [%clk 0:06:32] }
22. Qa3 { [%eval 4.5] [%clk 0:03:32] } 22... Nf4
{ [%eval 4.48] [%clk 0:04:48] } 23. Qb3 $2 { [%eval 3.3] [%clk 0:02:52] } 23...
Ne2+ $2 { [%eval 4.45] [%clk 0:04:27] } 24. Kh1 { [%eval 4.49] [%clk 0:02:44] }
24... Nd4 { [%eval 4.09] [%clk 0:04:11] } 25. Nxd4
{ [%eval 4.17] [%clk 0:02:35] } 25... exd4 { [%eval 4.24] [%clk 0:04:08] } 26.
Qd3 $2 { [%eval 1.55] [%clk 0:02:34] } 26... Qf4 $4
{ [%eval 4.63] [%clk 0:03:56] } 27. g3 { [%eval 3.87] [%clk 0:02:19] } 27...
Qf3+ { [%eval 4.28] [%clk 0:03:51] } 28. Kg1 $4 { [%eval -4.9] [%clk 0:02:19] }
28... dxe3 { [%eval -4.85] [%clk 0:03:50] } 29. Qxe3
{ [%eval -4.85] [%clk 0:02:12] } 29... Rxd1+ { [%eval -4.85] [%clk 0:03:44] }
30. Rxd1 { [%eval -4.88] [%clk 0:02:11] } 30... Qxd1+
{ [%eval -4.82] [%clk 0:03:42] } 31. Kg2 { [%eval -4.83] [%clk 0:02:08] } 31...
Qd5+ { [%eval -4.84] [%clk 0:03:33] } 32. Kg1 { [%eval -4.88] [%clk 0:02:04] }
32... Qxa2 { [%eval -4.84] [%clk 0:03:30] } 33. b3
{ [%eval -4.85] [%clk 0:01:58] } 33... Qa3 { [%eval -4.85] [%clk 0:03:22] } 34.
b4 { [%eval -5.71] [%clk 0:01:53] } 34... Qxb4 { [%eval -5.41] [%clk 0:03:19] }
35. Kg2 { [%eval -5.62] [%clk 0:01:44] } 0-1"
Rated Rapid game,https://lichess.org/PNi0B7n6,2024.08.01,-,saleem000,Savichev,1-0,2024.08.01,08:44:50,1645,1655,,,C00,French Defense,600+0,Time forfeit,"1. e4 { [%clk 0:10:00] } 1... e6 { [%clk 0:10:00] } 2. Bc4 { [%clk 0:09:59] }
2... d5 { [%clk 0:09:58] } 3. exd5 { [%clk 0:09:56] } 3... exd5
{ [%clk 0:09:58] } 4. Bb5+ { [%clk 0:09:55] } 4... c6 { [%clk 0:09:57] } 5. Bd3
{ [%clk 0:09:54] } 5... Nf6 { [%clk 0:09:53] } 6. Qf3 { [%clk 0:09:52] } 6...
Qe7+ { [%clk 0:09:48] } 7. Ne2 { [%clk 0:09:50] } 7... Bg4 { [%clk 0:09:46] }
8. Qg3 { [%clk 0:09:44] } 8... Bxe2 { [%clk 0:09:40] } 9. Bxe2
{ [%clk 0:09:43] } 9... Nbd7 { [%clk 0:09:35] } 10. d3 { [%clk 0:09:36] } 10...
Qe5 { [%clk 0:09:31] } 11. Bf4 { [%clk 0:09:29] } 11... Qxb2 { [%clk 0:09:27] }
12. O-O { [%clk 0:09:19] } 12... Qxa1 { [%clk 0:09:25] } 13. Nd2
{ [%clk 0:09:14] } 13... Qxa2 { [%clk 0:09:19] } 14. Bg4 { [%clk 0:09:07] }
14... Qa3 { [%clk 0:08:46] } 15. Re1+ { [%clk 0:08:48] } 15... Be7
{ [%clk 0:08:39] } 16. Bd6 { [%clk 0:08:47] } 16... O-O { [%clk 0:08:31] } 17.
Bxa3 { [%clk 0:08:44] } 17... Bxa3 { [%clk 0:08:30] } 18. Bxd7
{ [%clk 0:08:39] } 18... Nxd7 { [%clk 0:08:28] } 19. c4 { [%clk 0:08:36] }
19... Rfe8 { [%clk 0:08:20] } 20. Rxe8+ { [%clk 0:08:29] } 20... Rxe8
{ [%clk 0:08:19] } 21. h3 { [%clk 0:08:29] } 21... dxc4 { [%clk 0:08:07] } 22.
Nxc4 { [%clk 0:08:25] } 22... Bc5 { [%clk 0:07:15] } 23. Qc7 { [%clk 0:08:18] }
23... Nf6 { [%clk 0:06:42] } 24. Qxb7 { [%clk 0:08:10] } 24... Bb6
{ [%clk 0:05:31] } 25. Nxb6 { [%clk 0:08:05] } 25... axb6 { [%clk 0:05:27] }
26. Qxc6 { [%clk 0:08:01] } 26... h6 { [%clk 0:04:06] } 27. Qxb6
{ [%clk 0:07:54] } 27... Nh5 { [%clk 0:04:00] } 28. d4 { [%clk 0:07:40] } 28...
Nf4 { [%clk 0:03:57] } 29. Qc6 { [%clk 0:07:19] } 29... Re1+ { [%clk 0:03:55] }
30. Kh2 { [%clk 0:07:14] } 30... Nd3 { [%clk 0:03:49] } 31. Qc8+
{ [%clk 0:07:04] } 31... Kh7 { [%clk 0:03:48] } 32. Qf5+ { [%clk 0:07:01] }
32... g6 { [%clk 0:03:44] } 33. Qxd3 { [%clk 0:07:01] } 1-0"
Rated Rapid game,https://lichess.org/kBs2CqhJ,2024.08.01,-,Ivad03,fanta_clauss,0-1,2024.08.01,08:44:50,742,808,,,A00,Mieses Opening,600+0,Normal,"1. d3 { [%eval -0.11] [%clk 0:10:00] } 1... d5 { [%eval 0.0] [%clk 0:10:00] }
2. e3 { [%eval -0.32] [%clk 0:09:59] } 2... Nf6
{ [%eval -0.13] [%clk 0:09:53] } 3. Ne2 { [%eval -0.57] [%clk 0:09:58] } 3...
Bg4 { [%eval -0.1] [%clk 0:09:51] } 4. h3 { [%eval -0.1] [%clk 0:09:51] } 4...
Bxe2 { [%eval 0.3] [%clk 0:09:49] } 5. Bxe2 { [%eval 0.28] [%clk 0:09:50] }
5... g6 { [%eval 0.47] [%clk 0:09:46] } 6. O-O { [%eval 0.43] [%clk 0:09:48] }
6... Bg7 { [%eval 0.38] [%clk 0:09:42] } 7. Nc3 { [%eval 0.18] [%clk 0:09:38] }
7... Na6 { [%eval 0.68] [%clk 0:09:39] } 8. e4 { [%eval 0.7] [%clk 0:09:33] }
8... Qd6 $6 { [%eval 1.37] [%clk 0:09:29] } 9. Nb5 $6
{ [%eval 0.38] [%clk 0:09:07] } 9... Qb6 { [%eval 0.43] [%clk 0:09:20] } 10. c4
{ [%eval 0.12] [%clk 0:08:45] } 10... dxe4 { [%eval 0.24] [%clk 0:09:05] } 11.
dxe4 { [%eval 0.14] [%clk 0:08:41] } 11... Nd7 $2
{ [%eval 1.24] [%clk 0:09:02] } 12. Bf4 $2 { [%eval 0.21] [%clk 0:08:28] }
12... Bxb2 $6 { [%eval 0.84] [%clk 0:08:52] } 13. Nxc7+ $6
{ [%eval 0.08] [%clk 0:08:19] } 13... Nxc7 { [%eval 0.02] [%clk 0:08:48] } 14.
Bxc7 $4 { [%eval -5.3] [%clk 0:08:05] } 14... Qxc7
{ [%eval -5.26] [%clk 0:08:45] } 15. Rb1 { [%eval -5.21] [%clk 0:07:59] } 15...
Be5 { [%eval -5.19] [%clk 0:08:31] } 16. Qa4 { [%eval -5.56] [%clk 0:07:55] }
16... a6 { [%eval -5.03] [%clk 0:08:21] } 17. Rfd1
{ [%eval -5.14] [%clk 0:07:52] } 17... O-O-O { [%eval -4.27] [%clk 0:08:19] }
18. Rd5 { [%eval -4.2] [%clk 0:07:42] } 18... Nc5
{ [%eval -4.32] [%clk 0:07:33] } 19. Bg4+ { [%eval -4.67] [%clk 0:07:15] }
19... e6 { [%eval -4.65] [%clk 0:07:31] } 20. Qa5 $4
{ [%eval -8.71] [%clk 0:06:43] } 20... Qxa5 { [%eval -8.53] [%clk 0:07:23] }
21. Rxe5 { [%eval -8.22] [%clk 0:06:25] } 21... Rd4
{ [%eval -8.08] [%clk 0:07:11] } 22. Rd1 { [%eval -10.39] [%clk 0:06:17] }
22... Rxd1+ { [%eval -10.19] [%clk 0:07:07] } 23. Bxd1
{ [%eval -9.88] [%clk 0:06:15] } 23... Rd8 { [%eval -8.83] [%clk 0:07:03] } 24.
Be2 { [%eval -8.78] [%clk 0:05:45] } 24... Qxa2
{ [%eval -8.63] [%clk 0:06:51] } 25. Rxc5+ { [%eval -9.31] [%clk 0:05:40] }
25... Kb8 { [%eval -9.03] [%clk 0:06:47] } 26. Bf1
{ [%eval -10.6] [%clk 0:05:23] } 26... Rd1 { [%eval -10.23] [%clk 0:06:40] }
27. Rd5 $6 { [%eval #-7] [%clk 0:05:01] } 27... Rxd5 $2
{ [%eval -8.33] [%clk 0:06:33] } 28. cxd5 { [%eval -8.18] [%clk 0:04:57] }
28... exd5 { [%eval -8.11] [%clk 0:06:28] } 29. exd5
{ [%eval -8.03] [%clk 0:04:50] } 29... Qxd5 { [%eval -7.91] [%clk 0:06:25] }
0-1"
Rated Rapid game,https://lichess.org/PH3KajrD,2024.08.01,-,t3riad,ss_4613,1-0,2024.08.01,08:44:50,1718,1711,,,B50,Sicilian Defense,600+0,Normal,"1. e4 { [%clk 0:10:00] } 1... c5 { [%clk 0:10:00] } 2. Nf3 { [%clk 0:09:59] }
2... d6 { [%clk 0:09:59] } 3. d4 { [%clk 0:09:58] } 3... cxd4
{ [%clk 0:09:58] } 4. Nxd4 { [%clk 0:09:57] } 4... a6 { [%clk 0:09:58] } 5. Nc3
{ [%clk 0:09:56] } 5... e5 { [%clk 0:09:57] } 6. Nb3 { [%clk 0:09:55] } 6...
Nf6 { [%clk 0:09:56] } 7. f4 { [%clk 0:09:52] } 7... Nc6 { [%clk 0:09:49] } 8.
Qf3 { [%clk 0:09:45] } 8... Bg4 { [%clk 0:09:37] } 9. Qg3 { [%clk 0:09:43] }
9... b5 { [%clk 0:09:33] } 10. Nxb5 { [%clk 0:09:29] } 10... axb5
{ [%clk 0:09:30] } 11. Bxb5 { [%clk 0:09:27] } 11... Qb6 { [%clk 0:09:21] } 12.
a4 { [%clk 0:09:11] } 12... Ke7 { [%clk 0:08:32] } 13. fxe5 { [%clk 0:08:47] }
13... Nxe5 { [%clk 0:08:18] } 14. Be3 { [%clk 0:08:32] } 14... Qc7
{ [%clk 0:08:10] } 15. O-O { [%clk 0:07:28] } 15... Qxc2 { [%clk 0:07:47] } 16.
Nd4 { [%clk 0:07:00] } 16... Qxe4 { [%clk 0:07:40] } 17. Rf4 { [%clk 0:06:24] }
17... Qg6 { [%clk 0:07:06] } 18. Nc6+ { [%clk 0:05:46] } 18... Nxc6
{ [%clk 0:06:56] } 19. Bxc6 { [%clk 0:05:26] } 19... Ra5 { [%clk 0:06:34] } 20.
Rd4 { [%clk 0:04:33] } 20... Re5 { [%clk 0:05:33] } 21. Bf4 { [%clk 0:04:09] }
21... Nh5 { [%clk 0:05:06] } 22. Qh4+ { [%clk 0:02:58] } 22... f6
{ [%clk 0:04:24] } 23. Bxe5 { [%clk 0:02:52] } 23... dxe5 { [%clk 0:04:17] }
24. Rxg4 { [%clk 0:02:47] } 24... Qc2 { [%clk 0:04:06] } 25. Be4
{ [%clk 0:02:11] } 25... Qxb2 { [%clk 0:03:54] } 26. Rb1 { [%clk 0:02:03] }
26... Qd4+ { [%clk 0:03:53] } 27. Kh1 { [%clk 0:01:45] } 27... Nf4
{ [%clk 0:03:45] } 28. Qe1 { [%clk 0:01:07] } 28... Qxa4 { [%clk 0:03:16] } 29.
Rxf4 { [%clk 0:01:01] } 29... Kf7 { [%clk 0:03:05] } 30. Bd5+
{ [%clk 0:00:59] } 30... Ke7 { [%clk 0:02:56] } 31. Rxa4 { [%clk 0:00:57] } 1-0"
Rated Rapid game,https://lichess.org/lpxhPgHw,2024.08.01,-,wifitex,Cdzn1,0-1,2024.08.01,08:44:50,1683,1671,,,C40,Elephant Gambit: Paulsen Countergambit,600+0,Normal,"1. e4 { [%clk 0:10:00] } 1... e5 { [%clk 0:10:00] } 2. Nf3 { [%clk 0:09:59] }
2... d5 { [%clk 0:09:59] } 3. exd5 { [%clk 0:09:57] } 3... e4
{ [%clk 0:09:57] } 4. Nd4 { [%clk 0:09:40] } 4... Qxd5 { [%clk 0:09:50] } 5. c3
{ [%clk 0:09:39] } 5... c5 { [%clk 0:09:47] } 6. Bb5+ { [%clk 0:09:23] } 6...
Bd7 { [%clk 0:09:41] } 7. Bxd7+ { [%clk 0:09:21] } 7... Nxd7 { [%clk 0:09:39] }
8. Nb3 { [%clk 0:09:20] } 8... a5 { [%clk 0:09:37] } 9. a4 { [%clk 0:09:16] }
9... Ne5 { [%clk 0:09:30] } 10. Qh5 { [%clk 0:09:01] } 10... Nd3+
{ [%clk 0:09:24] } 0-1"
Rated Rapid game,https://lichess.org/V8wlET14,2024.08.01,-,mada05,lesuperbus,1/2-1/2,2024.08.01,08:44:55,1750,1786,,,C02,"French Defense: Advance Variation, Paulsen Attack",600+0,Time forfeit,"1. e4 { [%clk 0:10:00] } 1... e6 { [%clk 0:10:00] } 2. d4 { [%clk 0:09:58] }
2... d5 { [%clk 0:09:59] } 3. e5 { [%clk 0:09:54] } 3... c5 { [%clk 0:09:58] }
4. c3 { [%clk 0:09:50] } 4... Nc6 { [%clk 0:09:56] } 5. Nf3 { [%clk 0:09:47] }
5... h6 { [%clk 0:09:53] } 6. Bb5 { [%clk 0:09:44] } 6... Bd7
{ [%clk 0:09:47] } 7. Bxc6 { [%clk 0:09:40] } 7... Bxc6 { [%clk 0:09:46] } 8.
O-O { [%clk 0:09:36] } 8... Ne7 { [%clk 0:09:41] } 9. b4 { [%clk 0:09:33] }
9... cxd4 { [%clk 0:09:37] } 10. cxd4 { [%clk 0:09:31] } 10... Nf5
{ [%clk 0:09:36] } 11. a3 { [%clk 0:09:14] } 11... a5 { [%clk 0:09:32] } 12. g4
{ [%clk 0:08:55] } 12... Nh4 { [%clk 0:09:19] } 13. Nxh4 { [%clk 0:08:23] }
13... Qxh4 { [%clk 0:09:13] } 14. bxa5 { [%clk 0:08:02] } 14... Rxa5
{ [%clk 0:08:47] } 15. Bd2 { [%clk 0:06:25] } 15... Ra4 { [%clk 0:08:37] } 16.
Bc3 { [%clk 0:06:20] } 16... Be7 { [%clk 0:08:32] } 17. f4 { [%clk 0:06:11] }
17... O-O { [%clk 0:08:24] } 18. f5 { [%clk 0:06:10] } 18... f6
{ [%clk 0:08:21] } 19. Be1 { [%clk 0:05:49] } 19... Qh3 { [%clk 0:08:07] } 20.
Nc3 { [%clk 0:04:56] } 20... Rc4 { [%clk 0:07:54] } 21. Rf3 { [%clk 0:03:36] }
21... Qxg4+ { [%clk 0:07:50] } 22. Rg3 { [%clk 0:03:35] } 22... Qxd4+
{ [%clk 0:07:39] } 23. Qxd4 { [%clk 0:03:28] } 23... Rxd4 { [%clk 0:07:39] }
24. Bf2 { [%clk 0:03:08] } 24... Rd2 { [%clk 0:07:19] } 25. fxe6
{ [%clk 0:02:55] } 25... fxe5 { [%clk 0:07:15] } 26. Be3 { [%clk 0:02:54] }
26... Rd3 { [%clk 0:07:07] } 27. Nd1 { [%clk 0:02:22] } 27... d4
{ [%clk 0:07:04] } 28. Nf2 { [%clk 0:01:45] } 28... Rxf2 { [%clk 0:06:42] } 29.
Bxf2 { [%clk 0:01:41] } 29... Rxg3+ { [%clk 0:06:32] } 30. Bxg3
{ [%clk 0:01:37] } 30... e4 { [%clk 0:06:23] } 31. Rd1 { [%clk 0:01:30] } 31...
d3 { [%clk 0:06:21] } 32. Kf2 { [%clk 0:01:29] } 32... Bd5 { [%clk 0:06:17] }
33. Bf4 { [%clk 0:01:18] } 33... Bxe6 { [%clk 0:06:10] } 34. Be3
{ [%clk 0:01:16] } 34... Bg5 { [%clk 0:05:47] } 35. Bxg5 { [%clk 0:01:12] }
35... hxg5 { [%clk 0:05:46] } 36. Ke3 { [%clk 0:01:12] } 36... Bf5
{ [%clk 0:05:42] } 37. Rb1 { [%clk 0:01:09] } 37... Kh7 { [%clk 0:05:24] } 38.
Rxb7 { [%clk 0:01:07] } 38... Kh6 { [%clk 0:05:13] } 39. a4 { [%clk 0:01:07] }
39... Kh5 { [%clk 0:05:11] } 40. a5 { [%clk 0:01:06] } 40... Bc8
{ [%clk 0:05:09] } 41. a6 { [%clk 0:01:03] } 41... Kg4 { [%clk 0:05:03] } 42.
Rxg7 { [%clk 0:00:46] } 42... Bxa6 { [%clk 0:05:00] } 43. h3+
{ [%clk 0:00:43] } 43... Kf5 { [%clk 0:04:52] } 44. Rf7+ { [%clk 0:00:40] }
44... Ke6 { [%clk 0:04:49] } 45. Rh7 { [%clk 0:00:37] } 45... Kf5
{ [%clk 0:04:47] } 46. Rf7+ { [%clk 0:00:36] } 46... Kg6 { [%clk 0:04:45] } 47.
Re7 { [%clk 0:00:32] } 47... Kf6 { [%clk 0:04:40] } 48. Rh7 { [%clk 0:00:30] }
48... Kg6 { [%clk 0:04:35] } 49. Re7 { [%clk 0:00:29] } 49... Bc4
{ [%clk 0:04:24] } 50. Rxe4 { [%clk 0:00:26] } 50... Bb5 { [%clk 0:04:18] } 51.
Re6+ { [%clk 0:00:24] } 51... Kf5 { [%clk 0:04:16] } 52. Rd6 { [%clk 0:00:23] }
52... g4 { [%clk 0:04:12] } 53. Rd5+ { [%clk 0:00:18] } 53... Ke6
{ [%clk 0:04:10] } 54. Rxb5 { [%clk 0:00:17] } 54... gxh3 { [%clk 0:04:09] }
55. Rh5 { [%clk 0:00:16] } 55... d2 { [%clk 0:04:06] } 56. Kxd2
{ [%clk 0:00:15] } 56... h2 { [%clk 0:04:05] } 57. Rxh2 { [%clk 0:00:14] }
57... Kf5 { [%clk 0:04:04] } 58. Ke3 { [%clk 0:00:13] } 58... Ke5
{ [%clk 0:04:03] } 59. Rh4 { [%clk 0:00:11] } 59... Kf6 { [%clk 0:04:03] } 60.
Ke4 { [%clk 0:00:09] } 60... Kg6 { [%clk 0:04:03] } 61. Kf4 { [%clk 0:00:08] }
61... Kf6 { [%clk 0:04:02] } 62. Rh6+ { [%clk 0:00:05] } 62... Ke7
{ [%clk 0:04:01] } 63. Ke5 { [%clk 0:00:04] } 63... Kf7 { [%clk 0:04:00] } 64.
Kf5 { [%clk 0:00:03] } 64... Ke7 { [%clk 0:04:00] } 1/2-1/2"
Rated Rapid tournament https://lichess.org/tournament/DsgKQQdY,https://lichess.org/gmhrI0Oo,2024.08.01,-,Pasil,s3mml3r,0-1,2024.08.01,08:44:53,1973,2211,,,A01,Nimzo-Larsen Attack: Modern Variation,600+0,Normal,"1. b3 { [%clk 0:10:00] } 1... e5 { [%clk 0:10:00] } 2. Bb2 { [%clk 0:10:00] }
2... d6 { [%clk 0:09:59] } 3. e3 { [%clk 0:09:59] } 3... Nf6 { [%clk 0:09:52] }
4. Nc3 { [%clk 0:09:58] } 4... Nc6 { [%clk 0:09:47] } 5. Qe2 { [%clk 0:09:57] }
5... g6 { [%clk 0:09:42] } 6. O-O-O { [%clk 0:09:56] } 6... Bg7
{ [%clk 0:09:41] } 7. f4 { [%clk 0:09:54] } 7... O-O { [%clk 0:09:36] } 8. fxe5
{ [%clk 0:09:51] } 8... dxe5 { [%clk 0:09:32] } 9. h3 { [%clk 0:09:44] } 9...
Qe7 { [%clk 0:09:19] } 10. g4 { [%clk 0:09:43] } 10... Be6 { [%clk 0:08:53] }
11. Nb1 { [%clk 0:09:39] } 11... Rad8 { [%clk 0:08:37] } 12. Qb5
{ [%clk 0:09:30] } 12... Bd5 { [%clk 0:08:09] } 13. Rh2 { [%clk 0:08:53] }
13... a6 { [%clk 0:07:50] } 14. Qxb7 { [%clk 0:08:25] } 14... Nb4
{ [%clk 0:07:34] } 15. Qxb4 { [%clk 0:08:17] } 15... Qxb4 { [%clk 0:07:31] }
16. Ba3 { [%clk 0:08:15] } 16... Qa5 { [%clk 0:07:22] } 17. Bxf8
{ [%clk 0:08:12] } 17... Kxf8 { [%clk 0:07:21] } 18. a4 { [%clk 0:08:09] }
18... Ne4 { [%clk 0:07:10] } 19. Bd3 { [%clk 0:07:59] } 19... Nc5
{ [%clk 0:07:02] } 20. Be2 { [%clk 0:07:35] } 20... e4 { [%clk 0:07:00] } 21.
Nc3 { [%clk 0:07:29] } 21... Bxc3 { [%clk 0:06:53] } 22. dxc3
{ [%clk 0:07:25] } 22... Qxc3 { [%clk 0:06:50] } 23. Bc4 { [%clk 0:07:12] }
23... c6 { [%clk 0:06:42] } 24. Rhd2 { [%clk 0:06:56] } 24... Qxe3
{ [%clk 0:06:39] } 25. Ne2 { [%clk 0:06:54] } 25... Bxc4 { [%clk 0:06:34] } 26.
bxc4 { [%clk 0:06:51] } 26... Nxa4 { [%clk 0:06:29] } 27. c3 { [%clk 0:06:31] }
27... Nxc3 { [%clk 0:06:21] } 28. Nxc3 { [%clk 0:06:29] } 28... Qxc3+
{ [%clk 0:06:19] } 29. Kb1 { [%clk 0:06:28] } 0-1"
Rated Rapid tournament https://lichess.org/tournament/DsgKQQdY,https://lichess.org/rIopRbUC,2024.08.01,-,trktrmen,sveiniumsen,1-0,2024.08.01,08:44:53,2092,1808,,,C02,"French Defense: Advance Variation, Nimzowitsch System",600+0,Normal,"1. e4 { [%clk 0:05:00] } 1... e6 { [%clk 0:10:00] } 2. d4 { [%clk 0:04:56] }
2... d5 { [%clk 0:09:59] } 3. e5 { [%clk 0:04:55] } 3... c5 { [%clk 0:09:57] }
4. Nf3 { [%clk 0:04:52] } 4... Nc6 { [%clk 0:09:55] } 5. Bd3 { [%clk 0:04:50] }
5... Qb6 { [%clk 0:09:51] } 6. O-O { [%clk 0:04:47] } 6... cxd4
{ [%clk 0:09:41] } 7. Nbd2 { [%clk 0:04:38] } 7... Qc7 { [%clk 0:09:09] } 8.
Re1 { [%clk 0:04:10] } 8... b6 { [%clk 0:09:03] } 9. a3 { [%clk 0:04:07] } 9...
a5 { [%clk 0:08:56] } 10. Nf1 { [%clk 0:03:45] } 10... Bc5 { [%clk 0:08:47] }
11. Bf4 { [%clk 0:03:43] } 11... Nge7 { [%clk 0:08:43] } 12. Ng3
{ [%clk 0:03:42] } 12... Ng6 { [%clk 0:08:34] } 13. Bd2 { [%clk 0:03:11] }
13... Ncxe5 { [%clk 0:08:20] } 14. Nxe5 { [%clk 0:03:09] } 14... Nxe5
{ [%clk 0:08:17] } 15. Bf4 { [%clk 0:03:07] } 15... f6 { [%clk 0:08:16] } 16.
Bxe5 { [%clk 0:03:01] } 16... fxe5 { [%clk 0:08:13] } 17. Qh5+
{ [%clk 0:03:00] } 17... Qf7 { [%clk 0:08:08] } 18. Qxe5 { [%clk 0:02:56] }
18... Bb7 { [%clk 0:08:02] } 19. Qxe6+ { [%clk 0:02:52] } 19... Qxe6
{ [%clk 0:08:00] } 20. Rxe6+ { [%clk 0:02:52] } 20... Kd7 { [%clk 0:07:27] }
21. Rae1 { [%clk 0:02:45] } 21... g6 { [%clk 0:07:21] } 22. h3
{ [%clk 0:02:13] } 22... Rae8 { [%clk 0:07:21] } 23. Bb5+ { [%clk 0:02:12] }
1-0"
Rated Rapid tournament https://lichess.org/tournament/DsgKQQdY,https://lichess.org/ftd8fXO4,2024.08.01,-,javadsadry,toupo,0-1,2024.08.01,08:44:53,1728,2099,,,C24,Bishop's Opening: Berlin Defense,600+0,Normal,"1. e4 { [%clk 0:05:00] } 1... e5 { [%clk 0:05:00] } 2. Bc4 { [%clk 0:04:59] }
2... Nf6 { [%clk 0:04:58] } 3. d3 { [%clk 0:04:57] } 3... Nc6
{ [%clk 0:04:56] } 4. Ne2 { [%clk 0:04:56] } 4... Bc5 { [%clk 0:04:54] } 5. O-O
{ [%clk 0:04:54] } 5... O-O { [%clk 0:04:52] } 6. Be3 { [%clk 0:04:53] } 6...
Bxe3 { [%clk 0:04:49] } 7. fxe3 { [%clk 0:04:52] } 7... d5 { [%clk 0:04:49] }
8. exd5 { [%clk 0:04:50] } 8... Nxd5 { [%clk 0:04:48] } 9. Nbc3
{ [%clk 0:04:44] } 9... Nxe3 { [%clk 0:04:46] } 10. Qd2 { [%clk 0:04:42] }
10... Nxf1 { [%clk 0:04:44] } 11. Rxf1 { [%clk 0:04:41] } 11... Nd4
{ [%clk 0:04:41] } 12. Ng3 { [%clk 0:04:27] } 12... Be6 { [%clk 0:04:34] } 13.
Qe3 { [%clk 0:04:11] } 13... Bxc4 { [%clk 0:04:28] } 14. dxc4
{ [%clk 0:04:09] } 14... Nxc2 { [%clk 0:04:17] } 15. Qxe5 { [%clk 0:04:07] }
15... Qd4+ { [%clk 0:04:14] } 16. Qxd4 { [%clk 0:04:05] } 16... Nxd4
{ [%clk 0:04:14] } 17. Nd5 { [%clk 0:04:03] } 17... c6 { [%clk 0:04:10] } 18.
Nf4 { [%clk 0:03:46] } 18... Rfe8 { [%clk 0:04:06] } 19. h4 { [%clk 0:03:43] }
19... Rad8 { [%clk 0:04:02] } 20. h5 { [%clk 0:03:41] } 20... h6
{ [%clk 0:04:01] } 21. b3 { [%clk 0:03:25] } 21... Re3 { [%clk 0:03:52] } 22.
Kh2 { [%clk 0:03:23] } 22... Ne6 { [%clk 0:03:37] } 23. Nh3 { [%clk 0:02:57] }
23... Rdd3 { [%clk 0:03:31] } 24. Nf5 { [%clk 0:02:53] } 24... Re2
{ [%clk 0:03:26] } 25. Nh4 { [%clk 0:02:27] } 25... Rdd2 { [%clk 0:03:10] } 26.
Nf4 { [%clk 0:02:10] } 26... Nxf4 { [%clk 0:03:05] } 27. Rxf4
{ [%clk 0:02:08] } 27... Rxa2 { [%clk 0:03:04] } 28. Rg4 { [%clk 0:02:02] }
28... Kf8 { [%clk 0:02:55] } 29. Nf5 { [%clk 0:01:59] } 29... Re5
{ [%clk 0:02:47] } 30. Nxg7 { [%clk 0:01:50] } 30... Rb2 { [%clk 0:02:30] } 31.
Rg3 { [%clk 0:01:46] } 31... Rd2 { [%clk 0:02:12] } 32. Kh3 { [%clk 0:01:43] }
32... Rd7 { [%clk 0:02:10] } 33. Kh4 { [%clk 0:01:39] } 33... f6
{ [%clk 0:02:07] } 34. b4 { [%clk 0:01:11] } 34... Rxg7 { [%clk 0:02:05] } 35.
Rd3 { [%clk 0:01:10] } 35... Re4+ { [%clk 0:01:56] } 36. Kh3 { [%clk 0:01:07] }
36... Rxc4 { [%clk 0:01:55] } 37. Rd8+ { [%clk 0:01:03] } 37... Ke7
{ [%clk 0:01:53] } 38. Rb8 { [%clk 0:01:01] } 38... Rxb4 { [%clk 0:01:51] } 39.
Rc8 { [%clk 0:01:00] } 39... Kd7 { [%clk 0:01:49] } 40. Ra8 { [%clk 0:00:58] }
40... a6 { [%clk 0:01:47] } 41. Rb8 { [%clk 0:00:56] } 41... Rb5
{ [%clk 0:01:46] } 42. g4 { [%clk 0:00:54] } 42... f5 { [%clk 0:01:44] } 43.
gxf5 { [%clk 0:00:51] } 43... Kc7 { [%clk 0:01:44] } 44. f6 { [%clk 0:00:43] }
44... Kxb8 { [%clk 0:01:40] } 45. fxg7 { [%clk 0:00:42] } 45... Rg5
{ [%clk 0:01:37] } 46. Kh4 { [%clk 0:00:39] } 46... Rxg7 { [%clk 0:01:35] } 47.
Kh3 { [%clk 0:00:38] } 47... a5 { [%clk 0:01:35] } 0-1"
Rated Rapid tournament https://lichess.org/tournament/DsgKQQdY,https://lichess.org/AOkZ1QHJ,2024.08.01,-,Mark_555,aizereshka,1-0,2024.08.01,08:44:53,1519,1915,,,C41,Philidor Defense,600+0,Normal,"1. e4 { [%eval 0.15] [%clk 0:10:00] } 1... e5 { [%eval 0.21] [%clk 0:10:00] }
2. Nf3 { [%eval 0.11] [%clk 0:09:56] } 2... d6 { [%eval 0.53] [%clk 0:09:59] }
3. Nc3 { [%eval 0.28] [%clk 0:09:44] } 3... Be7 { [%eval 0.43] [%clk 0:09:58] }
4. Bc4 { [%eval 0.17] [%clk 0:09:33] } 4... Nf6 { [%eval 0.33] [%clk 0:09:55] }
5. O-O { [%eval 0.21] [%clk 0:09:28] } 5... O-O { [%eval 0.3] [%clk 0:09:53] }
6. h3 { [%eval 0.2] [%clk 0:09:23] } 6... Nc6 { [%eval 0.17] [%clk 0:09:49] }
7. d3 { [%eval 0.0] [%clk 0:09:18] } 7... a6 { [%eval 0.34] [%clk 0:09:46] } 8.
a3 { [%eval 0.26] [%clk 0:09:12] } 8... Be6 { [%eval 0.3] [%clk 0:09:43] } 9.
Bxe6 { [%eval 0.1] [%clk 0:09:02] } 9... fxe6 { [%eval 0.06] [%clk 0:09:41] }
10. Be3 { [%eval -0.19] [%clk 0:08:56] } 10... Qd7
{ [%eval 0.09] [%clk 0:09:35] } 11. Nh2 { [%eval -0.44] [%clk 0:08:20] } 11...
d5 { [%eval -0.51] [%clk 0:09:32] } 12. Bg5 { [%eval -0.48] [%clk 0:07:40] }
12... dxe4 { [%eval -0.35] [%clk 0:09:21] } 13. Bxf6
{ [%eval -0.33] [%clk 0:07:29] } 13... Bxf6 $2 { [%eval 1.03] [%clk 0:09:09] }
14. Nxe4 { [%eval 1.16] [%clk 0:07:25] } 14... Rad8
{ [%eval 1.04] [%clk 0:09:02] } 15. Qg4 { [%eval 0.86] [%clk 0:06:52] } 15...
Nd4 { [%eval 1.07] [%clk 0:08:36] } 16. Rac1 $6 { [%eval 0.48] [%clk 0:06:29] }
16... Qf7 $6 { [%eval 1.04] [%clk 0:08:11] } 17. c3
{ [%eval 0.99] [%clk 0:05:40] } 17... h5 $6 { [%eval 1.75] [%clk 0:08:07] } 18.
Nxf6+ { [%eval 1.89] [%clk 0:05:28] } 18... Qxf6
{ [%eval 1.87] [%clk 0:08:01] } 19. Qxh5 { [%eval 1.53] [%clk 0:05:25] } 19...
Nf5 $2 { [%eval 3.88] [%clk 0:07:43] } 20. Ng4 { [%eval 3.87] [%clk 0:05:18] }
20... Qf7 { [%eval 4.24] [%clk 0:07:15] } 21. Qxf7+
{ [%eval 4.17] [%clk 0:05:07] } 21... Rxf7 { [%eval 4.28] [%clk 0:07:11] } 22.
Nxe5 { [%eval 4.32] [%clk 0:05:06] } 22... Rf6 { [%eval 4.41] [%clk 0:07:09] }
23. d4 { [%eval 4.33] [%clk 0:05:02] } 23... Nd6
{ [%eval 4.48] [%clk 0:07:02] } 24. f3 { [%eval 4.44] [%clk 0:04:34] } 24...
Nf5 { [%eval 4.37] [%clk 0:06:53] } 25. g4 { [%eval 3.91] [%clk 0:04:21] }
25... Ne3 { [%eval 4.0] [%clk 0:06:44] } 26. Rfe1
{ [%eval 4.03] [%clk 0:04:17] } 26... Nd5 { [%eval 4.07] [%clk 0:06:41] } 27.
Kg2 { [%eval 3.52] [%clk 0:04:08] } 27... Nf4+ { [%eval 3.89] [%clk 0:06:30] }
28. Kg3 { [%eval 3.89] [%clk 0:04:03] } 28... g5
{ [%eval 3.78] [%clk 0:06:23] } 29. Rcd1 { [%eval 3.14] [%clk 0:03:36] } 29...
c6 $6 { [%eval 4.01] [%clk 0:06:18] } 30. Re4 { [%eval 3.83] [%clk 0:03:17] }
30... Rd5 { [%eval 4.75] [%clk 0:05:36] } 31. h4
{ [%eval 4.71] [%clk 0:02:48] } 31... gxh4+ { [%eval 4.67] [%clk 0:05:21] } 32.
Kxh4 { [%eval 4.71] [%clk 0:02:45] } 32... Rb5 $2
{ [%eval 5.99] [%clk 0:04:40] } 33. Rd2 { [%eval 4.99] [%clk 0:02:19] } 33...
Rb3 $2 { [%eval 6.85] [%clk 0:04:31] } 34. Kg5 { [%eval 6.24] [%clk 0:01:49] }
34... Kg7 { [%eval 7.79] [%clk 0:04:08] } 35. Rxf4
{ [%eval 7.65] [%clk 0:01:42] } 35... Rxf4 { [%eval 7.67] [%clk 0:03:57] } 36.
Kxf4 { [%eval 7.59] [%clk 0:01:37] } 36... Kf6 { [%eval 8.5] [%clk 0:03:56] }
37. g5+ { [%eval 7.95] [%clk 0:01:16] } 37... Ke7
{ [%eval 8.87] [%clk 0:03:51] } 38. g6 { [%eval 8.73] [%clk 0:01:14] } 38...
Kf6 { [%eval 8.94] [%clk 0:03:48] } 39. Rh2 { [%eval 11.71] [%clk 0:01:04] }
39... Rb5 { [%eval 10.23] [%clk 0:03:43] } 40. Rh7
{ [%eval 9.94] [%clk 0:00:56] } 40... Rd5 $2 { [%eval #1] [%clk 0:03:07] } 41.
g7 $2 { [%eval 9.52] [%clk 0:00:50] } 41... Rd8 $2
{ [%eval #2] [%clk 0:03:06] } 42. Rh8 $6 { [%eval 10.09] [%clk 0:00:31] } 42...
Kxg7 { [%eval 10.5] [%clk 0:02:45] } 43. Rxd8 { [%eval 10.2] [%clk 0:00:29] }
43... Kf6 $6 { [%eval #2] [%clk 0:02:43] } 44. Rd7
{ [%eval #1] [%clk 0:00:21] } 44... b6 { [%eval #1] [%clk 0:02:40] } 45. Rf7#
{ [%clk 0:00:18] } 1-0"
Rated Rapid tournament https://lichess.org/tournament/DsgKQQdY,https://lichess.org/kzBWsPu3,2024.08.01,-,venkatramaraju,mohamedsalah7412,0-1,2024.08.01,08:44:53,1492,1642,,,B15,Caro-Kann Defense: Campomanes Attack,600+0,Normal,"1. e4 { [%clk 0:10:00] } 1... c6 { [%clk 0:10:00] } 2. d4 { [%clk 0:09:56] }
2... d5 { [%clk 0:10:00] } 3. Nc3 { [%clk 0:09:53] } 3... Nf6
{ [%clk 0:09:56] } 4. e5 { [%clk 0:09:50] } 4... Ne4 { [%clk 0:09:52] } 5. Nxe4
{ [%clk 0:09:46] } 5... dxe4 { [%clk 0:09:51] } 6. Ne2 { [%clk 0:09:21] } 6...
Bf5 { [%clk 0:09:49] } 7. Ng3 { [%clk 0:09:18] } 7... e6 { [%clk 0:09:47] } 8.
f3 { [%clk 0:08:44] } 8... exf3 { [%clk 0:09:45] } 9. Qxf3 { [%clk 0:08:41] }
9... Bxc2 { [%clk 0:09:43] } 10. Bd3 { [%clk 0:08:20] } 10... Bxd3
{ [%clk 0:09:33] } 11. Qxd3 { [%clk 0:08:18] } 11... Bb4+ { [%clk 0:09:32] }
12. Bd2 { [%clk 0:08:14] } 12... Bxd2+ { [%clk 0:09:30] } 13. Qxd2
{ [%clk 0:08:12] } 13... O-O { [%clk 0:09:23] } 14. O-O { [%clk 0:08:09] }
14... c5 { [%clk 0:09:22] } 15. Ne2 { [%clk 0:07:44] } 15... Nc6
{ [%clk 0:09:19] } 16. d5 { [%clk 0:07:31] } 16... exd5 { [%clk 0:09:18] } 17.
Nf4 { [%clk 0:07:16] } 17... d4 { [%clk 0:09:14] } 18. Nd3 { [%clk 0:07:10] }
18... Qd5 { [%clk 0:09:07] } 19. b3 { [%clk 0:06:47] } 19... Rfe8
{ [%clk 0:08:55] } 20. Rfe1 { [%clk 0:06:31] } 20... Nxe5 { [%clk 0:08:35] }
21. Nf4 { [%clk 0:05:51] } 21... Qf3 { [%clk 0:08:23] } 22. gxf3
{ [%clk 0:05:35] } 22... Nxf3+ { [%clk 0:08:21] } 23. Kg2 { [%clk 0:05:27] }
23... Nxd2 { [%clk 0:08:20] } 24. Rxe8+ { [%clk 0:05:23] } 24... Rxe8
{ [%clk 0:08:18] } 25. Rd1 { [%clk 0:05:08] } 25... Ne4 { [%clk 0:08:12] } 26.
Re1 { [%clk 0:05:04] } 26... f5 { [%clk 0:07:36] } 27. Nd5 { [%clk 0:04:46] }
27... Kf7 { [%clk 0:07:24] } 28. Nc7 { [%clk 0:04:35] } 28... Re7
{ [%clk 0:07:10] } 29. Nd5 { [%clk 0:04:29] } 29... Rd7 { [%clk 0:07:08] } 30.
Nf4 { [%clk 0:04:18] } 30... Nc3 { [%clk 0:06:59] } 31. a4 { [%clk 0:04:10] }
31... d3 { [%clk 0:06:57] } 32. Rc1 { [%clk 0:03:36] } 32... d2
{ [%clk 0:06:55] } 33. Rxc3 { [%clk 0:03:30] } 33... d1=Q { [%clk 0:06:53] }
34. Rxc5 { [%clk 0:03:19] } 34... Qd2+ { [%clk 0:06:48] } 35. Kg3
{ [%clk 0:03:13] } 35... Qe3+ { [%clk 0:06:43] } 36. Kg2 { [%clk 0:03:07] }
36... Qxc5 { [%clk 0:06:40] } 0-1"
Rated Rapid tournament https://lichess.org/tournament/DsgKQQdY,https://lichess.org/cl32sSd9,2024.08.01,-,rkmusic,dasdesen,1-0,2024.08.01,08:44:53,1729,1461,,,C21,Center Game: Halasz-McDonnell Gambit,600+0,Normal,"1. e4 { [%clk 0:05:00] } 1... e5 { [%clk 0:05:00] } 2. d4 { [%clk 0:04:45] }
2... exd4 { [%clk 0:04:59] } 3. f4 { [%clk 0:04:42] } 3... c5
{ [%clk 0:04:56] } 4. Bc4 { [%clk 0:04:03] } 4... Qa5+ { [%clk 0:04:53] } 5.
Bd2 { [%clk 0:04:00] } 5... Qb6 { [%clk 0:04:52] } 6. Nf3 { [%clk 0:03:56] }
6... Qxb2 { [%clk 0:04:50] } 7. Bxf7+ { [%clk 0:03:44] } 7... Kd8
{ [%clk 0:04:47] } 8. Ne5 { [%clk 0:03:27] } 8... Qxa1 { [%clk 0:04:43] } 9.
Bb3 { [%clk 0:03:21] } 9... Nh6 { [%clk 0:04:35] } 10. f5 { [%clk 0:03:18] }
10... Nc6 { [%clk 0:04:24] } 11. Bxh6 { [%clk 0:03:14] } 11... Nxe5
{ [%clk 0:04:23] } 12. Bf4 { [%clk 0:03:07] } 12... Nc6 { [%clk 0:04:20] } 13.
O-O { [%clk 0:03:05] } 13... Qb2 { [%clk 0:04:15] } 14. Qh5 { [%clk 0:02:59] }
14... d3 { [%clk 0:04:09] } 15. cxd3 { [%clk 0:02:45] } 15... Qd4+
{ [%clk 0:04:06] } 16. Kh1 { [%clk 0:02:43] } 16... Qf6 { [%clk 0:04:02] } 17.
Bg5 { [%clk 0:02:40] } 17... Be7 { [%clk 0:03:59] } 18. Bxf6 { [%clk 0:02:39] }
18... Bxf6 { [%clk 0:03:58] } 19. Bd5 { [%clk 0:02:26] } 19... Ne5
{ [%clk 0:03:55] } 20. Qe2 { [%clk 0:02:07] } 20... b6 { [%clk 0:03:52] } 21.
Bxa8 { [%clk 0:02:04] } 21... Ba6 { [%clk 0:03:50] } 22. Rd1 { [%clk 0:01:46] }
22... Ke7 { [%clk 0:03:45] } 23. Bd5 { [%clk 0:01:43] } 23... Bxd3
{ [%clk 0:03:39] } 24. Rxd3 { [%clk 0:01:41] } 24... Nxd3 { [%clk 0:03:39] }
25. Qxd3 { [%clk 0:01:40] } 25... Ba1 { [%clk 0:03:34] } 26. Nc3
{ [%clk 0:01:36] } 26... Bb2 { [%clk 0:03:31] } 27. Qc2 { [%clk 0:01:34] }
27... Ba3 { [%clk 0:03:29] } 28. Nb5 { [%clk 0:01:33] } 28... Bb4
{ [%clk 0:03:26] } 29. Qa4 { [%clk 0:01:31] } 29... Ba5 { [%clk 0:03:23] } 30.
Nxa7 { [%clk 0:01:29] } 30... h5 { [%clk 0:03:19] } 31. Qd1 { [%clk 0:01:14] }
31... Rd8 { [%clk 0:03:10] } 32. Qf3 { [%clk 0:01:12] } 32... Be1
{ [%clk 0:03:05] } 33. Qxh5 { [%clk 0:01:10] } 33... Ba5 { [%clk 0:03:01] } 34.
Qf7+ { [%clk 0:01:09] } 34... Kd6 { [%clk 0:02:59] } 35. Nb5+
{ [%clk 0:01:06] } 35... Ke5 { [%clk 0:02:58] } 36. Qe7+ { [%clk 0:01:02] }
36... Kf4 { [%clk 0:02:53] } 37. Qxd8 { [%clk 0:01:01] } 37... d6
{ [%clk 0:02:44] } 38. Qxd6+ { [%clk 0:00:59] } 38... Kg5 { [%clk 0:02:41] }
39. Qg6+ { [%clk 0:00:57] } 39... Kf4 { [%clk 0:02:39] } 40. g3+
{ [%clk 0:00:55] } 40... Ke3 { [%clk 0:02:36] } 41. Qxg7 { [%clk 0:00:54] }
41... Kd3 { [%clk 0:02:33] } 42. f6 { [%clk 0:00:49] } 42... Bc3
{ [%clk 0:02:29] } 43. Qg4 { [%clk 0:00:45] } 43... Bxf6 { [%clk 0:02:25] } 44.
Qf3+ { [%clk 0:00:43] } 44... Kc2 { [%clk 0:02:21] } 45. Qxf6
{ [%clk 0:00:42] } 45... Kb1 { [%clk 0:02:19] } 46. Qxb6 { [%clk 0:00:41] }
46... Kb2 { [%clk 0:02:16] } 47. a4 { [%clk 0:00:40] } 47... c4
{ [%clk 0:02:12] } 48. Qd4+ { [%clk 0:00:34] } 48... c3 { [%clk 0:02:09] } 49.
Qxc3+ { [%clk 0:00:32] } 49... Kb1 { [%clk 0:00:59] } 50. Na3#
{ [%clk 0:00:30] } 1-0"
Rated Rapid game,https://lichess.org/eHRrDRR3,2024.08.01,-,suncanaa,emilbochev,1/2-1/2,2024.08.01,08:44:54,1125,1362,,,B07,King's Pawn Game: Maróczy Defense,600+0,Normal,"1. e4 { [%clk 0:10:00] } 1... e5 { [%clk 0:10:00] } 2. d4 { [%clk 0:09:59] }
2... d6 { [%clk 0:09:58] } 3. d5 { [%clk 0:09:55] } 3... h5 { [%clk 0:09:49] }
4. Bb5+ { [%clk 0:09:53] } 4... Bd7 { [%clk 0:09:45] } 5. Bxd7+
{ [%clk 0:09:52] } 5... Qxd7 { [%clk 0:09:40] } 6. Nf3 { [%clk 0:09:51] } 6...
f6 { [%clk 0:09:37] } 7. O-O { [%clk 0:09:49] } 7... h4 { [%clk 0:09:29] } 8.
c4 { [%clk 0:09:36] } 8... g5 { [%clk 0:09:25] } 9. h3 { [%clk 0:09:22] } 9...
g4 { [%clk 0:09:21] } 10. hxg4 { [%clk 0:08:52] } 10... Qxg4 { [%clk 0:09:18] }
11. Qa4+ { [%clk 0:08:27] } 11... c6 { [%clk 0:09:14] } 12. dxc6
{ [%clk 0:08:22] } 12... Nxc6 { [%clk 0:09:09] } 13. Qb3 { [%clk 0:08:16] }
13... h3 { [%clk 0:09:06] } 14. g3 { [%clk 0:07:55] } 14... Rb8
{ [%clk 0:08:38] } 15. Qc2 { [%clk 0:07:38] } 15... Nd4 { [%clk 0:08:34] } 16.
Nxd4 { [%clk 0:07:34] } 16... exd4 { [%clk 0:08:26] } 17. Kh2
{ [%clk 0:07:17] } 17... Qf3 { [%clk 0:08:17] } 18. Rg1 { [%clk 0:07:08] }
18... Rc8 { [%clk 0:08:00] } 19. b3 { [%clk 0:07:05] } 19... Ne7
{ [%clk 0:07:50] } 20. Bf4 { [%clk 0:06:03] } 20... Nc6 { [%clk 0:07:45] } 21.
Na3 { [%clk 0:05:54] } 21... Nb4 { [%clk 0:07:44] } 22. Qd2 { [%clk 0:05:47] }
22... Nd3 { [%clk 0:07:20] } 23. Raf1 { [%clk 0:05:28] } 23... Nc5
{ [%clk 0:06:42] } 24. Qxd4 { [%clk 0:04:29] } 24... Be7 { [%clk 0:06:25] } 25.
Bxd6 { [%clk 0:04:22] } 25... a6 { [%clk 0:05:30] } 26. Bxe7 { [%clk 0:03:59] }
26... Kxe7 { [%clk 0:05:22] } 27. Qd5 { [%clk 0:03:54] } 27... Nxe4
{ [%clk 0:05:04] } 28. Qxb7+ { [%clk 0:03:44] } 28... Ke6 { [%clk 0:04:58] }
29. Qxa6+ { [%clk 0:03:39] } 29... Ke5 { [%clk 0:04:49] } 30. Qb5+
{ [%clk 0:03:21] } 30... Rc5 { [%clk 0:04:44] } 31. Qb8+ { [%clk 0:03:12] }
31... Kf5 { [%clk 0:04:30] } 32. Qxh8 { [%clk 0:03:05] } 32... Ng5
{ [%clk 0:04:04] } 33. g4+ { [%clk 0:02:51] } 33... Kg6 { [%clk 0:03:28] } 34.
Qg8+ { [%clk 0:02:35] } 34... Kh6 { [%clk 0:03:23] } 35. Qf8+
{ [%clk 0:02:22] } 35... Kg6 { [%clk 0:03:20] } 36. Qxc5 { [%clk 0:02:20] }
36... Qf4+ { [%clk 0:03:16] } 37. Rg3 { [%clk 0:02:00] } 37... Nf3+
{ [%clk 0:03:12] } 38. Kxh3 { [%clk 0:01:48] } 38... Qh6+ { [%clk 0:03:06] }
39. Qh5+ { [%clk 0:01:38] } 39... Qxh5+ { [%clk 0:02:59] } 40. gxh5+
{ [%clk 0:01:36] } 40... Kxh5 { [%clk 0:02:49] } 41. Rxf3 { [%clk 0:01:29] }
41... Kg6 { [%clk 0:02:41] } 42. Rg1+ { [%clk 0:01:27] } 42... Kh5
{ [%clk 0:02:36] } 43. Rxf6 { [%clk 0:01:25] } 1/2-1/2"
Rated Rapid game,https://lichess.org/KEao0qvT,2024.08.01,-,tahsinhozzovlu,muhdraismujari,1-0,2024.08.01,08:44:54,1622,1579,,,B08,Pirc Defense: Classical Variation,600+0,Normal,"1. e4 { [%clk 0:10:00] } 1... g6 { [%clk 0:10:00] } 2. Nf3 { [%clk 0:09:58] }
2... Bg7 { [%clk 0:09:59] } 3. Nc3 { [%clk 0:09:56] } 3... Nf6
{ [%clk 0:09:57] } 4. d4 { [%clk 0:09:51] } 4... d6 { [%clk 0:09:54] } 5. Bb5+
{ [%clk 0:09:46] } 5... c6 { [%clk 0:09:52] } 6. Ba4 { [%clk 0:09:44] } 6... b5
{ [%clk 0:09:49] } 7. Bb3 { [%clk 0:09:43] } 7... a5 { [%clk 0:09:33] } 8. a3
{ [%clk 0:09:41] } 8... a4 { [%clk 0:09:32] } 9. Ba2 { [%clk 0:09:39] } 9...
Qa5 { [%clk 0:09:12] } 10. Ng5 { [%clk 0:09:31] } 10... O-O { [%clk 0:08:59] }
11. Bd2 { [%clk 0:09:25] } 11... Qd8 { [%clk 0:08:54] } 12. Nf3
{ [%clk 0:09:17] } 12... Bg4 { [%clk 0:08:45] } 13. O-O { [%clk 0:09:15] }
13... Nbd7 { [%clk 0:08:43] } 14. h3 { [%clk 0:09:10] } 14... Bxf3
{ [%clk 0:08:12] } 15. Qxf3 { [%clk 0:09:07] } 15... e6 { [%clk 0:08:00] } 16.
Bg5 { [%clk 0:08:59] } 16... e5 { [%clk 0:07:57] } 17. dxe5 { [%clk 0:08:45] }
17... Nxe5 { [%clk 0:07:53] } 18. Qf4 { [%clk 0:08:33] } 18... h6
{ [%clk 0:07:39] } 19. Bxh6 { [%clk 0:08:24] } 19... Bxh6 { [%clk 0:07:33] }
20. Qxh6 { [%clk 0:08:22] } 20... Nh5 { [%clk 0:07:10] } 21. f4
{ [%clk 0:07:56] } 21... Nc4 { [%clk 0:06:19] } 22. Bxc4 { [%clk 0:07:20] }
22... bxc4 { [%clk 0:06:17] } 23. f5 { [%clk 0:07:18] } 23... Ng3
{ [%clk 0:06:02] } 24. Rf3 { [%clk 0:07:09] } 24... Qe7 { [%clk 0:05:12] } 25.
Rxg3 { [%clk 0:06:58] } 25... d5 { [%clk 0:05:05] } 26. fxg6 { [%clk 0:06:49] }
26... fxg6 { [%clk 0:04:59] } 27. Rxg6+ { [%clk 0:06:44] } 27... Kf7
{ [%clk 0:04:32] } 28. Rg7+ { [%clk 0:06:37] } 28... Ke8 { [%clk 0:04:30] } 29.
Rxe7+ { [%clk 0:06:36] } 29... Kxe7 { [%clk 0:04:29] } 30. exd5
{ [%clk 0:06:26] } 30... cxd5 { [%clk 0:04:27] } 31. Nxd5+ { [%clk 0:06:24] }
31... Kd7 { [%clk 0:04:25] } 32. Nb6+ { [%clk 0:06:21] } 32... Kc7
{ [%clk 0:04:22] } 33. Nxa8+ { [%clk 0:06:19] } 33... Rxa8 { [%clk 0:04:21] }
34. Rf1 { [%clk 0:06:15] } 1-0"
Rated Rapid game,https://lichess.org/RFg7dmmu,2024.08.01,-,sultanme,baybarsssss,0-1,2024.08.01,08:44:54,1494,1498,,,A40,Queen's Pawn Game: Modern Defense,600+0,Time forfeit,"1. d4 { [%clk 0:10:00] } 1... g6 { [%clk 0:10:00] } 2. c4 { [%clk 0:09:57] }
2... Bg7 { [%clk 0:09:58] } 3. Nf3 { [%clk 0:09:53] } 3... Nf6
{ [%clk 0:09:53] } 4. g3 { [%clk 0:09:49] } 4... d6 { [%clk 0:09:50] } 5. Bg2
{ [%clk 0:09:47] } 5... O-O { [%clk 0:09:48] } 6. O-O { [%clk 0:09:45] } 6...
Bg4 { [%clk 0:09:36] } 7. Nc3 { [%clk 0:09:33] } 7... c6 { [%clk 0:08:55] } 8.
e4 { [%clk 0:09:30] } 8... Nbd7 { [%clk 0:08:32] } 9. h3 { [%clk 0:09:22] }
9... Bxf3 { [%clk 0:08:22] } 10. Qxf3 { [%clk 0:09:16] } 10... Qb6
{ [%clk 0:08:14] } 11. Be3 { [%clk 0:08:51] } 11... Qxb2 { [%clk 0:07:44] } 0-1"
Rated Rapid game,https://lichess.org/UAMyN7Fn,2024.08.01,-,Aristochimz,OBelousov,0-1,2024.08.01,08:44:54,2142,2183,,,B12,Caro-Kann Defense: Advance Variation,600+0,Normal,"1. d4 { [%eval 0.16] [%clk 0:10:00] } 1... c6 { [%eval 0.24] [%clk 0:10:00] }
2. e4 { [%eval 0.28] [%clk 0:09:57] } 2... d5 { [%eval 0.3] [%clk 0:10:00] } 3.
e5 { [%eval 0.2] [%clk 0:09:55] } 3... Bf5 { [%eval 0.28] [%clk 0:09:58] } 4.
f4 { [%eval 0.0] [%clk 0:09:54] } 4... e6 { [%eval -0.14] [%clk 0:09:52] } 5.
Nf3 { [%eval 0.0] [%clk 0:09:52] } 5... Nd7 { [%eval 0.3] [%clk 0:09:49] } 6.
c4 { [%eval -0.06] [%clk 0:09:49] } 6... c5 $2 { [%eval 1.46] [%clk 0:09:16] }
7. Be3 $2 { [%eval 0.19] [%clk 0:09:42] } 7... cxd4
{ [%eval 0.42] [%clk 0:09:14] } 8. Bxd4 { [%eval 0.05] [%clk 0:09:39] } 8...
Bc5 $6 { [%eval 1.03] [%clk 0:09:12] } 9. Nc3 $6
{ [%eval 0.11] [%clk 0:09:35] } 9... Ne7 { [%eval 0.15] [%clk 0:08:53] } 10.
Bxc5 { [%eval 0.19] [%clk 0:09:24] } 10... Nxc5 { [%eval 0.0] [%clk 0:08:51] }
11. cxd5 { [%eval 0.05] [%clk 0:09:21] } 11... Nxd5
{ [%eval 0.15] [%clk 0:08:17] } 12. Bb5+ { [%eval 0.03] [%clk 0:09:12] } 12...
Kf8 { [%eval 0.39] [%clk 0:08:00] } 13. O-O $2 { [%eval -1.57] [%clk 0:09:02] }
13... Nxc3 $2 { [%eval -0.27] [%clk 0:07:35] } 14. bxc3
{ [%eval -0.31] [%clk 0:08:58] } 14... a6 { [%eval -0.15] [%clk 0:07:22] } 15.
Be2 { [%eval -0.18] [%clk 0:08:43] } 15... b5 { [%eval 0.28] [%clk 0:07:12] }
16. Qd6+ { [%eval 0.25] [%clk 0:08:36] } 16... Qe7
{ [%eval 0.36] [%clk 0:07:07] } 17. Rfd1 { [%eval 0.15] [%clk 0:08:25] } 17...
Ne4 { [%eval 0.26] [%clk 0:06:52] } 18. Qc6 $2 { [%eval -1.37] [%clk 0:07:00] }
18... Qa7+ { [%eval -1.47] [%clk 0:05:51] } 19. Nd4
{ [%eval -1.32] [%clk 0:06:57] } 19... Ke7 { [%eval -1.28] [%clk 0:04:17] } 20.
Bf3 $6 { [%eval -2.18] [%clk 0:06:38] } 20... Rhc8
{ [%eval -2.23] [%clk 0:04:07] } 21. Qd6+ $2 { [%eval -4.29] [%clk 0:06:30] }
21... Nxd6 { [%eval -4.27] [%clk 0:04:01] } 22. exd6+
{ [%eval -4.15] [%clk 0:06:28] } 22... Kd7 { [%eval -3.99] [%clk 0:03:55] } 23.
Kh1 { [%eval -4.86] [%clk 0:06:22] } 23... Rxc3
{ [%eval -4.82] [%clk 0:03:44] } 24. Bxa8 { [%eval -5.69] [%clk 0:06:06] }
24... Qxa8 { [%eval -5.64] [%clk 0:03:41] } 25. Nf3
{ [%eval -7.31] [%clk 0:06:01] } 25... Rxf3 { [%eval -6.81] [%clk 0:03:20] }
26. gxf3 $4 { [%eval #-5] [%clk 0:05:58] } 26... Qxf3+
{ [%eval #-4] [%clk 0:03:19] } 27. Kg1 { [%eval #-4] [%clk 0:05:57] } 27...
Qe3+ { [%eval #-3] [%clk 0:03:19] } 0-1"
Rated Rapid game,https://lichess.org/5dojQzT6,2024.08.01,-,Rastodius,sepehrmirshahi,0-1,2024.08.01,08:44:54,1693,1701,,,A04,Zukertort Opening: Slav Invitation,600+0,Normal,"1. Nf3 { [%clk 0:10:00] } 1... c6 { [%clk 0:10:00] } 2. Ne5 { [%clk 0:09:59] }
2... f6 { [%clk 0:09:58] } 3. Nf3 { [%clk 0:09:57] } 3... Kf7
{ [%clk 0:09:56] } 4. e4 { [%clk 0:09:55] } 4... e6 { [%clk 0:09:54] } 5. d4
{ [%clk 0:09:50] } 5... d5 { [%clk 0:09:52] } 6. e5 { [%clk 0:09:48] } 6... f5
{ [%clk 0:09:51] } 7. Ng5+ { [%clk 0:09:38] } 7... Ke8 { [%clk 0:09:50] } 8.
Qh5+ { [%clk 0:09:34] } 8... g6 { [%clk 0:09:48] } 9. Qh3 { [%clk 0:09:24] }
9... h5 { [%clk 0:09:41] } 10. a3 { [%clk 0:09:11] } 10... Bh6
{ [%clk 0:09:38] } 11. Qh4 { [%clk 0:09:05] } 11... Ne7 { [%clk 0:09:31] } 12.
Be2 { [%clk 0:08:55] } 12... Qa5+ { [%clk 0:09:20] } 13. Nd2 { [%clk 0:08:42] }
13... b5 { [%clk 0:08:49] } 14. O-O { [%clk 0:08:36] } 14... b4
{ [%clk 0:08:45] } 15. a4 { [%clk 0:08:32] } 15... Qb6 { [%clk 0:08:43] } 16.
Nb3 { [%clk 0:08:14] } 16... a5 { [%clk 0:08:40] } 17. Nc5 { [%clk 0:07:53] }
17... Bxg5 { [%clk 0:08:37] } 18. Qxg5 { [%clk 0:07:51] } 18... Na6
{ [%clk 0:08:32] } 19. Bxa6 { [%clk 0:07:42] } 19... Bxa6 { [%clk 0:08:32] }
20. Re1 { [%clk 0:07:28] } 20... Bc8 { [%clk 0:08:28] } 21. Qh4
{ [%clk 0:07:07] } 21... Ra7 { [%clk 0:08:03] } 22. Bg5 { [%clk 0:07:03] }
22... Ng8 { [%clk 0:07:57] } 23. c3 { [%clk 0:06:33] } 23... Rhh7
{ [%clk 0:07:44] } 24. cxb4 { [%clk 0:06:24] } 24... Qxb4 { [%clk 0:07:40] }
25. b3 { [%clk 0:05:58] } 25... Ne7 { [%clk 0:07:29] } 26. Rec1
{ [%clk 0:05:53] } 26... Bd7 { [%clk 0:07:03] } 27. h3 { [%clk 0:05:44] } 27...
Nc8 { [%clk 0:06:55] } 28. Rab1 { [%clk 0:05:32] } 28... Nb6 { [%clk 0:06:53] }
29. Bf4 { [%clk 0:05:13] } 29... Bc8 { [%clk 0:06:44] } 30. Bg3
{ [%clk 0:05:08] } 30... Rae7 { [%clk 0:06:32] } 31. Nd3 { [%clk 0:04:56] }
31... Qd2 { [%clk 0:06:24] } 32. Nf4 { [%clk 0:04:43] } 32... Rhg7
{ [%clk 0:06:05] } 33. Qf6 { [%clk 0:04:22] } 33... Ref7 { [%clk 0:05:53] } 34.
Qg5 { [%clk 0:04:12] } 34... Qxd4 { [%clk 0:05:18] } 35. Rxc6
{ [%clk 0:04:03] } 35... Bd7 { [%clk 0:05:05] } 36. Rcc1 { [%clk 0:03:40] }
36... Qxe5 { [%clk 0:04:56] } 37. Nxg6 { [%clk 0:03:34] } 37... Qf6
{ [%clk 0:04:39] } 38. Qxf6 { [%clk 0:03:18] } 38... Rxf6 { [%clk 0:04:22] }
39. Ne5 { [%clk 0:03:15] } 39... f4 { [%clk 0:03:33] } 40. Bh4
{ [%clk 0:03:08] } 40... Rf5 { [%clk 0:03:32] } 41. Nxd7 { [%clk 0:03:03] }
41... Kxd7 { [%clk 0:03:30] } 42. Rb2 { [%clk 0:02:48] } 42... f3
{ [%clk 0:03:09] } 43. g3 { [%clk 0:02:45] } 43... Rf4 { [%clk 0:02:58] } 44.
Rbc2 { [%clk 0:02:42] } 44... Kd6 { [%clk 0:02:48] } 45. Rc6+
{ [%clk 0:02:34] } 45... Ke5 { [%clk 0:02:47] } 46. Rxb6 { [%clk 0:02:29] }
46... Rxh4 { [%clk 0:02:46] } 47. Ra6 { [%clk 0:02:17] } 47... Rb4
{ [%clk 0:02:42] } 48. Re1+ { [%clk 0:02:07] } 48... Re4 { [%clk 0:02:07] } 49.
Rb1 { [%clk 0:01:55] } 49... h4 { [%clk 0:01:59] } 50. g4 { [%clk 0:01:49] }
50... Rb7 { [%clk 0:01:42] } 51. Rxa5 { [%clk 0:01:46] } 51... Reb4
{ [%clk 0:01:40] } 52. Rb5 { [%clk 0:01:16] } 52... R7xb5 { [%clk 0:01:39] }
53. axb5 { [%clk 0:01:15] } 53... Rxb5 { [%clk 0:01:39] } 54. Kf1
{ [%clk 0:01:13] } 54... Kd4 { [%clk 0:01:34] } 55. Ke1 { [%clk 0:01:12] }
55... Kc3 { [%clk 0:01:33] } 56. g5 { [%clk 0:01:05] } 56... e5
{ [%clk 0:01:23] } 57. Kd1 { [%clk 0:01:02] } 57... d4 { [%clk 0:01:20] } 58.
g6 { [%clk 0:00:58] } 58... e4 { [%clk 0:01:18] } 59. Kc1 { [%clk 0:00:55] }
59... e3 { [%clk 0:01:16] } 60. fxe3 { [%clk 0:00:49] } 60... dxe3
{ [%clk 0:01:16] } 61. g7 { [%clk 0:00:48] } 61... Rg5 { [%clk 0:01:14] } 62.
Ra1 { [%clk 0:00:40] } 62... Rg1# { [%clk 0:01:11] } 0-1"
Rated Rapid game,https://lichess.org/7ErJy3aN,2024.08.01,-,Hamed-1987,semiriyan,1-0,2024.08.01,08:44:54,1208,1171,,,B01,Scandinavian Defense: Mieses-Kotroc Variation,600+0,Normal,"1. e4 { [%clk 0:10:00] } 1... d5 { [%clk 0:10:00] } 2. exd5 { [%clk 0:09:58] }
2... Qxd5 { [%clk 0:09:59] } 3. Nf3 { [%clk 0:09:57] } 3... Qd8
{ [%clk 0:09:56] } 4. g3 { [%clk 0:09:56] } 4... h6 { [%clk 0:09:51] } 5. Bg2
{ [%clk 0:09:55] } 5... a6 { [%clk 0:09:48] } 6. O-O { [%clk 0:09:54] } 6... e6
{ [%clk 0:09:45] } 7. Qe2 { [%clk 0:09:52] } 7... Bd7 { [%clk 0:09:43] } 8. Re1
{ [%clk 0:09:51] } 8... Nf6 { [%clk 0:09:37] } 9. d4 { [%clk 0:09:50] } 9...
Bb5 { [%clk 0:09:27] } 10. c4 { [%clk 0:09:45] } 10... Bb4 { [%clk 0:09:03] }
11. Bd2 { [%clk 0:09:28] } 11... Bxd2 { [%clk 0:08:51] } 12. Nbxd2
{ [%clk 0:09:26] } 12... Bd7 { [%clk 0:08:47] } 13. d5 { [%clk 0:09:22] } 13...
O-O { [%clk 0:08:34] } 14. dxe6 { [%clk 0:09:12] } 14... Bxe6
{ [%clk 0:08:32] } 15. Rad1 { [%clk 0:09:05] } 15... Nc6 { [%clk 0:08:20] } 16.
Ne4 { [%clk 0:08:59] } 16... Qe7 { [%clk 0:08:11] } 17. Nc5 { [%clk 0:08:28] }
17... Qxc5 { [%clk 0:07:50] } 18. b3 { [%clk 0:08:04] } 18... Qe7
{ [%clk 0:07:14] } 19. Nd2 { [%clk 0:07:46] } 19... Rad8 { [%clk 0:06:21] } 20.
Bxc6 { [%clk 0:07:41] } 20... bxc6 { [%clk 0:06:18] } 21. f4 { [%clk 0:07:25] }
21... Bg4 { [%clk 0:06:16] } 22. Qxe7 { [%clk 0:07:23] } 22... Bxd1
{ [%clk 0:06:08] } 23. Rxd1 { [%clk 0:07:21] } 23... Rd7 { [%clk 0:05:59] } 24.
Qc5 { [%clk 0:07:08] } 24... Ng4 { [%clk 0:05:39] } 25. Qxc6 { [%clk 0:06:49] }
25... Nf6 { [%clk 0:05:21] } 26. g4 { [%clk 0:06:36] } 26... Rd4
{ [%clk 0:05:11] } 27. Qxc7 { [%clk 0:06:18] } 27... Nxg4 { [%clk 0:05:08] }
28. f5 { [%clk 0:05:57] } 28... Ne3 { [%clk 0:05:01] } 29. Re1
{ [%clk 0:05:42] } 29... Nxf5 { [%clk 0:04:59] } 30. Qc5 { [%clk 0:05:23] }
30... Rg4+ { [%clk 0:04:19] } 31. Kf2 { [%clk 0:05:13] } 31... Rf4+
{ [%clk 0:04:01] } 32. Kg2 { [%clk 0:05:04] } 32... Nh4+ { [%clk 0:03:52] } 33.
Kg3 { [%clk 0:05:00] } 33... Ng6 { [%clk 0:03:48] } 34. b4 { [%clk 0:04:32] }
34... Rf6 { [%clk 0:03:32] } 35. b5 { [%clk 0:04:18] } 35... axb5
{ [%clk 0:03:29] } 36. cxb5 { [%clk 0:04:15] } 36... Nf4 { [%clk 0:03:15] } 37.
Kg4 { [%clk 0:03:46] } 37... Nd3 { [%clk 0:03:04] } 38. Qe3 { [%clk 0:03:29] }
38... Nxe1 { [%clk 0:02:08] } 39. Qxe1 { [%clk 0:03:27] } 39... Re6
{ [%clk 0:02:07] } 40. Qg3 { [%clk 0:03:13] } 40... Rfe8 { [%clk 0:02:00] } 41.
Nf3 { [%clk 0:02:41] } 41... Re4+ { [%clk 0:01:54] } 42. Kh3 { [%clk 0:02:40] }
42... Re3 { [%clk 0:01:51] } 43. Qf2 { [%clk 0:02:24] } 43... Re2
{ [%clk 0:01:46] } 44. Qg3 { [%clk 0:02:19] } 44... Rxa2 { [%clk 0:01:39] } 45.
b6 { [%clk 0:02:08] } 45... Rb2 { [%clk 0:01:36] } 46. Qc7 { [%clk 0:01:59] }
46... f6 { [%clk 0:01:20] } 47. b7 { [%clk 0:01:57] } 47... Kh7
{ [%clk 0:01:10] } 48. Qd7 { [%clk 0:01:34] } 48... Rb8 { [%clk 0:01:04] } 49.
Qf5+ { [%clk 0:01:28] } 49... g6 { [%clk 0:00:57] } 50. Qxf6 { [%clk 0:01:24] }
50... R8xb7 { [%clk 0:00:54] } 51. Kg3 { [%clk 0:01:13] } 51... h5
{ [%clk 0:00:47] } 52. Ng5+ { [%clk 0:00:47] } 52... Kg8 { [%clk 0:00:43] } 53.
Qxg6+ { [%clk 0:00:44] } 53... Rg7 { [%clk 0:00:35] } 54. Qe8#
{ [%clk 0:00:38] } 1-0"
Rated Rapid game,https://lichess.org/Be2PdoxX,2024.08.01,-,IG-19,yavuzingo67,1-0,2024.08.01,08:44:54,2061,2096,,,A45,Indian Defense,600+0,Time forfeit,"1. d4 { [%clk 0:10:00] } 1... Nf6 { [%clk 0:10:00] } 2. Bf4 { [%clk 0:09:59] }
2... e6 { [%clk 0:09:58] } 3. e3 { [%clk 0:09:50] } 3... d5 { [%clk 0:09:53] }
4. Bd3 { [%clk 0:09:48] } 4... Nbd7 { [%clk 0:09:52] } 5. Nf3
{ [%clk 0:09:46] } 5... c5 { [%clk 0:09:50] } 6. c3 { [%clk 0:09:43] } 6... Qb6
{ [%clk 0:09:43] } 7. Qc2 { [%clk 0:09:30] } 7... c4 { [%clk 0:09:39] } 8. Be2
{ [%clk 0:09:28] } 8... Bd6 { [%clk 0:09:32] } 9. Ne5 { [%clk 0:09:25] } 9...
Bxe5 { [%clk 0:09:31] } 10. dxe5 { [%clk 0:09:23] } 10... Ng8
{ [%clk 0:09:21] } 11. Nd2 { [%clk 0:09:15] } 11... Qc7 { [%clk 0:09:19] } 12.
Nf3 { [%clk 0:09:14] } 12... Ne7 { [%clk 0:09:18] } 13. Qd2 { [%clk 0:08:48] }
13... Nc6 { [%clk 0:09:09] } 14. e4 { [%clk 0:08:38] } 14... dxe4
{ [%clk 0:09:02] } 15. Nd4 { [%clk 0:08:28] } 15... Ncxe5 { [%clk 0:08:53] }
16. O-O-O { [%clk 0:08:23] } 16... a6 { [%clk 0:08:40] } 17. Qe3
{ [%clk 0:08:22] } 17... Qa5 { [%clk 0:08:08] } 18. Qxe4 { [%clk 0:08:13] }
18... Qxa2 { [%clk 0:07:47] } 19. Bxe5 { [%clk 0:08:11] } 19... Qa1+
{ [%clk 0:07:37] } 20. Kd2 { [%clk 0:08:10] } 20... Qxb2+ { [%clk 0:07:35] }
21. Ke1 { [%clk 0:08:03] } 21... Qxc3+ { [%clk 0:07:25] } 22. Kf1
{ [%clk 0:08:02] } 22... Nxe5 { [%clk 0:07:13] } 23. Qxe5 { [%clk 0:07:59] }
23... O-O { [%clk 0:07:11] } 24. Qc7 { [%clk 0:07:38] } 24... a5
{ [%clk 0:06:55] } 25. Nb5 { [%clk 0:07:27] } 25... Qb4 { [%clk 0:06:41] } 26.
Bxc4 { [%clk 0:07:23] } 26... a4 { [%clk 0:06:19] } 27. g3 { [%clk 0:07:18] }
27... Ra6 { [%clk 0:05:41] } 28. Rd6 { [%clk 0:07:11] } 28... Qb1+
{ [%clk 0:05:12] } 29. Kg2 { [%clk 0:07:10] } 29... Qe4+ { [%clk 0:05:07] } 30.
f3 { [%clk 0:07:08] } 30... Qc2+ { [%clk 0:05:02] } 31. Kh3 { [%clk 0:06:46] }
31... Qf5+ { [%clk 0:04:46] } 32. Kg2 { [%clk 0:06:42] } 32... e5
{ [%clk 0:04:31] } 33. Rxa6 { [%clk 0:06:28] } 33... Qh3+ { [%clk 0:04:21] }
34. Kf2 { [%clk 0:06:26] } 34... bxa6 { [%clk 0:04:17] } 35. Nd6
{ [%clk 0:06:22] } 35... Be6 { [%clk 0:03:56] } 36. Bxa6 { [%clk 0:06:03] }
36... Qh6 { [%clk 0:03:54] } 37. Ne4 { [%clk 0:05:47] } 37... f5
{ [%clk 0:03:48] } 38. Nc3 { [%clk 0:05:32] } 38... Qd2+ { [%clk 0:03:45] } 39.
Ne2 { [%clk 0:05:31] } 39... e4 { [%clk 0:03:02] } 40. Qc3 { [%clk 0:05:21] }
40... Qd6 { [%clk 0:02:49] } 41. Bc4 { [%clk 0:05:14] } 41... Qc5+
{ [%clk 0:02:38] } 42. Nd4 { [%clk 0:05:09] } 42... Bxc4 { [%clk 0:02:30] } 43.
Rc1 { [%clk 0:05:06] } 43... Rd8 { [%clk 0:02:15] } 44. Qxc4+
{ [%clk 0:05:03] } 44... Qxc4 { [%clk 0:02:11] } 45. Rxc4 { [%clk 0:04:59] }
45... a3 { [%clk 0:02:09] } 46. Ra4 { [%clk 0:04:19] } 46... a2
{ [%clk 0:01:44] } 47. Ke3 { [%clk 0:04:16] } 47... exf3 { [%clk 0:01:39] } 48.
Rxa2 { [%clk 0:04:04] } 48... g6 { [%clk 0:01:27] } 49. Nxf3 { [%clk 0:04:00] }
49... Kg7 { [%clk 0:01:23] } 50. h4 { [%clk 0:03:55] } 50... Re8+
{ [%clk 0:01:21] } 51. Kf2 { [%clk 0:03:53] } 51... h6 { [%clk 0:01:19] } 52.
Ra6 { [%clk 0:03:49] } 52... Re4 { [%clk 0:01:14] } 53. Nd2 { [%clk 0:03:31] }
53... Rb4 { [%clk 0:01:11] } 54. Ke3 { [%clk 0:03:19] } 54... g5
{ [%clk 0:01:08] } 55. hxg5 { [%clk 0:03:16] } 55... hxg5 { [%clk 0:01:08] }
56. Kd3 { [%clk 0:03:08] } 56... Rg4 { [%clk 0:01:05] } 57. Nf1
{ [%clk 0:03:06] } 57... f4 { [%clk 0:01:03] } 58. gxf4 { [%clk 0:03:00] }
58... gxf4 { [%clk 0:01:03] } 59. Ke4 { [%clk 0:02:56] } 59... Rg1
{ [%clk 0:00:59] } 60. Nd2 { [%clk 0:02:53] } 60... Rd1 { [%clk 0:00:57] } 61.
Rd6 { [%clk 0:02:48] } 61... Ra1 { [%clk 0:00:54] } 62. Kxf4 { [%clk 0:02:47] }
62... Ra4+ { [%clk 0:00:53] } 63. Ne4 { [%clk 0:02:45] } 63... Rb4
{ [%clk 0:00:51] } 64. Kf5 { [%clk 0:02:37] } 64... Rb5+ { [%clk 0:00:49] } 65.
Ke6 { [%clk 0:02:35] } 65... Kg6 { [%clk 0:00:45] } 66. Ke7+ { [%clk 0:02:30] }
66... Kf5 { [%clk 0:00:43] } 67. Nf6 { [%clk 0:02:25] } 67... Re5+
{ [%clk 0:00:42] } 68. Kf7 { [%clk 0:02:23] } 68... Ra5 { [%clk 0:00:39] } 69.
Nd7 { [%clk 0:02:17] } 69... Ra7 { [%clk 0:00:37] } 70. Ke8 { [%clk 0:02:13] }
70... Ra1 { [%clk 0:00:34] } 71. Rf6+ { [%clk 0:02:10] } 71... Kg5
{ [%clk 0:00:32] } 72. Kf7 { [%clk 0:02:07] } 72... Ra7 { [%clk 0:00:30] } 73.
Rd6 { [%clk 0:02:01] } 73... Kf5 { [%clk 0:00:29] } 74. Ke7 { [%clk 0:01:57] }
74... Ra1 { [%clk 0:00:27] } 75. Rd5+ { [%clk 0:01:56] } 75... Ke4
{ [%clk 0:00:26] } 76. Re5+ { [%clk 0:01:53] } 76... Kd4 { [%clk 0:00:26] } 77.
Ke6 { [%clk 0:01:50] } 77... Rh1 { [%clk 0:00:26] } 78. Nf6 { [%clk 0:01:45] }
78... Rh6 { [%clk 0:00:24] } 79. Kf5 { [%clk 0:01:43] } 79... Rh8
{ [%clk 0:00:21] } 80. Re4+ { [%clk 0:01:37] } 80... Kc5 { [%clk 0:00:20] } 81.
Nd7+ { [%clk 0:01:35] } 81... Kd6 { [%clk 0:00:20] } 82. Nb6 { [%clk 0:01:32] }
82... Rf8+ { [%clk 0:00:19] } 83. Kg4 { [%clk 0:01:30] } 83... Kc6
{ [%clk 0:00:17] } 84. Nc4 { [%clk 0:01:29] } 84... Kd5 { [%clk 0:00:16] } 85.
Nd2 { [%clk 0:01:21] } 85... Rf2 { [%clk 0:00:15] } 86. Re8 { [%clk 0:01:12] }
86... Rg2+ { [%clk 0:00:13] } 87. Kf3 { [%clk 0:01:11] } 87... Rg7
{ [%clk 0:00:11] } 88. Rd8+ { [%clk 0:01:09] } 88... Kc5 { [%clk 0:00:11] } 89.
Ne4+ { [%clk 0:01:07] } 89... Kc4 { [%clk 0:00:10] } 90. Ke3 { [%clk 0:01:06] }
90... Re7 { [%clk 0:00:09] } 91. Rd1 { [%clk 0:01:01] } 91... Kb5
{ [%clk 0:00:08] } 92. Rc1 { [%clk 0:01:00] } 92... Kb4 { [%clk 0:00:07] } 93.
Kd3 { [%clk 0:00:59] } 93... Re8 { [%clk 0:00:07] } 94. Rc4+ { [%clk 0:00:54] }
94... Kb5 { [%clk 0:00:06] } 95. Nd6+ { [%clk 0:00:49] } 95... Kb6
{ [%clk 0:00:04] } 96. Rd4 { [%clk 0:00:46] } 96... Kc7 { [%clk 0:00:04] } 97.
Ne4 { [%clk 0:00:41] } 97... Kc6 { [%clk 0:00:03] } 98. Kc3 { [%clk 0:00:37] }
98... Kb6 { [%clk 0:00:02] } 99. Rc4 { [%clk 0:00:36] } 99... Rc8
{ [%clk 0:00:02] } 100. Kb4 { [%clk 0:00:31] } 100... Kb7 { [%clk 0:00:02] }
101. Rd4 { [%clk 0:00:29] } 101... Rc4+ { [%clk 0:00:02] } 102. Kxc4
{ [%clk 0:00:28] } 102... Kb6 { [%clk 0:00:02] } 103. Rd8 { [%clk 0:00:26] }
103... Kc7 { [%clk 0:00:02] } 104. Rd1 { [%clk 0:00:25] } 104... Kc6
{ [%clk 0:00:01] } 105. Nc3 { [%clk 0:00:23] } 105... Kc7 { [%clk 0:00:01] }
106. Kb4 { [%clk 0:00:20] } 106... Kc6 { [%clk 0:00:01] } 107. Na4
{ [%clk 0:00:18] } 107... Kc7 { [%clk 0:00:01] } 108. Rd5 { [%clk 0:00:16] }
108... Kc6 { [%clk 0:00:00] } 109. Kc4 { [%clk 0:00:15] } 109... Kc7
{ [%clk 0:00:00] } 110. Nc3 { [%clk 0:00:13] } 110... Kb7 { [%clk 0:00:00] }
111. Rc5 { [%clk 0:00:12] } 1-0"
Rated Rapid game,https://lichess.org/tVwQzZPn,2024.08.01,-,vivianlucy,mxmstrsc,0-1,2024.08.01,08:44:54,1235,1196,,,A84,Dutch Defense: Normal Variation,600+0,Time forfeit,"1. d4 { [%eval 0.16] [%clk 0:10:00] } 1... f5 { [%eval 0.5] [%clk 0:10:00] } 2.
c4 { [%eval 0.49] [%clk 0:09:58] } 2... Nf6 { [%eval 0.53] [%clk 0:09:58] } 3.
Nf3 { [%eval 0.45] [%clk 0:09:55] } 3... g6 { [%eval 0.58] [%clk 0:09:57] } 4.
Nc3 { [%eval 0.5] [%clk 0:09:50] } 4... Bg7 { [%eval 0.48] [%clk 0:09:56] } 5.
b3 { [%eval 0.29] [%clk 0:09:44] } 5... O-O { [%eval 0.41] [%clk 0:09:53] } 6.
Bb2 { [%eval 0.34] [%clk 0:09:41] } 6... d6 { [%eval 0.28] [%clk 0:09:48] } 7.
Rb1 { [%eval 0.2] [%clk 0:09:38] } 7... Nbd7 { [%eval 0.3] [%clk 0:09:42] } 8.
e3 { [%eval 0.08] [%clk 0:09:28] } 8... e5 { [%eval 0.13] [%clk 0:09:34] } 9.
dxe5 { [%eval -0.21] [%clk 0:09:17] } 9... dxe5
{ [%eval -0.08] [%clk 0:09:24] } 10. Bd3 $2 { [%eval -2.46] [%clk 0:09:05] }
10... e4 { [%eval -2.56] [%clk 0:09:01] } 11. Nd5 $2
{ [%eval -4.1] [%clk 0:08:48] } 11... exf3 { [%eval -4.14] [%clk 0:08:35] } 12.
Qxf3 { [%eval -4.21] [%clk 0:08:40] } 12... Kh8 { [%eval -3.7] [%clk 0:08:02] }
13. O-O { [%eval -3.86] [%clk 0:08:22] } 13... Nxd5
{ [%eval -3.95] [%clk 0:07:57] } 14. Bxg7+ { [%eval -3.92] [%clk 0:08:16] }
14... Kxg7 { [%eval -3.91] [%clk 0:07:54] } 15. Qxd5
{ [%eval -4.23] [%clk 0:08:14] } 15... Nf6 { [%eval -4.31] [%clk 0:07:47] } 16.
Qf3 $2 { [%eval -5.55] [%clk 0:08:02] } 16... Qxd3
{ [%eval -5.56] [%clk 0:07:40] } 0-1"
Rated Rapid game,https://lichess.org/r6znmCya,2024.08.01,-,evg73kol,Alekhine111,1-0,2024.08.01,08:44:54,1618,1665,,,B20,Sicilian Defense: Mengarini Variation,600+0,Normal,"1. e4 { [%clk 0:10:00] } 1... c5 { [%clk 0:10:00] } 2. a3 { [%clk 0:09:58] }
2... Nc6 { [%clk 0:09:59] } 3. b4 { [%clk 0:09:56] } 3... cxb4
{ [%clk 0:09:57] } 4. axb4 { [%clk 0:09:55] } 4... d6 { [%clk 0:09:56] } 5. b5
{ [%clk 0:09:54] } 5... Ne5 { [%clk 0:09:55] } 6. d4 { [%clk 0:09:49] } 6...
Ng6 { [%clk 0:09:52] } 7. Nf3 { [%clk 0:09:44] } 7... e6 { [%clk 0:09:15] } 8.
c4 { [%clk 0:09:33] } 8... Be7 { [%clk 0:09:10] } 9. Be2 { [%clk 0:09:06] }
9... Nf6 { [%clk 0:09:05] } 10. Nc3 { [%clk 0:09:03] } 10... d5
{ [%clk 0:09:03] } 11. e5 { [%clk 0:08:58] } 11... Ne4 { [%clk 0:08:42] } 12.
Nxe4 { [%clk 0:08:47] } 12... dxe4 { [%clk 0:08:42] } 13. Nd2
{ [%clk 0:08:41] } 13... e3 { [%clk 0:08:37] } 14. fxe3 { [%clk 0:08:37] }
14... Bh4+ { [%clk 0:08:35] } 15. g3 { [%clk 0:08:35] } 15... Bg5
{ [%clk 0:08:30] } 16. Nf3 { [%clk 0:08:31] } 16... Be7 { [%clk 0:08:26] } 17.
O-O { [%clk 0:08:21] } 17... O-O { [%clk 0:08:23] } 18. e4 { [%clk 0:08:20] }
18... Bb4 { [%clk 0:07:58] } 19. c5 { [%clk 0:08:15] } 19... Bd7
{ [%clk 0:07:52] } 20. b6 { [%clk 0:08:09] } 20... axb6 { [%clk 0:07:43] } 21.
Rxa8 { [%clk 0:08:07] } 21... Qxa8 { [%clk 0:07:41] } 22. Qb3
{ [%clk 0:08:06] } 22... Ba5 { [%clk 0:07:37] } 23. cxb6 { [%clk 0:08:03] }
23... Ne7 { [%clk 0:07:28] } 24. Bb2 { [%clk 0:08:00] } 24... Nc6
{ [%clk 0:07:26] } 25. Ra1 { [%clk 0:07:53] } 25... f6 { [%clk 0:07:09] } 26.
d5 { [%clk 0:07:49] } 26... Nxe5 { [%clk 0:06:54] } 27. Nxe5 { [%clk 0:07:35] }
27... fxe5 { [%clk 0:06:50] } 28. dxe6 { [%clk 0:07:35] } 28... Bc6
{ [%clk 0:06:15] } 29. e7+ { [%clk 0:07:32] } 29... Rf7 { [%clk 0:06:14] } 30.
Bc4 { [%clk 0:07:03] } 30... Be8 { [%clk 0:05:46] } 31. Bxe5 { [%clk 0:06:44] }
31... h5 { [%clk 0:04:17] } 32. Bxf7+ { [%clk 0:06:22] } 32... Bxf7
{ [%clk 0:04:15] } 33. Qb5 { [%clk 0:06:22] } 33... Qe8 { [%clk 0:02:44] } 34.
Qxe8+ { [%clk 0:06:18] } 34... Bxe8 { [%clk 0:02:40] } 35. Rxa5
{ [%clk 0:06:16] } 1-0"
Rated Rapid game,https://lichess.org/iAJjzvq9,2024.08.01,-,mgthuramoemyint,yusufarifin,0-1,2024.08.01,08:44:54,1500,1830,,,C00,French Defense: Knight Variation,600+0,Normal,"1. e4 { [%clk 0:10:00] } 1... e6 { [%clk 0:10:00] } 2. Nf3 { [%clk 0:09:57] }
2... a6 { [%clk 0:09:59] } 3. d3 { [%clk 0:09:50] } 3... b5 { [%clk 0:09:58] }
4. Bg5 { [%clk 0:09:47] } 4... Be7 { [%clk 0:09:54] } 5. Bxe7
{ [%clk 0:09:31] } 5... Nxe7 { [%clk 0:09:52] } 6. Nc3 { [%clk 0:09:25] } 6...
Bb7 { [%clk 0:09:50] } 7. b3 { [%clk 0:09:11] } 7... O-O { [%clk 0:09:47] } 8.
Nh4 { [%clk 0:08:54] } 8... Ng6 { [%clk 0:09:39] } 9. Nxg6 { [%clk 0:08:26] }
9... fxg6 { [%clk 0:09:38] } 10. Ne2 { [%clk 0:08:19] } 10... Qf6
{ [%clk 0:09:36] } 11. f3 { [%clk 0:08:05] } 11... d5 { [%clk 0:09:31] } 12.
Nd4 { [%clk 0:07:38] } 12... Qxd4 { [%clk 0:09:22] } 13. g4 { [%clk 0:07:31] }
13... dxe4 { [%clk 0:09:21] } 14. dxe4 { [%clk 0:07:05] } 14... Qc3+
{ [%clk 0:09:16] } 15. Ke2 { [%clk 0:06:59] } 15... Nc6 { [%clk 0:09:05] } 16.
Rc1 { [%clk 0:06:53] } 16... Nd4+ { [%clk 0:09:02] } 17. Kf2 { [%clk 0:06:47] }
17... Nxf3 { [%clk 0:08:59] } 18. Qxf3 { [%clk 0:06:39] } 18... Qxf3+
{ [%clk 0:08:56] } 0-1"
Rated Rapid game,https://lichess.org/xSm7n9SF,2024.08.01,-,itunderdog,Jorgeopadre,1-0,2024.08.01,08:44:54,1367,1577,,,B01,Scandinavian Defense: Main Line,600+0,Normal,"1. e4 { [%clk 0:10:00] } 1... d5 { [%clk 0:10:00] } 2. exd5 { [%clk 0:09:57] }
2... Qxd5 { [%clk 0:09:59] } 3. Nc3 { [%clk 0:09:56] } 3... Qa5
{ [%clk 0:09:57] } 4. d4 { [%clk 0:09:54] } 4... c6 { [%clk 0:09:56] } 5. Nf3
{ [%clk 0:09:53] } 5... Nf6 { [%clk 0:09:55] } 6. Bc4 { [%clk 0:09:51] } 6...
Bg4 { [%clk 0:09:51] } 7. O-O { [%clk 0:09:46] } 7... e6 { [%clk 0:09:47] } 8.
h3 { [%clk 0:09:42] } 8... Bf5 { [%clk 0:09:45] } 9. a3 { [%clk 0:09:34] } 9...
Bd6 { [%clk 0:09:21] } 10. Be3 { [%clk 0:09:32] } 10... Nbd7 { [%clk 0:09:10] }
11. b4 { [%clk 0:09:31] } 11... Qc7 { [%clk 0:09:07] } 12. Bd3
{ [%clk 0:09:05] } 12... Bxd3 { [%clk 0:08:38] } 13. Qxd3 { [%clk 0:09:05] }
13... O-O-O { [%clk 0:08:13] } 14. b5 { [%clk 0:08:42] } 14... c5
{ [%clk 0:07:57] } 15. dxc5 { [%clk 0:08:37] } 15... Nxc5 { [%clk 0:07:52] }
16. Bxc5 { [%clk 0:08:20] } 16... Bh2+ { [%clk 0:07:48] } 17. Kh1
{ [%clk 0:08:17] } 17... Rxd3 { [%clk 0:07:47] } 18. cxd3 { [%clk 0:06:47] }
18... Bd6 { [%clk 0:07:40] } 19. Bd4 { [%clk 0:06:29] } 19... e5
{ [%clk 0:07:13] } 20. b6 { [%clk 0:06:25] } 20... axb6 { [%clk 0:07:06] } 21.
Nb5 { [%clk 0:06:20] } 21... Qe7 { [%clk 0:06:29] } 22. Nxd6+
{ [%clk 0:06:07] } 22... Qxd6 { [%clk 0:06:22] } 23. Rfc1+ { [%clk 0:06:02] }
23... Kd7 { [%clk 0:06:15] } 24. Bxe5 { [%clk 0:05:57] } 24... Qxd3
{ [%clk 0:05:59] } 25. Rd1 { [%clk 0:05:52] } 1-0"
Rated Rapid game,https://lichess.org/UddvUKzo,2024.08.01,-,bobenski,Msmsmsms9999999,0-1,2024.08.01,08:44:56,1670,1701,,,B10,Caro-Kann Defense,600+0,Normal,"1. e4 { [%clk 0:10:00] } 1... c6 { [%clk 0:10:00] } 2. Nf3 { [%clk 0:09:57] }
2... d5 { [%clk 0:09:59] } 3. exd5 { [%clk 0:09:57] } 3... cxd5
{ [%clk 0:09:57] } 4. Bb5+ { [%clk 0:09:56] } 4... Nd7 { [%clk 0:09:53] } 5.
Ne5 { [%clk 0:09:55] } 5... Nf6 { [%clk 0:09:50] } 6. d3 { [%clk 0:09:51] }
6... e6 { [%clk 0:09:49] } 7. a3 { [%clk 0:09:48] } 7... a6 { [%clk 0:09:48] }
8. Bxd7+ { [%clk 0:09:42] } 8... Nxd7 { [%clk 0:09:43] } 9. Bg5
{ [%clk 0:09:42] } 9... Qxg5 { [%clk 0:09:41] } 10. Ng4 { [%clk 0:09:30] }
10... h5 { [%clk 0:09:31] } 11. h4 { [%clk 0:09:25] } 11... Qxg4
{ [%clk 0:09:28] } 0-1"
Rated Rapid game,https://lichess.org/KpCTK0hf,2024.08.01,-,survive2029,crixus81,1/2-1/2,2024.08.01,08:44:57,1002,1047,,,B15,Caro-Kann Defense: Campomanes Attack,600+0,Normal,"1. e4 { [%clk 0:10:00] } 1... c6 { [%clk 0:10:00] } 2. d4 { [%clk 0:09:57] }
2... d5 { [%clk 0:09:59] } 3. Nc3 { [%clk 0:09:54] } 3... Nf6
{ [%clk 0:09:50] } 1/2-1/2"
Rated Rapid game,https://lichess.org/chZa6s6Q,2024.08.01,-,varobita,MM310875,0-1,2024.08.01,08:44:57,1913,1796,,,C41,Philidor Defense: Hanham Variation,600+0,Normal,"1. e4 { [%clk 0:10:00] } 1... e5 { [%clk 0:10:00] } 2. d4 { [%clk 0:09:59] }
2... d6 { [%clk 0:09:58] } 3. Nf3 { [%clk 0:09:57] } 3... Nd7
{ [%clk 0:09:55] } 4. Bb5 { [%clk 0:09:51] } 4... c6 { [%clk 0:09:53] } 5. Ba4
{ [%clk 0:09:50] } 5... Be7 { [%clk 0:09:52] } 6. Bb3 { [%clk 0:09:18] } 6...
Ngf6 { [%clk 0:09:48] } 7. dxe5 { [%clk 0:09:17] } 7... dxe5 { [%clk 0:09:46] }
8. Bxf7+ { [%clk 0:09:11] } 8... Kxf7 { [%clk 0:09:45] } 9. Ng5+
{ [%clk 0:09:10] } 9... Kg8 { [%clk 0:09:40] } 10. Ne6 { [%clk 0:09:05] } 10...
Qb6 { [%clk 0:09:32] } 11. O-O { [%clk 0:09:01] } 11... Nc5 { [%clk 0:09:25] }
12. Nxg7 { [%clk 0:08:44] } 12... Kxg7 { [%clk 0:09:22] } 13. f4
{ [%clk 0:08:44] } 13... Nfxe4 { [%clk 0:09:08] } 14. Qh5 { [%clk 0:08:29] }
14... Nd3+ { [%clk 0:09:00] } 15. Kh1 { [%clk 0:08:24] } 15... Ndf2+
{ [%clk 0:08:56] } 16. Kg1 { [%clk 0:08:20] } 16... Nh3+ { [%clk 0:08:45] } 17.
Kh1 { [%clk 0:08:17] } 17... Nhf2+ { [%clk 0:08:17] } 18. Kg1
{ [%clk 0:08:15] } 18... Nd3+ { [%clk 0:08:12] } 19. Kh1 { [%clk 0:08:13] }
19... Nxc1 { [%clk 0:08:11] } 20. Rxc1 { [%clk 0:08:10] } 20... exf4
{ [%clk 0:07:53] } 21. Qe5+ { [%clk 0:08:06] } 21... Nf6 { [%clk 0:07:45] } 22.
Qxe7+ { [%clk 0:08:04] } 22... Kg6 { [%clk 0:07:40] } 23. Nc3
{ [%clk 0:07:45] } 23... Qxb2 { [%clk 0:07:34] } 24. Ne2 { [%clk 0:07:43] }
24... Bg4 { [%clk 0:07:24] } 25. Nxf4+ { [%clk 0:07:41] } 25... Kg5
{ [%clk 0:07:13] } 26. Ne6+ { [%clk 0:07:18] } 26... Bxe6 { [%clk 0:07:05] }
27. Qxe6 { [%clk 0:07:17] } 27... Rhf8 { [%clk 0:06:38] } 28. h4+
{ [%clk 0:07:07] } 28... Kg6 { [%clk 0:06:16] } 29. Rf1 { [%clk 0:07:02] }
29... Rae8 { [%clk 0:05:43] } 30. Qd6 { [%clk 0:06:18] } 30... h5
{ [%clk 0:04:54] } 31. Rab1 { [%clk 0:06:04] } 31... Qc3 { [%clk 0:04:46] } 32.
Rxb7 { [%clk 0:06:01] } 32... Qc4 { [%clk 0:04:31] } 33. Qg3+
{ [%clk 0:05:23] } 33... Ng4 { [%clk 0:04:23] } 34. Rxf8 { [%clk 0:05:11] }
34... Rxf8 { [%clk 0:04:21] } 35. Qd6+ { [%clk 0:05:10] } 35... Rf6
{ [%clk 0:04:17] } 36. Qd1 { [%clk 0:04:09] } 36... Rf1+ { [%clk 0:04:01] } 0-1"
Rated Rapid game,https://lichess.org/GmRnOzXw,2024.08.01,-,simomiro,letoxbar,0-1,2024.08.01,08:44:57,1274,1181,,,D00,Queen's Pawn Game: Accelerated London System,600+0,Normal,"1. d4 { [%clk 0:10:00] } 1... d5 { [%clk 0:10:00] } 2. Bf4 { [%clk 0:09:58] }
2... Nc6 { [%clk 0:09:57] } 3. Nf3 { [%clk 0:09:56] } 3... Bf5
{ [%clk 0:09:54] } 4. e3 { [%clk 0:09:45] } 4... a6 { [%clk 0:09:44] } 5. Nc3
{ [%clk 0:09:23] } 5... Nb4 { [%clk 0:09:33] } 6. Bd3 { [%clk 0:09:16] } 6...
Nh6 { [%clk 0:08:59] } 7. a3 { [%clk 0:07:52] } 7... Nxd3+ { [%clk 0:08:28] }
8. cxd3 { [%clk 0:07:50] } 8... e6 { [%clk 0:08:03] } 9. e4 { [%clk 0:07:45] }
9... dxe4 { [%clk 0:07:56] } 10. dxe4 { [%clk 0:07:43] } 10... Bg4
{ [%clk 0:07:51] } 11. O-O { [%clk 0:07:12] } 11... g6 { [%clk 0:07:43] } 12.
Qa4+ { [%clk 0:06:54] } 12... c6 { [%clk 0:07:34] } 13. Rad1 { [%clk 0:06:41] }
13... b5 { [%clk 0:07:24] } 14. Qb3 { [%clk 0:06:29] } 14... Bg7
{ [%clk 0:07:07] } 15. d5 { [%clk 0:06:17] } 15... cxd5 { [%clk 0:06:39] } 16.
exd5 { [%clk 0:06:10] } 16... O-O { [%clk 0:05:33] } 17. dxe6
{ [%clk 0:05:40] } 17... Bxe6 { [%clk 0:05:26] } 18. Rxd8 { [%clk 0:05:38] }
18... Bxb3 { [%clk 0:05:24] } 19. Rxf8+ { [%clk 0:05:17] } 19... Rxf8
{ [%clk 0:05:17] } 20. Ne5 { [%clk 0:05:03] } 20... Re8 { [%clk 0:04:48] } 21.
Re1 { [%clk 0:04:32] } 21... Ng4 { [%clk 0:04:35] } 22. Bd2 { [%clk 0:03:57] }
22... Bxe5 { [%clk 0:04:17] } 23. Bh6 { [%clk 0:03:33] } 0-1"
Rated Rapid game,https://lichess.org/zCIhsL5h,2024.08.01,-,Ahmadabdulwahab01,buzz2013,1-0,2024.08.01,08:44:57,1327,1342,,,B00,Pirc Defense,600+0,Normal,"1. e4 { [%clk 0:10:00] } 1... d6 { [%clk 0:10:00] } 2. d4 { [%clk 0:09:58] }
2... g6 { [%clk 0:09:58] } 3. Nf3 { [%clk 0:09:55] } 3... Bg4
{ [%clk 0:09:56] } 4. Be2 { [%clk 0:09:43] } 4... Bg7 { [%clk 0:09:52] } 5. Nc3
{ [%clk 0:09:38] } 5... Nf6 { [%clk 0:09:51] } 6. Bd3 { [%clk 0:09:34] } 6...
O-O { [%clk 0:09:48] } 7. a3 { [%clk 0:09:27] } 7... a6 { [%clk 0:09:47] } 8.
b4 { [%clk 0:09:26] } 8... Nc6 { [%clk 0:09:45] } 9. Be3 { [%clk 0:09:21] }
9... Nd7 { [%clk 0:09:36] } 10. O-O { [%clk 0:09:16] } 10... e5
{ [%clk 0:09:32] } 11. d5 { [%clk 0:09:13] } 11... Ne7 { [%clk 0:09:30] } 12.
Bg5 { [%clk 0:09:07] } 12... Qc8 { [%clk 0:09:26] } 13. Bxe7 { [%clk 0:09:03] }
1-0"
Rated Rapid game,https://lichess.org/CIZwU9OY,2024.08.01,-,kosovuk,tximo,1-0,2024.08.01,08:44:57,1586,1515,,,C47,Four Knights Game: Italian Variation,600+0,Normal,"1. e4 { [%clk 0:10:00] } 1... e5 { [%clk 0:10:00] } 2. Nc3 { [%clk 0:09:54] }
2... Nc6 { [%clk 0:09:59] } 3. Nf3 { [%clk 0:09:53] } 3... Nf6
{ [%clk 0:09:56] } 4. Bc4 { [%clk 0:09:52] } 4... h6 { [%clk 0:09:53] } 5. d3
{ [%clk 0:09:50] } 5... Bc5 { [%clk 0:09:47] } 6. h3 { [%clk 0:09:48] } 6...
O-O { [%clk 0:09:45] } 7. Qe2 { [%clk 0:09:45] } 7... a6 { [%clk 0:09:39] } 8.
Be3 { [%clk 0:09:41] } 8... Ba7 { [%clk 0:09:36] } 9. a3 { [%clk 0:09:39] }
9... b5 { [%clk 0:09:34] } 10. Bd5 { [%clk 0:09:19] } 10... Bb7
{ [%clk 0:09:32] } 11. Bxc6 { [%clk 0:09:15] } 11... Bxc6 { [%clk 0:09:30] }
12. Nxe5 { [%clk 0:09:14] } 12... Bb7 { [%clk 0:09:28] } 13. O-O
{ [%clk 0:09:11] } 13... Re8 { [%clk 0:09:17] } 14. Nf3 { [%clk 0:08:59] }
14... d6 { [%clk 0:09:12] } 15. Bxa7 { [%clk 0:08:47] } 15... Rxa7
{ [%clk 0:09:11] } 16. Rfe1 { [%clk 0:08:46] } 16... c5 { [%clk 0:09:05] } 17.
Qd2 { [%clk 0:08:25] } 17... Qb8 { [%clk 0:08:36] } 18. Ne2 { [%clk 0:07:46] }
18... Nd7 { [%clk 0:08:28] } 19. Ng3 { [%clk 0:07:30] } 19... d5
{ [%clk 0:07:56] } 20. exd5 { [%clk 0:07:05] } 20... Bxd5 { [%clk 0:07:53] }
21. Rxe8+ { [%clk 0:06:59] } 21... Qxe8 { [%clk 0:07:51] } 22. Re1
{ [%clk 0:06:50] } 22... Qa8 { [%clk 0:07:45] } 23. Ne5 { [%clk 0:06:41] }
23... Bxg2 { [%clk 0:07:18] } 24. Qf4 { [%clk 0:06:37] } 24... Nf6
{ [%clk 0:07:03] } 25. f3 { [%clk 0:06:02] } 25... Bxh3 { [%clk 0:06:51] } 26.
Re2 { [%clk 0:05:56] } 26... Be6 { [%clk 0:06:43] } 27. Rg2 { [%clk 0:05:50] }
27... Kh7 { [%clk 0:06:15] } 28. Nf5 { [%clk 0:05:40] } 28... Bxf5
{ [%clk 0:05:58] } 29. Qxf5+ { [%clk 0:05:39] } 29... g6 { [%clk 0:05:57] } 30.
Qxf6 { [%clk 0:05:33] } 30... Qb7 { [%clk 0:05:36] } 31. Nxg6
{ [%clk 0:05:29] } 31... fxg6 { [%clk 0:05:33] } 32. Qxg6+ { [%clk 0:05:27] }
32... Kh8 { [%clk 0:05:31] } 33. Qxh6+ { [%clk 0:05:23] } 33... Qh7
{ [%clk 0:05:29] } 34. Qf8+ { [%clk 0:05:18] } 1-0"
Rated Rapid game,https://lichess.org/Pjj1NlrW,2024.08.01,-,toyoyo19000000000,vicking12345,1-0,2024.08.01,08:44:57,1500,1181,,,B00,"Nimzowitsch Defense: Scandinavian Variation, Bogoljubow Variation",600+0,Normal,"1. d4 { [%eval 0.16] [%clk 0:10:00] } 1... d5 { [%eval 0.23] [%clk 0:10:00] }
2. Nc3 { [%eval -0.08] [%clk 0:09:50] } 2... Nc6
{ [%eval 0.16] [%clk 0:09:48] } 3. e4 { [%eval 0.1] [%clk 0:09:44] } 3... dxe4
{ [%eval 0.15] [%clk 0:09:44] } 4. Nxe4 $6 { [%eval -0.71] [%clk 0:09:43] }
4... Nxd4 { [%eval -0.35] [%clk 0:09:36] } 5. c3
{ [%eval -0.82] [%clk 0:09:35] } 5... Nc6 { [%eval -0.83] [%clk 0:09:11] } 6.
Qxd8+ { [%eval -0.69] [%clk 0:09:33] } 6... Nxd8
{ [%eval -0.92] [%clk 0:09:08] } 7. Bb5+ { [%eval -1.07] [%clk 0:09:28] } 7...
c6 { [%eval -0.96] [%clk 0:09:05] } 8. Ba4 { [%eval -1.06] [%clk 0:09:20] }
8... b5 $6 { [%eval -0.31] [%clk 0:09:03] } 9. Bb3
{ [%eval -0.73] [%clk 0:09:17] } 9... Bf5 { [%eval -0.67] [%clk 0:09:00] } 10.
f3 { [%eval -0.82] [%clk 0:09:13] } 10... Bxe4 { [%eval -0.42] [%clk 0:08:56] }
11. fxe4 { [%eval -0.36] [%clk 0:09:12] } 11... Ne6 $2
{ [%eval 0.71] [%clk 0:08:55] } 12. Nf3 { [%eval 0.22] [%clk 0:09:07] } 12...
c5 $4 { [%eval 3.4] [%clk 0:08:48] } 13. O-O $2 { [%eval 1.81] [%clk 0:09:01] }
13... b4 $4 { [%eval 6.27] [%clk 0:08:47] } 14. cxb4
{ [%eval 5.07] [%clk 0:08:57] } 14... cxb4 { [%eval 5.75] [%clk 0:08:44] } 15.
a3 $2 { [%eval 3.68] [%clk 0:08:52] } 15... Nc5 { [%eval 3.68] [%clk 0:08:39] }
16. Bc2 $4 { [%eval 0.39] [%clk 0:08:36] } 16... bxa3 $2
{ [%eval 3.19] [%clk 0:08:31] } 17. bxa3 $4 { [%eval -0.04] [%clk 0:08:34] }
17... Rc8 $2 { [%eval 2.6] [%clk 0:08:13] } 18. Be3
{ [%eval 2.59] [%clk 0:08:25] } 18... Ne6 $4 { [%eval #14] [%clk 0:07:51] } 19.
Ba4+ { [%eval 19.58] [%clk 0:08:23] } 19... Kd8 $6
{ [%eval #5] [%clk 0:07:45] } 20. Rfd1+ { [%eval #4] [%clk 0:08:21] } 20... Kc7
{ [%eval #3] [%clk 0:07:40] } 21. Rac1+ { [%eval #11] [%clk 0:08:19] } 21...
Kb8 { [%eval #6] [%clk 0:07:39] } 22. Rd2 $4 { [%eval -3.51] [%clk 0:08:10] }
22... Nf6 $4 { [%eval #2] [%clk 0:07:29] } 23. Rdc2 $4
{ [%eval 1.73] [%clk 0:08:08] } 23... Rxc2 { [%eval 1.62] [%clk 0:07:21] } 24.
Rxc2 { [%eval 1.67] [%clk 0:08:07] } 24... Nxe4 $2
{ [%eval 3.6] [%clk 0:07:17] } 25. Rc4 $2 { [%eval 1.37] [%clk 0:07:21] } 25...
Nd6 { [%eval 1.41] [%clk 0:06:57] } 26. Rb4+ { [%eval 1.7] [%clk 0:07:08] }
26... Kc8 { [%eval 1.67] [%clk 0:06:49] } 27. Bxa7
{ [%eval 1.33] [%clk 0:06:40] } 27... Nf4 $4 { [%eval 4.69] [%clk 0:06:41] }
28. Rxf4 { [%eval 4.43] [%clk 0:06:25] } 28... e5
{ [%eval 5.15] [%clk 0:06:11] } 29. Rb4 { [%eval 4.72] [%clk 0:06:12] } 29...
Ne4 { [%eval 5.82] [%clk 0:05:47] } 30. Rxe4 { [%eval 6.02] [%clk 0:06:06] }
30... Bxa3 { [%eval 6.1] [%clk 0:05:41] } 1-0"
Rated Rapid game,https://lichess.org/N0Py7N5J,2024.08.01,-,ChickenYumYum,opza,1-0,2024.08.01,08:44:57,1996,1915,,,C02,"French Defense: Advance Variation, Milner-Barry Gambit",600+0,Normal,"1. e4 { [%eval 0.15] [%clk 0:10:00] } 1... e6 { [%eval 0.25] [%clk 0:10:00] }
2. d4 { [%eval 0.3] [%clk 0:09:59] } 2... d5 { [%eval 0.31] [%clk 0:09:59] } 3.
e5 { [%eval 0.25] [%clk 0:09:58] } 3... c5 { [%eval 0.24] [%clk 0:09:58] } 4.
c3 { [%eval 0.28] [%clk 0:09:57] } 4... Nc6 { [%eval 0.22] [%clk 0:09:57] } 5.
Nf3 { [%eval 0.13] [%clk 0:09:55] } 5... Qb6 { [%eval 0.28] [%clk 0:09:56] } 6.
Bd3 { [%eval 0.0] [%clk 0:09:55] } 6... Bd7 { [%eval 0.39] [%clk 0:09:54] } 7.
O-O { [%eval 0.0] [%clk 0:09:54] } 7... cxd4 { [%eval 0.04] [%clk 0:09:48] } 8.
cxd4 { [%eval -0.03] [%clk 0:09:54] } 8... Nb4 $6
{ [%eval 0.87] [%clk 0:09:05] } 9. Nc3 $6 { [%eval 0.15] [%clk 0:09:21] } 9...
Nxd3 { [%eval 0.28] [%clk 0:09:03] } 10. Qxd3 { [%eval 0.18] [%clk 0:09:21] }
10... Bb4 { [%eval 0.52] [%clk 0:08:48] } 11. a3
{ [%eval 0.51] [%clk 0:08:56] } 11... Bxc3 { [%eval 0.44] [%clk 0:08:45] } 12.
Qxc3 { [%eval 0.45] [%clk 0:08:18] } 12... Rc8 { [%eval 0.41] [%clk 0:08:41] }
13. Qd3 $4 { [%eval -2.71] [%clk 0:08:17] } 13... Ne7 $2
{ [%eval 0.17] [%clk 0:08:40] } 14. b4 $4 { [%eval -3.5] [%clk 0:08:15] } 14...
O-O $4 { [%eval -0.35] [%clk 0:08:37] } 15. Bb2 $4
{ [%eval -3.83] [%clk 0:08:10] } 15... Rc7 $4 { [%eval -0.39] [%clk 0:08:33] }
16. Rac1 $4 { [%eval -3.8] [%clk 0:08:09] } 16... Rfc8 $4
{ [%eval -0.21] [%clk 0:08:22] } 17. Rxc7 { [%eval -0.51] [%clk 0:08:06] }
17... Rxc7 { [%eval -0.45] [%clk 0:08:22] } 18. Rc1
{ [%eval -0.43] [%clk 0:08:04] } 18... Rxc1+ { [%eval -0.34] [%clk 0:08:19] }
19. Bxc1 { [%eval -0.33] [%clk 0:08:04] } 19... Bb5
{ [%eval -0.36] [%clk 0:08:07] } 20. Qc3 { [%eval -0.44] [%clk 0:07:48] } 20...
Bc4 { [%eval -0.34] [%clk 0:07:57] } 21. Nd2 { [%eval -0.76] [%clk 0:07:25] }
21... Qc6 { [%eval -0.72] [%clk 0:07:39] } 22. Nxc4 $2
{ [%eval -2.38] [%clk 0:07:22] } 22... Qxc4 $6 { [%eval -1.58] [%clk 0:07:37] }
23. Qxc4 $6 { [%eval -2.45] [%clk 0:07:17] } 23... dxc4
{ [%eval -2.3] [%clk 0:07:37] } 24. b5 { [%eval -2.35] [%clk 0:07:06] } 24...
Nd5 { [%eval -2.27] [%clk 0:07:03] } 25. Bb2 { [%eval -2.34] [%clk 0:06:10] }
25... Kf8 { [%eval -2.41] [%clk 0:06:05] } 26. Kf1
{ [%eval -2.44] [%clk 0:06:09] } 26... Ke8 { [%eval -2.35] [%clk 0:06:04] } 27.
Ke1 { [%eval -2.41] [%clk 0:06:01] } 27... Nf4 $2
{ [%eval -1.13] [%clk 0:04:22] } 28. Kd2 { [%eval -1.3] [%clk 0:05:37] } 28...
Nxg2 { [%eval -0.89] [%clk 0:04:08] } 29. Kc3 { [%eval -1.12] [%clk 0:05:36] }
29... Kd7 { [%eval -0.66] [%clk 0:03:51] } 30. Kxc4
{ [%eval -0.7] [%clk 0:05:30] } 30... Nf4 $6 { [%eval 0.0] [%clk 0:03:38] } 31.
a4 { [%eval -0.01] [%clk 0:05:10] } 31... a6 { [%eval 0.0] [%clk 0:03:26] } 32.
bxa6 { [%eval 0.0] [%clk 0:04:18] } 32... bxa6 { [%eval 0.0] [%clk 0:03:23] }
33. Bc1 { [%eval 0.0] [%clk 0:04:10] } 33... Nd5 { [%eval 0.0] [%clk 0:03:05] }
34. f4 { [%eval -0.23] [%clk 0:03:56] } 34... Kc6
{ [%eval -0.33] [%clk 0:02:55] } 35. Bd2 { [%eval -0.36] [%clk 0:03:31] } 35...
f6 { [%eval -0.03] [%clk 0:02:43] } 36. h4 { [%eval -0.39] [%clk 0:03:23] }
36... f5 { [%eval 0.0] [%clk 0:02:38] } 37. h5 { [%eval 0.0] [%clk 0:03:10] }
37... g6 { [%eval 0.0] [%clk 0:02:37] } 38. hxg6 { [%eval 0.0] [%clk 0:03:07] }
38... hxg6 { [%eval 0.0] [%clk 0:02:37] } 39. a5 { [%eval 0.0] [%clk 0:02:53] }
39... Nc7 { [%eval 0.0] [%clk 0:02:26] } 40. Be3 { [%eval 0.0] [%clk 0:02:43] }
40... Nb5 { [%eval 0.0] [%clk 0:02:24] } 41. Bd2 { [%eval 0.0] [%clk 0:02:35] }
41... Na3+ { [%eval 0.0] [%clk 0:02:07] } 42. Kb3
{ [%eval 0.0] [%clk 0:02:33] } 42... Nb5 { [%eval 0.0] [%clk 0:02:05] } 43. Kc4
{ [%eval 0.0] [%clk 0:02:29] } 43... Kd7 $2 { [%eval 2.98] [%clk 0:01:53] } 44.
Kc5 { [%eval 2.44] [%clk 0:02:20] } 44... Kc7 $2
{ [%eval 3.99] [%clk 0:01:52] } 45. d5 { [%eval 3.85] [%clk 0:02:14] } 45...
exd5 { [%eval 5.2] [%clk 0:01:43] } 46. Kxd5 { [%eval 4.64] [%clk 0:02:14] }
46... Kd7 { [%eval 5.23] [%clk 0:01:39] } 47. e6+
{ [%eval 4.89] [%clk 0:02:08] } 47... Ke7 { [%eval 4.89] [%clk 0:01:38] } 48.
Bb4+ { [%eval 4.58] [%clk 0:02:06] } 48... Ke8 { [%eval 4.25] [%clk 0:01:28] }
49. e7 $4 { [%eval 0.09] [%clk 0:02:00] } 49... Nc7+ $4
{ [%eval 5.49] [%clk 0:01:21] } 50. Ke5 $4 { [%eval 0.12] [%clk 0:01:53] }
50... Kf7 $4 { [%eval 8.75] [%clk 0:01:09] } 51. Kd6
{ [%eval 8.57] [%clk 0:01:33] } 51... Ne8+ { [%eval 8.42] [%clk 0:01:08] } 52.
Kd7 { [%eval 8.14] [%clk 0:01:33] } 52... Nf6+ { [%eval 7.8] [%clk 0:00:50] }
53. Kd8 { [%eval 10.52] [%clk 0:01:26] } 53... g5 $6
{ [%eval #13] [%clk 0:00:45] } 54. fxg5 { [%eval #12] [%clk 0:01:25] } 54...
Ne8 { [%eval #13] [%clk 0:00:41] } 55. g6+ { [%eval #21] [%clk 0:01:19] } 1-0"
Rated Rapid game,https://lichess.org/J0LyyuuS,2024.08.01,-,tamtamirci,qoinchgorc,1-0,2024.08.01,08:44:57,1398,1498,,,A01,Nimzo-Larsen Attack: Indian Variation,600+0,Normal,"1. b3 { [%clk 0:10:00] } 1... Nf6 { [%clk 0:10:00] } 2. Bb2 { [%clk 0:10:00] }
2... d5 { [%clk 0:09:44] } 3. e3 { [%clk 0:10:00] } 3... Nc6 { [%clk 0:09:43] }
4. g3 { [%clk 0:09:53] } 4... e5 { [%clk 0:09:42] } 5. Nf3 { [%clk 0:09:43] }
5... Bd6 { [%clk 0:09:31] } 6. Nc3 { [%clk 0:09:40] } 6... O-O
{ [%clk 0:09:29] } 7. h4 { [%clk 0:09:38] } 7... Bg4 { [%clk 0:09:21] } 8. Be2
{ [%clk 0:09:36] } 8... Qd7 { [%clk 0:08:46] } 9. Ng5 { [%clk 0:09:28] } 9...
h6 { [%clk 0:08:22] } 10. Nb5 { [%clk 0:08:38] } 10... Bxe2 { [%clk 0:08:10] }
11. Qxe2 { [%clk 0:08:34] } 11... hxg5 { [%clk 0:08:06] } 12. hxg5
{ [%clk 0:08:32] } 12... Ne4 { [%clk 0:06:31] } 13. Qh5 { [%clk 0:08:23] }
13... Qf5 { [%clk 0:06:23] } 14. Qh8# { [%clk 0:08:18] } 1-0"
Rated Rapid game,https://lichess.org/S56ghh7z,2024.08.01,-,sepehrrrr,rezarezaalirezaalial,1-0,2024.08.01,08:44:57,2127,2173,,,A12,"Réti Opening: Anglo-Slav Variation, Bled Variation",600+0,Normal,"1. Nf3 { [%clk 0:10:00] } 1... d5 { [%clk 0:10:00] } 2. c4 { [%clk 0:09:57] }
2... c6 { [%clk 0:09:58] } 3. b3 { [%clk 0:09:52] } 3... Nf6 { [%clk 0:09:52] }
4. Bb2 { [%clk 0:09:48] } 4... g6 { [%clk 0:09:48] } 5. e3 { [%clk 0:09:44] }
5... Bg7 { [%clk 0:09:46] } 6. Be2 { [%clk 0:09:44] } 6... O-O
{ [%clk 0:09:44] } 7. d4 { [%clk 0:09:43] } 7... e6 { [%clk 0:09:38] } 8. O-O
{ [%clk 0:09:42] } 8... Nbd7 { [%clk 0:09:36] } 9. Nbd2 { [%clk 0:09:40] } 9...
b6 { [%clk 0:09:34] } 10. Qc2 { [%clk 0:09:39] } 10... Bb7 { [%clk 0:09:33] }
11. e4 { [%clk 0:09:36] } 11... dxe4 { [%clk 0:09:18] } 12. Nxe4
{ [%clk 0:09:36] } 12... Qc7 { [%clk 0:09:12] } 13. Rad1 { [%clk 0:09:18] }
13... Nxe4 { [%clk 0:09:04] } 14. Qxe4 { [%clk 0:09:16] } 14... c5
{ [%clk 0:09:04] } 15. Qc2 { [%clk 0:08:58] } 15... cxd4 { [%clk 0:08:57] } 16.
Bxd4 { [%clk 0:08:51] } 16... Nf6 { [%clk 0:08:49] } 17. Be5 { [%clk 0:08:38] }
17... Qc6 { [%clk 0:08:37] } 18. Rd6 { [%clk 0:08:31] } 18... Qc5
{ [%clk 0:08:35] } 19. Qb2 { [%clk 0:07:25] } 19... Bh6 { [%clk 0:07:22] } 20.
Rfd1 { [%clk 0:07:17] } 20... Ne4 { [%clk 0:07:13] } 21. Rd7 { [%clk 0:06:41] }
21... Nxf2 { [%clk 0:07:09] } 22. Bd4 { [%clk 0:05:48] } 22... Nxd1
{ [%clk 0:07:01] } 23. Bxc5 { [%clk 0:05:47] } 23... Nxb2 { [%clk 0:06:57] }
24. Bxf8 { [%clk 0:05:46] } 24... Be3+ { [%clk 0:06:53] } 25. Kf1
{ [%clk 0:05:36] } 25... Bxf3 { [%clk 0:06:46] } 26. Bxf3 { [%clk 0:05:05] }
26... Rxf8 { [%clk 0:06:43] } 27. Ke2 { [%clk 0:05:02] } 27... Bc5
{ [%clk 0:06:37] } 28. Rd2 { [%clk 0:04:43] } 28... Ba3 { [%clk 0:06:10] } 29.
Rd7 { [%clk 0:04:13] } 29... a5 { [%clk 0:05:56] } 30. Kd2 { [%clk 0:04:03] }
30... Rb8 { [%clk 0:04:59] } 31. Kc2 { [%clk 0:03:59] } 31... b5
{ [%clk 0:04:51] } 32. c5 { [%clk 0:03:33] } 32... a4 { [%clk 0:04:16] } 33. c6
{ [%clk 0:03:28] } 33... axb3+ { [%clk 0:04:09] } 34. Kxb3 { [%clk 0:03:22] }
34... Nc4 { [%clk 0:04:04] } 35. c7 { [%clk 0:03:11] } 35... Na5+
{ [%clk 0:03:07] } 36. Kxa3 { [%clk 0:03:03] } 36... b4+ { [%clk 0:02:59] } 37.
Ka4 { [%clk 0:02:58] } 37... Nc6 { [%clk 0:02:37] } 38. cxb8=Q+
{ [%clk 0:02:54] } 38... Nxb8 { [%clk 0:02:37] } 39. Rd8+ { [%clk 0:02:53] }
39... Kg7 { [%clk 0:02:35] } 40. Rxb8 { [%clk 0:02:53] } 40... e5
{ [%clk 0:02:35] } 41. Kxb4 { [%clk 0:02:49] } 41... f5 { [%clk 0:02:34] } 42.
a4 { [%clk 0:02:48] } 42... e4 { [%clk 0:02:34] } 43. Be2 { [%clk 0:02:47] }
43... f4 { [%clk 0:02:33] } 44. a5 { [%clk 0:02:46] } 44... Kf6
{ [%clk 0:02:33] } 45. a6 { [%clk 0:02:45] } 45... g5 { [%clk 0:02:31] } 46. a7
{ [%clk 0:02:44] } 46... h5 { [%clk 0:02:30] } 47. a8=Q { [%clk 0:02:43] }
47... g4 { [%clk 0:02:30] } 48. Qxe4 { [%clk 0:02:42] } 1-0"
Rated Rapid game,https://lichess.org/qwq2GRig,2024.08.01,-,Crazylolo,vahab8330,1-0,2024.08.01,08:44:57,1139,1060,,,C48,"Four Knights Game: Spanish Variation, Classical Variation",600+0,Normal,"1. e4 { [%clk 0:10:00] } 1... e5 { [%clk 0:10:00] } 2. Nc3 { [%clk 0:09:58] }
2... Bc5 { [%clk 0:09:57] } 3. Nf3 { [%clk 0:09:51] } 3... Nc6
{ [%clk 0:09:55] } 4. Bb5 { [%clk 0:09:43] } 4... Nf6 { [%clk 0:09:53] } 5. Nd5
{ [%clk 0:09:35] } 5... Nxe4 { [%clk 0:09:31] } 6. d3 { [%clk 0:09:13] } 6...
Nxf2 { [%clk 0:09:27] } 7. Qe2 { [%clk 0:09:07] } 7... Nxh1 { [%clk 0:09:24] }
8. Bg5 { [%clk 0:08:50] } 8... f6 { [%clk 0:09:21] } 9. Nxf6+
{ [%clk 0:08:40] } 9... gxf6 { [%clk 0:09:19] } 10. Bxc6 { [%clk 0:08:34] }
10... dxc6 { [%clk 0:09:10] } 11. d4 { [%clk 0:08:25] } 11... Bb4+
{ [%clk 0:08:51] } 12. c3 { [%clk 0:08:22] } 12... Bd6 { [%clk 0:08:38] } 13.
dxe5 { [%clk 0:08:17] } 13... fxe5 { [%clk 0:08:23] } 14. Bxd8
{ [%clk 0:08:12] } 14... e4 { [%clk 0:08:21] } 15. Qxe4+ { [%clk 0:08:07] } 1-0"
Rated Rapid game,https://lichess.org/y6jFGes8,2024.08.01,-,KszaqENS,NECK_REG_EL_PCL,1-0,2024.08.01,08:44:57,2082,2102,,,B00,Pirc Defense,600+0,Normal,"1. e4 { [%clk 0:10:00] } 1... d6 { [%clk 0:10:00] } 2. d4 { [%clk 0:09:58] }
2... Nf6 { [%clk 0:09:58] } 3. Bd3 { [%clk 0:09:55] } 3... g6
{ [%clk 0:09:55] } 4. f4 { [%clk 0:09:53] } 4... Bg7 { [%clk 0:09:53] } 5. Nf3
{ [%clk 0:09:51] } 5... O-O { [%clk 0:09:51] } 6. O-O { [%clk 0:09:48] } 6...
Nbd7 { [%clk 0:09:29] } 7. c4 { [%clk 0:09:44] } 7... c6 { [%clk 0:09:02] } 8.
Nc3 { [%clk 0:09:38] } 8... e5 { [%clk 0:08:56] } 9. fxe5 { [%clk 0:09:35] }
9... dxe5 { [%clk 0:08:54] } 10. dxe5 { [%clk 0:09:31] } 10... Nxe5
{ [%clk 0:08:41] } 11. Nxe5 { [%clk 0:09:28] } 11... Qd4+ { [%clk 0:08:39] }
12. Kh1 { [%clk 0:09:22] } 12... Qxe5 { [%clk 0:08:38] } 13. Qf3
{ [%clk 0:09:18] } 13... Bg4 { [%clk 0:08:29] } 14. Qf4 { [%clk 0:09:13] }
14... Qxf4 { [%clk 0:07:39] } 15. Rxf4 { [%clk 0:09:11] } 15... Rad8
{ [%clk 0:07:15] } 16. Bc2 { [%clk 0:08:59] } 16... Be6 { [%clk 0:07:07] } 17.
b3 { [%clk 0:08:50] } 17... Nh5 { [%clk 0:07:02] } 18. Rf3 { [%clk 0:08:44] }
18... Bg4 { [%clk 0:06:53] } 19. Re3 { [%clk 0:08:33] } 19... Bd4
{ [%clk 0:06:28] } 20. Rd3 { [%clk 0:08:31] } 20... Nf4 { [%clk 0:06:22] } 21.
Rxd4 { [%clk 0:08:17] } 21... Rxd4 { [%clk 0:06:20] } 22. Bxf4
{ [%clk 0:08:16] } 22... Rfd8 { [%clk 0:06:08] } 23. h3 { [%clk 0:08:13] }
23... Be6 { [%clk 0:05:59] } 24. Be3 { [%clk 0:08:06] } 24... R4d7
{ [%clk 0:05:20] } 25. e5 { [%clk 0:07:57] } 25... b6 { [%clk 0:05:13] } 26.
Ne4 { [%clk 0:07:54] } 26... Kg7 { [%clk 0:05:08] } 27. Nf6 { [%clk 0:07:46] }
27... Rc7 { [%clk 0:04:51] } 28. Rd1 { [%clk 0:07:43] } 28... Rxd1+
{ [%clk 0:04:49] } 29. Bxd1 { [%clk 0:07:42] } 29... b5 { [%clk 0:04:46] } 30.
cxb5 { [%clk 0:07:34] } 30... cxb5 { [%clk 0:04:44] } 31. Ne8+
{ [%clk 0:07:29] } 1-0"
Rated Rapid tournament https://lichess.org/tournament/hfavrWA4,https://lichess.org/W0L7k6aR,2024.08.01,-,Johenri,Behradchess1395,1-0,2024.08.01,08:44:59,1388,1415,,,D50,Queen's Gambit Declined: Modern Variation,600+0,Normal,"1. d4 { [%clk 0:10:00] } 1... d5 { [%clk 0:10:00] } 2. c4 { [%clk 0:09:56] }
2... e6 { [%clk 0:09:57] } 3. Nc3 { [%clk 0:09:49] } 3... Nf6
{ [%clk 0:09:53] } 4. Bg5 { [%clk 0:09:43] } 4... h6 { [%clk 0:09:51] } 5. Bh4
{ [%clk 0:09:41] } 5... Be7 { [%clk 0:09:46] } 6. e3 { [%clk 0:09:38] } 6...
Nc6 { [%clk 0:09:41] } 7. Bd3 { [%clk 0:09:26] } 7... O-O { [%clk 0:09:38] } 8.
Nf3 { [%clk 0:09:24] } 8... Bd7 { [%clk 0:09:32] } 9. O-O { [%clk 0:09:16] }
9... Nh5 { [%clk 0:09:25] } 10. Bxe7 { [%clk 0:09:13] } 10... Qxe7
{ [%clk 0:09:23] } 11. cxd5 { [%clk 0:09:11] } 11... exd5 { [%clk 0:09:20] }
12. Nxd5 { [%clk 0:09:10] } 12... Qd8 { [%clk 0:08:59] } 13. b4
{ [%clk 0:08:41] } 13... Nf6 { [%clk 0:08:54] } 14. Nf4 { [%clk 0:08:23] }
14... Bg4 { [%clk 0:08:49] } 15. Re1 { [%clk 0:07:47] } 15... Re8
{ [%clk 0:08:43] } 16. h3 { [%clk 0:07:27] } 16... Bh5 { [%clk 0:08:41] } 17.
e4 { [%clk 0:07:12] } 17... Nxd4 { [%clk 0:08:34] } 18. Nxh5 { [%clk 0:06:55] }
18... Nxh5 { [%clk 0:08:26] } 19. Nxd4 { [%clk 0:06:30] } 19... Qxd4
{ [%clk 0:08:23] } 20. Re3 { [%clk 0:06:11] } 20... f5 { [%clk 0:07:52] } 21.
Qxh5 { [%clk 0:06:04] } 21... Qxa1+ { [%clk 0:07:45] } 22. Kh2
{ [%clk 0:05:55] } 22... fxe4 { [%clk 0:07:36] } 23. Bxe4 { [%clk 0:05:47] }
23... Qc1 { [%clk 0:07:28] } 24. Bh7+ { [%clk 0:05:42] } 24... Kxh7
{ [%clk 0:07:25] } 25. Rxe8 { [%clk 0:05:40] } 25... Rxe8 { [%clk 0:07:24] }
26. Qxe8 { [%clk 0:05:39] } 26... Qf4+ { [%clk 0:07:20] } 27. g3
{ [%clk 0:05:30] } 27... Qxf2+ { [%clk 0:07:16] } 28. Kh1 { [%clk 0:05:24] }
28... Qxg3 { [%clk 0:07:10] } 29. Qe4+ { [%clk 0:05:17] } 29... Kg8
{ [%clk 0:07:03] } 30. Qxb7 { [%clk 0:05:12] } 30... Qxh3+ { [%clk 0:06:53] }
31. Kg1 { [%clk 0:05:10] } 31... Qg4+ { [%clk 0:06:40] } 32. Kf2
{ [%clk 0:05:03] } 32... h5 { [%clk 0:06:31] } 33. Qxa7 { [%clk 0:04:55] }
33... Qxb4 { [%clk 0:06:24] } 34. Qxc7 { [%clk 0:04:44] } 34... h4
{ [%clk 0:06:05] } 35. Kf3 { [%clk 0:04:29] } 35... Qf8+ { [%clk 0:05:53] } 36.
Kg4 { [%clk 0:04:21] } 36... g5 { [%clk 0:05:46] } 37. Kxg5 { [%clk 0:04:11] }
37... h3 { [%clk 0:05:44] } 38. Kg6 { [%clk 0:04:00] } 38... Kh8
{ [%clk 0:05:22] } 39. Qh7# { [%clk 0:03:57] } 1-0"
Rated Rapid tournament https://lichess.org/tournament/hfavrWA4,https://lichess.org/AHNS84zL,2024.08.01,-,Marchemort,Gauravbro,0-1,2024.08.01,08:44:59,1144,1368,,,C44,Scotch Game: Lolli Variation,600+0,Normal,"1. e4 { [%eval 0.15] [%clk 0:10:00] } 1... e5 { [%eval 0.21] [%clk 0:10:00] }
2. Nf3 { [%eval 0.11] [%clk 0:09:59] } 2... Nc6 { [%eval 0.19] [%clk 0:09:56] }
3. d4 { [%eval 0.09] [%clk 0:09:58] } 3... exd4 { [%eval 0.13] [%clk 0:09:54] }
4. Nxd4 { [%eval 0.06] [%clk 0:09:57] } 4... Nxd4 $6
{ [%eval 0.64] [%clk 0:09:54] } 5. Qxd4 { [%eval 0.45] [%clk 0:09:56] } 5... d6
{ [%eval 0.91] [%clk 0:09:51] } 6. Nc3 { [%eval 0.87] [%clk 0:09:33] } 6... Be7
$2 { [%eval 2.26] [%clk 0:09:49] } 7. Qxg7 { [%eval 2.13] [%clk 0:09:26] } 7...
Bf6 { [%eval 2.14] [%clk 0:09:45] } 8. Qg3 { [%eval 2.57] [%clk 0:09:04] } 8...
Be5 $6 { [%eval 3.32] [%clk 0:09:06] } 9. f4 { [%eval 3.21] [%clk 0:08:50] }
9... Bxc3+ { [%eval 3.67] [%clk 0:09:04] } 10. bxc3 $2
{ [%eval 2.16] [%clk 0:08:48] } 10... Qe7 { [%eval 2.07] [%clk 0:09:02] } 11.
Bd3 { [%eval 1.92] [%clk 0:08:23] } 11... Bf5 $2
{ [%eval 3.22] [%clk 0:08:58] } 12. Qf3 $2 { [%eval 1.24] [%clk 0:07:52] }
12... Nf6 { [%eval 1.35] [%clk 0:08:55] } 13. e5
{ [%eval 1.38] [%clk 0:07:17] } 13... Bxd3 { [%eval 1.4] [%clk 0:08:52] } 14.
cxd3 { [%eval 1.27] [%clk 0:07:09] } 14... dxe5 { [%eval 1.55] [%clk 0:08:51] }
15. f5 $2 { [%eval -0.8] [%clk 0:06:49] } 15... O-O-O
{ [%eval -0.74] [%clk 0:08:47] } 16. Rb1 $2 { [%eval -1.98] [%clk 0:06:30] }
16... Qc5 $4 { [%eval 1.25] [%clk 0:08:46] } 17. Qxb7+
{ [%eval 1.16] [%clk 0:06:15] } 17... Kd7 { [%eval 1.16] [%clk 0:08:44] } 18.
Rb5 $2 { [%eval -0.15] [%clk 0:05:42] } 18... Qxc3+
{ [%eval -0.16] [%clk 0:08:42] } 19. Bd2 $6 { [%eval -0.99] [%clk 0:05:41] }
19... Qa1+ $4 { [%eval 4.48] [%clk 0:08:40] } 20. Ke2
{ [%eval 5.13] [%clk 0:05:26] } 20... Qxh1 { [%eval 4.82] [%clk 0:08:39] } 21.
Bg5 $4 { [%eval -7.37] [%clk 0:04:44] } 21... Rhg8 $4
{ [%eval 0.0] [%clk 0:08:36] } 22. h4 $4 { [%eval -4.85] [%clk 0:04:22] } 22...
Ke7 $4 { [%eval #8] [%clk 0:08:27] } 23. Qxc7+ { [%eval #7] [%clk 0:03:41] }
23... Rd7 { [%eval #3] [%clk 0:08:25] } 24. Bxf6+ { [%eval #2] [%clk 0:03:23] }
24... Kxf6 { [%eval #1] [%clk 0:08:23] } 25. Qxd7 $4
{ [%eval #-5] [%clk 0:02:16] } 25... Rxg2+ { [%eval #-4] [%clk 0:08:21] } 26.
Ke3 { [%eval #-2] [%clk 0:01:56] } 26... Qe1+ { [%eval #-1] [%clk 0:08:19] }
27. Kf3 { [%eval #-1] [%clk 0:01:53] } 27... Qe2# { [%clk 0:08:17] } 0-1"
Rated Rapid tournament https://lichess.org/tournament/hfavrWA4,https://lichess.org/jc5Zzkea,2024.08.01,-,tu-rex,raminm_v,0-1,2024.08.01,08:44:59,1354,1448,,,C44,"Scotch Game: Scotch Gambit, Cochrane-Anderssen Variation",600+0,Normal,"1. e4 { [%eval 0.15] [%clk 0:10:00] } 1... e5 { [%eval 0.21] [%clk 0:10:00] }
2. Nf3 { [%eval 0.11] [%clk 0:09:57] } 2... Nc6 { [%eval 0.19] [%clk 0:09:54] }
3. Bc4 { [%eval 0.14] [%clk 0:09:48] } 3... Bc5 { [%eval 0.13] [%clk 0:09:25] }
4. c3 { [%eval 0.07] [%clk 0:09:46] } 4... d6 { [%eval 0.52] [%clk 0:09:23] }
5. O-O { [%eval 0.18] [%clk 0:09:39] } 5... Bg4 { [%eval 0.38] [%clk 0:09:21] }
6. d4 $6 { [%eval -0.31] [%clk 0:09:35] } 6... exd4
{ [%eval -0.1] [%clk 0:09:18] } 7. cxd4 { [%eval -0.41] [%clk 0:09:33] } 7...
Bb6 $6 { [%eval 0.41] [%clk 0:09:17] } 8. d5 { [%eval 0.04] [%clk 0:09:30] }
8... Ne5 { [%eval 0.23] [%clk 0:09:15] } 9. h3 $4
{ [%eval -3.69] [%clk 0:09:23] } 9... Bxf3 { [%eval -3.16] [%clk 0:09:12] } 10.
gxf3 { [%eval -2.95] [%clk 0:09:20] } 10... Qh4
{ [%eval -2.43] [%clk 0:09:09] } 11. Bb5+ $2 { [%eval -4.24] [%clk 0:09:14] }
11... Ke7 $2 { [%eval -2.1] [%clk 0:09:06] } 12. Bf4 $4
{ [%eval -6.78] [%clk 0:09:02] } 12... Qxf4 { [%eval -6.74] [%clk 0:09:02] }
0-1"
Rated Rapid tournament https://lichess.org/tournament/hfavrWA4,https://lichess.org/az952BJW,2024.08.01,-,vekont,Ainesh23,1-0,2024.08.01,08:44:59,1388,1265,,,C44,Scotch Game: Haxo Gambit,600+0,Normal,"1. e4 { [%clk 0:10:00] } 1... e5 { [%clk 0:10:00] } 2. Nf3 { [%clk 0:09:59] }
2... Nc6 { [%clk 0:09:58] } 3. d4 { [%clk 0:09:57] } 3... exd4
{ [%clk 0:09:57] } 4. Bc4 { [%clk 0:09:55] } 4... Bc5 { [%clk 0:09:55] } 5. c3
{ [%clk 0:09:49] } 5... dxc3 { [%clk 0:09:52] } 6. Bxf7+ { [%clk 0:09:45] }
6... Kxf7 { [%clk 0:09:47] } 7. Qd5+ { [%clk 0:09:44] } 7... Ke8
{ [%clk 0:09:44] } 8. Qxc5 { [%clk 0:09:42] } 8... d6 { [%clk 0:09:40] } 9.
Qxc3 { [%clk 0:09:15] } 9... Nf6 { [%clk 0:09:31] } 10. Bg5 { [%clk 0:09:00] }
10... Nxe4 { [%clk 0:09:24] } 11. Qxg7 { [%clk 0:08:28] } 11... Nxg5
{ [%clk 0:09:11] } 12. Qxh8+ { [%clk 0:08:26] } 12... Kd7 { [%clk 0:09:05] }
13. Qg7+ { [%clk 0:08:17] } 13... Qe7+ { [%clk 0:09:01] } 14. Qxe7+
{ [%clk 0:08:13] } 14... Kxe7 { [%clk 0:08:59] } 15. Nxg5 { [%clk 0:08:12] }
15... Nb4 { [%clk 0:08:57] } 16. Na3 { [%clk 0:08:02] } 16... Be6
{ [%clk 0:08:52] } 17. O-O { [%clk 0:08:01] } 1-0"
Rated Rapid tournament https://lichess.org/tournament/hfavrWA4,https://lichess.org/BDYPsJpN,2024.08.01,-,kuznecovdan12,Dmitr1977,1/2-1/2,2024.08.01,08:44:59,1191,1215,,,C40,King's Pawn Game: Damiano Defense,600+0,Normal,"1. e4 { [%clk 0:10:00] } 1... e5 { [%clk 0:10:00] } 2. Nf3 { [%clk 0:09:58] }
2... f6 { [%clk 0:09:58] } 3. Nxe5 { [%clk 0:09:51] } 3... fxe5
{ [%clk 0:09:57] } 4. Qh5+ { [%clk 0:09:43] } 4... g6 { [%clk 0:09:52] } 5.
Qxe5+ { [%clk 0:09:39] } 5... Ne7 { [%clk 0:09:50] } 6. Qxh8 { [%clk 0:09:36] }
6... d5 { [%clk 0:09:43] } 7. exd5 { [%clk 0:09:25] } 7... Nxd5
{ [%clk 0:09:42] } 8. Qxh7 { [%clk 0:09:01] } 8... Nc6 { [%clk 0:09:33] } 9.
Qxg6+ { [%clk 0:08:39] } 9... Kd7 { [%clk 0:09:32] } 10. Qf7+
{ [%clk 0:08:01] } 10... Nce7 { [%clk 0:09:28] } 11. Bb5+ { [%clk 0:07:49] }
11... c6 { [%clk 0:09:26] } 12. Bc4 { [%clk 0:07:43] } 12... Qe8
{ [%clk 0:09:22] } 13. Qxe8+ { [%clk 0:07:38] } 13... Kxe8 { [%clk 0:09:20] }
14. Bxd5 { [%clk 0:07:35] } 14... cxd5 { [%clk 0:09:17] } 15. O-O
{ [%clk 0:07:24] } 15... Bf5 { [%clk 0:09:08] } 16. d3 { [%clk 0:07:15] } 16...
Rc8 { [%clk 0:09:05] } 17. Nc3 { [%clk 0:06:59] } 17... d4 { [%clk 0:09:02] }
18. Nb5 { [%clk 0:06:38] } 18... a6 { [%clk 0:08:56] } 19. Nxd4
{ [%clk 0:06:26] } 19... Bg7 { [%clk 0:08:45] } 20. Nxf5 { [%clk 0:06:03] }
20... Nxf5 { [%clk 0:08:43] } 21. Re1+ { [%clk 0:05:49] } 21... Kf7
{ [%clk 0:08:41] } 22. c3 { [%clk 0:05:43] } 22... b5 { [%clk 0:08:36] } 23.
Bf4 { [%clk 0:05:31] } 23... b4 { [%clk 0:08:27] } 24. Rac1 { [%clk 0:05:10] }
24... bxc3 { [%clk 0:08:25] } 25. Rxc3 { [%clk 0:05:06] } 25... Bxc3
{ [%clk 0:08:23] } 26. bxc3 { [%clk 0:04:57] } 26... Rxc3 { [%clk 0:08:21] }
27. f3 { [%clk 0:03:17] } 27... Rxd3 { [%clk 0:08:16] } 28. Re5
{ [%clk 0:03:10] } 28... Rd1+ { [%clk 0:08:02] } 29. Kf2 { [%clk 0:03:04] }
29... Nd4 { [%clk 0:07:48] } 30. Rd5 { [%clk 0:02:49] } 30... Ke6
{ [%clk 0:07:42] } 31. Rd6+ { [%clk 0:02:41] } 31... Kf5 { [%clk 0:07:40] } 32.
Be3 { [%clk 0:02:13] } 32... Ke5 { [%clk 0:06:59] } 33. Rxd4 { [%clk 0:01:02] }
33... Rxd4 { [%clk 0:06:56] } 34. Bxd4+ { [%clk 0:01:00] } 34... Kxd4
{ [%clk 0:06:55] } 35. g4 { [%clk 0:00:46] } 35... Ke5 { [%clk 0:06:53] } 36.
Kg3 { [%clk 0:00:43] } 36... Kf6 { [%clk 0:06:52] } 37. h4 { [%clk 0:00:41] }
37... a5 { [%clk 0:06:51] } 38. h5 { [%clk 0:00:40] } 38... Kg5
{ [%clk 0:06:49] } 39. f4+ { [%clk 0:00:38] } 39... Kh6 { [%clk 0:06:47] } 40.
Kh4 { [%clk 0:00:32] } 40... a4 { [%clk 0:06:45] } 41. g5+ { [%clk 0:00:30] }
41... Kg7 { [%clk 0:06:43] } 42. h6+ { [%clk 0:00:28] } 42... Kg6
{ [%clk 0:06:42] } 43. Kg4 { [%clk 0:00:25] } 43... a3 { [%clk 0:06:37] } 44.
f5+ { [%clk 0:00:25] } 44... Kh7 { [%clk 0:06:36] } 45. Kh5 { [%clk 0:00:22] }
45... Kg8 { [%clk 0:06:34] } 46. g6 { [%clk 0:00:19] } 46... Kf8
{ [%clk 0:06:31] } 47. h7 { [%clk 0:00:18] } 47... Kg7 { [%clk 0:06:30] } 48.
Kg5 { [%clk 0:00:16] } 48... Kh8 { [%clk 0:06:28] } 49. f6 { [%clk 0:00:15] }
1/2-1/2"
Rated Rapid tournament https://lichess.org/tournament/hfavrWA4,https://lichess.org/soXYTZsL,2024.08.01,-,csk74,Bogdan_2a,0-1,2024.08.01,08:44:59,1170,1329,,,C22,Center Game: Normal Variation,600+0,Normal,"1. e4 { [%clk 0:10:00] } 1... e5 { [%clk 0:10:00] } 2. d4 { [%clk 0:09:57] }
2... exd4 { [%clk 0:09:58] } 3. Qxd4 { [%clk 0:09:51] } 3... Nc6
{ [%clk 0:09:57] } 4. Qd1 { [%clk 0:09:49] } 4... Nf6 { [%clk 0:09:54] } 5. Nc3
{ [%clk 0:09:46] } 5... Bc5 { [%clk 0:09:51] } 6. Be3 { [%clk 0:09:41] } 6...
Bxe3 { [%clk 0:09:48] } 7. fxe3 { [%clk 0:09:38] } 7... d6 { [%clk 0:09:48] }
8. Nf3 { [%clk 0:09:31] } 8... Be6 { [%clk 0:09:47] } 9. e5 { [%clk 0:09:29] }
9... dxe5 { [%clk 0:09:43] } 10. Bb5 { [%clk 0:09:25] } 10... e4
{ [%clk 0:09:37] } 11. Ne5 { [%clk 0:09:23] } 11... Qxd1+ { [%clk 0:08:51] }
12. Rxd1 { [%clk 0:09:21] } 12... Rc8 { [%clk 0:08:15] } 13. Bxc6+
{ [%clk 0:09:17] } 13... bxc6 { [%clk 0:08:11] } 14. Nxc6 { [%clk 0:09:16] }
14... Bg4 { [%clk 0:07:57] } 15. Nxa7 { [%clk 0:09:09] } 15... Rb8
{ [%clk 0:07:51] } 16. Rd4 { [%clk 0:09:01] } 16... Rxb2 { [%clk 0:07:32] } 17.
Nc6 { [%clk 0:08:56] } 17... O-O { [%clk 0:07:16] } 18. Nxe4 { [%clk 0:08:49] }
18... Nxe4 { [%clk 0:07:07] } 19. Rxe4 { [%clk 0:08:48] } 19... Rxc2
{ [%clk 0:07:06] } 20. Ne7+ { [%clk 0:08:46] } 20... Kh8 { [%clk 0:07:03] } 21.
Rxg4 { [%clk 0:08:45] } 21... Rc1+ { [%clk 0:07:01] } 22. Kf2
{ [%clk 0:08:40] } 22... Rxh1 { [%clk 0:07:00] } 23. h4 { [%clk 0:08:38] }
23... Re8 { [%clk 0:06:54] } 24. Nf5 { [%clk 0:08:33] } 24... g6
{ [%clk 0:06:49] } 25. Ng3 { [%clk 0:08:30] } 25... h5 { [%clk 0:06:49] } 26.
Rc4 { [%clk 0:08:27] } 26... Ra1 { [%clk 0:06:42] } 27. a4 { [%clk 0:08:24] }
27... Ra3 { [%clk 0:06:33] } 28. e4 { [%clk 0:08:21] } 28... Ra2+
{ [%clk 0:06:27] } 29. Kg1 { [%clk 0:08:19] } 29... Rd8 { [%clk 0:06:14] } 30.
Rxc7 { [%clk 0:08:17] } 30... Rd1+ { [%clk 0:06:12] } 31. Kh2
{ [%clk 0:08:15] } 31... Rdd2 { [%clk 0:06:10] } 32. Rxf7 { [%clk 0:08:01] }
32... Rxg2+ { [%clk 0:06:09] } 33. Kh1 { [%clk 0:07:57] } 33... Rh2+
{ [%clk 0:06:00] } 34. Kg1 { [%clk 0:07:55] } 34... Rag2+ { [%clk 0:05:59] }
35. Kf1 { [%clk 0:07:53] } 35... Rxg3 { [%clk 0:05:57] } 36. Rf8+
{ [%clk 0:07:47] } 36... Kg7 { [%clk 0:05:55] } 37. Rd8 { [%clk 0:07:43] }
37... Ra3 { [%clk 0:05:54] } 38. e5 { [%clk 0:07:41] } 38... Ra1+
{ [%clk 0:05:51] } 0-1"
Rated Rapid tournament https://lichess.org/tournament/hfavrWA4,https://lichess.org/hbznnsYq,2024.08.01,-,Koss_17,narma19,1-0,2024.08.01,08:44:59,856,1383,,,C23,Bishop's Opening,600+0,Time forfeit,"1. e4 { [%eval 0.15] [%clk 0:10:00] } 1... e5 { [%eval 0.21] [%clk 0:10:00] }
2. Bc4 { [%eval 0.05] [%clk 0:09:57] } 2... Nc6 { [%eval 0.18] [%clk 0:09:56] }
3. Qf3 { [%eval 0.0] [%clk 0:09:54] } 3... Nf6 { [%eval 0.0] [%clk 0:09:47] }
4. g4 $4 { [%eval -3.71] [%clk 0:09:50] } 4... g5 $2
{ [%eval -0.97] [%clk 0:09:42] } 5. Nc3 { [%eval -1.05] [%clk 0:09:43] } 5...
Be7 $2 { [%eval 0.0] [%clk 0:09:27] } 6. Nd5 $2
{ [%eval -1.34] [%clk 0:09:36] } 6... Nxd5 $2 { [%eval 0.64] [%clk 0:08:30] }
7. Bxd5 { [%eval 0.5] [%clk 0:09:25] } 7... f6 $6
{ [%eval 1.27] [%clk 0:08:18] } 8. Qh3 $2 { [%eval -1.02] [%clk 0:09:17] } 8...
Bc5 $4 { [%eval 2.11] [%clk 0:07:32] } 9. Qh5+ { [%eval 2.0] [%clk 0:09:06] }
9... Ke7 { [%eval 2.08] [%clk 0:07:20] } 10. Qf7+
{ [%eval 2.01] [%clk 0:08:57] } 10... Kd6 { [%eval 2.23] [%clk 0:07:18] } 11.
c3 { [%eval 2.13] [%clk 0:08:21] } 11... Ne7 $4 { [%eval #1] [%clk 0:07:03] }
12. b4 $4 { [%eval 2.83] [%clk 0:08:09] } 12... c6 $2
{ [%eval 4.89] [%clk 0:06:54] } 13. bxc5+ { [%eval 4.91] [%clk 0:08:05] } 13...
Kxc5 $4 { [%eval 8.53] [%clk 0:06:46] } 14. Bb3 $4
{ [%eval 4.58] [%clk 0:07:48] } 14... b5 $2 { [%eval 7.13] [%clk 0:06:22] } 15.
Ba3+ { [%eval 6.89] [%clk 0:07:40] } 15... Kb6 { [%eval 6.98] [%clk 0:05:59] }
16. Qxf6 $2 { [%eval 4.78] [%clk 0:07:17] } 16... Ng6
{ [%eval 4.61] [%clk 0:05:32] } 17. Qf3 $2 { [%eval 3.28] [%clk 0:06:55] }
17... Rf8 $2 { [%eval 5.13] [%clk 0:05:02] } 18. Qe3+
{ [%eval 4.16] [%clk 0:06:51] } 18... Kb7 { [%eval 4.35] [%clk 0:04:42] } 19.
c4 $2 { [%eval 3.24] [%clk 0:06:11] } 19... Rf4 $6
{ [%eval 4.07] [%clk 0:04:33] } 20. Qc5 $2 { [%eval 2.24] [%clk 0:05:56] }
20... Rxe4+ { [%eval 2.17] [%clk 0:04:18] } 21. Ne2 $4
{ [%eval -0.99] [%clk 0:05:49] } 21... Nf4 $2 { [%eval 0.35] [%clk 0:03:48] }
22. Kd1 $4 { [%eval -2.9] [%clk 0:05:02] } 22... Rxe2 $4
{ [%eval 0.75] [%clk 0:03:40] } 23. cxb5 { [%eval 0.73] [%clk 0:04:50] } 23...
Qb6 { [%eval 0.75] [%clk 0:03:05] } 24. Bc4 { [%eval 0.7] [%clk 0:04:05] }
24... Qxc5 { [%eval 0.75] [%clk 0:02:52] } 25. Bxc5
{ [%eval 0.69] [%clk 0:04:02] } 25... Re4 { [%eval 0.85] [%clk 0:02:37] } 26.
Bf7 $4 { [%eval -2.22] [%clk 0:03:42] } 26... Nd3 $2
{ [%eval -0.22] [%clk 0:02:26] } 27. Kc2 $4 { [%eval -4.53] [%clk 0:03:32] }
27... Nxc5 { [%eval -4.92] [%clk 0:02:20] } 28. Rhe1
{ [%eval -4.77] [%clk 0:03:26] } 28... Rxg4 { [%eval -4.53] [%clk 0:02:10] }
29. Rxe5 { [%eval -4.78] [%clk 0:03:18] } 29... d6
{ [%eval -4.64] [%clk 0:01:59] } 30. Re7+ { [%eval -4.75] [%clk 0:03:09] }
30... Kb6 { [%eval -4.75] [%clk 0:01:56] } 31. bxc6
{ [%eval -4.71] [%clk 0:03:06] } 31... Kxc6 { [%eval -4.57] [%clk 0:01:52] }
32. Rc1 { [%eval -4.79] [%clk 0:02:58] } 32... Bf5+
{ [%eval -4.6] [%clk 0:01:38] } 33. Kd1 { [%eval -5.4] [%clk 0:02:48] } 33...
Rg1+ { [%eval -5.31] [%clk 0:01:32] } 34. Re1 { [%eval -5.53] [%clk 0:02:39] }
34... Bg4+ { [%eval -5.22] [%clk 0:01:20] } 35. Kc2
{ [%eval -5.33] [%clk 0:02:33] } 35... Bf5+ { [%eval -5.07] [%clk 0:01:01] }
36. d3 { [%eval -6.16] [%clk 0:02:28] } 36... Rg2
{ [%eval -4.97] [%clk 0:00:46] } 37. Bh5 { [%eval -5.66] [%clk 0:02:18] } 37...
Nxd3 { [%eval -5.19] [%clk 0:00:38] } 38. Bf3+ { [%eval -5.13] [%clk 0:02:10] }
38... d5 $2 { [%eval -3.39] [%clk 0:00:27] } 39. Bxg2 $2
{ [%eval -5.81] [%clk 0:02:08] } 39... Nxe1+ { [%eval -5.67] [%clk 0:00:22] }
40. Kd1+ { [%eval -3.31] [%clk 0:02:03] } 40... Kd6
{ [%eval -3.29] [%clk 0:00:09] } 41. Kxe1 { [%eval -3.24] [%clk 0:01:59] }
41... Re8+ { [%eval -3.4] [%clk 0:00:09] } 42. Kd2
{ [%eval -3.41] [%clk 0:01:50] } 42... a5 $6 { [%eval -2.49] [%clk 0:00:09] }
43. Bf3 $2 { [%eval -3.49] [%clk 0:01:43] } 43... g4
{ [%eval -3.37] [%clk 0:00:05] } 44. Bd1 { [%eval -3.12] [%clk 0:01:36] } 44...
Re4 { [%eval -2.49] [%clk 0:00:01] } 45. Kd3 $2
{ [%eval -4.23] [%clk 0:01:25] } 45... Rd4+ $4 { [%eval 5.71] [%clk 0:00:01] }
46. Kxd4 { [%eval 5.47] [%clk 0:01:23] } 1-0"
Rated Rapid tournament https://lichess.org/tournament/hfavrWA4,https://lichess.org/WS4ZdsHk,2024.08.01,-,hayimes,Niyukth,0-1,2024.08.01,08:44:59,1186,967,,,C42,Russian Game: Italian Variation,600+0,Normal,"1. e4 { [%clk 0:10:00] } 1... e5 { [%clk 0:10:00] } 2. Nf3 { [%clk 0:10:00] }
2... Nf6 { [%clk 0:09:54] } 3. Bc4 { [%clk 0:10:00] } 3... Nxe4
{ [%clk 0:09:47] } 4. Nxe5 { [%clk 0:09:59] } 4... Qe7 { [%clk 0:09:44] } 5.
Nxf7 { [%clk 0:09:49] } 5... Nc3+ { [%clk 0:09:38] } 0-1"
Rated Rapid game,https://lichess.org/0OZDXnrM,2024.08.01,-,zhelebes2020,volodya56,1-0,2024.08.01,08:45:00,2033,2018,,,B00,Pirc Defense,600+0,Time forfeit,"1. e4 { [%clk 0:10:00] } 1... d6 { [%clk 0:10:00] } 2. d4 { [%clk 0:09:59] }
2... Nf6 { [%clk 0:09:57] } 3. Nc3 { [%clk 0:09:58] } 3... Bg4
{ [%clk 0:09:53] } 4. Be2 { [%clk 0:09:56] } 4... Bxe2 { [%clk 0:09:51] } 5.
Qxe2 { [%clk 0:09:55] } 5... e5 { [%clk 0:09:48] } 6. d5 { [%clk 0:09:54] }
6... h6 { [%clk 0:09:42] } 7. f4 { [%clk 0:09:53] } 7... exf4
{ [%clk 0:09:38] } 8. Bxf4 { [%clk 0:09:52] } 8... Nbd7 { [%clk 0:09:29] } 9.
Nf3 { [%clk 0:09:49] } 9... Be7 { [%clk 0:09:15] } 10. O-O { [%clk 0:09:47] }
10... Nh5 { [%clk 0:09:00] } 11. Be3 { [%clk 0:09:44] } 11... Bf6
{ [%clk 0:08:34] } 12. Bd4 { [%clk 0:09:42] } 12... Bxd4+ { [%clk 0:08:31] }
13. Nxd4 { [%clk 0:09:40] } 13... Nhf6 { [%clk 0:07:58] } 14. Nf5
{ [%clk 0:09:35] } 14... O-O { [%clk 0:07:35] } 15. Rf3 { [%clk 0:09:27] }
15... Ne5 { [%clk 0:07:23] } 16. Rg3 { [%clk 0:09:25] } 16... Ng6
{ [%clk 0:07:17] } 17. h4 { [%clk 0:09:19] } 17... h5 { [%clk 0:07:03] } 18.
Rg5 { [%clk 0:09:12] } 18... Re8 { [%clk 0:06:48] } 19. Qf3 { [%clk 0:09:09] }
19... Re5 { [%clk 0:06:37] } 20. Re1 { [%clk 0:08:57] } 20... Qe8
{ [%clk 0:06:17] } 21. Re3 { [%clk 0:08:53] } 21... Ng4 { [%clk 0:05:59] } 22.
Rxg4 { [%clk 0:08:46] } 22... hxg4 { [%clk 0:05:56] } 23. Qxg4
{ [%clk 0:08:46] } 23... Rxf5 { [%clk 0:05:11] } 24. Qxf5 { [%clk 0:08:43] }
24... Qe5 { [%clk 0:05:04] } 25. Qxe5 { [%clk 0:08:39] } 25... Nxe5
{ [%clk 0:05:00] } 26. b3 { [%clk 0:08:37] } 26... g6 { [%clk 0:04:53] } 27.
Rg3 { [%clk 0:08:27] } 27... a6 { [%clk 0:04:49] } 28. Ne2 { [%clk 0:08:25] }
28... Kg7 { [%clk 0:04:46] } 29. h5 { [%clk 0:08:24] } 29... Rh8
{ [%clk 0:04:41] } 30. hxg6 { [%clk 0:08:21] } 30... fxg6 { [%clk 0:04:39] }
31. Nf4 { [%clk 0:08:20] } 31... Rh4 { [%clk 0:04:25] } 32. Ne6+
{ [%clk 0:08:15] } 32... Kf6 { [%clk 0:04:23] } 33. Re3 { [%clk 0:08:13] }
33... c5 { [%clk 0:04:06] } 34. g3 { [%clk 0:08:09] } 34... Rh7
{ [%clk 0:03:49] } 35. Kg2 { [%clk 0:08:00] } 35... Ng4 { [%clk 0:03:38] } 36.
Rf3+ { [%clk 0:07:58] } 36... Ke7 { [%clk 0:03:30] } 37. Nf8 { [%clk 0:07:27] }
37... Rh2+ { [%clk 0:03:22] } 38. Kg1 { [%clk 0:07:25] } 38... Rxc2
{ [%clk 0:03:10] } 39. Nxg6+ { [%clk 0:07:23] } 39... Ke8 { [%clk 0:03:05] }
40. Rf8+ { [%clk 0:07:21] } 40... Kd7 { [%clk 0:03:02] } 41. Rf7+
{ [%clk 0:07:20] } 41... Kc8 { [%clk 0:03:00] } 42. Ne7+ { [%clk 0:07:13] }
42... Kb8 { [%clk 0:02:58] } 43. Rg7 { [%clk 0:07:11] } 43... Ne5
{ [%clk 0:02:52] } 44. Rg8+ { [%clk 0:07:01] } 44... Kc7 { [%clk 0:02:41] } 45.
Nf5 { [%clk 0:06:59] } 45... Rxa2 { [%clk 0:02:35] } 46. Rg7+
{ [%clk 0:06:58] } 46... Kd8 { [%clk 0:02:20] } 47. Nxd6 { [%clk 0:06:57] }
47... b5 { [%clk 0:02:06] } 48. Nb7+ { [%clk 0:06:51] } 48... Kc8
{ [%clk 0:02:03] } 49. Nxc5 { [%clk 0:06:51] } 49... Nf3+ { [%clk 0:01:59] }
50. Kf1 { [%clk 0:06:43] } 50... Nd2+ { [%clk 0:01:55] } 51. Ke1
{ [%clk 0:06:36] } 51... Nf3+ { [%clk 0:01:53] } 52. Kd1 { [%clk 0:06:35] }
52... Rd2+ { [%clk 0:01:37] } 53. Kc1 { [%clk 0:06:33] } 53... Re2
{ [%clk 0:01:30] } 54. g4 { [%clk 0:06:17] } 54... a5 { [%clk 0:01:20] } 55. g5
{ [%clk 0:06:16] } 55... Nd4 { [%clk 0:01:16] } 56. Rg8+ { [%clk 0:05:57] }
56... Kc7 { [%clk 0:00:56] } 57. Ne6+ { [%clk 0:05:56] } 57... Nxe6
{ [%clk 0:00:53] } 58. dxe6 { [%clk 0:05:56] } 58... Rxe4 { [%clk 0:00:51] }
59. Re8 { [%clk 0:05:53] } 59... Kd6 { [%clk 0:00:48] } 60. g6
{ [%clk 0:05:52] } 60... Rxe6 { [%clk 0:00:46] } 61. Rb8 { [%clk 0:05:50] }
61... Rxg6 { [%clk 0:00:38] } 62. Rxb5 { [%clk 0:05:49] } 62... Rg1+
{ [%clk 0:00:30] } 63. Kb2 { [%clk 0:05:48] } 63... Rg2+ { [%clk 0:00:29] } 64.
Ka3 { [%clk 0:05:46] } 64... Kc6 { [%clk 0:00:27] } 65. Rxa5 { [%clk 0:05:46] }
65... Kb6 { [%clk 0:00:25] } 66. Rh5 { [%clk 0:05:44] } 66... Rg3
{ [%clk 0:00:22] } 67. Ka4 { [%clk 0:05:43] } 67... Rg4+ { [%clk 0:00:20] } 68.
b4 { [%clk 0:05:42] } 68... Rg1 { [%clk 0:00:18] } 69. Rh6+ { [%clk 0:05:41] }
69... Kb7 { [%clk 0:00:15] } 70. b5 { [%clk 0:05:40] } 70... Ra1+
{ [%clk 0:00:12] } 71. Kb4 { [%clk 0:05:40] } 71... Rb1+ { [%clk 0:00:10] } 72.
Kc5 { [%clk 0:05:39] } 72... Rc1+ { [%clk 0:00:09] } 73. Kd4 { [%clk 0:05:38] }
73... Rd1+ { [%clk 0:00:08] } 74. Kc3 { [%clk 0:05:36] } 74... Rb1
{ [%clk 0:00:06] } 75. Kc4 { [%clk 0:05:32] } 75... Rc1+ { [%clk 0:00:04] } 76.
Kb3 { [%clk 0:05:31] } 76... Rb1+ { [%clk 0:00:03] } 77. Ka4 { [%clk 0:05:30] }
77... Ra1+ { [%clk 0:00:01] } 78. Kb4 { [%clk 0:05:27] } 78... Rb1+
{ [%clk 0:00:00] } 79. Kc3 { [%clk 0:05:25] } 1-0"
Rated Rapid game,https://lichess.org/TzPcwlxB,2024.08.01,-,wienerli,Mr-AiR_7,1-0,2024.08.01,08:45:00,1931,1986,,,A50,Indian Defense: Normal Variation,600+0,Normal,"1. d4 { [%clk 0:10:00] } 1... Nf6 { [%clk 0:10:00] } 2. c4 { [%clk 0:09:59] }
2... e6 { [%clk 0:09:59] } 3. Nc3 { [%clk 0:09:58] } 3... b6 { [%clk 0:09:58] }
4. Bg5 { [%clk 0:09:56] } 4... Be7 { [%clk 0:09:56] } 5. e3 { [%clk 0:09:55] }
5... Bb7 { [%clk 0:09:55] } 6. Nf3 { [%clk 0:09:52] } 6... d6
{ [%clk 0:09:54] } 7. Bd3 { [%clk 0:09:49] } 7... Nbd7 { [%clk 0:09:52] } 8.
O-O { [%clk 0:09:47] } 8... O-O { [%clk 0:09:51] } 9. Rc1 { [%clk 0:09:46] }
9... h6 { [%clk 0:09:50] } 10. Bh4 { [%clk 0:09:44] } 10... a6
{ [%clk 0:09:47] } 11. b3 { [%clk 0:09:41] } 11... Rc8 { [%clk 0:09:45] } 12.
Bg3 { [%clk 0:09:38] } 12... c5 { [%clk 0:09:42] } 13. dxc5 { [%clk 0:09:37] }
13... Nxc5 { [%clk 0:09:39] } 14. Bb1 { [%clk 0:09:35] } 14... Nce4
{ [%clk 0:09:29] } 15. Nxe4 { [%clk 0:09:22] } 15... Bxe4 { [%clk 0:09:25] }
16. Nd4 { [%clk 0:09:08] } 16... Bh7 { [%clk 0:08:58] } 17. Qf3
{ [%clk 0:08:42] } 17... Re8 { [%clk 0:08:49] } 18. Qb7 { [%clk 0:08:36] }
18... a5 { [%clk 0:08:32] } 19. Nc6 { [%clk 0:08:26] } 19... Qc7
{ [%clk 0:08:11] } 20. Nxe7+ { [%clk 0:08:20] } 20... Rxe7 { [%clk 0:08:08] }
21. Qxc7 { [%clk 0:08:18] } 21... Rexc7 { [%clk 0:07:58] } 22. Bxd6
{ [%clk 0:08:16] } 22... Rd7 { [%clk 0:07:50] } 23. Be5 { [%clk 0:08:03] }
23... Bxb1 { [%clk 0:07:47] } 24. Rxb1 { [%clk 0:08:00] } 24... Ne4
{ [%clk 0:07:46] } 25. Rfd1 { [%clk 0:07:49] } 25... Rcd8 { [%clk 0:07:34] }
26. Rxd7 { [%clk 0:07:41] } 26... Rxd7 { [%clk 0:07:32] } 27. f3
{ [%clk 0:07:23] } 27... Nc5 { [%clk 0:07:24] } 28. Bd4 { [%clk 0:07:08] }
28... f6 { [%clk 0:07:20] } 29. Kf1 { [%clk 0:06:57] } 29... e5
{ [%clk 0:07:19] } 30. Bxc5 { [%clk 0:06:55] } 30... bxc5 { [%clk 0:07:17] }
31. Ke2 { [%clk 0:06:54] } 31... Kf7 { [%clk 0:07:12] } 32. Rd1
{ [%clk 0:06:53] } 32... Ke6 { [%clk 0:06:59] } 33. Rxd7 { [%clk 0:06:39] }
33... Kxd7 { [%clk 0:06:58] } 34. g4 { [%clk 0:06:37] } 34... Kc6
{ [%clk 0:06:34] } 35. h4 { [%clk 0:06:34] } 35... Kd6 { [%clk 0:06:23] } 36.
Kd3 { [%clk 0:06:30] } 36... Ke6 { [%clk 0:06:20] } 37. Ke4 { [%clk 0:06:29] }
37... g6 { [%clk 0:06:18] } 38. f4 { [%clk 0:06:09] } 38... f5+
{ [%clk 0:06:16] } 39. gxf5+ { [%clk 0:06:08] } 39... gxf5+ { [%clk 0:06:14] }
40. Kf3 { [%clk 0:06:00] } 40... e4+ { [%clk 0:06:13] } 41. Ke2
{ [%clk 0:05:52] } 41... h5 { [%clk 0:06:10] } 42. Kd2 { [%clk 0:05:49] } 42...
Kd6 { [%clk 0:06:09] } 43. Kc3 { [%clk 0:05:44] } 43... Kc6 { [%clk 0:06:08] }
44. a3 { [%clk 0:05:40] } 44... Kb6 { [%clk 0:06:07] } 45. b4
{ [%clk 0:05:38] } 45... axb4+ { [%clk 0:06:06] } 46. axb4 { [%clk 0:05:37] }
46... Kc6 { [%clk 0:05:56] } 47. Kb3 { [%clk 0:05:26] } 47... Kb6
{ [%clk 0:05:55] } 48. Ka4 { [%clk 0:05:25] } 48... cxb4 { [%clk 0:05:54] } 49.
Kxb4 { [%clk 0:05:24] } 49... Kc6 { [%clk 0:05:53] } 50. c5 { [%clk 0:05:20] }
50... Kb7 { [%clk 0:05:49] } 51. Kb5 { [%clk 0:05:19] } 51... Kc7
{ [%clk 0:05:48] } 52. c6 { [%clk 0:05:18] } 52... Kb8 { [%clk 0:05:44] } 53.
Kc5 { [%clk 0:05:16] } 53... Kc7 { [%clk 0:05:43] } 54. Kd5 { [%clk 0:05:15] }
54... Kb6 { [%clk 0:05:38] } 55. Kd6 { [%clk 0:05:14] } 55... Ka7
{ [%clk 0:05:36] } 56. c7 { [%clk 0:05:11] } 56... Kb7 { [%clk 0:05:35] } 57.
Kd7 { [%clk 0:05:11] } 57... Kb6 { [%clk 0:05:33] } 58. c8=Q { [%clk 0:05:09] }
58... Kb5 { [%clk 0:05:32] } 59. Kd6 { [%clk 0:05:03] } 59... Kb4
{ [%clk 0:05:30] } 60. Qxf5 { [%clk 0:05:01] } 60... Kc3 { [%clk 0:05:30] } 61.
Qxe4 { [%clk 0:05:00] } 61... Kd2 { [%clk 0:05:28] } 62. f5 { [%clk 0:04:58] }
1-0"
Rated Rapid game,https://lichess.org/Eoh90AYA,2024.08.01,-,Monte_Cristo_ue,koko200k,0-1,2024.08.01,08:45:00,1812,1783,,,C20,King's Pawn Game: Wayward Queen Attack,600+0,Normal,"1. e4 { [%clk 0:10:00] } 1... e5 { [%clk 0:10:00] } 2. Qh5 { [%clk 0:09:56] }
2... Nc6 { [%clk 0:09:58] } 3. Bc4 { [%clk 0:09:55] } 3... g6
{ [%clk 0:09:57] } 4. Qf3 { [%clk 0:09:50] } 4... Nf6 { [%clk 0:09:57] } 5. c3
{ [%clk 0:09:49] } 5... Bg7 { [%clk 0:09:54] } 6. d3 { [%clk 0:09:48] } 6...
O-O { [%clk 0:09:52] } 7. a4 { [%clk 0:09:46] } 7... d5 { [%clk 0:09:51] } 8.
exd5 { [%clk 0:09:37] } 8... Bg4 { [%clk 0:09:50] } 9. Qg3 { [%clk 0:09:32] }
9... Na5 { [%clk 0:09:49] } 10. Ba2 { [%clk 0:09:29] } 10... Re8
{ [%clk 0:09:48] } 11. b4 { [%clk 0:09:24] } 11... e4 { [%clk 0:09:44] } 12.
bxa5 { [%clk 0:09:17] } 12... exd3+ { [%clk 0:09:43] } 13. Be3
{ [%clk 0:09:16] } 13... h5 { [%clk 0:09:15] } 14. h3 { [%clk 0:09:13] } 14...
Ne4 { [%clk 0:09:14] } 15. Qf4 { [%clk 0:09:05] } 15... Bd7 { [%clk 0:08:59] }
16. Nf3 { [%clk 0:09:00] } 16... Bxa4 { [%clk 0:08:43] } 17. O-O
{ [%clk 0:08:48] } 17... Bxc3 { [%clk 0:08:35] } 18. Nxc3 { [%clk 0:08:44] }
18... Nxc3 { [%clk 0:08:33] } 19. Qh6 { [%clk 0:08:36] } 19... Ne2+
{ [%clk 0:08:31] } 20. Kh1 { [%clk 0:08:34] } 20... Qf6 { [%clk 0:07:58] } 21.
Ng5 { [%clk 0:08:26] } 21... c6 { [%clk 0:07:53] } 22. Qh7+ { [%clk 0:07:58] }
22... Kf8 { [%clk 0:07:51] } 23. dxc6 { [%clk 0:07:55] } 23... Re7
{ [%clk 0:07:47] } 24. Bc5 { [%clk 0:07:50] } 24... Bxc6 { [%clk 0:07:43] } 25.
Bxe7+ { [%clk 0:07:40] } 25... Kxe7 { [%clk 0:07:42] } 26. Ne4
{ [%clk 0:07:29] } 26... Bxe4 { [%clk 0:07:36] } 27. Qh6 { [%clk 0:07:19] }
27... Nf4 { [%clk 0:07:31] } 28. h4 { [%clk 0:07:13] } 28... Bxg2+
{ [%clk 0:07:19] } 29. Kg1 { [%clk 0:07:11] } 29... Qxh4 { [%clk 0:07:06] } 30.
Rfe1+ { [%clk 0:07:03] } 30... Kd7 { [%clk 0:07:01] } 31. f3 { [%clk 0:06:45] }
31... Qh1+ { [%clk 0:06:09] } 32. Kf2 { [%clk 0:06:44] } 32... Nh3+
{ [%clk 0:06:08] } 33. Ke3 { [%clk 0:06:39] } 33... Re8+ { [%clk 0:06:07] } 34.
Kxd3 { [%clk 0:06:32] } 34... Rxe1 { [%clk 0:06:05] } 35. Rxe1
{ [%clk 0:06:20] } 35... Qxe1 { [%clk 0:06:04] } 36. Qg7 { [%clk 0:06:14] }
36... Nf2+ { [%clk 0:06:01] } 37. Kc2 { [%clk 0:05:59] } 37... Qe2+
{ [%clk 0:05:53] } 38. Kb3 { [%clk 0:05:57] } 38... Qe6+ { [%clk 0:05:37] } 39.
Ka3 { [%clk 0:05:54] } 39... Qe7+ { [%clk 0:05:31] } 40. Kb2 { [%clk 0:05:52] }
40... Bxf3 { [%clk 0:05:27] } 41. Qd4+ { [%clk 0:05:50] } 41... Kc8
{ [%clk 0:05:24] } 42. Qxf2 { [%clk 0:05:48] } 42... Bg4 { [%clk 0:05:22] } 43.
Bxf7 { [%clk 0:05:42] } 43... Qb4+ { [%clk 0:05:19] } 44. Bb3
{ [%clk 0:05:39] } 44... Qxa5 { [%clk 0:05:10] } 45. Qf8+ { [%clk 0:05:30] }
45... Kc7 { [%clk 0:05:01] } 46. Qe7+ { [%clk 0:05:24] } 46... Kb8
{ [%clk 0:05:00] } 47. Qd6+ { [%clk 0:05:16] } 47... Qc7 { [%clk 0:04:57] } 48.
Qxg6 { [%clk 0:05:13] } 48... a6 { [%clk 0:04:55] } 49. Qg5 { [%clk 0:04:43] }
49... Qh2+ { [%clk 0:04:50] } 50. Ka3 { [%clk 0:04:38] } 50... Qd6+
{ [%clk 0:04:46] } 51. Kb2 { [%clk 0:04:36] } 51... Kc7 { [%clk 0:04:40] } 52.
Qg7+ { [%clk 0:04:31] } 52... Kb6 { [%clk 0:04:39] } 53. Qc3 { [%clk 0:04:21] }
53... Qh2+ { [%clk 0:04:26] } 54. Ka3 { [%clk 0:04:19] } 54... Qf2
{ [%clk 0:04:13] } 55. Qb4+ { [%clk 0:04:04] } 55... Ka7 { [%clk 0:04:01] } 56.
Bd5 { [%clk 0:04:04] } 56... Qe3+ { [%clk 0:03:56] } 57. Ka4 { [%clk 0:03:58] }
57... b5+ { [%clk 0:03:49] } 58. Ka5 { [%clk 0:03:51] } 58... Qb6#
{ [%clk 0:03:47] } 0-1"
Rated Rapid game,https://lichess.org/G0X2xxlx,2024.08.01,-,harcikutya15,FBM2000,0-1,2024.08.01,08:45:00,1438,1440,,,B01,Scandinavian Defense: Valencian Variation,600+0,Normal,"1. e4 { [%clk 0:10:00] } 1... d5 { [%clk 0:10:00] } 2. exd5 { [%clk 0:09:59] }
2... Qxd5 { [%clk 0:09:59] } 3. Nc3 { [%clk 0:09:56] } 3... Qd8
{ [%clk 0:09:57] } 4. d4 { [%clk 0:09:55] } 4... e5 { [%clk 0:09:56] } 5. Nf3
{ [%clk 0:09:49] } 5... Bg4 { [%clk 0:09:53] } 6. dxe5 { [%clk 0:09:24] } 6...
Qxd1+ { [%clk 0:09:50] } 7. Nxd1 { [%clk 0:09:19] } 7... Nc6 { [%clk 0:09:49] }
8. Bb5 { [%clk 0:09:09] } 8... Bxf3 { [%clk 0:09:46] } 9. Bxc6+
{ [%clk 0:08:58] } 9... Bxc6 { [%clk 0:09:45] } 10. O-O { [%clk 0:08:50] }
10... O-O-O { [%clk 0:09:42] } 11. c4 { [%clk 0:08:48] } 11... Ne7
{ [%clk 0:09:40] } 12. Ne3 { [%clk 0:08:42] } 12... f6 { [%clk 0:09:30] } 13.
Ng4 { [%clk 0:08:35] } 13... f5 { [%clk 0:09:23] } 14. Ne3 { [%clk 0:08:31] }
14... f4 { [%clk 0:09:20] } 15. Ng4 { [%clk 0:08:28] } 15... h5
{ [%clk 0:09:18] } 0-1"
Rated Rapid game,https://lichess.org/AlvroGDJ,2024.08.01,-,lucaslxl,Bobdesfamilles,0-1,2024.08.01,08:45:00,1144,1189,,,B01,Scandinavian Defense: Main Line,600+0,Normal,"1. e4 { [%clk 0:10:00] } 1... d5 { [%clk 0:10:00] } 2. exd5 { [%clk 0:09:59] }
2... Qxd5 { [%clk 0:09:58] } 3. Nc3 { [%clk 0:09:57] } 3... Qa5
{ [%clk 0:09:57] } 4. d4 { [%clk 0:09:42] } 4... c6 { [%clk 0:09:56] } 5. Nf3
{ [%clk 0:09:40] } 5... Qc7 { [%clk 0:09:39] } 6. Bc4 { [%clk 0:09:37] } 6...
Bg4 { [%clk 0:09:19] } 7. h3 { [%clk 0:09:34] } 7... Bh5 { [%clk 0:09:17] } 8.
g4 { [%clk 0:09:27] } 8... Bg6 { [%clk 0:09:15] } 9. Bg5 { [%clk 0:09:23] }
9... Nd7 { [%clk 0:09:04] } 10. Qe2 { [%clk 0:09:09] } 10... O-O-O
{ [%clk 0:08:55] } 11. O-O-O { [%clk 0:09:03] } 11... f6 { [%clk 0:08:41] } 12.
Bh4 { [%clk 0:09:01] } 12... e5 { [%clk 0:08:39] } 13. dxe5 { [%clk 0:08:49] }
13... Nxe5 { [%clk 0:08:33] } 14. Nxe5 { [%clk 0:08:45] } 14... fxe5
{ [%clk 0:08:31] } 15. Rhe1 { [%clk 0:08:44] } 15... Rxd1+ { [%clk 0:08:20] }
16. Rxd1 { [%clk 0:08:41] } 16... Bd6 { [%clk 0:08:18] } 17. Re1
{ [%clk 0:08:37] } 17... Nf6 { [%clk 0:07:52] } 18. Bxf6 { [%clk 0:08:24] }
18... gxf6 { [%clk 0:07:47] } 19. Nd5 { [%clk 0:08:14] } 19... cxd5
{ [%clk 0:07:36] } 20. Bxd5 { [%clk 0:08:13] } 20... Kb8 { [%clk 0:07:02] } 21.
Qc4 { [%clk 0:08:06] } 21... Qxc4 { [%clk 0:06:38] } 22. Bxc4
{ [%clk 0:08:04] } 22... Rc8 { [%clk 0:06:37] } 23. b3 { [%clk 0:08:02] } 23...
Bb4 { [%clk 0:06:29] } 24. Re3 { [%clk 0:07:56] } 24... a6 { [%clk 0:05:27] }
25. Be6 { [%clk 0:07:50] } 25... Rxc2+ { [%clk 0:05:13] } 26. Kb1
{ [%clk 0:07:46] } 26... Rxf2+ { [%clk 0:05:04] } 27. Kc1 { [%clk 0:07:42] }
27... Bd2+ { [%clk 0:04:58] } 28. Kb2 { [%clk 0:07:40] } 28... Bxe3+
{ [%clk 0:04:57] } 29. Kc3 { [%clk 0:07:34] } 29... Bd4+ { [%clk 0:04:52] } 0-1"
Rated Rapid game,https://lichess.org/rR56lK6J,2024.08.01,-,Kalpay,MagaEbze,1-0,2024.08.01,08:45:00,1312,1332,,,C20,King's Pawn Game: Wayward Queen Attack,600+0,Time forfeit,"1. e4 { [%clk 0:10:00] } 1... e5 { [%clk 0:10:00] } 2. Qh5 { [%clk 0:09:59] }
2... d6 { [%clk 0:09:58] } 3. Bc4 { [%clk 0:09:59] } 3... Nh6
{ [%clk 0:09:55] } 4. d3 { [%clk 0:09:57] } 4... Bg4 { [%clk 0:09:54] } 5. Qg5
{ [%clk 0:09:47] } 5... Qxg5 { [%clk 0:09:31] } 6. Bxg5 { [%clk 0:09:45] } 6...
Ng8 { [%clk 0:09:11] } 7. Nc3 { [%clk 0:09:43] } 7... Be7 { [%clk 0:08:30] } 8.
Bxe7 { [%clk 0:09:41] } 8... Nxe7 { [%clk 0:08:28] } 9. Nd5 { [%clk 0:09:41] }
9... Nxd5 { [%clk 0:07:58] } 10. exd5 { [%clk 0:09:41] } 10... O-O
{ [%clk 0:07:46] } 11. h3 { [%clk 0:09:40] } 11... Bd7 { [%clk 0:07:43] } 12.
Nf3 { [%clk 0:09:31] } 12... c6 { [%clk 0:07:19] } 13. d4 { [%clk 0:09:25] }
13... exd4 { [%clk 0:07:10] } 14. Nxd4 { [%clk 0:09:23] } 14... cxd5
{ [%clk 0:07:09] } 15. Bxd5 { [%clk 0:09:22] } 15... Nc6 { [%clk 0:07:04] } 16.
Bxc6 { [%clk 0:09:19] } 16... Bxc6 { [%clk 0:07:02] } 17. O-O
{ [%clk 0:09:16] } 17... Rfe8 { [%clk 0:06:58] } 18. Nf5 { [%clk 0:09:09] }
18... Re5 { [%clk 0:06:36] } 19. Nxd6 { [%clk 0:09:05] } 19... Rg5
{ [%clk 0:06:32] } 20. g3 { [%clk 0:09:02] } 20... Rg6 { [%clk 0:06:21] } 21.
Nf5 { [%clk 0:08:49] } 21... h5 { [%clk 0:06:13] } 22. Ne7+ { [%clk 0:08:48] }
22... Kh7 { [%clk 0:06:09] } 23. Nxg6 { [%clk 0:08:48] } 23... Kxg6
{ [%clk 0:06:09] } 24. a3 { [%clk 0:08:37] } 1-0"
Rated Rapid game,https://lichess.org/21ktTbRG,2024.08.01,-,joxmetal,EricRobin77,0-1,2024.08.01,08:45:00,1428,1405,,,B02,Alekhine Defense,600+0,Normal,"1. e4 { [%clk 0:10:00] } 1... Nf6 { [%clk 0:10:00] } 2. Nc3 { [%clk 0:09:55] }
2... g6 { [%clk 0:09:57] } 3. d4 { [%clk 0:09:53] } 3... Bg7 { [%clk 0:09:56] }
4. Bg5 { [%clk 0:09:41] } 4... d6 { [%clk 0:09:54] } 5. f4 { [%clk 0:09:33] }
5... h6 { [%clk 0:09:53] } 6. Bh4 { [%clk 0:09:32] } 6... Nc6
{ [%clk 0:09:32] } 7. Nf3 { [%clk 0:09:27] } 7... Nd7 { [%clk 0:09:23] } 8. Bb5
{ [%clk 0:09:16] } 8... Nb4 { [%clk 0:09:10] } 9. a3 { [%clk 0:09:04] } 9...
Na6 { [%clk 0:09:08] } 10. O-O { [%clk 0:08:56] } 10... c6 { [%clk 0:08:57] }
11. Ba4 { [%clk 0:08:54] } 11... Qa5 { [%clk 0:08:37] } 12. Bb3
{ [%clk 0:08:43] } 12... e6 { [%clk 0:08:32] } 13. Be1 { [%clk 0:08:36] } 13...
Qh5 { [%clk 0:08:06] } 14. Bc4 { [%clk 0:08:13] } 14... Nc7 { [%clk 0:07:56] }
15. Be2 { [%clk 0:08:08] } 15... Qg4 { [%clk 0:07:53] } 16. Bg3
{ [%clk 0:07:49] } 16... e5 { [%clk 0:07:35] } 17. Nxe5 { [%clk 0:07:43] }
17... Qe6 { [%clk 0:07:32] } 18. Bg4 { [%clk 0:07:29] } 18... f5
{ [%clk 0:07:25] } 19. Nxd7 { [%clk 0:07:14] } 19... Bxd7 { [%clk 0:07:23] }
20. exf5 { [%clk 0:07:13] } 20... Qf6 { [%clk 0:07:08] } 21. Re1+
{ [%clk 0:06:56] } 21... Kd8 { [%clk 0:07:07] } 22. Ne2 { [%clk 0:06:27] }
22... gxf5 { [%clk 0:07:02] } 23. Bf3 { [%clk 0:06:23] } 23... Ne6
{ [%clk 0:06:52] } 24. c3 { [%clk 0:06:15] } 24... h5 { [%clk 0:06:51] } 25.
Rf1 { [%clk 0:06:06] } 25... h4 { [%clk 0:06:48] } 26. Bf2 { [%clk 0:06:04] }
26... Bh6 { [%clk 0:06:40] } 27. Qe1 { [%clk 0:06:00] } 27... Nxf4
{ [%clk 0:06:34] } 28. Nxf4 { [%clk 0:05:51] } 28... Bxf4 { [%clk 0:06:32] }
29. g3 { [%clk 0:05:45] } 29... hxg3 { [%clk 0:06:28] } 30. Bxg3
{ [%clk 0:05:33] } 30... Rg8 { [%clk 0:06:19] } 31. Kh1 { [%clk 0:05:23] }
31... Bxg3 { [%clk 0:06:12] } 32. hxg3 { [%clk 0:05:19] } 32... Qh6+
{ [%clk 0:06:06] } 33. Kg2 { [%clk 0:05:19] } 33... f4 { [%clk 0:06:02] } 34.
g4 { [%clk 0:05:13] } 34... Kc7 { [%clk 0:05:54] } 35. Rh1 { [%clk 0:05:08] }
35... Qg5 { [%clk 0:05:37] } 36. Rh5 { [%clk 0:04:57] } 36... Qg6
{ [%clk 0:05:35] } 37. Qh4 { [%clk 0:04:22] } 37... Qc2+ { [%clk 0:05:29] } 38.
Kh3 { [%clk 0:04:16] } 38... Qxb2 { [%clk 0:05:21] } 39. Rg1 { [%clk 0:04:12] }
39... Qxc3 { [%clk 0:05:18] } 40. Qf2 { [%clk 0:03:52] } 40... Rae8
{ [%clk 0:04:44] } 41. Kh4 { [%clk 0:03:16] } 41... Re3 { [%clk 0:04:30] } 42.
Rf1 { [%clk 0:02:50] } 42... Qxd4 { [%clk 0:04:28] } 43. Rh7 { [%clk 0:02:36] }
43... Qf6+ { [%clk 0:04:16] } 44. Kh3 { [%clk 0:02:29] } 44... Rxg4
{ [%clk 0:04:01] } 45. Kh2 { [%clk 0:02:18] } 45... Rg3 { [%clk 0:03:29] } 46.
Bg2 { [%clk 0:02:09] } 46... Rg4 { [%clk 0:03:06] } 47. Rh1 { [%clk 0:01:56] }
47... Qe5 { [%clk 0:02:58] } 48. Kg1 { [%clk 0:01:37] } 0-1"
Rated Rapid game,https://lichess.org/4RuoOhc3,2024.08.01,-,Pocoynicay,Mharslund,1-0,2024.08.01,08:45:00,1826,1837,,,B12,"Caro-Kann Defense: Advance Variation, Botvinnik-Carls Defense",600+0,Normal,"1. e4 { [%clk 0:10:00] } 1... c6 { [%clk 0:10:00] } 2. d4 { [%clk 0:09:58] }
2... d5 { [%clk 0:10:00] } 3. e5 { [%clk 0:09:57] } 3... c5 { [%clk 0:09:59] }
4. c3 { [%clk 0:09:56] } 4... Nc6 { [%clk 0:09:58] } 5. Nf3 { [%clk 0:09:54] }
5... Bg4 { [%clk 0:09:56] } 6. Be3 { [%clk 0:09:48] } 6... cxd4
{ [%clk 0:09:53] } 7. cxd4 { [%clk 0:09:46] } 7... e6 { [%clk 0:09:53] } 8. h3
{ [%clk 0:09:43] } 8... Bxf3 { [%clk 0:09:51] } 9. Qxf3 { [%clk 0:09:41] } 9...
Nge7 { [%clk 0:09:51] } 10. Bg5 { [%clk 0:09:33] } 10... h6 { [%clk 0:09:49] }
11. Bh4 { [%clk 0:09:31] } 11... Qa5+ { [%clk 0:09:48] } 12. Nc3
{ [%clk 0:09:27] } 12... Nxd4 { [%clk 0:09:47] } 13. Qd3 { [%clk 0:09:18] }
13... Ndc6 { [%clk 0:09:43] } 14. Be2 { [%clk 0:09:11] } 14... Ng6
{ [%clk 0:09:40] } 15. Bg3 { [%clk 0:09:08] } 15... Bb4 { [%clk 0:09:37] } 16.
O-O { [%clk 0:09:03] } 16... O-O { [%clk 0:09:35] } 17. f4 { [%clk 0:08:29] }
17... Bc5+ { [%clk 0:09:31] } 18. Kh1 { [%clk 0:08:27] } 18... Rad8
{ [%clk 0:09:04] } 19. f5 { [%clk 0:08:23] } 19... Ngxe5 { [%clk 0:09:01] } 20.
Bxe5 { [%clk 0:08:14] } 20... Nxe5 { [%clk 0:09:01] } 21. Qg3
{ [%clk 0:08:09] } 21... Bd6 { [%clk 0:08:55] } 22. f6 { [%clk 0:08:03] } 22...
g6 { [%clk 0:08:49] } 23. Bh5 { [%clk 0:07:58] } 23... Kh7 { [%clk 0:08:45] }
24. Be2 { [%clk 0:07:35] } 24... Nc4 { [%clk 0:08:37] } 25. Qf3
{ [%clk 0:07:10] } 25... Nd2 { [%clk 0:08:33] } 26. Qd3 { [%clk 0:06:59] }
26... Nxf1 { [%clk 0:08:24] } 27. Rxf1 { [%clk 0:06:59] } 27... Be5
{ [%clk 0:07:17] } 28. h4 { [%clk 0:06:45] } 28... Qb4 { [%clk 0:06:48] } 29.
g3 { [%clk 0:06:23] } 29... Qxb2 { [%clk 0:06:39] } 30. h5 { [%clk 0:06:18] }
30... Qxc3 { [%clk 0:06:36] } 31. hxg6+ { [%clk 0:06:09] } 31... fxg6
{ [%clk 0:06:29] } 32. Qb1 { [%clk 0:05:37] } 32... Qxg3 { [%clk 0:06:22] } 33.
Qxb7+ { [%clk 0:05:35] } 33... Kg8 { [%clk 0:06:17] } 34. Qg7#
{ [%clk 0:05:32] } 1-0"
Rated Rapid game,https://lichess.org/vbyUwqu0,2024.08.01,-,Crazy_ladya1444,veerraghavulu123,0-1,2024.08.01,08:45:00,957,935,,,C00,French Defense: Normal Variation,600+0,Normal,"1. e4 { [%clk 0:10:00] } 1... e6 { [%clk 0:10:00] } 2. d4 { [%clk 0:09:58] }
2... Qh4 { [%clk 0:09:59] } 3. Bd3 { [%clk 0:09:47] } 3... Bb4+
{ [%clk 0:09:55] } 4. c3 { [%clk 0:09:43] } 4... Ba5 { [%clk 0:09:45] } 5. b4
{ [%clk 0:09:35] } 5... Bb6 { [%clk 0:09:43] } 6. Nf3 { [%clk 0:09:25] } 6...
Qf6 { [%clk 0:09:36] } 7. O-O { [%clk 0:09:21] } 7... Qe7 { [%clk 0:09:25] } 8.
e5 { [%clk 0:09:06] } 8... c5 { [%clk 0:09:10] } 9. Ba3 { [%clk 0:08:12] } 9...
cxd4 { [%clk 0:08:58] } 10. b5 { [%clk 0:08:02] } 10... d6 { [%clk 0:08:37] }
11. Nxd4 { [%clk 0:07:56] } 11... Bxd4 { [%clk 0:08:34] } 12. cxd4
{ [%clk 0:07:55] } 12... Qh4 { [%clk 0:08:13] } 13. Bxd6 { [%clk 0:07:43] }
13... Qxd4 { [%clk 0:08:08] } 14. Re1 { [%clk 0:07:16] } 14... Qxa1
{ [%clk 0:08:05] } 15. Qa4 { [%clk 0:07:02] } 15... Nd7 { [%clk 0:07:48] } 16.
b6 { [%clk 0:06:57] } 16... h5 { [%clk 0:06:53] } 17. bxa7 { [%clk 0:06:36] }
17... h4 { [%clk 0:06:48] } 18. Bb5 { [%clk 0:06:11] } 18... Qb2
{ [%clk 0:06:19] } 19. g3 { [%clk 0:05:46] } 19... hxg3 { [%clk 0:06:14] } 20.
hxg3 { [%clk 0:05:43] } 20... f6 { [%clk 0:05:18] } 21. exf6 { [%clk 0:05:25] }
21... Nxf6 { [%clk 0:05:15] } 22. Rxe6+ { [%clk 0:05:22] } 22... Kf7
{ [%clk 0:05:05] } 23. Re7+ { [%clk 0:05:12] } 23... Kg6 { [%clk 0:04:52] } 24.
Bd3+ { [%clk 0:04:44] } 24... Kh6 { [%clk 0:04:28] } 25. Qh4+
{ [%clk 0:04:41] } 25... Nh5 { [%clk 0:04:14] } 26. Re6+ { [%clk 0:04:20] }
26... Nf6 { [%clk 0:04:02] } 27. Bf4+ { [%clk 0:04:05] } 27... g5
{ [%clk 0:03:32] } 28. Bxg5+ { [%clk 0:04:00] } 28... Kg7 { [%clk 0:03:22] }
29. Bxf6+ { [%clk 0:03:54] } 29... Nxf6 { [%clk 0:03:18] } 30. Qg5+
{ [%clk 0:03:41] } 30... Kf7 { [%clk 0:03:12] } 31. Bg6+ { [%clk 0:03:35] }
31... Kxe6 { [%clk 0:03:07] } 32. Bf5+ { [%clk 0:03:28] } 32... Kf7
{ [%clk 0:02:59] } 33. Qg6+ { [%clk 0:03:26] } 33... Ke7 { [%clk 0:02:42] } 34.
Qg7+ { [%clk 0:03:22] } 34... Kd6 { [%clk 0:02:23] } 35. Qxh8
{ [%clk 0:03:13] } 35... Qxb1+ { [%clk 0:02:22] } 36. Kg2 { [%clk 0:03:10] }
36... Qxf5 { [%clk 0:02:20] } 37. Qf8+ { [%clk 0:03:03] } 37... Kc7
{ [%clk 0:02:06] } 38. Qf7+ { [%clk 0:02:52] } 38... Bd7 { [%clk 0:02:00] } 39.
Qc4+ { [%clk 0:02:42] } 39... Bc6+ { [%clk 0:01:54] } 40. Kh2
{ [%clk 0:02:38] } 40... Qxf2+ { [%clk 0:01:51] } 41. Kh3 { [%clk 0:02:35] }
41... Ne4 { [%clk 0:01:41] } 42. Qa4 { [%clk 0:02:13] } 42... Nxg3
{ [%clk 0:01:39] } 43. Qa5+ { [%clk 0:02:12] } 43... Qb6 { [%clk 0:01:35] } 44.
Qe5+ { [%clk 0:02:05] } 44... Kd7 { [%clk 0:01:26] } 45. Qxg3
{ [%clk 0:01:55] } 45... Qxa7 { [%clk 0:01:25] } 46. Qg7+ { [%clk 0:01:50] }
46... Kd6 { [%clk 0:01:21] } 47. Qg2 { [%clk 0:01:46] } 47... Rh8+
{ [%clk 0:01:15] } 48. Kg3 { [%clk 0:01:29] } 48... Bxg2 { [%clk 0:01:15] } 0-1"
Rated Rapid game,https://lichess.org/VBGKhHZr,2024.08.01,-,Tedben800,VetriTamiZheR,0-1,2024.08.01,08:44:59,1547,1508,,,B30,Sicilian Defense: Old Sicilian,600+0,Normal,"1. e4 { [%clk 0:10:00] } 1... c5 { [%clk 0:10:00] } 2. Nf3 { [%clk 0:09:59] }
2... Nc6 { [%clk 0:09:58] } 3. c3 { [%clk 0:09:58] } 3... e5 { [%clk 0:09:52] }
4. Bc4 { [%clk 0:09:55] } 4... Qf6 { [%clk 0:09:45] } 5. O-O { [%clk 0:09:50] }
5... Nge7 { [%clk 0:09:43] } 6. d3 { [%clk 0:09:47] } 6... h6
{ [%clk 0:09:41] } 7. b4 { [%clk 0:09:31] } 7... b6 { [%clk 0:09:19] } 8. bxc5
{ [%clk 0:09:23] } 8... bxc5 { [%clk 0:09:17] } 9. Ba3 { [%clk 0:09:06] } 9...
Ng6 { [%clk 0:09:10] } 10. Nbd2 { [%clk 0:07:12] } 10... a6 { [%clk 0:09:07] }
11. Nb3 { [%clk 0:07:08] } 11... Be7 { [%clk 0:08:53] } 12. Bxc5
{ [%clk 0:06:48] } 12... Bxc5 { [%clk 0:08:43] } 13. Nxc5 { [%clk 0:06:42] }
13... d6 { [%clk 0:08:42] } 14. Nb3 { [%clk 0:06:15] } 14... O-O
{ [%clk 0:08:40] } 15. Bd5 { [%clk 0:06:08] } 15... Nge7 { [%clk 0:08:23] } 16.
Nbd2 { [%clk 0:05:38] } 16... Nxd5 { [%clk 0:08:19] } 17. exd5
{ [%clk 0:05:34] } 17... Ne7 { [%clk 0:08:15] } 18. c4 { [%clk 0:05:27] } 18...
Qg6 { [%clk 0:07:57] } 19. Ne4 { [%clk 0:05:22] } 19... f5 { [%clk 0:07:35] }
20. Nc3 { [%clk 0:04:48] } 20... Qg4 { [%clk 0:05:13] } 21. h3
{ [%clk 0:04:37] } 21... Qg6 { [%clk 0:04:56] } 22. Qa4 { [%clk 0:04:26] }
22... f4 { [%clk 0:04:37] } 23. Rad1 { [%clk 0:04:08] } 23... Bxh3
{ [%clk 0:04:33] } 24. Ne1 { [%clk 0:03:38] } 24... f3 { [%clk 0:04:19] } 25.
g3 { [%clk 0:02:55] } 25... Bxf1 { [%clk 0:02:53] } 26. Kxf1 { [%clk 0:02:51] }
26... Qg4 { [%clk 0:02:48] } 27. Kg1 { [%clk 0:02:45] } 27... Rf5
{ [%clk 0:02:18] } 28. Ne4 { [%clk 0:02:40] } 28... Rh5 { [%clk 0:02:02] } 29.
Nxd6 { [%clk 0:01:14] } 29... Qh3 { [%clk 0:01:46] } 30. Nxf3
{ [%clk 0:01:02] } 30... Qh1# { [%clk 0:01:43] } 0-1"
Rated Rapid game,https://lichess.org/21N21mUG,2024.08.01,-,AnastasiaP3003,OneSteve,1-0,2024.08.01,08:45:03,2424,2282,,,B36,"Sicilian Defense: Accelerated Dragon, Maróczy Bind",600+0,Normal,"1. e4 { [%eval 0.15] [%clk 0:10:00] } 1... c5 { [%eval 0.25] [%clk 0:10:00] }
2. Nf3 { [%eval 0.24] [%clk 0:09:59] } 2... g6 { [%eval 0.4] [%clk 0:09:58] }
3. c4 { [%eval 0.46] [%clk 0:09:57] } 3... Nc6 { [%eval 0.44] [%clk 0:09:50] }
4. d4 { [%eval 0.36] [%clk 0:09:56] } 4... cxd4 { [%eval 0.42] [%clk 0:09:48] }
5. Nxd4 { [%eval 0.39] [%clk 0:09:56] } 5... Nf6
{ [%eval 0.42] [%clk 0:09:48] } 6. Nc3 { [%eval 0.43] [%clk 0:09:54] } 6... d6
{ [%eval 0.41] [%clk 0:09:45] } 7. h3 { [%eval 0.26] [%clk 0:09:48] } 7... Nxd4
{ [%eval 0.21] [%clk 0:09:33] } 8. Qxd4 { [%eval 0.26] [%clk 0:09:46] } 8...
Bg7 { [%eval 0.23] [%clk 0:09:32] } 9. Be3 { [%eval 0.2] [%clk 0:09:41] } 9...
O-O { [%eval 0.23] [%clk 0:09:30] } 10. Qd2 { [%eval 0.26] [%clk 0:09:37] }
10... Qa5 { [%eval 0.45] [%clk 0:09:28] } 11. Bd3
{ [%eval 0.48] [%clk 0:09:32] } 11... Bd7 { [%eval 0.65] [%clk 0:09:12] } 12.
Bh6 $6 { [%eval 0.0] [%clk 0:09:28] } 12... Bc6 { [%eval 0.33] [%clk 0:09:03] }
13. Bxg7 { [%eval 0.26] [%clk 0:09:25] } 13... Kxg7
{ [%eval 0.31] [%clk 0:09:01] } 14. O-O { [%eval 0.35] [%clk 0:09:22] } 14...
Qe5 { [%eval 0.47] [%clk 0:08:19] } 15. Qe3 { [%eval 0.12] [%clk 0:09:16] }
15... a5 { [%eval 0.18] [%clk 0:08:12] } 16. f4 { [%eval 0.0] [%clk 0:09:10] }
16... Qc5 { [%eval 0.0] [%clk 0:08:07] } 17. Qxc5
{ [%eval 0.02] [%clk 0:09:07] } 17... dxc5 { [%eval 0.08] [%clk 0:08:05] } 18.
Rad1 { [%eval -0.2] [%clk 0:08:55] } 18... Rfd8 { [%eval 0.0] [%clk 0:08:02] }
19. e5 { [%eval 0.04] [%clk 0:08:49] } 19... Nd7
{ [%eval 0.37] [%clk 0:07:32] } 20. Be4 { [%eval 0.2] [%clk 0:08:23] } 20...
Bxe4 { [%eval 0.67] [%clk 0:07:23] } 21. Nxe4 { [%eval 0.74] [%clk 0:08:23] }
21... b6 { [%eval 0.83] [%clk 0:07:14] } 22. Rd2 $6
{ [%eval 0.26] [%clk 0:08:14] } 22... Nf8 { [%eval 0.31] [%clk 0:06:57] } 23.
Rfd1 { [%eval 0.22] [%clk 0:08:07] } 23... Rxd2 { [%eval 0.19] [%clk 0:06:56] }
24. Rxd2 { [%eval 0.24] [%clk 0:08:07] } 24... Ne6
{ [%eval 0.39] [%clk 0:06:55] } 25. g3 { [%eval 0.11] [%clk 0:08:05] } 25...
Nd4 { [%eval 0.11] [%clk 0:06:50] } 26. Kf2 { [%eval 0.06] [%clk 0:08:02] }
26... Rd8 $6 { [%eval 0.64] [%clk 0:06:31] } 27. Nc3
{ [%eval 0.52] [%clk 0:07:56] } 27... e6 $6 { [%eval 1.22] [%clk 0:06:13] } 28.
Nb5 { [%eval 1.31] [%clk 0:06:15] } 28... Nc6 $6
{ [%eval 2.22] [%clk 0:05:44] } 29. Rxd8 { [%eval 2.36] [%clk 0:06:05] } 29...
Nxd8 { [%eval 2.28] [%clk 0:05:42] } 30. Nd6 { [%eval 2.16] [%clk 0:05:58] }
30... Nc6 $6 { [%eval 2.95] [%clk 0:04:36] } 31. Nc8
{ [%eval 2.75] [%clk 0:05:42] } 31... Nb4 { [%eval 3.15] [%clk 0:04:34] } 32.
Nxb6 { [%eval 3.0] [%clk 0:05:34] } 32... Nd3+ $6
{ [%eval 3.99] [%clk 0:04:06] } 33. Ke3 { [%eval 4.1] [%clk 0:05:30] } 33...
Nxb2 $2 { [%eval 5.89] [%clk 0:04:06] } 34. Kd2 { [%eval 5.64] [%clk 0:05:03] }
34... a4 { [%eval 6.0] [%clk 0:03:58] } 35. a3 { [%eval 5.89] [%clk 0:04:58] }
35... f6 { [%eval 6.54] [%clk 0:03:43] } 36. Kc2 { [%eval 6.9] [%clk 0:04:53] }
36... Nxc4 { [%eval 6.51] [%clk 0:03:38] } 37. Nxc4
{ [%eval 6.52] [%clk 0:04:51] } 37... fxe5 { [%eval 7.24] [%clk 0:03:35] } 38.
fxe5 { [%eval 7.3] [%clk 0:04:47] } 38... g5 $2
{ [%eval 43.68] [%clk 0:03:34] } 39. g4 { [%eval 49.46] [%clk 0:04:43] } 39...
Kg6 { [%eval 68.9] [%clk 0:03:33] } 40. Nd6 { [%eval 9.36] [%clk 0:04:35] }
40... h5 $2 { [%eval #21] [%clk 0:03:25] } 41. Nb7
{ [%eval 27.65] [%clk 0:04:30] } 41... c4 { [%eval 10.56] [%clk 0:03:19] } 42.
Nc5 { [%eval 8.9] [%clk 0:04:27] } 42... Kf7 { [%eval 8.43] [%clk 0:03:17] }
43. Nxa4 { [%eval 9.73] [%clk 0:04:22] } 43... hxg4 $2
{ [%eval #15] [%clk 0:03:17] } 44. hxg4 { [%eval #14] [%clk 0:04:20] } 44...
Ke7 { [%eval #14] [%clk 0:03:17] } 45. Nc5 { [%eval #13] [%clk 0:04:17] } 1-0"
Rated Rapid game,https://lichess.org/2espoiOd,2024.08.01,-,Cicero8476261519,DTH_huynhmoclam,0-1,2024.08.01,08:45:03,918,925,,,C47,Four Knights Game: Scotch Variation,600+0,Normal,"1. e4 { [%clk 0:10:00] } 1... e5 { [%clk 0:10:00] } 2. Nf3 { [%clk 0:09:59] }
2... Nf6 { [%clk 0:09:58] } 3. Nc3 { [%clk 0:09:58] } 3... Nc6
{ [%clk 0:09:57] } 4. d4 { [%clk 0:09:58] } 4... d5 { [%clk 0:09:52] } 5. exd5
{ [%clk 0:09:57] } 5... exd4 { [%clk 0:09:50] } 6. Nxd4 { [%clk 0:09:53] } 6...
Nxd4 { [%clk 0:09:46] } 7. Qxd4 { [%clk 0:09:53] } 7... Bg4 { [%clk 0:09:41] }
8. Bc4 { [%clk 0:09:50] } 8... Bb4 { [%clk 0:09:29] } 9. Bg5 { [%clk 0:09:43] }
9... Bxc3+ { [%clk 0:09:25] } 10. bxc3 { [%clk 0:09:42] } 10... O-O
{ [%clk 0:09:21] } 11. O-O { [%clk 0:09:34] } 11... c6 { [%clk 0:09:12] } 12.
h3 { [%clk 0:09:24] } 12... h6 { [%clk 0:09:09] } 13. hxg4 { [%clk 0:09:20] }
13... hxg5 { [%clk 0:09:07] } 14. Rad1 { [%clk 0:09:13] } 14... b5
{ [%clk 0:09:01] } 15. Bd3 { [%clk 0:09:00] } 15... cxd5 { [%clk 0:08:56] } 16.
c4 { [%clk 0:08:51] } 16... bxc4 { [%clk 0:08:53] } 17. Bxc4 { [%clk 0:08:48] }
17... dxc4 { [%clk 0:08:39] } 18. Qxc4 { [%clk 0:08:35] } 18... Rc8
{ [%clk 0:08:31] } 19. Qb3 { [%clk 0:08:29] } 19... Qa5 { [%clk 0:08:14] } 20.
Qh3 { [%clk 0:08:15] } 20... Ne4 { [%clk 0:07:57] } 21. g3 { [%clk 0:07:56] }
21... f6 { [%clk 0:07:47] } 22. Kg2 { [%clk 0:07:52] } 22... Qxa2
{ [%clk 0:07:42] } 23. Rh1 { [%clk 0:07:51] } 23... Kf7 { [%clk 0:07:31] } 24.
Qh7 { [%clk 0:07:51] } 24... Nc3 { [%clk 0:07:20] } 25. Rd7+ { [%clk 0:07:49] }
25... Ke8 { [%clk 0:07:15] } 26. Rxg7 { [%clk 0:07:40] } 26... Qxc2
{ [%clk 0:07:10] } 27. Qg6+ { [%clk 0:07:36] } 27... Qxg6 { [%clk 0:07:07] }
28. Rxg6 { [%clk 0:07:35] } 28... Ne4 { [%clk 0:06:58] } 29. f3
{ [%clk 0:07:30] } 29... Rc2+ { [%clk 0:06:53] } 30. Kh3 { [%clk 0:07:28] }
30... Rh8+ { [%clk 0:06:45] } 31. Rh6 { [%clk 0:07:24] } 31... Rxh6#
{ [%clk 0:06:42] } 0-1"
Rated Rapid game,https://lichess.org/US4YU7ai,2024.08.01,-,mooseblood,thenewshampoo,1-0,2024.08.01,08:45:03,2247,2238,,,B99,"Sicilian Defense: Najdorf Variation, Main Line",600+0,Normal,"1. e4 { [%clk 0:10:00] } 1... c5 { [%clk 0:10:00] } 2. Nf3 { [%clk 0:09:45] }
2... d6 { [%clk 0:09:58] } 3. d4 { [%clk 0:09:44] } 3... cxd4
{ [%clk 0:09:58] } 4. Nxd4 { [%clk 0:09:43] } 4... Nf6 { [%clk 0:09:57] } 5.
Nc3 { [%clk 0:09:41] } 5... a6 { [%clk 0:09:56] } 6. Bg5 { [%clk 0:09:39] }
6... e6 { [%clk 0:09:54] } 7. f4 { [%clk 0:09:38] } 7... Be7 { [%clk 0:09:52] }
8. Qf3 { [%clk 0:09:36] } 8... Qc7 { [%clk 0:09:50] } 9. O-O-O
{ [%clk 0:09:35] } 9... Nbd7 { [%clk 0:09:49] } 10. Bd3 { [%clk 0:09:32] }
10... b5 { [%clk 0:09:47] } 11. g4 { [%clk 0:09:27] } 11... b4
{ [%clk 0:09:38] } 12. Nce2 { [%clk 0:09:25] } 12... Bb7 { [%clk 0:09:36] } 13.
h4 { [%clk 0:09:19] } 13... h5 { [%clk 0:09:19] } 14. Bxf6 { [%clk 0:08:49] }
14... hxg4 { [%clk 0:09:09] } 15. Qxg4 { [%clk 0:08:34] } 15... Nxf6
{ [%clk 0:09:03] } 16. Qxg7 { [%clk 0:08:05] } 16... Rg8 { [%clk 0:08:43] } 17.
Qh6 { [%clk 0:07:36] } 17... Rg6 { [%clk 0:08:42] } 18. Nxe6 { [%clk 0:07:19] }
18... fxe6 { [%clk 0:08:13] } 19. Qxg6+ { [%clk 0:07:15] } 19... Kd7
{ [%clk 0:08:13] } 20. Qg2 { [%clk 0:06:49] } 20... Rg8 { [%clk 0:08:10] } 21.
Qf3 { [%clk 0:06:43] } 21... a5 { [%clk 0:07:43] } 22. Rdg1 { [%clk 0:06:16] }
22... Rc8 { [%clk 0:07:26] } 23. Rg7 { [%clk 0:04:58] } 23... a4
{ [%clk 0:06:50] } 24. c3 { [%clk 0:04:25] } 24... a3 { [%clk 0:06:39] } 25. b3
{ [%clk 0:03:45] } 25... bxc3 { [%clk 0:06:30] } 26. Kc2 { [%clk 0:03:37] }
26... d5 { [%clk 0:06:05] } 27. e5 { [%clk 0:02:39] } 27... Ne4
{ [%clk 0:06:04] } 28. Rhg1 { [%clk 0:01:54] } 28... Nd2 { [%clk 0:05:54] } 29.
Qh3 { [%clk 0:01:20] } 29... Qb6 { [%clk 0:05:39] } 30. f5 { [%clk 0:01:08] }
30... Kd8 { [%clk 0:04:10] } 31. f6 { [%clk 0:01:00] } 31... Bf8
{ [%clk 0:03:56] } 32. Rg8 { [%clk 0:00:58] } 32... Kc7 { [%clk 0:03:54] } 33.
f7 { [%clk 0:00:47] } 33... Kb8 { [%clk 0:03:39] } 34. Nf4 { [%clk 0:00:43] }
34... Nxb3 { [%clk 0:03:16] } 35. axb3 { [%clk 0:00:41] } 35... a2
{ [%clk 0:03:05] } 36. Ra1 { [%clk 0:00:33] } 36... Qf2+ { [%clk 0:02:36] } 37.
Ne2 { [%clk 0:00:32] } 37... Qxf7 { [%clk 0:02:35] } 38. Qg4 { [%clk 0:00:25] }
38... d4 { [%clk 0:02:15] } 39. Rxa2 { [%clk 0:00:24] } 39... Bf3
{ [%clk 0:02:06] } 40. Qg6 { [%clk 0:00:23] } 40... Qd7 { [%clk 0:01:30] } 41.
Be4 { [%clk 0:00:21] } 41... Bxe2 { [%clk 0:01:23] } 42. Ra8+
{ [%clk 0:00:17] } 42... Kc7 { [%clk 0:01:23] } 43. Ra7+ { [%clk 0:00:16] }
43... Kb6 { [%clk 0:01:19] } 44. Rxd7 { [%clk 0:00:15] } 44... d3+
{ [%clk 0:01:18] } 45. Bxd3 { [%clk 0:00:11] } 45... Bxd3+ { [%clk 0:01:13] }
46. Qxd3 { [%clk 0:00:11] } 46... Bh6 { [%clk 0:01:12] } 47. Rd6+
{ [%clk 0:00:10] } 1-0"
Rated Rapid game,https://lichess.org/Xjc56QTd,2024.08.01,-,viadd_u,magrogus,0-1,2024.08.01,08:45:03,1704,1672,,,C44,King's Knight Opening: Konstantinopolsky,600+0,Normal,"1. Nf3 { [%clk 0:10:00] } 1... Nc6 { [%clk 0:10:00] } 2. g3 { [%clk 0:09:59] }
2... e5 { [%clk 0:09:58] } 3. e4 { [%clk 0:09:56] } 3... Nf6 { [%clk 0:09:55] }
4. Nc3 { [%clk 0:09:40] } 4... d6 { [%clk 0:09:46] } 5. Bg2 { [%clk 0:09:24] }
5... Be7 { [%clk 0:09:44] } 6. O-O { [%clk 0:09:21] } 6... O-O
{ [%clk 0:09:42] } 7. d3 { [%clk 0:09:19] } 7... a6 { [%clk 0:09:39] } 8. Rb1
{ [%clk 0:09:15] } 8... h6 { [%clk 0:09:36] } 9. a3 { [%clk 0:09:13] } 9... Be6
{ [%clk 0:09:34] } 10. Be3 { [%clk 0:09:08] } 10... Nh7 { [%clk 0:09:31] } 11.
d4 { [%clk 0:09:04] } 11... exd4 { [%clk 0:09:25] } 12. Nxd4 { [%clk 0:09:02] }
12... Nxd4 { [%clk 0:09:23] } 13. Bxd4 { [%clk 0:09:00] } 13... c5
{ [%clk 0:09:21] } 14. Be3 { [%clk 0:08:48] } 14... b6 { [%clk 0:09:08] } 15.
f4 { [%clk 0:08:42] } 15... Bf6 { [%clk 0:08:54] } 16. e5 { [%clk 0:08:41] }
16... dxe5 { [%clk 0:08:41] } 17. Bxa8 { [%clk 0:08:38] } 17... Qxd1
{ [%clk 0:08:36] } 18. Rfxd1 { [%clk 0:08:16] } 18... Rxa8 { [%clk 0:08:33] }
19. fxe5 { [%clk 0:08:13] } 19... Bxe5 { [%clk 0:08:31] } 20. Na4
{ [%clk 0:08:11] } 20... Rb8 { [%clk 0:08:24] } 21. Kf2 { [%clk 0:07:49] }
21... Nf6 { [%clk 0:08:22] } 22. Kf3 { [%clk 0:07:36] } 22... Bg4+
{ [%clk 0:08:12] } 23. Kf2 { [%clk 0:07:32] } 23... Bxd1 { [%clk 0:08:11] } 24.
Rxd1 { [%clk 0:07:32] } 24... Ng4+ { [%clk 0:08:02] } 25. Kf3
{ [%clk 0:07:29] } 25... Nxh2+ { [%clk 0:07:52] } 26. Ke4 { [%clk 0:07:28] }
26... Bf6 { [%clk 0:07:44] } 27. b3 { [%clk 0:07:15] } 27... Ng4
{ [%clk 0:07:33] } 28. Bf4 { [%clk 0:06:57] } 28... Nf2+ { [%clk 0:07:29] } 29.
Kd5 { [%clk 0:06:51] } 29... Rd8+ { [%clk 0:07:23] } 30. Bd6 { [%clk 0:06:44] }
30... Nxd1 { [%clk 0:07:19] } 31. Kc6 { [%clk 0:06:43] } 31... Ne3
{ [%clk 0:06:44] } 32. Kc7 { [%clk 0:06:40] } 32... Nf5 { [%clk 0:06:28] } 33.
Bf4 { [%clk 0:06:33] } 33... Nd4 { [%clk 0:06:11] } 34. Kxb6 { [%clk 0:06:21] }
34... Nxc2 { [%clk 0:06:08] } 35. Kxa6 { [%clk 0:06:15] } 35... Bd4
{ [%clk 0:05:57] } 36. Bc7 { [%clk 0:06:06] } 36... Ra8+ { [%clk 0:05:53] } 37.
Kb7 { [%clk 0:06:03] } 37... Re8 { [%clk 0:05:45] } 38. Ba5 { [%clk 0:05:59] }
38... Nxa3 { [%clk 0:05:36] } 39. b4 { [%clk 0:05:56] } 39... cxb4
{ [%clk 0:05:32] } 40. Bxb4 { [%clk 0:05:54] } 40... Nc4 { [%clk 0:05:26] } 41.
Kc6 { [%clk 0:05:51] } 41... Be5 { [%clk 0:05:15] } 42. Kd5 { [%clk 0:05:48] }
42... Ne3+ { [%clk 0:05:09] } 43. Ke4 { [%clk 0:05:36] } 43... Ng4
{ [%clk 0:05:01] } 44. Kf3 { [%clk 0:05:31] } 44... h5 { [%clk 0:04:55] } 45.
Nc5 { [%clk 0:05:25] } 45... Rb8 { [%clk 0:04:47] } 46. Bd2 { [%clk 0:05:18] }
46... Bd6 { [%clk 0:04:31] } 47. Ne4 { [%clk 0:05:13] } 47... Rb3+
{ [%clk 0:04:27] } 48. Kg2 { [%clk 0:05:10] } 48... Bb4 { [%clk 0:04:16] } 49.
Bf4 { [%clk 0:04:44] } 49... f5 { [%clk 0:04:07] } 50. Ng5 { [%clk 0:04:39] }
50... Ne3+ { [%clk 0:03:52] } 51. Kh3 { [%clk 0:04:37] } 51... Nd5
{ [%clk 0:03:45] } 52. Be5 { [%clk 0:04:27] } 52... Be1 { [%clk 0:03:37] } 53.
Kh4 { [%clk 0:04:26] } 53... Nf6 { [%clk 0:03:29] } 54. Ne6 { [%clk 0:04:11] }
54... Bd2 { [%clk 0:03:08] } 55. Nc5 { [%clk 0:03:48] } 55... Rb5
{ [%clk 0:02:58] } 56. Nd3 { [%clk 0:03:46] } 56... g5+ { [%clk 0:02:30] } 57.
Kh3 { [%clk 0:03:43] } 57... Ne4 { [%clk 0:02:24] } 58. Bc7 { [%clk 0:03:21] }
58... Rb3 { [%clk 0:02:19] } 59. Ne5 { [%clk 0:02:51] } 59... Nxg3
{ [%clk 0:02:02] } 60. Kg2 { [%clk 0:02:48] } 60... f4 { [%clk 0:01:55] } 61.
Nf3 { [%clk 0:02:43] } 61... Rb2 { [%clk 0:01:39] } 62. Nxg5 { [%clk 0:02:22] }
62... Ba5+ { [%clk 0:01:36] } 63. Kh3 { [%clk 0:02:08] } 63... Bxc7
{ [%clk 0:01:33] } 64. Kh4 { [%clk 0:02:07] } 64... Rh2+ { [%clk 0:01:23] } 65.
Nh3 { [%clk 0:02:06] } 65... f3 { [%clk 0:01:19] } 66. Kg5 { [%clk 0:01:44] }
66... Rxh3 { [%clk 0:01:15] } 67. Kh6 { [%clk 0:01:40] } 67... Kf7
{ [%clk 0:01:02] } 0-1"
Rated Rapid game,https://lichess.org/hr8mJH7l,2024.08.01,-,tobasa1,raghung6,0-1,2024.08.01,08:45:03,1945,1937,,,C50,Italian Game: Giuoco Piano,600+0,Normal,"1. e4 { [%clk 0:10:00] } 1... e5 { [%clk 0:10:00] } 2. Nf3 { [%clk 0:09:59] }
2... Nc6 { [%clk 0:09:58] } 3. Bc4 { [%clk 0:09:57] } 3... Bc5
{ [%clk 0:09:57] } 4. O-O { [%clk 0:09:56] } 4... h6 { [%clk 0:09:54] } 5. c3
{ [%clk 0:09:55] } 5... d6 { [%clk 0:09:53] } 6. d4 { [%clk 0:09:54] } 6...
exd4 { [%clk 0:09:53] } 7. cxd4 { [%clk 0:09:53] } 7... Bb6 { [%clk 0:09:53] }
8. h3 { [%clk 0:09:52] } 8... Nge7 { [%clk 0:09:50] } 9. a4 { [%clk 0:09:40] }
9... a5 { [%clk 0:09:46] } 10. Bf4 { [%clk 0:09:11] } 10... g5
{ [%clk 0:09:40] } 11. Bh2 { [%clk 0:09:07] } 11... g4 { [%clk 0:09:36] } 12.
hxg4 { [%clk 0:09:04] } 12... Bxg4 { [%clk 0:09:35] } 13. Be2
{ [%clk 0:08:57] } 13... Bxf3 { [%clk 0:09:32] } 14. Bxf3 { [%clk 0:08:41] }
14... Nxd4 { [%clk 0:09:30] } 15. Nc3 { [%clk 0:08:36] } 15... Ng6
{ [%clk 0:09:24] } 16. Nd5 { [%clk 0:08:32] } 16... Qg5 { [%clk 0:09:21] } 17.
Nxb6 { [%clk 0:08:15] } 17... Nxf3+ { [%clk 0:09:16] } 18. Qxf3
{ [%clk 0:08:10] } 18... cxb6 { [%clk 0:09:12] } 19. Rad1 { [%clk 0:07:53] }
19... Ne5 { [%clk 0:09:01] } 20. Qd3 { [%clk 0:07:29] } 20... Nxd3
{ [%clk 0:08:58] } 21. Rxd3 { [%clk 0:07:10] } 21... O-O-O { [%clk 0:08:54] }
22. Rc1+ { [%clk 0:06:48] } 22... Kb8 { [%clk 0:08:51] } 23. e5
{ [%clk 0:06:42] } 23... Qxc1+ { [%clk 0:08:50] } 0-1"
Rated Rapid game,https://lichess.org/GW6NuoIa,2024.08.01,-,carrrlitosss,thiss1,0-1,2024.08.01,08:45:03,1799,1731,,,B30,Sicilian Defense: Old Sicilian,600+0,Normal,"1. e4 { [%eval 0.15] [%clk 0:10:00] } 1... c5 { [%eval 0.25] [%clk 0:10:00] }
2. Nf3 { [%eval 0.22] [%clk 0:09:46] } 2... Nc6 { [%eval 0.31] [%clk 0:09:58] }
3. Bc4 { [%eval 0.06] [%clk 0:09:45] } 3... e6 { [%eval 0.05] [%clk 0:09:54] }
4. h3 { [%eval -0.15] [%clk 0:09:42] } 4... d5 { [%eval -0.13] [%clk 0:09:51] }
5. exd5 { [%eval -0.11] [%clk 0:09:41] } 5... exd5
{ [%eval -0.04] [%clk 0:09:49] } 6. Bb5 { [%eval -0.12] [%clk 0:09:39] } 6...
Bd7 { [%eval 0.1] [%clk 0:09:48] } 7. O-O { [%eval 0.15] [%clk 0:09:36] } 7...
Bd6 { [%eval 0.12] [%clk 0:09:46] } 8. Re1+ { [%eval 0.0] [%clk 0:09:35] } 8...
Nge7 { [%eval 0.06] [%clk 0:09:45] } 9. c3 { [%eval -0.22] [%clk 0:09:31] }
9... O-O { [%eval -0.23] [%clk 0:09:42] } 10. d4
{ [%eval -0.21] [%clk 0:09:27] } 10... c4 { [%eval -0.12] [%clk 0:09:35] } 11.
Bg5 { [%eval -0.61] [%clk 0:09:21] } 11... Re8 { [%eval -0.39] [%clk 0:09:30] }
12. Nbd2 { [%eval -0.7] [%clk 0:09:14] } 12... f6
{ [%eval -0.84] [%clk 0:09:22] } 13. Bh4 { [%eval -0.88] [%clk 0:09:12] } 13...
a6 $6 { [%eval -0.17] [%clk 0:09:20] } 14. Ba4 { [%eval -0.16] [%clk 0:09:10] }
14... b5 { [%eval 0.0] [%clk 0:09:18] } 15. Bc2
{ [%eval -0.04] [%clk 0:09:09] } 15... Bf5 { [%eval 0.12] [%clk 0:09:11] } 16.
Rxe7 $2 { [%eval -2.73] [%clk 0:08:57] } 16... Nxe7
{ [%eval -2.69] [%clk 0:08:55] } 17. Bxf5 { [%eval -2.85] [%clk 0:08:42] }
17... Nxf5 { [%eval -2.84] [%clk 0:08:53] } 18. Qc2
{ [%eval -3.26] [%clk 0:08:39] } 18... Nxh4 { [%eval -2.87] [%clk 0:08:43] }
19. Nxh4 { [%eval -2.84] [%clk 0:08:38] } 19... Re2
{ [%eval -2.33] [%clk 0:08:33] } 20. Rd1 $2 { [%eval -3.55] [%clk 0:08:20] }
20... Qe7 { [%eval -3.26] [%clk 0:08:32] } 21. g3 $2
{ [%eval -5.26] [%clk 0:08:13] } 21... Bxg3 { [%eval -5.19] [%clk 0:07:46] }
22. fxg3 $4 { [%eval #-9] [%clk 0:08:08] } 22... Qe3+
{ [%eval #-8] [%clk 0:07:44] } 23. Kh1 { [%eval #-9] [%clk 0:07:52] } 23...
Qxg3 { [%eval #-9] [%clk 0:07:32] } 24. Nf1 { [%eval #-5] [%clk 0:06:39] }
24... Qxh3+ { [%eval #-4] [%clk 0:06:59] } 25. Nh2
{ [%eval #-1] [%clk 0:06:26] } 25... Qxh2# { [%clk 0:06:55] } 0-1"
Rated Rapid game,https://lichess.org/Dtc4lCRq,2024.08.01,-,olegsledak,Pavlos2525,0-1,2024.08.01,08:45:03,1629,1665,,,C40,King's Pawn Game: McConnell Defense,600+0,Time forfeit,"1. e4 { [%clk 0:10:00] } 1... e5 { [%clk 0:10:00] } 2. Nf3 { [%clk 0:09:59] }
2... Qf6 { [%clk 0:10:00] } 3. Nc3 { [%clk 0:09:56] } 3... c6
{ [%clk 0:09:59] } 4. Bc4 { [%clk 0:09:56] } 4... Bc5 { [%clk 0:09:57] } 5. O-O
{ [%clk 0:09:45] } 5... d6 { [%clk 0:09:56] } 6. d3 { [%clk 0:09:31] } 6... a5
{ [%clk 0:09:55] } 7. a3 { [%clk 0:09:21] } 7... Nh6 { [%clk 0:09:53] } 8. Bg5
{ [%clk 0:09:17] } 8... Qg6 { [%clk 0:09:52] } 9. Bxh6 { [%clk 0:09:02] } 9...
Qxh6 { [%clk 0:09:45] } 10. Nd2 { [%clk 0:08:54] } 10... Qg6 { [%clk 0:09:41] }
11. Qf3 { [%clk 0:08:43] } 11... O-O { [%clk 0:09:38] } 12. Nb3
{ [%clk 0:08:42] } 12... Bb6 { [%clk 0:09:33] } 13. Nd2 { [%clk 0:08:26] }
13... Bc5 { [%clk 0:09:25] } 14. Ba2 { [%clk 0:08:20] } 14... b5
{ [%clk 0:09:22] } 15. a4 { [%clk 0:08:15] } 15... b4 { [%clk 0:09:18] } 16.
Ne2 { [%clk 0:08:11] } 16... Bg4 { [%clk 0:09:14] } 17. Qg3 { [%clk 0:07:10] }
17... Bxe2 { [%clk 0:09:12] } 18. Rfe1 { [%clk 0:07:04] } 18... Qxg3
{ [%clk 0:09:09] } 19. hxg3 { [%clk 0:07:02] } 19... Bh5 { [%clk 0:09:07] } 20.
Nc4 { [%clk 0:07:00] } 20... Nd7 { [%clk 0:08:56] } 21. Kh2 { [%clk 0:06:54] }
21... Kh8 { [%clk 0:08:54] } 22. f4 { [%clk 0:06:52] } 22... f6
{ [%clk 0:08:45] } 23. f5 { [%clk 0:06:45] } 23... Bf7 { [%clk 0:08:43] } 24.
Nd2 { [%clk 0:06:39] } 24... Bxa2 { [%clk 0:08:41] } 25. Rxa2
{ [%clk 0:06:38] } 25... Bd4 { [%clk 0:08:36] } 26. Nc4 { [%clk 0:06:26] }
26... Bc5 { [%clk 0:08:32] } 27. c3 { [%clk 0:06:20] } 27... bxc3
{ [%clk 0:08:25] } 28. bxc3 { [%clk 0:06:20] } 28... Rfb8 { [%clk 0:08:16] }
29. Rd1 { [%clk 0:06:19] } 29... Rb3 { [%clk 0:08:12] } 30. d4
{ [%clk 0:06:17] } 30... exd4 { [%clk 0:08:06] } 31. cxd4 { [%clk 0:06:16] }
31... Bb4 { [%clk 0:07:58] } 32. d5 { [%clk 0:06:08] } 32... cxd5
{ [%clk 0:07:47] } 33. exd5 { [%clk 0:06:06] } 33... Rc3 { [%clk 0:07:43] } 34.
Nb2 { [%clk 0:05:57] } 34... Re8 { [%clk 0:07:31] } 35. Nd3 { [%clk 0:05:44] }
35... g6 { [%clk 0:07:11] } 36. fxg6 { [%clk 0:05:37] } 36... hxg6
{ [%clk 0:07:10] } 37. Nf4 { [%clk 0:05:36] } 37... Ree3 { [%clk 0:06:59] } 38.
Nxg6+ { [%clk 0:05:22] } 38... Kg7 { [%clk 0:06:58] } 39. Nf4
{ [%clk 0:05:17] } 39... Rxg3 { [%clk 0:06:56] } 40. Ne6+ { [%clk 0:05:13] }
40... Kf7 { [%clk 0:06:54] } 41. Nf4 { [%clk 0:05:10] } 41... Rg4
{ [%clk 0:06:44] } 42. Ne2 { [%clk 0:04:50] } 42... Rh4+ { [%clk 0:06:29] } 43.
Kg1 { [%clk 0:04:47] } 43... Re3 { [%clk 0:06:18] } 44. Nd4 { [%clk 0:04:23] }
44... Rh5 { [%clk 0:05:39] } 45. Ne6 { [%clk 0:03:49] } 45... Re4
{ [%clk 0:05:20] } 46. Rc2 { [%clk 0:03:43] } 46... Nc5 { [%clk 0:05:16] } 47.
Nd8+ { [%clk 0:03:32] } 47... Ke7 { [%clk 0:05:11] } 48. Nc6+
{ [%clk 0:03:30] } 48... Kd7 { [%clk 0:05:08] } 49. Rf1 { [%clk 0:02:26] }
49... f5 { [%clk 0:05:02] } 50. Nxb4 { [%clk 0:02:05] } 50... Rxb4
{ [%clk 0:04:59] } 51. Ra2 { [%clk 0:01:43] } 51... Rxa4 { [%clk 0:04:56] } 52.
Rxa4 { [%clk 0:01:33] } 52... Nxa4 { [%clk 0:04:56] } 53. Ra1
{ [%clk 0:01:32] } 53... Rh4 { [%clk 0:04:55] } 54. g3 { [%clk 0:01:30] } 54...
Rg4 { [%clk 0:04:54] } 55. Kg2 { [%clk 0:01:27] } 55... Kc7 { [%clk 0:04:53] }
56. Kf3 { [%clk 0:01:24] } 56... Kb6 { [%clk 0:04:50] } 57. Rc1
{ [%clk 0:01:21] } 57... Nc5 { [%clk 0:04:47] } 58. Rb1+ { [%clk 0:01:18] }
58... Ka6 { [%clk 0:04:45] } 59. Rb8 { [%clk 0:01:16] } 59... a4
{ [%clk 0:04:40] } 60. Rd8 { [%clk 0:01:12] } 60... Nb7 { [%clk 0:04:34] } 61.
Ra8+ { [%clk 0:01:08] } 61... Kb5 { [%clk 0:04:32] } 62. Rb8 { [%clk 0:01:01] }
62... Kb6 { [%clk 0:04:30] } 63. Ra8 { [%clk 0:00:56] } 63... Rd4
{ [%clk 0:04:18] } 0-1"
Rated Rapid game,https://lichess.org/8LvJkliE,2024.08.01,-,Biglarry78,FarhamBorouni89,0-1,2024.08.01,08:45:03,1431,1436,,,C20,"King's Pawn Game: Wayward Queen Attack, Kiddie Countergambit",600+0,Normal,"1. e4 { [%clk 0:10:00] } 1... e5 { [%clk 0:10:00] } 2. Qh5 { [%clk 0:09:59] }
2... Nf6 { [%clk 0:09:54] } 3. Qxe5+ { [%clk 0:09:56] } 3... Be7
{ [%clk 0:09:51] } 4. Bc4 { [%clk 0:09:51] } 4... O-O { [%clk 0:09:49] } 5. d3
{ [%clk 0:09:50] } 5... Nc6 { [%clk 0:09:47] } 6. Qf4 { [%clk 0:09:41] } 6...
d5 { [%clk 0:09:39] } 7. exd5 { [%clk 0:09:36] } 7... Nxd5 { [%clk 0:09:38] }
8. Bxd5 { [%clk 0:09:27] } 8... Qxd5 { [%clk 0:09:35] } 9. Qf3
{ [%clk 0:09:25] } 9... Qe5+ { [%clk 0:09:30] } 10. Qe2 { [%clk 0:09:02] }
10... Qf6 { [%clk 0:09:07] } 11. c3 { [%clk 0:08:55] } 11... Re8
{ [%clk 0:09:05] } 12. Be3 { [%clk 0:08:44] } 12... h6 { [%clk 0:09:00] } 13.
Nf3 { [%clk 0:08:37] } 13... a6 { [%clk 0:08:56] } 14. O-O { [%clk 0:08:35] }
14... Bg4 { [%clk 0:08:52] } 15. h3 { [%clk 0:08:30] } 15... Bxf3
{ [%clk 0:08:38] } 16. Qxf3 { [%clk 0:08:27] } 16... Ne5 { [%clk 0:08:37] } 17.
Qxf6 { [%clk 0:07:51] } 17... Bxf6 { [%clk 0:08:34] } 18. d4 { [%clk 0:07:46] }
18... Nd3 { [%clk 0:08:31] } 19. Nd2 { [%clk 0:07:13] } 19... Nxb2
{ [%clk 0:08:22] } 20. Bf4 { [%clk 0:07:12] } 20... c6 { [%clk 0:08:12] } 21.
Nc4 { [%clk 0:07:10] } 21... Nxc4 { [%clk 0:08:08] } 22. g3 { [%clk 0:06:27] }
22... g5 { [%clk 0:07:53] } 23. Bc1 { [%clk 0:06:19] } 23... b6
{ [%clk 0:07:46] } 24. f4 { [%clk 0:06:14] } 24... c5 { [%clk 0:07:41] } 25.
fxg5 { [%clk 0:06:01] } 25... Bxg5 { [%clk 0:07:38] } 26. dxc5
{ [%clk 0:05:50] } 26... bxc5 { [%clk 0:07:35] } 27. Bxg5 { [%clk 0:05:37] }
27... hxg5 { [%clk 0:07:33] } 28. Rf5 { [%clk 0:05:29] } 28... Re5
{ [%clk 0:07:25] } 29. Raf1 { [%clk 0:05:06] } 29... Rxf5 { [%clk 0:07:02] }
30. Rxf5 { [%clk 0:05:04] } 30... Kf8 { [%clk 0:06:35] } 31. Rxg5
{ [%clk 0:04:59] } 31... Re8 { [%clk 0:06:11] } 32. h4 { [%clk 0:04:55] } 32...
Re5 { [%clk 0:06:05] } 33. Rg4 { [%clk 0:04:32] } 33... Ne3 { [%clk 0:05:58] }
34. Ra4 { [%clk 0:04:27] } 34... Re6 { [%clk 0:05:53] } 35. Ra5
{ [%clk 0:04:25] } 35... Rc6 { [%clk 0:05:48] } 36. Kf2 { [%clk 0:04:20] }
36... Nd1+ { [%clk 0:05:45] } 37. Kf3 { [%clk 0:04:11] } 37... Nxc3
{ [%clk 0:05:43] } 38. h5 { [%clk 0:04:07] } 38... Nd5 { [%clk 0:05:32] } 39.
g4 { [%clk 0:04:03] } 39... Nf6 { [%clk 0:05:30] } 40. Kf4 { [%clk 0:03:52] }
40... Kg7 { [%clk 0:05:25] } 41. Kf5 { [%clk 0:03:41] } 41... Kh6
{ [%clk 0:05:05] } 42. Kf4 { [%clk 0:03:09] } 42... Nd5+ { [%clk 0:04:54] } 43.
Ke5 { [%clk 0:02:56] } 43... Ne3 { [%clk 0:04:32] } 44. Kf4 { [%clk 0:02:50] }
44... Ng2+ { [%clk 0:04:17] } 45. Kf5 { [%clk 0:02:34] } 45... Nh4+
{ [%clk 0:04:07] } 46. Ke5 { [%clk 0:02:30] } 46... Kg5 { [%clk 0:03:57] } 47.
Kd5 { [%clk 0:02:21] } 47... Rc8 { [%clk 0:03:31] } 48. Rxa6 { [%clk 0:02:18] }
48... Kxg4 { [%clk 0:03:27] } 49. Rf6 { [%clk 0:02:07] } 49... c4
{ [%clk 0:03:13] } 50. Rxf7 { [%clk 0:02:02] } 50... c3 { [%clk 0:03:11] } 51.
Rf1 { [%clk 0:01:55] } 51... c2 { [%clk 0:03:10] } 52. Rc1 { [%clk 0:01:52] }
52... Kxh5 { [%clk 0:03:00] } 53. a4 { [%clk 0:01:49] } 53... Nf3
{ [%clk 0:02:55] } 54. a5 { [%clk 0:01:45] } 54... Nd2 { [%clk 0:02:50] } 55.
a6 { [%clk 0:01:33] } 55... Nb3 { [%clk 0:02:48] } 56. Rh1+ { [%clk 0:01:30] }
56... Kg4 { [%clk 0:02:44] } 57. Rg1+ { [%clk 0:01:28] } 57... Kf3
{ [%clk 0:02:44] } 58. Rf1+ { [%clk 0:01:15] } 58... Ke2 { [%clk 0:02:33] } 59.
Rf7 { [%clk 0:01:02] } 59... c1=Q { [%clk 0:02:26] } 60. a7 { [%clk 0:01:00] }
60... Qd2+ { [%clk 0:02:21] } 61. Ke6 { [%clk 0:00:55] } 61... Re8+
{ [%clk 0:02:20] } 62. Kf6 { [%clk 0:00:52] } 62... Qf4+ { [%clk 0:02:14] } 63.
Kg7 { [%clk 0:00:49] } 63... Qg5+ { [%clk 0:02:08] } 64. Kh7 { [%clk 0:00:46] }
64... Re7 { [%clk 0:01:52] } 65. a8=Q { [%clk 0:00:37] } 65... Rxf7+
{ [%clk 0:01:47] } 66. Kh8 { [%clk 0:00:35] } 66... Qg7# { [%clk 0:01:45] } 0-1"
Rated Rapid game,https://lichess.org/COFU2KnY,2024.08.01,-,adagioq8,Michii202,1-0,2024.08.01,08:45:03,1919,1808,,,B12,"Caro-Kann Defense: Advance Variation, Short Variation",600+0,Time forfeit,"1. e4 { [%clk 0:10:00] } 1... c6 { [%clk 0:10:00] } 2. Nf3 { [%clk 0:09:59] }
2... d5 { [%clk 0:09:58] } 3. e5 { [%clk 0:09:43] } 3... Bf5 { [%clk 0:09:50] }
4. d4 { [%clk 0:09:34] } 4... e6 { [%clk 0:09:46] } 5. Nc3 { [%clk 0:09:32] }
5... Nd7 { [%clk 0:09:39] } 6. Bg5 { [%clk 0:09:30] } 6... Qb6
{ [%clk 0:09:33] } 7. Rb1 { [%clk 0:09:26] } 7... c5 { [%clk 0:09:27] } 8. Nh4
{ [%clk 0:09:14] } 8... cxd4 { [%clk 0:09:07] } 9. Nxf5 { [%clk 0:09:06] } 9...
exf5 { [%clk 0:09:04] } 10. Nb5 { [%clk 0:08:41] } 10... Bb4+
{ [%clk 0:08:42] } 11. Bd2 { [%clk 0:08:33] } 11... Bxd2+ { [%clk 0:08:22] }
12. Qxd2 { [%clk 0:08:31] } 12... Ne7 { [%clk 0:07:39] } 13. Nd6+
{ [%clk 0:08:29] } 13... Kf8 { [%clk 0:07:30] } 14. Qf4 { [%clk 0:08:21] }
14... Ng6 { [%clk 0:06:46] } 15. Qxf5 { [%clk 0:08:11] } 15... Ndxe5
{ [%clk 0:06:23] } 16. Nb5 { [%clk 0:06:53] } 16... a6 { [%clk 0:06:13] } 17.
Na3 { [%clk 0:06:26] } 17... Ke7 { [%clk 0:04:48] } 18. Be2 { [%clk 0:06:02] }
18... Qb4+ { [%clk 0:04:24] } 19. Kd1 { [%clk 0:05:59] } 19... Rhe8
{ [%clk 0:04:06] } 20. f4 { [%clk 0:05:57] } 20... Nc4 { [%clk 0:03:51] } 21.
Bxc4 { [%clk 0:05:41] } 21... dxc4 { [%clk 0:03:37] } 22. Qd5
{ [%clk 0:04:51] } 22... Kf8 { [%clk 0:03:16] } 23. Nxc4 { [%clk 0:04:47] }
23... Rad8 { [%clk 0:02:56] } 24. a3 { [%clk 0:04:16] } 24... Qe7
{ [%clk 0:02:09] } 25. Qf3 { [%clk 0:04:08] } 25... Nxf4 { [%clk 0:01:46] } 26.
Qxf4 { [%clk 0:03:52] } 26... Qe2+ { [%clk 0:01:43] } 27. Kc1
{ [%clk 0:03:50] } 27... Qxc4 { [%clk 0:01:27] } 28. Rf1 { [%clk 0:03:49] }
28... Re2 { [%clk 0:01:11] } 29. Qf5 { [%clk 0:03:37] } 29... d3
{ [%clk 0:00:33] } 30. c3 { [%clk 0:03:23] } 30... Qb3 { [%clk 0:00:30] } 31.
Qxf7+ { [%clk 0:03:12] } 31... Qxf7 { [%clk 0:00:27] } 32. Rxf7+
{ [%clk 0:03:07] } 32... Kxf7 { [%clk 0:00:27] } 33. Kd1 { [%clk 0:03:05] }
33... Rxg2 { [%clk 0:00:24] } 34. b4 { [%clk 0:02:59] } 34... Re8
{ [%clk 0:00:17] } 35. Rb3 { [%clk 0:02:52] } 35... Rg1+ { [%clk 0:00:15] } 36.
Kd2 { [%clk 0:02:50] } 36... Rd8 { [%clk 0:00:07] } 37. c4 { [%clk 0:02:47] }
37... Rg2+ { [%clk 0:00:06] } 38. Kd1 { [%clk 0:02:45] } 38... d2
{ [%clk 0:00:05] } 39. Rb2 { [%clk 0:02:43] } 39... Rg1+ { [%clk 0:00:03] } 40.
Ke2 { [%clk 0:02:40] } 40... d1=Q+ { [%clk 0:00:03] } 41. Kf2
{ [%clk 0:02:38] } 1-0"
Rated Rapid game,https://lichess.org/xmX6uutY,2024.08.01,-,Ok67tay,Muhammad_Aulia,0-1,2024.08.01,08:45:03,1490,1496,,,B01,Scandinavian Defense: Mieses-Kotroc Variation,600+0,Time forfeit,"1. e4 { [%clk 0:10:00] } 1... d5 { [%clk 0:10:00] } 2. exd5 { [%clk 0:09:58] }
2... Qxd5 { [%clk 0:09:58] } 3. Nc3 { [%clk 0:09:57] } 3... Qe5+
{ [%clk 0:09:57] } 4. Be2 { [%clk 0:09:55] } 4... Bg4 { [%clk 0:09:52] } 5. h3
{ [%clk 0:09:47] } 5... Bh5 { [%clk 0:09:48] } 6. g4 { [%clk 0:09:43] } 6...
Bg6 { [%clk 0:09:46] } 7. Nf3 { [%clk 0:09:43] } 7... Qf4 { [%clk 0:09:38] } 8.
d3 { [%clk 0:09:39] } 8... Qd6 { [%clk 0:09:34] } 9. Be3 { [%clk 0:09:31] }
9... Nc6 { [%clk 0:09:31] } 10. h4 { [%clk 0:09:24] } 10... h5
{ [%clk 0:09:29] } 11. g5 { [%clk 0:09:21] } 11... O-O-O { [%clk 0:09:28] } 12.
Qd2 { [%clk 0:09:19] } 12... e6 { [%clk 0:09:23] } 13. Bf4 { [%clk 0:09:14] }
13... e5 { [%clk 0:09:12] } 14. Bh2 { [%clk 0:09:05] } 14... Nge7
{ [%clk 0:09:11] } 15. Nb5 { [%clk 0:09:04] } 15... Qb4 { [%clk 0:09:00] } 16.
Nxa7+ { [%clk 0:08:57] } 16... Kb8 { [%clk 0:08:53] } 17. Nxc6+
{ [%clk 0:08:55] } 17... Nxc6 { [%clk 0:08:48] } 18. Qxb4 { [%clk 0:08:48] }
18... Nxb4 { [%clk 0:08:47] } 19. Kd2 { [%clk 0:08:35] } 19... f6
{ [%clk 0:08:40] } 20. gxf6 { [%clk 0:08:34] } 20... gxf6 { [%clk 0:08:39] }
21. a3 { [%clk 0:08:31] } 21... Nd5 { [%clk 0:08:36] } 22. Rhg1
{ [%clk 0:08:30] } 22... Bf5 { [%clk 0:08:31] } 0-1"
Rated Rapid game,https://lichess.org/E9yrWBIi,2024.08.01,-,corydorasfish,Santoshaaaaaaaa,1-0,2024.08.01,08:45:00,1789,1819,,,B01,Scandinavian Defense: Main Line,600+0,Normal,"1. e4 { [%clk 0:10:00] } 1... d5 { [%clk 0:10:00] } 2. exd5 { [%clk 0:09:58] }
2... Qxd5 { [%clk 0:09:59] } 3. Nc3 { [%clk 0:09:56] } 3... Qa5
{ [%clk 0:09:55] } 4. Nf3 { [%clk 0:09:54] } 4... Bg4 { [%clk 0:09:53] } 5. Be2
{ [%clk 0:09:53] } 5... Nc6 { [%clk 0:09:50] } 6. O-O { [%clk 0:09:48] } 6...
O-O-O { [%clk 0:09:42] } 7. a4 { [%clk 0:09:31] } 7... f6 { [%clk 0:09:39] } 8.
b4 { [%clk 0:09:26] } 8... Nxb4 { [%clk 0:09:36] } 9. Ba3 { [%clk 0:09:20] }
9... e5 { [%clk 0:09:27] } 10. Rb1 { [%clk 0:09:15] } 10... Bf5
{ [%clk 0:09:17] } 11. Bxb4 { [%clk 0:08:40] } 11... Bxb4 { [%clk 0:09:14] }
12. Nb5 { [%clk 0:08:30] } 12... Bxd2 { [%clk 0:09:05] } 13. Nxd2
{ [%clk 0:08:27] } 13... Rxd2 { [%clk 0:09:02] } 14. Qe1 { [%clk 0:08:16] }
14... Bxc2 { [%clk 0:08:59] } 15. Rb2 { [%clk 0:08:02] } 15... b6
{ [%clk 0:08:51] } 16. Bg4+ { [%clk 0:07:39] } 16... Kb7 { [%clk 0:08:35] } 17.
Qc1 { [%clk 0:07:30] } 17... Bxa4 { [%clk 0:08:09] } 18. Qxc7+
{ [%clk 0:07:24] } 18... Ka6 { [%clk 0:08:07] } 19. Qxa7# { [%clk 0:07:21] }
1-0"
Rated Rapid game,https://lichess.org/VELIv6yy,2024.08.01,-,ajaychamp,asnox8,0-1,2024.08.01,08:45:07,1439,1509,,,D00,Queen's Pawn Game,600+0,Normal,"1. d4 { [%clk 0:10:00] } 1... d5 { [%clk 0:10:00] } 2. c3 { [%clk 0:09:58] }
2... g6 { [%clk 0:09:58] } 3. e3 { [%clk 0:09:58] } 3... Bg7 { [%clk 0:09:57] }
4. Nf3 { [%clk 0:09:58] } 4... Nf6 { [%clk 0:09:54] } 5. Nbd2
{ [%clk 0:09:58] } 5... O-O { [%clk 0:09:52] } 6. c4 { [%clk 0:09:48] } 6... e6
{ [%clk 0:09:48] } 7. cxd5 { [%clk 0:09:46] } 7... exd5 { [%clk 0:09:47] } 8.
b3 { [%clk 0:09:42] } 8... Bg4 { [%clk 0:09:42] } 9. Ba3 { [%clk 0:09:37] }
9... Re8 { [%clk 0:09:39] } 10. Qc1 { [%clk 0:09:30] } 10... Ne4
{ [%clk 0:09:35] } 11. Be2 { [%clk 0:09:27] } 11... b6 { [%clk 0:09:20] } 12.
Qc2 { [%clk 0:09:21] } 12... Nd7 { [%clk 0:09:15] } 13. Qc6 { [%clk 0:09:16] }
13... Nxd2 { [%clk 0:09:10] } 14. Kxd2 { [%clk 0:09:09] } 14... Re6
{ [%clk 0:09:07] } 15. Qxd5 { [%clk 0:09:05] } 15... c6 { [%clk 0:08:50] } 16.
Qc4 { [%clk 0:08:52] } 16... c5 { [%clk 0:08:47] } 17. Ke1 { [%clk 0:08:46] }
17... Rc8 { [%clk 0:08:36] } 18. Qd5 { [%clk 0:08:32] } 18... cxd4
{ [%clk 0:08:30] } 19. Nxd4 { [%clk 0:08:18] } 19... Bxe2 { [%clk 0:08:19] }
20. Nxe2 { [%clk 0:08:15] } 20... Bxa1 { [%clk 0:08:17] } 0-1"
Rated Rapid game,https://lichess.org/Tkmw1Yho,2024.08.01,-,ntn_ss,h9ss,1-0,2024.08.01,08:45:07,1351,1297,,,B57,"Sicilian Defense: Classical Variation, Sozin Attack",600+0,Normal,"1. e4 { [%clk 0:10:00] } 1... c5 { [%clk 0:10:00] } 2. Bc4 { [%clk 0:09:58] }
2... d6 { [%clk 0:09:58] } 3. Nf3 { [%clk 0:09:55] } 3... Nc6
{ [%clk 0:09:56] } 4. d4 { [%clk 0:09:39] } 4... cxd4 { [%clk 0:09:54] } 5.
Nxd4 { [%clk 0:09:37] } 5... Nf6 { [%clk 0:09:51] } 6. Nc3 { [%clk 0:09:24] }
6... Nxd4 { [%clk 0:09:48] } 7. Qxd4 { [%clk 0:09:21] } 7... e5
{ [%clk 0:09:47] } 8. Bb5+ { [%clk 0:09:03] } 8... Bd7 { [%clk 0:09:40] } 9.
Bxd7+ { [%clk 0:08:59] } 9... Qxd7 { [%clk 0:09:38] } 10. Qd1
{ [%clk 0:08:18] } 10... g6 { [%clk 0:09:32] } 11. Qf3 { [%clk 0:07:52] } 11...
Bg7 { [%clk 0:09:21] } 12. O-O { [%clk 0:07:22] } 12... O-O-O
{ [%clk 0:09:20] } 13. Be3 { [%clk 0:06:52] } 13... Ng4 { [%clk 0:09:17] } 14.
Bxa7 { [%clk 0:06:15] } 14... f5 { [%clk 0:07:51] } 15. Nd5 { [%clk 0:06:03] }
15... Qc6 { [%clk 0:07:28] } 16. Ne7+ { [%clk 0:05:48] } 1-0"
Rated Rapid game,https://lichess.org/6DgmzUPP,2024.08.01,-,John_Cho,samanmoha,1/2-1/2,2024.08.01,08:45:07,1899,1904,,,D02,Queen's Pawn Game: London System,600+0,Normal,"1. d4 { [%eval 0.16] [%clk 0:10:00] } 1... d5 { [%eval 0.23] [%clk 0:10:00] }
2. Nf3 { [%eval 0.2] [%clk 0:09:59] } 2... Nf6 { [%eval 0.14] [%clk 0:09:58] }
3. Bf4 { [%eval 0.0] [%clk 0:09:57] } 3... e6 { [%eval 0.18] [%clk 0:09:58] }
4. e3 { [%eval 0.08] [%clk 0:09:27] } 4... Nc6 { [%eval 0.34] [%clk 0:09:56] }
5. c4 { [%eval 0.37] [%clk 0:09:24] } 5... a6 { [%eval 0.62] [%clk 0:09:52] }
6. Nc3 { [%eval 0.71] [%clk 0:09:22] } 6... Bb4 { [%eval 0.72] [%clk 0:09:45] }
7. Qb3 { [%eval 0.39] [%clk 0:09:15] } 7... a5 { [%eval 0.59] [%clk 0:09:33] }
8. c5 $6 { [%eval -0.27] [%clk 0:09:06] } 8... a4
{ [%eval -0.55] [%clk 0:09:27] } 9. Qc2 { [%eval -0.41] [%clk 0:08:57] } 9...
Ne4 $2 { [%eval 0.74] [%clk 0:09:14] } 10. Bb5 $2
{ [%eval -2.07] [%clk 0:08:53] } 10... Bd7 $4 { [%eval 1.35] [%clk 0:09:01] }
11. Bxc6 $2 { [%eval -0.23] [%clk 0:08:50] } 11... Bxc6
{ [%eval -0.14] [%clk 0:08:54] } 12. O-O { [%eval -0.25] [%clk 0:08:49] } 12...
Bxc3 { [%eval -0.21] [%clk 0:08:31] } 13. bxc3 { [%eval -0.26] [%clk 0:08:47] }
13... O-O $6 { [%eval 0.43] [%clk 0:08:30] } 14. Nd2 $6
{ [%eval -0.33] [%clk 0:08:43] } 14... f5 $2 { [%eval 0.75] [%clk 0:08:21] }
15. a3 { [%eval 0.46] [%clk 0:08:33] } 15... g5 { [%eval 0.98] [%clk 0:07:41] }
16. Be5 { [%eval 1.06] [%clk 0:08:29] } 16... g4 $6
{ [%eval 1.79] [%clk 0:07:26] } 17. Nxe4 $6 { [%eval 1.17] [%clk 0:08:27] }
17... dxe4 $6 { [%eval 1.8] [%clk 0:07:19] } 18. Qd1 $2
{ [%eval 0.62] [%clk 0:08:19] } 18... b6 $2 { [%eval 1.78] [%clk 0:06:44] } 19.
cxb6 { [%eval 1.89] [%clk 0:08:13] } 19... cxb6 { [%eval 1.63] [%clk 0:06:43] }
20. Rb1 { [%eval 1.13] [%clk 0:08:12] } 20... b5 { [%eval 1.6] [%clk 0:06:36] }
21. Rb4 { [%eval 1.57] [%clk 0:07:28] } 21... Bd5
{ [%eval 2.18] [%clk 0:06:34] } 22. Rxb5 { [%eval 2.12] [%clk 0:07:13] } 22...
Bc4 { [%eval 1.97] [%clk 0:06:32] } 23. Rc5 $2 { [%eval 0.59] [%clk 0:06:59] }
23... Bxf1 { [%eval 0.7] [%clk 0:06:30] } 24. Qxf1
{ [%eval 0.72] [%clk 0:06:59] } 24... Qb6 $6 { [%eval 1.35] [%clk 0:06:06] }
25. Rc7 $2 { [%eval 0.22] [%clk 0:06:47] } 25... Rf7
{ [%eval 0.13] [%clk 0:05:58] } 26. Rxf7 { [%eval 0.0] [%clk 0:06:19] } 26...
Kxf7 { [%eval 0.0] [%clk 0:05:56] } 27. h3 { [%eval 0.0] [%clk 0:06:15] } 27...
h5 { [%eval 0.0] [%clk 0:05:50] } 28. hxg4 { [%eval 0.0] [%clk 0:05:49] } 28...
hxg4 { [%eval 0.0] [%clk 0:05:48] } 29. g3 { [%eval -0.11] [%clk 0:05:45] }
29... Qb2 { [%eval 0.0] [%clk 0:05:33] } 30. Kg2 { [%eval 0.0] [%clk 0:05:07] }
30... Qxc3 $2 { [%eval 1.74] [%clk 0:05:26] } 31. Qh1
{ [%eval 1.14] [%clk 0:04:58] } 31... Qc8 $4 { [%eval 6.79] [%clk 0:04:59] }
32. Qh7+ { [%eval 5.85] [%clk 0:04:49] } 32... Ke8
{ [%eval 5.59] [%clk 0:04:56] } 33. Qg6+ $4 { [%eval 0.0] [%clk 0:04:21] }
33... Kd7 { [%eval 0.0] [%clk 0:04:55] } 34. d5 { [%eval 0.0] [%clk 0:03:57] }
34... exd5 { [%eval 0.0] [%clk 0:04:40] } 35. Qd6+
{ [%eval 0.0] [%clk 0:03:54] } 35... Ke8 { [%eval 0.0] [%clk 0:04:24] } 36.
Qg6+ { [%eval 0.0] [%clk 0:03:47] } 36... Kd8 { [%eval 0.0] [%clk 0:04:19] }
37. Bf6+ { [%eval 0.0] [%clk 0:03:23] } 37... Kc7
{ [%eval 0.0] [%clk 0:04:15] } 38. Be5+ { [%eval 0.0] [%clk 0:03:14] } 38...
Kb7 { [%eval 0.0] [%clk 0:04:09] } 39. Qf7+ { [%eval -0.22] [%clk 0:03:09] }
39... Kc6 { [%eval -0.17] [%clk 0:04:03] } 40. Qf6+
{ [%eval -0.39] [%clk 0:03:00] } 40... Kc5 { [%eval 0.0] [%clk 0:03:56] } 41.
Qe7+ { [%eval 0.0] [%clk 0:02:38] } 41... Kb5 { [%eval 0.0] [%clk 0:03:47] }
42. Qb4+ { [%eval 0.0] [%clk 0:02:28] } 42... Kc6
{ [%eval 0.0] [%clk 0:03:41] } 43. Qd6+ { [%eval 0.0] [%clk 0:02:25] } 43...
Kb7 { [%eval 0.0] [%clk 0:03:37] } 44. Qb4+ { [%eval 0.0] [%clk 0:02:02] }
44... Kc6 { [%eval 0.0] [%clk 0:03:32] } 45. Qd6+
{ [%eval 0.0] [%clk 0:01:58] } 45... Kb7 { [%eval 0.0] [%clk 0:03:30] } 46.
Qb4+ { [%eval 0.0] [%clk 0:01:57] } 46... Kc6 { [%eval 0.0] [%clk 0:03:29] }
1/2-1/2"
Rated Rapid game,https://lichess.org/5M0o4XFU,2024.08.01,-,Jaloji,Woodpusher26,1-0,2024.08.01,08:45:07,2048,2117,,,D04,Queen's Pawn Game: Colle System,600+0,Normal,"1. d4 { [%clk 0:10:00] } 1... d5 { [%clk 0:10:00] } 2. Nf3 { [%clk 0:09:59] }
2... Nf6 { [%clk 0:09:59] } 3. e3 { [%clk 0:09:57] } 3... Bg4
{ [%clk 0:09:52] } 4. h3 { [%clk 0:09:56] } 4... Bh5 { [%clk 0:09:50] } 5. g4
{ [%clk 0:09:55] } 5... Bg6 { [%clk 0:09:48] } 6. Ne5 { [%clk 0:09:54] } 6...
Nc6 { [%clk 0:09:40] } 7. h4 { [%clk 0:09:53] } 7... h6 { [%clk 0:09:02] } 8.
Nxg6 { [%clk 0:09:51] } 8... fxg6 { [%clk 0:09:00] } 9. Bd3 { [%clk 0:09:49] }
9... Kf7 { [%clk 0:08:55] } 10. c3 { [%clk 0:09:47] } 10... e5
{ [%clk 0:08:51] } 11. dxe5 { [%clk 0:09:44] } 11... Nxe5 { [%clk 0:08:48] }
12. Bc2 { [%clk 0:09:42] } 12... Ne4 { [%clk 0:08:19] } 13. Nd2
{ [%clk 0:09:31] } 13... Nxd2 { [%clk 0:08:07] } 14. Bxd2 { [%clk 0:09:31] }
14... Be7 { [%clk 0:08:04] } 15. Qe2 { [%clk 0:09:10] } 15... Bxh4
{ [%clk 0:07:53] } 16. O-O-O { [%clk 0:09:08] } 16... c6 { [%clk 0:07:35] } 17.
f4 { [%clk 0:09:05] } 17... Nc4 { [%clk 0:07:29] } 18. Qd3 { [%clk 0:08:55] }
18... Bf6 { [%clk 0:06:45] } 19. Qxg6+ { [%clk 0:08:52] } 19... Kf8
{ [%clk 0:06:38] } 20. g5 { [%clk 0:08:46] } 20... Nxd2 { [%clk 0:05:28] } 21.
gxf6 { [%clk 0:08:35] } 21... Qxf6 { [%clk 0:05:23] } 22. Qxf6+
{ [%clk 0:08:34] } 22... gxf6 { [%clk 0:05:21] } 23. Rxd2 { [%clk 0:08:32] }
23... Re8 { [%clk 0:05:19] } 24. Re2 { [%clk 0:08:26] } 24... Re7
{ [%clk 0:04:54] } 25. Kd2 { [%clk 0:08:20] } 25... Ke8 { [%clk 0:04:49] } 26.
Rg2 { [%clk 0:08:05] } 26... Kf7 { [%clk 0:04:27] } 27. Bf5 { [%clk 0:07:44] }
27... c5 { [%clk 0:04:19] } 28. Kd3 { [%clk 0:07:09] } 28... b5
{ [%clk 0:04:08] } 29. b3 { [%clk 0:06:59] } 29... a5 { [%clk 0:04:05] } 30.
Rh5 { [%clk 0:06:44] } 30... Rhe8 { [%clk 0:03:56] } 31. Bg6+
{ [%clk 0:06:42] } 31... Kf8 { [%clk 0:03:54] } 32. Bxe8 { [%clk 0:06:40] } 1-0"
Rated Rapid game,https://lichess.org/DdN4MPSP,2024.08.01,-,sounart6,YVESG54,1-0,2024.08.01,08:45:07,1273,1260,,,C02,French Defense: Advance Variation,600+0,Normal,"1. e4 { [%clk 0:10:00] } 1... e6 { [%clk 0:10:00] } 2. d4 { [%clk 0:09:59] }
2... d5 { [%clk 0:09:58] } 3. e5 { [%clk 0:09:54] } 3... c5 { [%clk 0:09:57] }
4. c4 { [%clk 0:09:51] } 4... Nc6 { [%clk 0:09:53] } 5. Nf3 { [%clk 0:09:32] }
5... cxd4 { [%clk 0:09:46] } 6. Nxd4 { [%clk 0:09:30] } 6... Nxd4
{ [%clk 0:09:45] } 7. Qxd4 { [%clk 0:09:29] } 7... f6 { [%clk 0:09:40] } 8.
cxd5 { [%clk 0:09:13] } 8... exd5 { [%clk 0:09:19] } 9. Bb5+ { [%clk 0:09:06] }
9... Bd7 { [%clk 0:09:17] } 10. Bxd7+ { [%clk 0:09:04] } 10... Qxd7
{ [%clk 0:09:15] } 11. O-O { [%clk 0:09:03] } 11... fxe5 { [%clk 0:09:13] } 12.
Qxe5+ { [%clk 0:09:01] } 12... Qe7 { [%clk 0:09:10] } 13. Qxd5
{ [%clk 0:08:56] } 13... Nf6 { [%clk 0:09:08] } 14. Qb5+ { [%clk 0:08:51] }
14... Qd7 { [%clk 0:09:01] } 15. Qxd7+ { [%clk 0:08:45] } 15... Nxd7
{ [%clk 0:08:59] } 16. Bf4 { [%clk 0:08:37] } 16... Be7 { [%clk 0:08:56] } 17.
Nc3 { [%clk 0:08:32] } 17... O-O { [%clk 0:08:55] } 18. Rfe1 { [%clk 0:08:29] }
18... Bf6 { [%clk 0:08:53] } 19. Bd6 { [%clk 0:08:22] } 19... Rfe8
{ [%clk 0:08:47] } 20. Rxe8+ { [%clk 0:08:21] } 20... Rxe8 { [%clk 0:08:45] }
21. h3 { [%clk 0:08:17] } 21... Bxc3 { [%clk 0:08:43] } 22. bxc3
{ [%clk 0:08:16] } 22... a6 { [%clk 0:08:42] } 23. Rb1 { [%clk 0:08:11] } 23...
b5 { [%clk 0:08:36] } 24. a3 { [%clk 0:07:53] } 24... Nb6 { [%clk 0:08:28] }
25. c4 { [%clk 0:07:42] } 25... Nxc4 { [%clk 0:08:24] } 26. Bf4
{ [%clk 0:07:31] } 26... Nxa3 { [%clk 0:08:20] } 27. Ra1 { [%clk 0:07:22] }
27... Nc4 { [%clk 0:08:01] } 28. Rxa6 { [%clk 0:07:19] } 28... b4
{ [%clk 0:08:00] } 29. Rc6 { [%clk 0:07:17] } 29... Nb2 { [%clk 0:07:46] } 30.
Rb6 { [%clk 0:07:11] } 30... Re4 { [%clk 0:07:44] } 31. Rb8+ { [%clk 0:07:05] }
31... Kf7 { [%clk 0:07:42] } 32. g3 { [%clk 0:07:02] } 32... Nd3
{ [%clk 0:07:34] } 33. Be3 { [%clk 0:06:52] } 33... Ne5 { [%clk 0:07:07] } 34.
Kg2 { [%clk 0:06:44] } 34... Nc6 { [%clk 0:06:51] } 35. Rb7+ { [%clk 0:06:40] }
35... Ke8 { [%clk 0:06:42] } 36. Bc5 { [%clk 0:06:25] } 36... g6
{ [%clk 0:06:22] } 37. Rxh7 { [%clk 0:06:07] } 37... b3 { [%clk 0:06:20] } 38.
Rh8+ { [%clk 0:06:05] } 38... Kd7 { [%clk 0:06:18] } 39. Rh7+
{ [%clk 0:06:00] } 39... Ke6 { [%clk 0:06:16] } 40. Rb7 { [%clk 0:05:51] }
40... Na5 { [%clk 0:06:06] } 41. Rb6+ { [%clk 0:05:35] } 41... Kd5
{ [%clk 0:06:04] } 42. Ba3 { [%clk 0:05:12] } 42... Nc4 { [%clk 0:05:59] } 43.
Rxb3 { [%clk 0:05:10] } 43... Nd2 { [%clk 0:05:39] } 44. Rd3+
{ [%clk 0:04:44] } 44... Rd4 { [%clk 0:05:30] } 45. Rxd4+ { [%clk 0:04:31] }
45... Kxd4 { [%clk 0:05:29] } 46. f4 { [%clk 0:04:25] } 46... Ke4
{ [%clk 0:05:25] } 47. Bb4 { [%clk 0:03:34] } 47... Nf3 { [%clk 0:05:23] } 48.
h4 { [%clk 0:03:29] } 48... Ke3 { [%clk 0:05:12] } 49. Kf1 { [%clk 0:03:04] }
49... Nh2+ { [%clk 0:05:06] } 50. Kg2 { [%clk 0:02:58] } 50... Ng4
{ [%clk 0:05:05] } 51. Bc5+ { [%clk 0:02:47] } 51... Ke4 { [%clk 0:05:03] } 52.
Kh3 { [%clk 0:02:41] } 52... Nf6 { [%clk 0:04:51] } 53. Be7 { [%clk 0:02:18] }
53... Nd5 { [%clk 0:04:44] } 54. Bc5 { [%clk 0:02:03] } 54... Nf6
{ [%clk 0:04:38] } 55. g4 { [%clk 0:01:51] } 55... Kf3 { [%clk 0:04:31] } 56.
g5 { [%clk 0:01:41] } 56... Kxf4 { [%clk 0:04:29] } 57. gxf6 { [%clk 0:01:39] }
57... Kf5 { [%clk 0:04:27] } 58. f7 { [%clk 0:01:38] } 58... Kf6
{ [%clk 0:04:23] } 59. f8=Q+ { [%clk 0:01:36] } 59... Ke5 { [%clk 0:04:21] }
60. Qe7+ { [%clk 0:01:33] } 60... Kd5 { [%clk 0:04:20] } 61. Qd6+
{ [%clk 0:01:31] } 61... Kc4 { [%clk 0:04:19] } 62. Qd4+ { [%clk 0:01:30] }
62... Kb5 { [%clk 0:04:17] } 63. Ba3 { [%clk 0:01:25] } 63... Kc6
{ [%clk 0:04:16] } 64. Qd6+ { [%clk 0:01:23] } 64... Kb7 { [%clk 0:04:13] } 65.
Kg4 { [%clk 0:01:17] } 65... Kc8 { [%clk 0:04:11] } 66. h5 { [%clk 0:01:15] }
66... gxh5+ { [%clk 0:04:08] } 67. Kxh5 { [%clk 0:01:14] } 67... Kb7
{ [%clk 0:04:07] } 68. Kg6 { [%clk 0:01:13] } 68... Kc8 { [%clk 0:04:07] } 69.
Bc5 { [%clk 0:01:11] } 69... Kb7 { [%clk 0:04:04] } 70. Bb6 { [%clk 0:01:09] }
70... Kc8 { [%clk 0:04:03] } 71. Qc7# { [%clk 0:01:08] } 1-0"
Rated Rapid game,https://lichess.org/inBXmn86,2024.08.01,-,LogisticsSerseri,Robespierre61,1-0,2024.08.01,08:45:07,1117,1090,,,D00,Queen's Pawn Game: Accelerated London System,600+0,Time forfeit,"1. d4 { [%clk 0:10:00] } 1... d5 { [%clk 0:10:00] } 2. Bf4 { [%clk 0:09:59] }
2... c6 { [%clk 0:09:53] } 3. e3 { [%clk 0:09:52] } 3... Nf6 { [%clk 0:09:50] }
4. Nf3 { [%clk 0:09:51] } 4... e6 { [%clk 0:09:44] } 5. Bxb8 { [%clk 0:09:50] }
5... Rxb8 { [%clk 0:09:43] } 6. Ne5 { [%clk 0:09:49] } 6... Qe7
{ [%clk 0:09:26] } 7. Be2 { [%clk 0:09:47] } 7... g6 { [%clk 0:09:20] } 8. Bg4
{ [%clk 0:09:39] } 8... Qb4+ { [%clk 0:09:14] } 9. c3 { [%clk 0:09:38] } 9...
Qxb2 { [%clk 0:09:13] } 10. Nd2 { [%clk 0:09:37] } 10... Qb6 { [%clk 0:09:09] }
11. Qf3 { [%clk 0:09:29] } 11... Qd8 { [%clk 0:08:33] } 12. O-O
{ [%clk 0:09:20] } 12... Bg7 { [%clk 0:08:19] } 13. Nb3 { [%clk 0:09:02] }
13... Nxg4 { [%clk 0:08:17] } 14. Nxf7 { [%clk 0:08:41] } 14... Qe7
{ [%clk 0:07:46] } 15. Nxh8 { [%clk 0:08:38] } 15... Nf6 { [%clk 0:07:37] } 16.
Nxg6 { [%clk 0:08:20] } 16... Qa3 { [%clk 0:07:33] } 17. Ne5 { [%clk 0:07:48] }
17... Ne4 { [%clk 0:07:23] } 18. Qf7+ { [%clk 0:07:42] } 18... Kd8
{ [%clk 0:07:20] } 19. Qxg7 { [%clk 0:07:37] } 19... Qb2 { [%clk 0:07:15] } 20.
Qf6+ { [%clk 0:07:37] } 20... Kc7 { [%clk 0:07:13] } 21. Qe7+
{ [%clk 0:07:28] } 21... Bd7 { [%clk 0:07:11] } 22. Nc5 { [%clk 0:07:12] }
22... Nxc5 { [%clk 0:07:04] } 23. dxc5 { [%clk 0:07:12] } 23... Re8
{ [%clk 0:06:58] } 24. Qd6+ { [%clk 0:07:12] } 24... Kd8 { [%clk 0:06:54] } 25.
Nxd7 { [%clk 0:07:09] } 25... Re7 { [%clk 0:06:50] } 26. Nf6+
{ [%clk 0:07:07] } 26... Kc8 { [%clk 0:06:43] } 27. Qxe7 { [%clk 0:07:07] } 1-0"
Rated Rapid game,https://lichess.org/gB8yO6F5,2024.08.01,-,SashaNesterovskij11,Seinniv,0-1,2024.08.01,08:45:07,1374,1367,,,A46,Indian Defense: Wade-Tartakower Defense,600+0,Normal,"1. d4 { [%clk 0:10:00] } 1... Nf6 { [%clk 0:10:00] } 2. Nf3 { [%clk 0:09:58] }
2... d6 { [%clk 0:09:51] } 3. e3 { [%clk 0:09:56] } 3... e6 { [%clk 0:09:11] }
4. Nc3 { [%clk 0:09:53] } 4... Be7 { [%clk 0:08:26] } 5. Bc4 { [%clk 0:09:50] }
5... O-O { [%clk 0:08:22] } 6. d5 { [%clk 0:09:48] } 6... exd5
{ [%clk 0:08:17] } 7. Bxd5 { [%clk 0:09:39] } 7... c6 { [%clk 0:08:14] } 8. Be4
{ [%clk 0:09:34] } 8... d5 { [%clk 0:08:05] } 9. Bd3 { [%clk 0:09:28] } 9...
Qd6 { [%clk 0:07:58] } 10. Qe2 { [%clk 0:09:10] } 10... Be6 { [%clk 0:07:14] }
11. e4 { [%clk 0:08:48] } 11... dxe4 { [%clk 0:06:55] } 12. Bxe4
{ [%clk 0:08:40] } 12... Na6 { [%clk 0:06:53] } 13. Bg5 { [%clk 0:08:37] }
13... Nc5 { [%clk 0:06:39] } 14. Rd1 { [%clk 0:08:34] } 14... Qc7
{ [%clk 0:06:31] } 15. h4 { [%clk 0:08:28] } 15... h6 { [%clk 0:06:27] } 16.
Bxh6 { [%clk 0:08:22] } 16... gxh6 { [%clk 0:06:23] } 17. g4 { [%clk 0:08:01] }
17... Nxg4 { [%clk 0:06:15] } 18. Rg1 { [%clk 0:07:57] } 18... h5
{ [%clk 0:06:10] } 19. Nh2 { [%clk 0:07:52] } 19... Qxh2 { [%clk 0:06:06] } 20.
f3 { [%clk 0:07:47] } 20... Qxg1+ { [%clk 0:05:58] } 21. Kd2 { [%clk 0:07:45] }
21... Qd4+ { [%clk 0:05:27] } 22. Kc1 { [%clk 0:07:27] } 22... Qe3+
{ [%clk 0:05:22] } 23. Qxe3 { [%clk 0:07:11] } 23... Nxe3 { [%clk 0:05:19] }
24. Rg1+ { [%clk 0:07:08] } 24... Kh8 { [%clk 0:05:12] } 25. Ne2
{ [%clk 0:06:53] } 25... Bxh4 { [%clk 0:04:58] } 26. Nf4 { [%clk 0:06:46] }
26... Nxe4 { [%clk 0:04:49] } 27. fxe4 { [%clk 0:06:44] } 27... Rad8
{ [%clk 0:04:39] } 28. b3 { [%clk 0:06:39] } 28... Rg8 { [%clk 0:04:27] } 29.
Rxg8+ { [%clk 0:06:36] } 29... Kxg8 { [%clk 0:04:24] } 30. Nxh5
{ [%clk 0:06:36] } 0-1"
Rated Rapid game,https://lichess.org/JWmPREJN,2024.08.01,-,oleg1977,Tsugikuni-Yoriichi,0-1,2024.08.01,08:45:07,1556,1565,,,D00,Queen's Pawn Game,600+0,Normal,"1. d4 { [%clk 0:10:00] } 1... d5 { [%clk 0:10:00] } 2. g3 { [%clk 0:09:59] }
2... b6 { [%clk 0:09:56] } 3. Bg2 { [%clk 0:09:57] } 3... Bb7
{ [%clk 0:09:55] } 4. e3 { [%clk 0:09:56] } 4... e6 { [%clk 0:09:52] } 5. c4
{ [%clk 0:09:53] } 5... c5 { [%clk 0:09:52] } 6. cxd5 { [%clk 0:09:50] } 6...
exd5 { [%clk 0:09:47] } 7. Nf3 { [%clk 0:09:43] } 7... g6 { [%clk 0:09:42] } 8.
Ne5 { [%clk 0:09:42] } 8... Bg7 { [%clk 0:09:38] } 9. Nxf7 { [%clk 0:09:37] }
9... Kxf7 { [%clk 0:09:32] } 10. Qf3+ { [%clk 0:09:34] } 10... Qf6
{ [%clk 0:09:27] } 11. Qe2 { [%clk 0:09:24] } 11... cxd4 { [%clk 0:09:13] } 12.
exd4 { [%clk 0:09:21] } 12... Qe7 { [%clk 0:09:03] } 13. Qxe7+
{ [%clk 0:09:11] } 13... Nxe7 { [%clk 0:09:01] } 14. O-O { [%clk 0:09:09] }
14... Bxd4 { [%clk 0:08:58] } 15. Nc3 { [%clk 0:09:05] } 15... Bxc3
{ [%clk 0:08:53] } 16. bxc3 { [%clk 0:09:03] } 16... Nd7 { [%clk 0:08:41] } 17.
Bb2 { [%clk 0:08:59] } 17... Rhc8 { [%clk 0:08:33] } 18. Rad1
{ [%clk 0:08:43] } 18... Rc7 { [%clk 0:08:30] } 19. Rfe1 { [%clk 0:08:35] }
19... Rac8 { [%clk 0:08:26] } 20. Rc1 { [%clk 0:08:22] } 20... h5
{ [%clk 0:07:56] } 21. Ba3 { [%clk 0:08:12] } 21... Nc5 { [%clk 0:07:41] } 22.
Bh3 { [%clk 0:08:02] } 22... Re8 { [%clk 0:07:31] } 23. Red1 { [%clk 0:07:58] }
23... Nf5 { [%clk 0:07:18] } 24. g4 { [%clk 0:07:52] } 24... hxg4
{ [%clk 0:07:15] } 25. Bxg4 { [%clk 0:07:50] } 25... Rce7 { [%clk 0:06:55] }
26. Bxf5 { [%clk 0:07:30] } 26... gxf5 { [%clk 0:06:53] } 27. c4
{ [%clk 0:07:27] } 27... dxc4 { [%clk 0:06:46] } 28. Rc3 { [%clk 0:07:26] }
28... Re1+ { [%clk 0:06:38] } 29. Rxe1 { [%clk 0:07:24] } 29... Rxe1#
{ [%clk 0:06:37] } 0-1"
Rated Rapid game,https://lichess.org/9A0bKdCi,2024.08.01,-,xcdestroyer,BW00,1/2-1/2,2024.08.01,08:45:07,1859,1848,,,C45,Scotch Game,600+0,Normal,"1. e4 { [%eval 0.15] [%clk 0:10:00] } 1... e5 { [%eval 0.21] [%clk 0:10:00] }
2. Nf3 { [%eval 0.11] [%clk 0:09:59] } 2... Nc6 { [%eval 0.19] [%clk 0:09:59] }
3. d4 { [%eval 0.09] [%clk 0:09:57] } 3... exd4 { [%eval 0.13] [%clk 0:09:57] }
4. Nxd4 { [%eval 0.06] [%clk 0:09:56] } 4... Qf6
{ [%eval 0.23] [%clk 0:09:53] } 5. Be3 { [%eval 0.19] [%clk 0:09:45] } 5... Bc5
{ [%eval 0.21] [%clk 0:09:45] } 6. c3 { [%eval 0.12] [%clk 0:09:36] } 6... Nge7
{ [%eval 0.15] [%clk 0:09:43] } 7. Bc4 { [%eval 0.24] [%clk 0:09:31] } 7... Ne5
{ [%eval 0.23] [%clk 0:09:40] } 8. Be2 { [%eval 0.21] [%clk 0:09:21] } 8... Qg6
{ [%eval 0.23] [%clk 0:09:31] } 9. O-O { [%eval 0.19] [%clk 0:09:15] } 9... d6
{ [%eval 0.18] [%clk 0:09:24] } 10. Nd2 { [%eval -0.32] [%clk 0:08:55] } 10...
Bg4 $2 { [%eval 1.4] [%clk 0:09:03] } 11. Bxg4 $2
{ [%eval 0.39] [%clk 0:08:46] } 11... Qxg4 { [%eval 0.92] [%clk 0:08:58] } 12.
N2f3 $2 { [%eval -0.41] [%clk 0:08:43] } 12... Bxd4
{ [%eval -0.35] [%clk 0:08:48] } 13. cxd4 { [%eval -0.33] [%clk 0:08:38] }
13... Nxf3+ { [%eval -0.36] [%clk 0:08:45] } 14. Qxf3
{ [%eval -0.35] [%clk 0:08:34] } 14... Qxf3 { [%eval -0.31] [%clk 0:08:44] }
15. gxf3 { [%eval -0.27] [%clk 0:08:33] } 15... f5
{ [%eval -0.3] [%clk 0:08:20] } 16. d5 { [%eval -0.3] [%clk 0:07:58] } 16...
Rf8 { [%eval -0.11] [%clk 0:08:02] } 17. Bd4 $6
{ [%eval -0.92] [%clk 0:07:53] } 17... g6 $6 { [%eval -0.22] [%clk 0:07:29] }
18. Rac1 { [%eval -0.28] [%clk 0:07:50] } 18... Kd7
{ [%eval -0.33] [%clk 0:07:02] } 19. Rc3 $6 { [%eval -1.26] [%clk 0:07:35] }
19... fxe4 { [%eval -1.42] [%clk 0:06:45] } 20. fxe4
{ [%eval -1.31] [%clk 0:07:33] } 20... Rf4 { [%eval -1.23] [%clk 0:06:24] } 21.
f3 { [%eval -1.4] [%clk 0:07:27] } 21... Raf8 $2
{ [%eval 0.76] [%clk 0:06:11] } 22. Rfc1 $2 { [%eval -0.36] [%clk 0:07:06] }
22... c6 { [%eval 0.08] [%clk 0:05:56] } 23. Kg2
{ [%eval -0.05] [%clk 0:06:47] } 23... c5 $2 { [%eval 1.26] [%clk 0:05:36] }
24. Bg7 $2 { [%eval -0.89] [%clk 0:06:33] } 24... R8f7 $2
{ [%eval 1.54] [%clk 0:05:32] } 25. Bh6 { [%eval 1.56] [%clk 0:06:31] } 25...
Rh4 { [%eval 2.05] [%clk 0:05:14] } 26. Bg5 { [%eval 1.97] [%clk 0:06:29] }
26... Rh5 { [%eval 1.8] [%clk 0:05:12] } 27. Bxe7 $2
{ [%eval 0.26] [%clk 0:06:16] } 27... Kxe7 { [%eval 0.25] [%clk 0:05:06] } 28.
Rb3 { [%eval -0.18] [%clk 0:06:15] } 28... b6 { [%eval -0.11] [%clk 0:05:03] }
29. Ra3 { [%eval -0.24] [%clk 0:06:13] } 29... Kd8
{ [%eval 0.1] [%clk 0:04:49] } 30. Ra6 { [%eval -0.35] [%clk 0:05:55] } 30...
Re5 { [%eval 0.11] [%clk 0:04:45] } 31. Rc3 { [%eval -0.02] [%clk 0:05:48] }
31... Kc8 { [%eval 0.18] [%clk 0:04:40] } 32. Rca3 $6
{ [%eval -0.37] [%clk 0:05:47] } 32... Ree7 { [%eval -0.08] [%clk 0:04:37] }
33. Rc3 { [%eval -0.35] [%clk 0:05:37] } 33... Kb8
{ [%eval -0.25] [%clk 0:04:33] } 34. a3 $2 { [%eval -1.37] [%clk 0:05:30] }
34... Kb7 { [%eval -1.26] [%clk 0:04:10] } 35. Ra4
{ [%eval -1.25] [%clk 0:05:26] } 35... b5 { [%eval -1.04] [%clk 0:03:57] } 36.
Ra5 $2 { [%eval -2.23] [%clk 0:05:23] } 36... Kb6
{ [%eval -2.26] [%clk 0:03:54] } 37. b4 { [%eval -2.17] [%clk 0:05:21] } 37...
Rc7 $6 { [%eval -1.55] [%clk 0:03:43] } 38. a4 $2
{ [%eval -3.32] [%clk 0:05:01] } 38... cxb4 $4 { [%eval 3.41] [%clk 0:03:35] }
39. Rxb5+ { [%eval 3.23] [%clk 0:04:54] } 39... Ka6
{ [%eval 3.36] [%clk 0:03:33] } 40. Rxc7 { [%eval 3.11] [%clk 0:04:47] } 40...
Rxc7 { [%eval 3.32] [%clk 0:03:33] } 41. Rxb4 { [%eval 3.18] [%clk 0:04:45] }
41... Rc2+ $6 { [%eval 4.14] [%clk 0:03:27] } 42. Kg3
{ [%eval 4.0] [%clk 0:04:43] } 42... Ra2 { [%eval 4.19] [%clk 0:03:26] } 43. e5
$4 { [%eval 0.27] [%clk 0:04:31] } 43... dxe5 { [%eval 0.17] [%clk 0:03:24] }
44. d6 { [%eval 0.03] [%clk 0:04:30] } 44... Rd2
{ [%eval 0.09] [%clk 0:03:21] } 45. Re4 { [%eval -0.02] [%clk 0:04:23] } 45...
Rxd6 { [%eval 0.03] [%clk 0:03:14] } 46. Rxe5 { [%eval 0.02] [%clk 0:04:22] }
46... Rd4 { [%eval 0.03] [%clk 0:03:05] } 47. Re4
{ [%eval 0.03] [%clk 0:04:19] } 47... Rd7 { [%eval 0.0] [%clk 0:02:51] } 48. h4
{ [%eval 0.0] [%clk 0:04:12] } 48... Rf7 { [%eval 0.04] [%clk 0:02:48] } 49.
Kg4 { [%eval 0.04] [%clk 0:04:07] } 49... Kb6 { [%eval 0.05] [%clk 0:02:46] }
50. f4 { [%eval 0.09] [%clk 0:04:03] } 50... Kc6
{ [%eval 0.03] [%clk 0:02:45] } 51. h5 { [%eval 0.0] [%clk 0:03:53] } 51...
gxh5+ { [%eval 0.0] [%clk 0:02:42] } 52. Kxh5 { [%eval 0.0] [%clk 0:03:52] }
52... Kd6 { [%eval 0.02] [%clk 0:02:39] } 53. Kg5
{ [%eval 0.02] [%clk 0:03:42] } 53... Re7 { [%eval 0.11] [%clk 0:02:30] } 54.
Rxe7 { [%eval 0.0] [%clk 0:03:35] } 54... Kxe7 { [%eval 0.0] [%clk 0:02:29] }
55. Kf5 { [%eval 0.0] [%clk 0:03:17] } 55... Kf7 { [%eval 0.0] [%clk 0:02:22] }
56. Kg5 { [%eval 0.0] [%clk 0:03:13] } 56... Ke6 { [%eval 0.0] [%clk 0:02:17] }
57. a5 { [%eval 0.0] [%clk 0:03:02] } 57... a6 { [%eval 0.0] [%clk 0:02:14] }
58. Kg4 { [%eval 0.0] [%clk 0:02:50] } 58... h6 { [%eval 0.0] [%clk 0:02:11] }
59. f5+ { [%eval 0.0] [%clk 0:02:44] } 59... Kf6 { [%eval 0.0] [%clk 0:02:09] }
60. Kf4 { [%eval 0.0] [%clk 0:02:43] } 60... h5 { [%eval 0.0] [%clk 0:02:07] }
61. Kg3 { [%eval 0.0] [%clk 0:02:39] } 61... Kxf5
{ [%eval 0.0] [%clk 0:02:05] } 62. Kh4 { [%eval 0.0] [%clk 0:02:38] } 62... Kg6
{ [%eval 0.0] [%clk 0:02:04] } 63. Kh3 { [%eval 0.0] [%clk 0:02:36] } 63... Kg5
{ [%eval 0.0] [%clk 0:02:03] } 64. Kg3 { [%eval 0.0] [%clk 0:02:35] } 64... h4+
{ [%eval 0.0] [%clk 0:02:02] } 65. Kh3 { [%eval 0.0] [%clk 0:02:34] } 65... Kh5
{ [%eval 0.0] [%clk 0:02:01] } 66. Kh2 { [%eval 0.0] [%clk 0:02:33] } 66... Kg4
{ [%eval 0.0] [%clk 0:02:01] } 67. Kg2 { [%eval 0.0] [%clk 0:02:32] } 67... h3+
{ [%eval 0.0] [%clk 0:01:59] } 68. Kh2 { [%eval 0.0] [%clk 0:02:31] } 68... Kf4
{ [%eval 0.0] [%clk 0:01:58] } 69. Kxh3 { [%eval 0.0] [%clk 0:02:30] } 69...
Ke4 { [%eval 0.0] [%clk 0:01:57] } 70. Kg3 { [%eval 0.0] [%clk 0:02:23] } 70...
Kd4 { [%eval 0.0] [%clk 0:01:57] } 71. Kf2 { [%eval 0.0] [%clk 0:02:21] } 71...
Kc4 { [%eval 0.0] [%clk 0:01:56] } 72. Ke2 { [%eval 0.0] [%clk 0:02:21] } 72...
Kb5 { [%eval 0.0] [%clk 0:01:56] } 73. Kd2 { [%eval 0.0] [%clk 0:02:21] } 73...
Kxa5 { [%eval 0.0] [%clk 0:01:55] } 74. Kc2 { [%eval 0.0] [%clk 0:02:19] }
74... Kb4 { [%eval 0.0] [%clk 0:01:54] } 75. Kb2 { [%eval 0.0] [%clk 0:02:18] }
1/2-1/2"
Rated Rapid game,https://lichess.org/oHSS32Pi,2024.08.01,-,Qazys209,srijannit,1-0,2024.08.01,08:45:07,1594,1607,,,C44,King's Pawn Game: Tayler Opening,600+0,Normal,"1. e4 { [%clk 0:10:00] } 1... e5 { [%clk 0:10:00] } 2. Nf3 { [%clk 0:09:58] }
2... Nc6 { [%clk 0:09:59] } 3. Be2 { [%clk 0:09:56] } 3... Bc5
{ [%clk 0:09:58] } 4. O-O { [%clk 0:09:54] } 4... Nf6 { [%clk 0:09:57] } 5. d3
{ [%clk 0:09:51] } 5... Ng4 { [%clk 0:09:55] } 6. d4 { [%clk 0:09:06] } 6...
exd4 { [%clk 0:09:50] } 7. Ne1 { [%clk 0:08:50] } 7... d6 { [%clk 0:09:40] } 8.
Bxg4 { [%clk 0:08:47] } 8... Bxg4 { [%clk 0:09:38] } 9. Qxg4 { [%clk 0:08:44] }
9... Qf6 { [%clk 0:09:35] } 10. Nd3 { [%clk 0:08:39] } 10... h5
{ [%clk 0:09:30] } 11. Qe2 { [%clk 0:08:28] } 11... O-O-O { [%clk 0:09:26] }
12. Nxc5 { [%clk 0:08:26] } 12... dxc5 { [%clk 0:09:24] } 13. f3
{ [%clk 0:08:15] } 13... g5 { [%clk 0:09:21] } 14. Nd2 { [%clk 0:08:11] } 14...
Ne5 { [%clk 0:09:20] } 15. Nb3 { [%clk 0:08:01] } 15... h4 { [%clk 0:09:17] }
16. Nd2 { [%clk 0:07:46] } 16... Rdg8 { [%clk 0:09:12] } 17. Nb3
{ [%clk 0:07:43] } 17... g4 { [%clk 0:09:07] } 18. fxg4 { [%clk 0:07:32] }
18... Qd6 { [%clk 0:09:04] } 19. Bf4 { [%clk 0:07:21] } 19... f6
{ [%clk 0:08:59] } 20. Bxe5 { [%clk 0:07:20] } 20... Qxe5 { [%clk 0:08:54] }
21. Rf5 { [%clk 0:07:06] } 21... Qe6 { [%clk 0:08:42] } 22. Nxc5
{ [%clk 0:06:57] } 22... Qb6 { [%clk 0:08:36] } 23. b3 { [%clk 0:06:43] } 23...
h3 { [%clk 0:08:26] } 24. g3 { [%clk 0:06:34] } 24... Qc6 { [%clk 0:08:20] }
25. a4 { [%clk 0:06:16] } 25... b6 { [%clk 0:08:19] } 26. Na6
{ [%clk 0:06:07] } 26... Kb7 { [%clk 0:08:09] } 27. b4 { [%clk 0:05:12] } 27...
Rh7 { [%clk 0:08:03] } 28. a5 { [%clk 0:04:56] } 28... Rhg7 { [%clk 0:07:59] }
29. b5 { [%clk 0:04:36] } 29... Qd6 { [%clk 0:07:52] } 30. Rd5
{ [%clk 0:04:24] } 30... Qe6 { [%clk 0:07:42] } 31. axb6 { [%clk 0:03:57] }
31... Qxb6 { [%clk 0:07:40] } 32. Nc5+ { [%clk 0:03:44] } 32... Ka8
{ [%clk 0:07:27] } 33. Nd7 { [%clk 0:03:19] } 33... Qe6 { [%clk 0:06:46] } 34.
Qc4 { [%clk 0:02:43] } 34... Rc8 { [%clk 0:06:22] } 35. b6 { [%clk 0:02:22] }
35... Qxe4 { [%clk 0:06:05] } 36. Qc6# { [%clk 0:02:08] } 1-0"
Rated Rapid game,https://lichess.org/ICoURT5a,2024.08.01,-,Servadio,spagliaro75,0-1,2024.08.01,08:45:11,1866,1879,,,A00,Hungarian Opening,600+0,Normal,"1. g3 { [%eval 0.12] [%clk 0:10:00] } 1... d5 { [%eval 0.18] [%clk 0:10:00] }
2. Bg2 { [%eval -0.12] [%clk 0:09:54] } 2... e5
{ [%eval -0.15] [%clk 0:09:59] } 3. d3 { [%eval -0.1] [%clk 0:09:47] } 3... f5
{ [%eval 0.23] [%clk 0:09:57] } 4. e4 $6 { [%eval -0.44] [%clk 0:09:36] } 4...
dxe4 { [%eval -0.47] [%clk 0:09:51] } 5. Bxe4 $4
{ [%eval -3.86] [%clk 0:09:13] } 5... fxe4 { [%eval -3.76] [%clk 0:08:30] } 6.
Qh5+ { [%eval -3.68] [%clk 0:09:10] } 6... Kd7 { [%eval -3.79] [%clk 0:08:29] }
7. Qxe5 { [%eval -4.08] [%clk 0:08:45] } 7... exd3
{ [%eval -4.0] [%clk 0:07:56] } 8. Qf5+ { [%eval -4.98] [%clk 0:07:46] } 8...
Ke8 { [%eval -5.02] [%clk 0:07:47] } 9. Qe4+ { [%eval -5.24] [%clk 0:07:08] }
9... Qe7 { [%eval -5.31] [%clk 0:07:45] } 10. Qxe7+
{ [%eval -5.41] [%clk 0:07:06] } 10... Bxe7 { [%eval -5.22] [%clk 0:07:43] }
11. cxd3 { [%eval -5.17] [%clk 0:07:05] } 11... Nf6
{ [%eval -5.13] [%clk 0:07:35] } 12. Bf4 { [%eval -5.13] [%clk 0:07:01] } 12...
Na6 { [%eval -5.17] [%clk 0:07:27] } 13. Nf3 { [%eval -5.16] [%clk 0:06:58] }
13... Bg4 { [%eval -4.86] [%clk 0:07:11] } 14. Ne5
{ [%eval -4.94] [%clk 0:06:46] } 14... Rd8 { [%eval -4.63] [%clk 0:07:04] } 15.
O-O { [%eval -4.48] [%clk 0:06:37] } 15... Be2 { [%eval -3.95] [%clk 0:06:52] }
16. Re1 { [%eval -3.85] [%clk 0:06:31] } 16... Bxd3
{ [%eval -3.97] [%clk 0:06:45] } 17. Nxd3 { [%eval -4.6] [%clk 0:06:12] } 17...
Rxd3 { [%eval -4.61] [%clk 0:06:45] } 18. Nc3 { [%eval -5.02] [%clk 0:06:11] }
18... Kf7 { [%eval -4.97] [%clk 0:06:34] } 19. Nb5
{ [%eval -5.35] [%clk 0:05:23] } 19... c6 { [%eval -5.4] [%clk 0:06:09] } 20.
Nc3 { [%eval -5.35] [%clk 0:05:02] } 20... Rhd8
{ [%eval -5.35] [%clk 0:05:56] } 21. Be3 { [%eval -5.34] [%clk 0:04:51] } 21...
Nd5 { [%eval -4.98] [%clk 0:05:39] } 22. Nxd5 { [%eval -4.99] [%clk 0:04:43] }
22... R8xd5 { [%eval -5.04] [%clk 0:05:39] } 23. Bxa7
{ [%eval -5.08] [%clk 0:04:42] } 23... Bc5 { [%eval -4.41] [%clk 0:05:33] } 24.
Bxc5 { [%eval -4.45] [%clk 0:04:39] } 24... Nxc5
{ [%eval -4.36] [%clk 0:05:31] } 25. b4 { [%eval -4.36] [%clk 0:04:30] } 25...
Ne6 { [%eval -4.36] [%clk 0:05:24] } 26. a4 { [%eval -4.29] [%clk 0:04:14] }
26... Ng5 { [%eval -4.17] [%clk 0:05:12] } 27. Kg2
{ [%eval -4.23] [%clk 0:04:08] } 27... Rb3 { [%eval -3.9] [%clk 0:05:00] } 28.
h4 { [%eval -4.14] [%clk 0:03:59] } 28... Ne6 { [%eval -4.08] [%clk 0:04:55] }
29. Re4 { [%eval -3.95] [%clk 0:03:36] } 29... Rd4
{ [%eval -4.08] [%clk 0:04:50] } 30. Rae1 { [%eval -4.79] [%clk 0:03:16] }
30... Rxe4 { [%eval -4.81] [%clk 0:04:13] } 31. Rxe4
{ [%eval -4.65] [%clk 0:03:16] } 31... Rd3 { [%eval -4.29] [%clk 0:03:59] } 32.
b5 { [%eval -4.83] [%clk 0:03:02] } 32... Rd4 { [%eval -4.76] [%clk 0:03:51] }
33. f3 $2 { [%eval -6.77] [%clk 0:02:46] } 33... Rxe4
{ [%eval -6.66] [%clk 0:03:45] } 34. fxe4 { [%eval -6.57] [%clk 0:02:45] }
34... cxb5 { [%eval -6.52] [%clk 0:03:44] } 35. axb5
{ [%eval -6.44] [%clk 0:02:43] } 35... b6 { [%eval -6.77] [%clk 0:03:44] } 36.
Kf3 { [%eval -6.69] [%clk 0:02:42] } 36... Nd4+
{ [%eval -6.67] [%clk 0:03:43] } 37. Ke3 { [%eval -6.59] [%clk 0:02:38] } 37...
Nxb5 { [%eval -6.44] [%clk 0:03:43] } 38. Kd3 { [%eval -7.16] [%clk 0:02:36] }
38... Ke6 { [%eval -7.02] [%clk 0:03:41] } 39. Kc4
{ [%eval -6.68] [%clk 0:02:34] } 39... Nd6+ { [%eval -6.8] [%clk 0:03:37] } 40.
Kd4 { [%eval -6.92] [%clk 0:02:31] } 40... Nxe4
{ [%eval -7.23] [%clk 0:03:28] } 41. Kxe4 { [%eval -7.28] [%clk 0:02:29] }
41... h5 { [%eval -7.28] [%clk 0:03:27] } 42. Kf4
{ [%eval -7.37] [%clk 0:01:46] } 42... g6 { [%eval -6.43] [%clk 0:03:23] } 43.
Kg5 { [%eval -6.71] [%clk 0:01:44] } 43... Kf7 { [%eval -5.84] [%clk 0:03:22] }
44. g4 { [%eval -6.11] [%clk 0:01:41] } 44... hxg4
{ [%eval -6.46] [%clk 0:03:21] } 45. Kxg4 { [%eval -6.47] [%clk 0:01:40] }
45... b5 { [%eval -7.75] [%clk 0:03:20] } 46. Kf4
{ [%eval -6.65] [%clk 0:01:33] } 46... Kf6 { [%eval -5.75] [%clk 0:03:17] } 47.
Ke4 { [%eval -5.75] [%clk 0:01:31] } 47... b4 { [%eval -5.66] [%clk 0:03:15] }
48. Kd3 $4 { [%eval -12.8] [%clk 0:01:23] } 48... Kf5
{ [%eval -10.24] [%clk 0:03:13] } 49. Kc4 { [%eval -12.24] [%clk 0:01:20] }
49... Kg4 { [%eval -7.76] [%clk 0:03:12] } 50. Kxb4
{ [%eval -5.59] [%clk 0:01:19] } 50... Kxh4 { [%eval -52.46] [%clk 0:03:11] }
51. Kc3 { [%eval -72.55] [%clk 0:01:12] } 51... Kg3
{ [%eval -32.6] [%clk 0:03:02] } 52. Kd2 { [%eval -5.74] [%clk 0:01:11] } 52...
Kf2 { [%eval -5.79] [%clk 0:03:02] } 0-1"
Rated Rapid game,https://lichess.org/dPDGneRT,2024.08.01,-,joobil,Q4T,0-1,2024.08.01,08:45:11,2094,2029,,,C23,Bishop's Opening: Philidor Counterattack,600+0,Normal,"1. e4 { [%clk 0:10:00] } 1... e5 { [%clk 0:10:00] } 2. Bc4 { [%clk 0:09:59] }
2... c6 { [%clk 0:09:58] } 3. Bxf7+ { [%clk 0:09:57] } 3... Kxf7
{ [%clk 0:09:57] } 4. f4 { [%clk 0:09:57] } 4... exf4 { [%clk 0:09:45] } 5. Nf3
{ [%clk 0:09:45] } 5... Nf6 { [%clk 0:09:23] } 6. d3 { [%clk 0:09:42] } 6...
Be7 { [%clk 0:08:49] } 7. Ng5+ { [%clk 0:09:35] } 7... Kf8 { [%clk 0:08:30] }
8. c3 { [%clk 0:09:32] } 8... h6 { [%clk 0:08:24] } 9. Nf3 { [%clk 0:09:30] }
9... d6 { [%clk 0:08:19] } 10. Bxf4 { [%clk 0:09:26] } 10... Bg4
{ [%clk 0:08:16] } 11. O-O { [%clk 0:09:19] } 11... Nbd7 { [%clk 0:08:15] } 12.
Qb3 { [%clk 0:09:15] } 12... Qb6+ { [%clk 0:08:11] } 13. Qxb6
{ [%clk 0:09:13] } 13... axb6 { [%clk 0:08:07] } 14. Nh4 { [%clk 0:09:12] }
14... Bh5 { [%clk 0:07:46] } 15. Nf5 { [%clk 0:09:06] } 15... Be2
{ [%clk 0:07:31] } 16. Re1 { [%clk 0:08:57] } 16... Bxd3 { [%clk 0:07:29] } 17.
Bxd6 { [%clk 0:08:53] } 17... Bxd6 { [%clk 0:07:22] } 18. Nxd6
{ [%clk 0:08:52] } 18... Ne5 { [%clk 0:07:04] } 19. Nxb7 { [%clk 0:08:44] }
19... Ke7 { [%clk 0:06:51] } 20. a4 { [%clk 0:07:55] } 20... Rhb8
{ [%clk 0:06:31] } 21. Nc5 { [%clk 0:07:48] } 21... bxc5 { [%clk 0:06:28] } 22.
Nd2 { [%clk 0:07:45] } 22... Rxb2 { [%clk 0:06:26] } 23. Nf3 { [%clk 0:07:41] }
23... Nxf3+ { [%clk 0:06:15] } 24. gxf3 { [%clk 0:07:40] } 24... c4
{ [%clk 0:06:01] } 25. e5 { [%clk 0:07:34] } 25... Nd5 { [%clk 0:05:59] } 26.
a5 { [%clk 0:07:32] } 26... Nxc3 { [%clk 0:05:56] } 27. a6 { [%clk 0:07:30] }
27... Rb6 { [%clk 0:05:54] } 28. a7 { [%clk 0:07:29] } 28... Rb7
{ [%clk 0:05:53] } 29. Rec1 { [%clk 0:07:24] } 29... Ne2+ { [%clk 0:05:50] }
0-1"
Rated Rapid game,https://lichess.org/oASV6Xy7,2024.08.01,-,Byruk_01,jarduli,1-0,2024.08.01,08:45:11,1654,1654,,,A00,Hungarian Opening,600+0,Normal,"1. g3 { [%clk 0:10:00] } 1... a5 { [%clk 0:10:00] } 2. Bg2 { [%clk 0:09:36] }
2... Ra6 { [%clk 0:09:56] } 3. d3 { [%clk 0:09:33] } 3... Rf6
{ [%clk 0:09:54] } 4. Nf3 { [%clk 0:09:31] } 4... h5 { [%clk 0:09:49] } 5. Bg5
{ [%clk 0:09:29] } 5... h4 { [%clk 0:09:44] } 6. Bxf6 { [%clk 0:09:27] } 6...
hxg3 { [%clk 0:09:38] } 7. fxg3 { [%clk 0:09:25] } 7... Nxf6 { [%clk 0:09:35] }
8. c3 { [%clk 0:09:22] } 8... Ng4 { [%clk 0:09:17] } 9. Qb3 { [%clk 0:09:17] }
9... e5 { [%clk 0:09:05] } 10. h3 { [%clk 0:09:07] } 10... Ne3
{ [%clk 0:08:59] } 11. Nxe5 { [%clk 0:09:04] } 11... Nxg2+ { [%clk 0:08:57] }
12. Kf2 { [%clk 0:09:02] } 12... Ne3 { [%clk 0:08:44] } 13. Qxf7#
{ [%clk 0:08:59] } 1-0"
Rated Rapid game,https://lichess.org/xuIYjj3D,2024.08.01,-,torrepaco13,vinnie_jones_88,0-1,2024.08.01,08:45:11,1192,1219,,,C30,King's Gambit,600+0,Normal,"1. e4 { [%clk 0:10:00] } 1... e5 { [%clk 0:10:00] } 2. f4 { [%clk 0:09:57] }
2... d6 { [%clk 0:09:58] } 3. Nf3 { [%clk 0:09:54] } 3... f6 { [%clk 0:09:57] }
4. d4 { [%clk 0:09:51] } 4... Bg4 { [%clk 0:09:55] } 5. Be2 { [%clk 0:09:42] }
5... Nh6 { [%clk 0:09:51] } 6. fxe5 { [%clk 0:09:34] } 6... fxe5
{ [%clk 0:09:48] } 7. dxe5 { [%clk 0:09:30] } 7... Nc6 { [%clk 0:09:36] } 8.
exd6 { [%clk 0:09:13] } 8... Bxd6 { [%clk 0:09:34] } 9. O-O { [%clk 0:08:40] }
9... Nf7 { [%clk 0:09:30] } 10. Bc4 { [%clk 0:08:19] } 10... Nfe5
{ [%clk 0:09:12] } 11. Bg5 { [%clk 0:07:30] } 11... Qd7 { [%clk 0:08:50] } 12.
Bf4 { [%clk 0:06:48] } 12... Bc5+ { [%clk 0:08:40] } 13. Kh1 { [%clk 0:06:38] }
13... Nd4 { [%clk 0:08:24] } 14. Bxe5 { [%clk 0:06:12] } 14... Bxf3
{ [%clk 0:08:20] } 15. gxf3 { [%clk 0:05:14] } 15... O-O-O { [%clk 0:07:56] }
16. c3 { [%clk 0:04:46] } 16... b5 { [%clk 0:06:36] } 17. Bb3
{ [%clk 0:03:24] } 17... Nxb3 { [%clk 0:05:58] } 18. axb3 { [%clk 0:03:04] }
18... Qxd1 { [%clk 0:05:45] } 19. Rxd1 { [%clk 0:02:57] } 19... Rxd1+
{ [%clk 0:05:43] } 20. Kg2 { [%clk 0:02:50] } 20... Bd6 { [%clk 0:05:31] } 21.
Bxg7 { [%clk 0:02:35] } 21... Rg8 { [%clk 0:05:29] } 0-1"
Rated Rapid game,https://lichess.org/lUwEKr1Q,2024.08.01,-,ddd60,alimodanlou,1-0,2024.08.01,08:45:11,1734,1711,,,A46,Yusupov-Rubinstein System,600+0,Normal,"1. d4 { [%clk 0:10:00] } 1... e6 { [%clk 0:10:00] } 2. e3 { [%clk 0:09:59] }
2... Nf6 { [%clk 0:09:59] } 3. Nf3 { [%clk 0:09:58] } 3... g6
{ [%clk 0:09:58] } 4. c4 { [%clk 0:09:57] } 4... Bg7 { [%clk 0:09:57] } 5. Nc3
{ [%clk 0:09:56] } 5... b6 { [%clk 0:09:54] } 6. a3 { [%clk 0:09:54] } 6... Bb7
{ [%clk 0:09:53] } 7. Be2 { [%clk 0:09:50] } 7... Nc6 { [%clk 0:09:50] } 8. b4
{ [%clk 0:09:49] } 8... a6 { [%clk 0:09:49] } 9. O-O { [%clk 0:09:47] } 9...
O-O { [%clk 0:09:47] } 10. Bb2 { [%clk 0:09:43] } 10... Ne7 { [%clk 0:09:45] }
11. Rb1 { [%clk 0:09:42] } 11... d6 { [%clk 0:09:44] } 12. Bd3
{ [%clk 0:09:40] } 12... c5 { [%clk 0:09:39] } 13. d5 { [%clk 0:09:31] } 13...
e5 { [%clk 0:09:36] } 14. e4 { [%clk 0:09:28] } 14... cxb4 { [%clk 0:09:28] }
15. axb4 { [%clk 0:09:26] } 15... Qc7 { [%clk 0:09:22] } 16. Qd2
{ [%clk 0:08:51] } 16... a5 { [%clk 0:09:15] } 17. bxa5 { [%clk 0:08:48] }
17... bxa5 { [%clk 0:09:11] } 18. Ra1 { [%clk 0:08:47] } 18... Ba6
{ [%clk 0:09:08] } 19. Nb5 { [%clk 0:08:27] } 19... Bxb5 { [%clk 0:08:48] } 20.
cxb5 { [%clk 0:08:25] } 20... Qb6 { [%clk 0:08:44] } 21. Rfb1
{ [%clk 0:08:19] } 21... Rfc8 { [%clk 0:08:31] } 22. Bc3 { [%clk 0:08:17] }
22... Nd7 { [%clk 0:08:18] } 23. Bxa5 { [%clk 0:08:15] } 23... Rxa5
{ [%clk 0:08:15] } 24. Qxa5 { [%clk 0:08:12] } 24... Qxa5 { [%clk 0:08:11] }
25. Rxa5 { [%clk 0:08:10] } 25... Nc5 { [%clk 0:08:10] } 26. Bf1
{ [%clk 0:07:58] } 26... f5 { [%clk 0:08:01] } 27. b6 { [%clk 0:07:43] } 27...
fxe4 { [%clk 0:07:59] } 28. Ng5 { [%clk 0:07:37] } 28... h6 { [%clk 0:07:54] }
29. Ne6 { [%clk 0:07:35] } 29... Nxe6 { [%clk 0:07:51] } 30. dxe6
{ [%clk 0:07:33] } 30... d5 { [%clk 0:07:36] } 31. b7 { [%clk 0:07:32] } 31...
Re8 { [%clk 0:07:19] } 32. b8=Q { [%clk 0:07:18] } 32... Rxb8
{ [%clk 0:07:14] } 33. Rxb8+ { [%clk 0:07:16] } 33... Kh7 { [%clk 0:07:14] }
34. Rb7 { [%clk 0:07:14] } 34... Nc6 { [%clk 0:07:06] } 35. Ra6
{ [%clk 0:07:06] } 35... d4 { [%clk 0:06:58] } 36. Rxc6 { [%clk 0:07:03] } 1-0"
Rated Rapid game,https://lichess.org/ePsOmxRk,2024.08.01,-,unkyy,mohamad_ali1354,0-1,2024.08.01,08:45:11,1231,1297,,,B10,Caro-Kann Defense,600+0,Normal,"1. e4 { [%clk 0:10:00] } 1... c6 { [%clk 0:10:00] } 2. Nf3 { [%clk 0:09:59] }
2... Qb6 { [%clk 0:09:57] } 3. Bc4 { [%clk 0:09:54] } 3... g6
{ [%clk 0:09:54] } 4. Ng5 { [%clk 0:09:48] } 4... e6 { [%clk 0:09:51] } 5. Qf3
{ [%clk 0:09:46] } 5... Nh6 { [%clk 0:09:44] } 6. d3 { [%clk 0:09:43] } 6...
Bg7 { [%clk 0:09:40] } 7. Nc3 { [%clk 0:09:38] } 7... d5 { [%clk 0:09:24] } 8.
exd5 { [%clk 0:09:00] } 8... cxd5 { [%clk 0:09:22] } 9. Bb3 { [%clk 0:08:54] }
9... Nf5 { [%clk 0:09:08] } 0-1"
Rated Rapid game,https://lichess.org/WcZw8usA,2024.08.01,-,atakador001,tiorou,1-0,2024.08.01,08:45:11,1946,1922,,,B20,Sicilian Defense: Wing Gambit,600+0,Normal,"1. e4 { [%clk 0:10:00] } 1... c5 { [%clk 0:10:00] } 2. b4 { [%clk 0:09:55] }
2... b6 { [%clk 0:09:57] } 3. Nf3 { [%clk 0:09:53] } 3... Bb7
{ [%clk 0:09:55] } 4. d3 { [%clk 0:09:46] } 4... Nc6 { [%clk 0:09:47] } 5. bxc5
{ [%clk 0:09:36] } 5... bxc5 { [%clk 0:09:37] } 6. Ba3 { [%clk 0:09:33] } 6...
Qa5+ { [%clk 0:09:31] } 7. Qd2 { [%clk 0:09:20] } 7... Nb4 { [%clk 0:09:13] }
8. Bxb4 { [%clk 0:09:15] } 8... cxb4 { [%clk 0:09:12] } 9. Be2
{ [%clk 0:09:02] } 9... Nf6 { [%clk 0:09:05] } 10. O-O { [%clk 0:08:59] } 10...
e5 { [%clk 0:09:01] } 11. c3 { [%clk 0:08:50] } 11... Be7 { [%clk 0:08:54] }
12. cxb4 { [%clk 0:08:25] } 12... Bxb4 { [%clk 0:05:28] } 13. Qb2
{ [%clk 0:08:23] } 13... d6 { [%clk 0:05:22] } 14. a3 { [%clk 0:08:14] } 14...
Bc5 { [%clk 0:05:17] } 15. Qxb7 { [%clk 0:08:05] } 15... O-O { [%clk 0:05:15] }
1-0"
Rated Rapid game,https://lichess.org/fzDyRXpT,2024.08.01,-,cyvern17x,Pasirmuntilan11,1-0,2024.08.01,08:45:11,1691,1674,,,C20,Center Game,600+0,Normal,"1. e4 { [%eval 0.15] [%clk 0:10:00] } 1... e5 { [%eval 0.21] [%clk 0:10:00] }
2. d4 { [%eval -0.09] [%clk 0:09:59] } 2... Nf6 $2
{ [%eval 1.27] [%clk 0:09:52] } 3. Bg5 $2 { [%eval -0.14] [%clk 0:09:53] } 3...
Nc6 $6 { [%eval 0.74] [%clk 0:09:45] } 4. dxe5 { [%eval 0.67] [%clk 0:09:26] }
4... Nxe5 { [%eval 0.96] [%clk 0:09:41] } 5. Nc3 $6
{ [%eval 0.14] [%clk 0:09:23] } 5... Be7 $6 { [%eval 0.96] [%clk 0:09:35] } 6.
Nf3 $6 { [%eval 0.0] [%clk 0:09:04] } 6... d6 { [%eval 0.19] [%clk 0:09:31] }
7. Qd2 { [%eval 0.07] [%clk 0:08:33] } 7... Nxf3+ $6
{ [%eval 1.0] [%clk 0:09:22] } 8. gxf3 { [%eval 0.98] [%clk 0:08:21] } 8... Be6
{ [%eval 1.17] [%clk 0:09:08] } 9. O-O-O { [%eval 1.32] [%clk 0:08:10] } 9...
Qd7 { [%eval 1.53] [%clk 0:09:03] } 10. e5 { [%eval 1.58] [%clk 0:07:38] }
10... h6 $2 { [%eval 3.86] [%clk 0:08:34] } 11. exf6
{ [%eval 3.86] [%clk 0:07:19] } 11... gxf6 { [%eval 4.34] [%clk 0:08:26] } 12.
Bxh6 { [%eval 3.96] [%clk 0:07:06] } 12... a6 { [%eval 4.41] [%clk 0:08:19] }
13. Be3 { [%eval 4.19] [%clk 0:07:04] } 13... O-O-O
{ [%eval 4.82] [%clk 0:08:14] } 14. Kb1 $2 { [%eval 3.78] [%clk 0:06:51] }
14... Qc6 { [%eval 4.46] [%clk 0:08:08] } 15. Bg2
{ [%eval 4.35] [%clk 0:06:05] } 15... Kb8 { [%eval 4.75] [%clk 0:08:03] } 16.
h3 { [%eval 4.25] [%clk 0:06:03] } 16... f5 { [%eval 4.51] [%clk 0:07:37] } 17.
Rhg1 { [%eval 3.75] [%clk 0:05:39] } 17... Bf6 { [%eval 3.87] [%clk 0:07:33] }
18. f4 { [%eval 4.02] [%clk 0:05:32] } 18... Qc4
{ [%eval 4.65] [%clk 0:06:53] } 19. Bd4 { [%eval 3.74] [%clk 0:05:01] } 19...
Bxd4 { [%eval 3.85] [%clk 0:06:44] } 20. Qxd4 { [%eval 3.89] [%clk 0:05:00] }
20... Qxd4 { [%eval 3.8] [%clk 0:06:34] } 21. Rxd4
{ [%eval 3.91] [%clk 0:04:59] } 21... a5 { [%eval 4.09] [%clk 0:05:54] } 22.
Nd1 { [%eval 3.46] [%clk 0:04:34] } 22... c5 { [%eval 3.48] [%clk 0:05:45] }
23. Rd2 { [%eval 3.44] [%clk 0:04:30] } 23... Rh4
{ [%eval 4.02] [%clk 0:05:38] } 24. Rh1 { [%eval 3.47] [%clk 0:04:03] } 24...
Rxf4 { [%eval 3.91] [%clk 0:05:28] } 25. h4 { [%eval 3.91] [%clk 0:04:00] }
25... Kc7 { [%eval 4.12] [%clk 0:05:25] } 26. h5
{ [%eval 4.12] [%clk 0:03:59] } 26... Rh8 { [%eval 4.53] [%clk 0:05:20] } 27.
h6 { [%eval 3.87] [%clk 0:03:35] } 27... a4 { [%eval 4.49] [%clk 0:05:18] } 28.
Rd3 { [%eval 4.18] [%clk 0:03:24] } 28... a3 { [%eval 4.64] [%clk 0:05:15] }
29. Rxa3 { [%eval 4.73] [%clk 0:03:14] } 29... Rg4
{ [%eval 4.66] [%clk 0:05:11] } 30. Rg3 { [%eval 4.64] [%clk 0:03:07] } 30...
Ra4 { [%eval 5.1] [%clk 0:04:53] } 31. b3 { [%eval 5.08] [%clk 0:03:04] } 31...
Raa8 { [%eval 5.16] [%clk 0:04:45] } 32. Rg7 { [%eval 5.15] [%clk 0:02:52] }
32... c4 { [%eval 5.42] [%clk 0:04:34] } 33. h7 { [%eval 5.03] [%clk 0:02:45] }
33... b5 $2 { [%eval 6.83] [%clk 0:04:28] } 34. Bxa8
{ [%eval 6.73] [%clk 0:02:39] } 1-0"
Rated Rapid game,https://lichess.org/LD7NH4mT,2024.08.01,-,Josete32,fathy_2,0-1,2024.08.01,08:45:11,1013,1048,,,C20,King's Pawn Game: Leonardis Variation,600+0,Normal,"1. e4 { [%clk 0:10:00] } 1... e5 { [%clk 0:10:00] } 2. d3 { [%clk 0:09:59] }
2... Bc5 { [%clk 0:09:58] } 3. Be3 { [%clk 0:09:54] } 3... Bxe3
{ [%clk 0:09:55] } 4. fxe3 { [%clk 0:09:53] } 4... d6 { [%clk 0:09:52] } 5. Nf3
{ [%clk 0:09:52] } 5... Nf6 { [%clk 0:09:50] } 6. Nc3 { [%clk 0:09:51] } 6...
Nc6 { [%clk 0:09:47] } 7. Be2 { [%clk 0:09:50] } 7... O-O { [%clk 0:09:36] } 8.
O-O { [%clk 0:09:46] } 8... Re8 { [%clk 0:09:27] } 9. h3 { [%clk 0:09:41] }
9... a6 { [%clk 0:08:54] } 10. Nd5 { [%clk 0:09:39] } 10... b5
{ [%clk 0:08:47] } 11. Nxf6+ { [%clk 0:09:38] } 11... Qxf6 { [%clk 0:08:46] }
12. a4 { [%clk 0:09:33] } 12... bxa4 { [%clk 0:08:39] } 13. Rxa4
{ [%clk 0:09:32] } 13... Bd7 { [%clk 0:08:35] } 14. d4 { [%clk 0:09:31] } 14...
Ne7 { [%clk 0:08:22] } 15. dxe5 { [%clk 0:09:28] } 15... dxe5
{ [%clk 0:08:13] } 16. Rc4 { [%clk 0:09:26] } 16... c6 { [%clk 0:07:57] } 17.
Qxd7 { [%clk 0:09:24] } 17... Rac8 { [%clk 0:07:38] } 18. Qb7
{ [%clk 0:09:06] } 18... Ra8 { [%clk 0:07:25] } 19. Rc5 { [%clk 0:08:57] }
19... Rab8 { [%clk 0:07:15] } 20. Qxa6 { [%clk 0:08:53] } 20... Rxb2
{ [%clk 0:07:07] } 21. Rxe5 { [%clk 0:08:42] } 21... Rxc2 { [%clk 0:07:05] }
22. Bd1 { [%clk 0:08:33] } 22... Rc3 { [%clk 0:06:58] } 23. Rxe7
{ [%clk 0:08:31] } 23... Qxe7 { [%clk 0:06:52] } 24. Nd4 { [%clk 0:08:28] } 0-1"
Rated Rapid game,https://lichess.org/ZrkDK43i,2024.08.01,-,nazzz,patheticgamer,1-0,2024.08.01,08:45:11,1758,1757,,,D02,Queen's Pawn Game: Zukertort Variation,600+0,Normal,"1. d4 { [%clk 0:10:00] } 1... d5 { [%clk 0:10:00] } 2. Nf3 { [%clk 0:09:59] }
2... e6 { [%clk 0:09:58] } 3. g3 { [%clk 0:09:59] } 3... Nf6 { [%clk 0:09:57] }
4. Bg2 { [%clk 0:09:57] } 4... c5 { [%clk 0:09:56] } 5. O-O { [%clk 0:09:55] }
5... Nc6 { [%clk 0:09:55] } 6. c4 { [%clk 0:09:53] } 6... Be7
{ [%clk 0:09:46] } 7. dxc5 { [%clk 0:09:51] } 7... Bxc5 { [%clk 0:09:45] } 8.
cxd5 { [%clk 0:09:49] } 8... Nxd5 { [%clk 0:09:44] } 9. Nc3 { [%clk 0:09:29] }
9... Nce7 { [%clk 0:09:37] } 10. Nxd5 { [%clk 0:09:26] } 10... Nxd5
{ [%clk 0:09:36] } 11. Ne5 { [%clk 0:09:24] } 11... Qf6 { [%clk 0:09:21] } 12.
Qa4+ { [%clk 0:09:13] } 1-0"
Rated Rapid game,https://lichess.org/8SP9Rijp,2024.08.01,-,Kirill_Art,kridhayhari,1-0,2024.08.01,08:45:11,803,721,,,C23,Bishop's Opening: Boi Variation,600+0,Normal,"1. e4 { [%clk 0:10:00] } 1... e5 { [%clk 0:10:00] } 2. Bc4 { [%clk 0:09:58] }
2... Bc5 { [%clk 0:09:54] } 3. Qh5 { [%clk 0:09:54] } 3... Ke7
{ [%clk 0:09:42] } 4. Qxf7+ { [%clk 0:09:50] } 4... Kd6 { [%clk 0:09:37] } 5.
d3 { [%clk 0:09:46] } 5... Qh4 { [%clk 0:09:29] } 6. g3 { [%clk 0:09:44] } 6...
Qf6 { [%clk 0:09:14] } 7. Qxf6+ { [%clk 0:09:28] } 7... Nxf6 { [%clk 0:09:11] }
8. c3 { [%clk 0:09:17] } 8... Ng4 { [%clk 0:09:07] } 9. d4 { [%clk 0:09:15] }
9... exd4 { [%clk 0:09:03] } 10. cxd4 { [%clk 0:09:12] } 10... Bxd4
{ [%clk 0:09:01] } 11. Bf4+ { [%clk 0:09:09] } 11... Ne5 { [%clk 0:08:55] } 12.
Bxe5+ { [%clk 0:09:07] } 12... Bxe5 { [%clk 0:08:51] } 13. Nc3
{ [%clk 0:09:03] } 13... Bxc3+ { [%clk 0:08:48] } 14. bxc3 { [%clk 0:09:01] }
14... Rf8 { [%clk 0:08:39] } 15. Rd1+ { [%clk 0:08:57] } 15... Kc5
{ [%clk 0:08:36] } 16. Rd4 { [%clk 0:08:50] } 16... d6 { [%clk 0:08:23] } 17.
Rd5+ { [%clk 0:08:44] } 17... Kxc4 { [%clk 0:08:21] } 18. Nf3
{ [%clk 0:08:37] } 18... Kxc3 { [%clk 0:08:16] } 19. Nd2 { [%clk 0:08:20] }
19... Kb2 { [%clk 0:08:10] } 20. Nc4+ { [%clk 0:08:17] } 20... Kxa2
{ [%clk 0:08:08] } 21. Rb5 { [%clk 0:08:09] } 21... Rf3 { [%clk 0:07:56] } 22.
Ke2 { [%clk 0:08:07] } 22... Rb3 { [%clk 0:07:52] } 23. Rxb3 { [%clk 0:08:05] }
23... Kxb3 { [%clk 0:07:50] } 24. Ne3 { [%clk 0:08:03] } 24... Kc3
{ [%clk 0:07:47] } 25. Rd1 { [%clk 0:08:00] } 25... Be6 { [%clk 0:07:39] } 26.
f4 { [%clk 0:07:52] } 26... Bb3 { [%clk 0:07:35] } 27. Rd3+ { [%clk 0:07:48] }
27... Kb4 { [%clk 0:07:33] } 28. Kd2 { [%clk 0:07:44] } 28... Bc4
{ [%clk 0:07:27] } 29. Rd4 { [%clk 0:07:39] } 29... Kc5 { [%clk 0:07:23] } 30.
Rxc4+ { [%clk 0:07:36] } 30... Kb6 { [%clk 0:07:16] } 31. Nd5+
{ [%clk 0:07:33] } 31... Kb5 { [%clk 0:07:12] } 32. Rxc7 { [%clk 0:07:32] }
32... Na6 { [%clk 0:07:07] } 33. Rxb7+ { [%clk 0:07:28] } 33... Kc6
{ [%clk 0:07:03] } 34. Rxg7 { [%clk 0:07:26] } 34... Nc5 { [%clk 0:06:57] } 35.
Ke3 { [%clk 0:07:22] } 35... Ne6 { [%clk 0:06:53] } 36. Rxh7 { [%clk 0:07:20] }
36... a5 { [%clk 0:06:50] } 37. h3 { [%clk 0:07:10] } 37... a4
{ [%clk 0:06:47] } 38. f5 { [%clk 0:07:06] } 38... a3 { [%clk 0:06:41] } 39.
fxe6 { [%clk 0:07:04] } 39... a2 { [%clk 0:06:38] } 40. Rc7+ { [%clk 0:07:02] }
40... Kb5 { [%clk 0:06:36] } 41. Rc1 { [%clk 0:07:00] } 41... a1=Q
{ [%clk 0:06:33] } 42. Rxa1 { [%clk 0:06:58] } 42... Rxa1 { [%clk 0:06:31] }
43. g4 { [%clk 0:06:57] } 43... Ra7 { [%clk 0:06:24] } 44. g5
{ [%clk 0:06:54] } 44... Re7 { [%clk 0:06:21] } 45. h4 { [%clk 0:06:46] } 45...
Rxe6 { [%clk 0:06:19] } 46. h5 { [%clk 0:06:40] } 46... Re8 { [%clk 0:06:15] }
47. g6 { [%clk 0:06:38] } 47... Rh8 { [%clk 0:06:10] } 48. g7
{ [%clk 0:06:35] } 48... Rg8 { [%clk 0:06:07] } 49. h6 { [%clk 0:06:33] } 49...
Kc5 { [%clk 0:06:03] } 50. Ne7 { [%clk 0:06:31] } 50... Re8 { [%clk 0:05:58] }
51. g8=Q { [%clk 0:06:10] } 51... Rxg8 { [%clk 0:05:56] } 52. Nxg8
{ [%clk 0:06:08] } 52... Kc6 { [%clk 0:05:52] } 53. h7 { [%clk 0:06:06] } 53...
Kd7 { [%clk 0:05:50] } 54. h8=Q { [%clk 0:06:05] } 54... Ke6 { [%clk 0:05:49] }
55. Qd4 { [%clk 0:06:01] } 55... Kd7 { [%clk 0:05:44] } 56. e5
{ [%clk 0:05:59] } 56... Kc6 { [%clk 0:05:36] } 57. exd6 { [%clk 0:05:57] }
57... Kd7 { [%clk 0:05:34] } 58. Nf6+ { [%clk 0:05:55] } 58... Ke6
{ [%clk 0:05:33] } 59. d7 { [%clk 0:05:53] } 59... Ke7 { [%clk 0:05:31] } 60.
d8=Q+ { [%clk 0:05:52] } 60... Ke6 { [%clk 0:05:30] } 61. Qe8+
{ [%clk 0:05:49] } 61... Kf5 { [%clk 0:05:28] } 62. Qf4# { [%clk 0:05:47] } 1-0"
Rated Rapid game,https://lichess.org/Y6UzYvHy,2024.08.01,-,Liongchai,dedygol123,0-1,2024.08.01,08:45:11,1728,1859,,,C56,"Italian Game: Two Knights Defense, Perreux Variation",600+0,Normal,"1. e4 { [%clk 0:10:00] } 1... e5 { [%clk 0:10:00] } 2. d4 { [%clk 0:09:59] }
2... exd4 { [%clk 0:09:58] } 3. Nf3 { [%clk 0:09:59] } 3... Nc6
{ [%clk 0:09:54] } 4. Bc4 { [%clk 0:09:58] } 4... Nf6 { [%clk 0:09:52] } 5. Ng5
{ [%clk 0:09:56] } 5... d5 { [%clk 0:09:34] } 6. exd5 { [%clk 0:09:54] } 6...
Nxd5 { [%clk 0:09:33] } 7. Nxf7 { [%clk 0:09:46] } 7... Kxf7 { [%clk 0:09:32] }
8. Qf3+ { [%clk 0:09:44] } 8... Ke8 { [%clk 0:08:45] } 9. Bxd5
{ [%clk 0:09:42] } 9... Bb4+ { [%clk 0:08:36] } 10. Bd2 { [%clk 0:09:36] }
10... Qe7+ { [%clk 0:08:32] } 11. Kd1 { [%clk 0:09:30] } 11... Ne5
{ [%clk 0:08:23] } 12. Re1 { [%clk 0:09:11] } 12... Bxd2 { [%clk 0:07:36] } 13.
Rxe5 { [%clk 0:08:43] } 13... Qxe5 { [%clk 0:07:32] } 14. Qf7+
{ [%clk 0:08:38] } 14... Kd8 { [%clk 0:07:30] } 15. Nxd2 { [%clk 0:08:35] }
15... Re8 { [%clk 0:07:17] } 16. Ne4 { [%clk 0:08:25] } 16... Bg4+
{ [%clk 0:06:27] } 17. f3 { [%clk 0:08:22] } 17... Bh5 { [%clk 0:06:26] } 18.
Kd2 { [%clk 0:08:05] } 18... Bxf7 { [%clk 0:06:22] } 0-1"
Rated Rapid game,https://lichess.org/rJar2hxb,2024.08.01,-,beshoymoner,Favorvic,0-1,2024.08.01,08:45:19,1380,1409,,,A45,Queen's Pawn Game: Chigorin Variation,600+0,Time forfeit,"1. d4 { [%clk 0:10:00] } 1... d5 { [%clk 0:10:00] } 2. Nc3 { [%clk 0:09:57] }
2... Nf6 { [%clk 0:09:53] } 3. g3 { [%clk 0:07:03] } 3... Bf5
{ [%clk 0:09:39] } 4. Bg2 { [%clk 0:06:59] } 4... Ne4 { [%clk 0:09:29] } 5. e3
{ [%clk 0:06:45] } 5... Nxc3 { [%clk 0:09:22] } 6. bxc3 { [%clk 0:06:39] } 6...
Be4 { [%clk 0:09:18] } 7. Bxe4 { [%clk 0:06:30] } 7... dxe4 { [%clk 0:09:15] }
8. Qg4 { [%clk 0:06:22] } 8... Qd7 { [%clk 0:09:12] } 9. Qxe4
{ [%clk 0:06:16] } 9... e6 { [%clk 0:08:43] } 10. Qxb7 { [%clk 0:06:04] } 10...
Qc6 { [%clk 0:08:34] } 11. Qxc6+ { [%clk 0:05:57] } 11... Nxc6
{ [%clk 0:08:33] } 12. Nf3 { [%clk 0:05:50] } 12... O-O-O { [%clk 0:08:31] }
13. Ne5 { [%clk 0:05:38] } 13... Nxe5 { [%clk 0:08:15] } 14. dxe5
{ [%clk 0:05:36] } 14... Rd5 { [%clk 0:08:12] } 15. f4 { [%clk 0:05:26] } 15...
Be7 { [%clk 0:07:54] } 16. O-O { [%clk 0:05:24] } 16... Rf8 { [%clk 0:07:36] }
17. Bb2 { [%clk 0:05:22] } 17... g5 { [%clk 0:07:28] } 18. Rad1
{ [%clk 0:05:14] } 18... Rb5 { [%clk 0:07:09] } 19. Ba1 { [%clk 0:04:56] }
19... gxf4 { [%clk 0:06:54] } 20. exf4 { [%clk 0:04:53] } 20... f6
{ [%clk 0:06:30] } 21. Rd4 { [%clk 0:04:30] } 21... fxe5 { [%clk 0:06:01] } 22.
Re4 { [%clk 0:04:14] } 22... exf4 { [%clk 0:05:33] } 23. Rxe6
{ [%clk 0:04:05] } 23... Bc5+ { [%clk 0:05:06] } 24. Kg2 { [%clk 0:04:03] }
24... Rb6 { [%clk 0:04:57] } 25. Rxb6 { [%clk 0:03:58] } 25... Bxb6
{ [%clk 0:04:48] } 26. Rxf4 { [%clk 0:03:56] } 26... Rxf4 { [%clk 0:04:46] }
27. gxf4 { [%clk 0:03:54] } 27... Be3 { [%clk 0:04:44] } 28. Kg3
{ [%clk 0:03:49] } 28... Kd7 { [%clk 0:04:40] } 29. c4 { [%clk 0:03:44] } 29...
Ke7 { [%clk 0:04:39] } 30. Kg4 { [%clk 0:03:29] } 30... Kf7 { [%clk 0:04:33] }
31. f5 { [%clk 0:03:11] } 31... Kg8 { [%clk 0:04:22] } 32. f6
{ [%clk 0:03:07] } 32... a5 { [%clk 0:04:06] } 33. Kh5 { [%clk 0:03:01] } 33...
a4 { [%clk 0:04:02] } 34. Kg4 { [%clk 0:02:51] } 34... a3 { [%clk 0:03:55] }
35. Be5 { [%clk 0:02:04] } 35... c6 { [%clk 0:03:40] } 36. c3
{ [%clk 0:01:57] } 36... Bc1 { [%clk 0:03:39] } 37. Kf5 { [%clk 0:01:53] }
37... Bb2 { [%clk 0:03:38] } 38. Ke6 { [%clk 0:01:48] } 38... Kf8
{ [%clk 0:03:01] } 39. Kd6 { [%clk 0:01:38] } 39... Kf7 { [%clk 0:02:38] } 40.
Kxc6 { [%clk 0:01:31] } 40... Bc1 { [%clk 0:02:38] } 41. Kd6 { [%clk 0:01:22] }
41... Bg5 { [%clk 0:02:38] } 42. c5 { [%clk 0:01:19] } 42... Bxf6
{ [%clk 0:02:37] } 43. Bxf6 { [%clk 0:01:17] } 43... Kxf6 { [%clk 0:02:36] }
44. c6 { [%clk 0:01:16] } 44... Kf7 { [%clk 0:02:33] } 45. c7
{ [%clk 0:01:16] } 45... h5 { [%clk 0:02:23] } 46. c8=Q { [%clk 0:01:16] }
46... Kg6 { [%clk 0:02:22] } 47. Qh3 { [%clk 0:01:06] } 47... Kg5
{ [%clk 0:02:21] } 48. Ke5 { [%clk 0:01:02] } 48... h4 { [%clk 0:02:12] } 49.
Qe3+ { [%clk 0:00:55] } 49... Kg4 { [%clk 0:02:11] } 50. Qe4+
{ [%clk 0:00:40] } 50... Kh3 { [%clk 0:02:10] } 51. Kf4 { [%clk 0:00:35] }
51... Kxh2 { [%clk 0:02:04] } 52. Kf3 { [%clk 0:00:33] } 52... h3
{ [%clk 0:02:00] } 53. Qe2+ { [%clk 0:00:29] } 53... Kg1 { [%clk 0:01:51] } 54.
Qe1+ { [%clk 0:00:25] } 54... Kh2 { [%clk 0:01:46] } 55. Qf2+
{ [%clk 0:00:19] } 55... Kh1 { [%clk 0:01:45] } 56. Qe3 { [%clk 0:00:08] }
56... Kh2 { [%clk 0:01:38] } 57. Kf2 { [%clk 0:00:07] } 57... Kh1
{ [%clk 0:01:36] } 0-1"
Rated Rapid game,https://lichess.org/ENDw3F4o,2024.08.01,-,ImmWinter,alekuncoro09,0-1,2024.08.01,08:45:19,1574,1543,,,C13,"French Defense: Classical Variation, Tartakower Variation",600+0,Normal,"1. d4 { [%clk 0:10:00] } 1... Nf6 { [%clk 0:10:00] } 2. Nc3 { [%clk 0:09:57] }
2... e6 { [%clk 0:09:59] } 3. e4 { [%clk 0:09:55] } 3... d5 { [%clk 0:09:57] }
4. Bg5 { [%clk 0:09:51] } 4... Be7 { [%clk 0:09:52] } 5. e5 { [%clk 0:09:50] }
5... Ne4 { [%clk 0:09:35] } 6. Bxe7 { [%clk 0:09:47] } 6... Qxe7
{ [%clk 0:09:30] } 7. Nxe4 { [%clk 0:09:42] } 7... dxe4 { [%clk 0:09:29] } 8.
Qg4 { [%clk 0:09:39] } 8... O-O { [%clk 0:09:16] } 9. Qxe4 { [%clk 0:09:36] }
9... Qb4+ { [%clk 0:09:14] } 10. c3 { [%clk 0:09:27] } 10... Qxb2
{ [%clk 0:09:12] } 11. Rd1 { [%clk 0:09:20] } 11... Qxc3+ { [%clk 0:09:09] }
12. Rd2 { [%clk 0:09:16] } 12... Nc6 { [%clk 0:08:58] } 13. Nf3
{ [%clk 0:09:16] } 13... Qa1+ { [%clk 0:08:45] } 14. Rd1 { [%clk 0:09:12] }
14... Qxa2 { [%clk 0:08:43] } 15. Ng5 { [%clk 0:09:11] } 15... g6
{ [%clk 0:08:30] } 16. Bd3 { [%clk 0:09:09] } 16... Qa5+ { [%clk 0:08:19] } 17.
Rd2 { [%clk 0:09:08] } 17... Qc3 { [%clk 0:08:04] } 18. Qh4 { [%clk 0:08:58] }
18... h5 { [%clk 0:07:46] } 19. Ne4 { [%clk 0:08:53] } 19... Qxd4
{ [%clk 0:07:24] } 20. O-O { [%clk 0:08:48] } 20... Qxe5 { [%clk 0:07:07] } 21.
Re1 { [%clk 0:08:40] } 21... Kg7 { [%clk 0:06:52] } 22. Ng5 { [%clk 0:08:21] }
22... Qf6 { [%clk 0:06:26] } 23. Ne4 { [%clk 0:08:10] } 23... Qxh4
{ [%clk 0:06:22] } 0-1"
Rated Rapid game,https://lichess.org/nqghJDTi,2024.08.01,-,JoLo95,khaledsraheen,1-0,2024.08.01,08:45:19,1504,1498,,,B11,"Caro-Kann Defense: Two Knights Attack, Mindeno Variation, Exchange Line",600+0,Normal,"1. e4 { [%clk 0:10:00] } 1... c6 { [%clk 0:10:00] } 2. Nc3 { [%clk 0:09:56] }
2... d5 { [%clk 0:09:59] } 3. Nf3 { [%clk 0:09:52] } 3... Bg4
{ [%clk 0:09:50] } 4. h3 { [%clk 0:09:36] } 4... Bxf3 { [%clk 0:09:48] } 5.
Qxf3 { [%clk 0:09:33] } 5... d4 { [%clk 0:09:47] } 6. Bc4 { [%clk 0:09:17] }
6... e6 { [%clk 0:09:41] } 7. Ne2 { [%clk 0:08:57] } 7... c5 { [%clk 0:09:37] }
8. d3 { [%clk 0:08:53] } 8... Nc6 { [%clk 0:09:28] } 9. Bb5 { [%clk 0:08:48] }
9... a6 { [%clk 0:09:27] } 10. Bxc6+ { [%clk 0:08:42] } 10... bxc6
{ [%clk 0:09:25] } 11. e5 { [%clk 0:08:41] } 11... Ne7 { [%clk 0:09:22] } 12.
Bg5 { [%clk 0:08:35] } 12... h6 { [%clk 0:09:20] } 13. Bxe7 { [%clk 0:08:29] }
13... Qxe7 { [%clk 0:09:18] } 14. Qxc6+ { [%clk 0:08:29] } 14... Qd7
{ [%clk 0:09:07] } 15. Qxa8+ { [%clk 0:08:25] } 15... Ke7 { [%clk 0:09:06] }
16. Qxa6 { [%clk 0:08:10] } 16... g6 { [%clk 0:09:02] } 17. O-O
{ [%clk 0:08:01] } 17... Bg7 { [%clk 0:09:00] } 18. f4 { [%clk 0:07:47] } 18...
f6 { [%clk 0:08:54] } 19. Rfe1 { [%clk 0:07:38] } 19... fxe5 { [%clk 0:08:51] }
20. fxe5 { [%clk 0:07:36] } 20... Bxe5 { [%clk 0:08:50] } 21. Nc1
{ [%clk 0:07:29] } 21... Bg3 { [%clk 0:08:48] } 22. Re4 { [%clk 0:07:13] }
22... Rf8 { [%clk 0:08:45] } 23. Ne2 { [%clk 0:07:01] } 23... Bf2+
{ [%clk 0:08:43] } 24. Kh1 { [%clk 0:06:56] } 24... Qd5 { [%clk 0:08:38] } 25.
Qb5 { [%clk 0:06:44] } 25... Rf5 { [%clk 0:08:18] } 26. Qc4 { [%clk 0:06:09] }
26... Qc6 { [%clk 0:08:09] } 27. Rf1 { [%clk 0:05:51] } 27... Be3
{ [%clk 0:08:04] } 28. Rxf5 { [%clk 0:05:44] } 28... gxf5 { [%clk 0:08:02] }
29. Re5 { [%clk 0:05:32] } 29... Kf6 { [%clk 0:07:54] } 30. Rxc5
{ [%clk 0:05:26] } 30... Qd6 { [%clk 0:07:47] } 31. Rc6 { [%clk 0:05:17] }
31... Qe7 { [%clk 0:07:39] } 32. Nxd4 { [%clk 0:05:06] } 32... Bxd4
{ [%clk 0:07:33] } 33. Qxd4+ { [%clk 0:05:03] } 33... Kg5 { [%clk 0:07:29] }
34. Qh4+ { [%clk 0:04:59] } 1-0"
Rated Rapid game,https://lichess.org/O93FvL9I,2024.08.01,-,LAAR,nillcos,1-0,2024.08.01,08:45:19,1736,1641,,,B01,Scandinavian Defense,600+0,Normal,"1. e4 { [%eval 0.15] [%clk 0:10:00] } 1... d5 { [%eval 0.54] [%clk 0:10:00] }
2. e5 { [%eval 0.0] [%clk 0:09:58] } 2... d4 { [%eval 0.09] [%clk 0:09:59] } 3.
f4 { [%eval -0.26] [%clk 0:09:57] } 3... Nc6 { [%eval 0.0] [%clk 0:09:55] } 4.
Nf3 { [%eval -0.13] [%clk 0:09:55] } 4... Bg4 { [%eval 0.3] [%clk 0:09:52] } 5.
Be2 { [%eval 0.07] [%clk 0:09:50] } 5... Bxf3 { [%eval 0.43] [%clk 0:09:47] }
6. Bxf3 { [%eval 0.55] [%clk 0:09:48] } 6... f6 $6
{ [%eval 1.15] [%clk 0:09:43] } 7. O-O { [%eval 1.05] [%clk 0:09:38] } 7...
fxe5 { [%eval 1.48] [%clk 0:09:37] } 8. fxe5 { [%eval 1.27] [%clk 0:09:35] }
8... Nxe5 $2 { [%eval 3.03] [%clk 0:09:34] } 9. Bxb7
{ [%eval 3.1] [%clk 0:09:33] } 9... Rb8 $2 { [%eval 5.39] [%clk 0:09:33] } 10.
Be4 $4 { [%eval 0.62] [%clk 0:09:27] } 10... Nf6
{ [%eval 0.64] [%clk 0:09:28] } 11. Bf3 $2 { [%eval -1.15] [%clk 0:09:22] }
11... e6 $2 { [%eval 0.0] [%clk 0:09:24] } 12. Qe2
{ [%eval -0.02] [%clk 0:09:12] } 12... Bd6 { [%eval -0.04] [%clk 0:09:21] } 13.
d3 { [%eval -0.06] [%clk 0:09:06] } 13... O-O { [%eval -0.09] [%clk 0:09:19] }
14. Nd2 { [%eval -0.1] [%clk 0:08:59] } 14... Nfd7
{ [%eval 0.21] [%clk 0:08:57] } 15. Ne4 { [%eval 0.0] [%clk 0:08:54] } 15...
Nxf3+ { [%eval -0.05] [%clk 0:08:38] } 16. Rxf3 { [%eval -0.1] [%clk 0:08:49] }
16... Be5 $6 { [%eval 0.82] [%clk 0:08:32] } 17. b3
{ [%eval 0.51] [%clk 0:08:37] } 17... Rxf3 { [%eval 0.45] [%clk 0:08:28] } 18.
Qxf3 { [%eval 0.51] [%clk 0:08:33] } 18... Qh4 { [%eval 0.48] [%clk 0:08:20] }
19. g3 { [%eval 0.52] [%clk 0:08:19] } 19... Qh3 { [%eval 0.7] [%clk 0:08:05] }
20. Qg2 { [%eval 0.17] [%clk 0:08:15] } 20... Qg4
{ [%eval 0.39] [%clk 0:07:59] } 21. Bd2 { [%eval 0.44] [%clk 0:08:06] } 21...
Rf8 { [%eval 0.48] [%clk 0:07:44] } 22. h3 { [%eval 0.5] [%clk 0:07:51] } 22...
Qg6 { [%eval 0.54] [%clk 0:07:39] } 23. g4 { [%eval 0.2] [%clk 0:07:34] } 23...
Kh8 $6 { [%eval 0.86] [%clk 0:07:23] } 24. Bb4 { [%eval 0.56] [%clk 0:07:29] }
24... c5 $2 { [%eval 1.8] [%clk 0:07:18] } 25. Nxc5
{ [%eval 1.84] [%clk 0:07:23] } 25... Nf6 $2 { [%eval 3.16] [%clk 0:07:00] }
26. Nxe6 $2 { [%eval 0.19] [%clk 0:07:05] } 26... Rc8 $4
{ [%eval 3.88] [%clk 0:06:46] } 27. Rf1 $2 { [%eval 1.86] [%clk 0:06:33] }
27... Nd5 $4 { [%eval 5.03] [%clk 0:06:28] } 28. Rf8+ $2
{ [%eval 3.22] [%clk 0:06:21] } 28... Rxf8 { [%eval 3.44] [%clk 0:06:26] } 29.
Nxf8 { [%eval 3.21] [%clk 0:06:20] } 29... Qg5 { [%eval 3.23] [%clk 0:06:07] }
30. Bd2 { [%eval 3.32] [%clk 0:06:08] } 30... Nf4 $2
{ [%eval 5.31] [%clk 0:05:42] } 31. Bxf4 $2 { [%eval 4.1] [%clk 0:05:58] }
31... Qxf4 { [%eval 3.94] [%clk 0:05:36] } 32. Nd7
{ [%eval 3.23] [%clk 0:05:48] } 32... Qe3+ { [%eval 3.3] [%clk 0:05:18] } 33.
Kh1 $6 { [%eval 2.58] [%clk 0:05:36] } 33... Qe1+
{ [%eval 2.66] [%clk 0:05:16] } 34. Qg1 { [%eval 2.53] [%clk 0:05:34] } 34...
Qe2 { [%eval 2.69] [%clk 0:04:57] } 35. Nxe5 { [%eval 2.56] [%clk 0:05:29] }
35... Qxe5 { [%eval 2.65] [%clk 0:04:55] } 36. Qf2
{ [%eval 2.75] [%clk 0:05:20] } 36... Kg8 { [%eval 2.76] [%clk 0:04:44] } 37.
Kg2 { [%eval 2.39] [%clk 0:05:11] } 37... a5 { [%eval 2.75] [%clk 0:04:33] }
38. Qf3 { [%eval 2.34] [%clk 0:04:48] } 38... h6 $2
{ [%eval 3.53] [%clk 0:04:25] } 39. Qe4 $6 { [%eval 2.54] [%clk 0:04:33] }
39... Qc5 $6 { [%eval 3.35] [%clk 0:04:16] } 40. Qe2 $6
{ [%eval 2.43] [%clk 0:04:18] } 40... Qa3 $2 { [%eval 3.66] [%clk 0:04:04] }
41. Qe6+ { [%eval 3.72] [%clk 0:04:07] } 41... Kh8
{ [%eval 3.89] [%clk 0:03:58] } 42. Qe8+ { [%eval 3.81] [%clk 0:03:54] } 42...
Kh7 { [%eval 3.83] [%clk 0:03:49] } 43. Qe4+ { [%eval 3.75] [%clk 0:03:53] }
43... Kg8 { [%eval 3.74] [%clk 0:03:46] } 44. Qxd4
{ [%eval 3.7] [%clk 0:03:48] } 44... Qxa2 { [%eval 3.77] [%clk 0:03:44] } 45.
Qc3 { [%eval 3.78] [%clk 0:03:47] } 45... a4 { [%eval 4.04] [%clk 0:03:30] }
46. bxa4 { [%eval 3.77] [%clk 0:03:43] } 46... Qxa4 $2
{ [%eval 5.94] [%clk 0:03:29] } 47. Kg3 $2 { [%eval 3.33] [%clk 0:03:36] }
47... Qa7 { [%eval 3.35] [%clk 0:03:13] } 48. Qc4+
{ [%eval 3.26] [%clk 0:03:31] } 48... Kh7 { [%eval 3.59] [%clk 0:03:11] } 49.
Qe4+ { [%eval 3.43] [%clk 0:03:28] } 49... Kh8 { [%eval 3.59] [%clk 0:03:09] }
50. c4 { [%eval 3.54] [%clk 0:03:25] } 50... Qc7+
{ [%eval 3.58] [%clk 0:03:04] } 51. Qf4 { [%eval 3.66] [%clk 0:03:19] } 51...
Qc5 { [%eval 3.6] [%clk 0:02:59] } 52. Qf2 { [%eval 3.51] [%clk 0:03:12] }
52... Qe5+ { [%eval 3.51] [%clk 0:02:53] } 53. Kg2
{ [%eval 3.34] [%clk 0:03:07] } 53... Qc3 { [%eval 4.08] [%clk 0:02:45] } 54.
Qe3 { [%eval 3.57] [%clk 0:03:00] } 54... Qc2+ { [%eval 3.94] [%clk 0:02:39] }
55. Kg3 { [%eval 3.68] [%clk 0:02:55] } 55... Qc3
{ [%eval 4.0] [%clk 0:02:19] } 56. h4 { [%eval 3.8] [%clk 0:02:49] } 56... Qa1
$2 { [%eval 4.86] [%clk 0:02:13] } 57. g5 { [%eval 4.6] [%clk 0:02:42] } 57...
hxg5 { [%eval 4.39] [%clk 0:02:00] } 58. hxg5 { [%eval 4.2] [%clk 0:02:38] }
58... Qa3 $2 { [%eval 5.35] [%clk 0:01:46] } 59. g6 $2
{ [%eval 2.62] [%clk 0:02:31] } 59... Qd6+ { [%eval 2.61] [%clk 0:01:43] } 60.
Kf2 { [%eval 2.46] [%clk 0:02:22] } 60... Qxg6 { [%eval 2.32] [%clk 0:01:40] }
61. Qh3+ { [%eval 2.53] [%clk 0:02:22] } 61... Kg8
{ [%eval 2.5] [%clk 0:01:38] } 62. Qg3 { [%eval 2.02] [%clk 0:02:14] } 62...
Qf6+ { [%eval 1.99] [%clk 0:01:32] } 63. Qf3 { [%eval 1.92] [%clk 0:02:09] }
63... Qb2+ { [%eval 2.07] [%clk 0:01:29] } 64. Ke3 $2
{ [%eval 0.0] [%clk 0:02:04] } 64... Qc1+ $2 { [%eval 2.8] [%clk 0:01:25] } 65.
Ke4 { [%eval 2.9] [%clk 0:01:59] } 65... Qe1+ { [%eval 2.84] [%clk 0:01:19] }
66. Qe3 { [%eval 2.82] [%clk 0:01:56] } 66... Qh1+
{ [%eval 2.74] [%clk 0:01:17] } 67. Kd4 { [%eval 2.41] [%clk 0:01:53] } 67...
Qa1+ { [%eval 2.62] [%clk 0:01:07] } 68. Kd5 { [%eval 2.51] [%clk 0:01:51] }
68... Qa5+ $6 { [%eval 3.42] [%clk 0:01:01] } 69. Qc5
{ [%eval 3.26] [%clk 0:01:47] } 69... Qd8+ { [%eval 3.59] [%clk 0:00:58] } 70.
Qd6 { [%eval 3.61] [%clk 0:01:43] } 70... Qg5+ { [%eval 4.32] [%clk 0:00:55] }
71. Kc6 { [%eval 4.07] [%clk 0:01:39] } 71... Qg2+ $4
{ [%eval #17] [%clk 0:00:51] } 72. Qd5+ { [%eval #17] [%clk 0:01:38] } 72...
Qxd5+ { [%eval #18] [%clk 0:00:48] } 73. cxd5 { [%eval #22] [%clk 0:01:38] }
73... g5 { [%eval #14] [%clk 0:00:47] } 74. d6 { [%eval #13] [%clk 0:01:37] }
74... Kf8 { [%eval #13] [%clk 0:00:44] } 75. d7 { [%eval #12] [%clk 0:01:37] }
75... Ke7 { [%eval #13] [%clk 0:00:42] } 76. Kc7 { [%eval #11] [%clk 0:01:36] }
76... g4 { [%eval #8] [%clk 0:00:40] } 77. d8=Q+ { [%eval #7] [%clk 0:01:35] }
77... Ke6 { [%eval #8] [%clk 0:00:39] } 78. Qg5 { [%eval #7] [%clk 0:01:34] }
1-0"
Rated Rapid game,https://lichess.org/AwPxzGDP,2024.08.01,-,Bojanov,Akam_1235,1-0,2024.08.01,08:45:19,1966,1999,,,A00,Hungarian Opening: Sicilian Invitation,600+0,Normal,"1. g3 { [%clk 0:10:00] } 1... c5 { [%clk 0:10:00] } 2. Bg2 { [%clk 0:09:55] }
2... e6 { [%clk 0:09:59] } 3. e3 { [%clk 0:09:53] } 3... f5 { [%clk 0:09:57] }
4. Nf3 { [%clk 0:09:52] } 4... Qc7 { [%clk 0:09:56] } 5. O-O { [%clk 0:09:51] }
5... Bd6 { [%clk 0:09:54] } 6. c3 { [%clk 0:09:48] } 6... h5 { [%clk 0:09:50] }
7. d4 { [%clk 0:09:29] } 7... cxd4 { [%clk 0:09:48] } 8. exd4
{ [%clk 0:09:27] } 8... Nc6 { [%clk 0:09:46] } 9. Bg5 { [%clk 0:09:22] } 9...
Nf6 { [%clk 0:09:44] } 10. Nh4 { [%clk 0:09:18] } 10... b6 { [%clk 0:09:25] }
11. Nd2 { [%clk 0:08:39] } 11... Nh7 { [%clk 0:09:22] } 12. Qxh5+
{ [%clk 0:08:15] } 12... Kf8 { [%clk 0:09:18] } 13. Ng6+ { [%clk 0:08:13] }
13... Kg8 { [%clk 0:09:17] } 14. Nxh8 { [%clk 0:08:09] } 14... Kxh8
{ [%clk 0:09:15] } 15. Nc4 { [%clk 0:07:53] } 15... Bb7 { [%clk 0:09:00] } 16.
Nxd6 { [%clk 0:07:20] } 16... Qxd6 { [%clk 0:08:59] } 17. Bf4
{ [%clk 0:06:18] } 17... Qe7 { [%clk 0:08:53] } 18. b4 { [%clk 0:06:06] } 18...
a6 { [%clk 0:08:50] } 19. a4 { [%clk 0:06:03] } 19... Nd8 { [%clk 0:08:47] }
20. Bxb7 { [%clk 0:05:08] } 20... Nxb7 { [%clk 0:08:45] } 21. Qf3
{ [%clk 0:05:05] } 21... Ra7 { [%clk 0:08:40] } 22. Bb8 { [%clk 0:04:54] }
22... Ra8 { [%clk 0:08:39] } 23. Qxb7 { [%clk 0:04:51] } 1-0"
Rated Rapid game,https://lichess.org/2mhds0FB,2024.08.01,-,everygameloser,VapAlex,1-0,2024.08.01,08:45:19,1588,1598,,,D38,Queen's Gambit Declined: Ragozin Defense,600+0,Normal,"1. d4 { [%clk 0:10:00] } 1... d5 { [%clk 0:10:00] } 2. c4 { [%clk 0:10:00] }
2... e6 { [%clk 0:09:55] } 3. Nc3 { [%clk 0:10:00] } 3... Bb4
{ [%clk 0:09:53] } 4. Nf3 { [%clk 0:10:00] } 4... Nf6 { [%clk 0:09:49] } 5. Bg5
{ [%clk 0:09:58] } 5... h6 { [%clk 0:09:38] } 6. Bh4 { [%clk 0:09:56] } 6... g5
{ [%clk 0:09:37] } 7. Bg3 { [%clk 0:09:55] } 7... Ne4 { [%clk 0:09:33] } 8. Qc2
{ [%clk 0:09:42] } 8... Nxc3 { [%clk 0:09:08] } 9. bxc3 { [%clk 0:09:40] } 9...
Bd6 { [%clk 0:09:07] } 10. cxd5 { [%clk 0:09:32] } 10... Bxg3
{ [%clk 0:09:00] } 11. dxe6 { [%clk 0:09:16] } 11... Bxf2+ { [%clk 0:08:45] }
12. Kxf2 { [%clk 0:09:11] } 12... Bxe6 { [%clk 0:08:42] } 13. e4
{ [%clk 0:09:06] } 13... c6 { [%clk 0:08:34] } 14. Rd1 { [%clk 0:08:57] } 14...
Qf6 { [%clk 0:08:31] } 15. Be2 { [%clk 0:08:45] } 15... g4 { [%clk 0:08:29] }
16. e5 { [%clk 0:08:40] } 16... Qf4 { [%clk 0:07:29] } 17. g3
{ [%clk 0:08:30] } 17... Bf5 { [%clk 0:06:57] } 18. gxf4 { [%clk 0:07:25] }
18... Bxc2 { [%clk 0:06:54] } 19. Rd2 { [%clk 0:07:24] } 19... Be4
{ [%clk 0:06:51] } 20. Rg1 { [%clk 0:06:55] } 20... gxf3 { [%clk 0:06:47] } 21.
Bxf3 { [%clk 0:06:55] } 21... Bxf3 { [%clk 0:06:43] } 22. Kxf3
{ [%clk 0:06:51] } 22... Nd7 { [%clk 0:06:37] } 23. Rdg2 { [%clk 0:06:49] }
23... O-O-O { [%clk 0:06:30] } 24. Rg7 { [%clk 0:06:47] } 24... f6
{ [%clk 0:06:17] } 25. e6 { [%clk 0:06:40] } 25... Nb6 { [%clk 0:06:00] } 26.
R1g6 { [%clk 0:06:24] } 26... Nd5 { [%clk 0:05:36] } 27. c4 { [%clk 0:06:14] }
27... Ne7 { [%clk 0:05:27] } 28. Rxf6 { [%clk 0:06:07] } 28... Rde8
{ [%clk 0:05:20] } 29. Rff7 { [%clk 0:06:01] } 29... Kd8 { [%clk 0:05:15] } 30.
f5 { [%clk 0:05:53] } 30... Rhf8 { [%clk 0:05:03] } 31. f6 { [%clk 0:05:45] }
31... Rxf7 { [%clk 0:03:56] } 32. Rxf7 { [%clk 0:05:45] } 32... Nc8
{ [%clk 0:03:09] } 33. Rd7# { [%clk 0:05:38] } 1-0"
Rated Rapid game,https://lichess.org/FNeJrzGd,2024.08.01,-,YaroslavOM,pradomer,1-0,2024.08.01,08:45:19,1939,1936,,,B95,Sicilian Defense: Najdorf Variation,600+0,Normal,"1. e4 { [%clk 0:10:00] } 1... c5 { [%clk 0:10:00] } 2. Nf3 { [%clk 0:09:58] }
2... d6 { [%clk 0:09:59] } 3. d4 { [%clk 0:09:57] } 3... cxd4
{ [%clk 0:09:57] } 4. Nxd4 { [%clk 0:09:56] } 4... Nf6 { [%clk 0:09:56] } 5.
Nc3 { [%clk 0:09:54] } 5... a6 { [%clk 0:09:55] } 6. Bg5 { [%clk 0:09:52] }
6... e6 { [%clk 0:09:53] } 7. Bd3 { [%clk 0:09:46] } 7... Be7
{ [%clk 0:09:51] } 8. Qd2 { [%clk 0:09:42] } 8... b5 { [%clk 0:09:50] } 9. a3
{ [%clk 0:09:37] } 9... Bb7 { [%clk 0:09:48] } 10. Be3 { [%clk 0:09:16] } 10...
Nbd7 { [%clk 0:09:45] } 11. h3 { [%clk 0:09:09] } 11... Rc8 { [%clk 0:09:44] }
12. f4 { [%clk 0:08:54] } 12... Nc5 { [%clk 0:09:38] } 13. e5
{ [%clk 0:07:37] } 13... dxe5 { [%clk 0:09:34] } 14. fxe5 { [%clk 0:07:33] }
14... Nh5 { [%clk 0:09:26] } 15. O-O-O { [%clk 0:07:10] } 15... Nxd3+
{ [%clk 0:09:15] } 16. Qxd3 { [%clk 0:07:04] } 16... Bg5 { [%clk 0:09:05] } 17.
Qe2 { [%clk 0:06:53] } 17... Nf4 { [%clk 0:08:51] } 18. Bxf4 { [%clk 0:06:43] }
18... Bxf4+ { [%clk 0:08:50] } 19. Kb1 { [%clk 0:06:36] } 19... Qb6
{ [%clk 0:08:30] } 20. Qg4 { [%clk 0:06:20] } 20... Bh6 { [%clk 0:08:21] } 21.
Ne4 { [%clk 0:05:59] } 21... Bxe4 { [%clk 0:08:08] } 22. Qxe4
{ [%clk 0:05:55] } 22... O-O { [%clk 0:08:04] } 23. h4 { [%clk 0:05:40] } 23...
Rc4 { [%clk 0:07:53] } 24. c3 { [%clk 0:05:33] } 24... a5 { [%clk 0:07:46] }
25. g4 { [%clk 0:05:23] } 25... g6 { [%clk 0:07:45] } 26. g5 { [%clk 0:05:14] }
26... Bg7 { [%clk 0:07:43] } 27. h5 { [%clk 0:05:13] } 27... b4
{ [%clk 0:07:35] } 28. axb4 { [%clk 0:05:05] } 28... axb4 { [%clk 0:07:33] }
29. hxg6 { [%clk 0:05:03] } 29... fxg6 { [%clk 0:07:23] } 30. Qh4
{ [%clk 0:04:55] } 30... h6 { [%clk 0:06:44] } 31. gxh6 { [%clk 0:04:52] }
31... Bh8 { [%clk 0:06:34] } 32. h7+ { [%clk 0:04:42] } 32... Kf7
{ [%clk 0:06:33] } 33. Qh6 { [%clk 0:03:40] } 33... bxc3 { [%clk 0:05:56] } 34.
Rhf1+ { [%clk 0:03:31] } 34... Ke8 { [%clk 0:05:35] } 35. Qxf8+
{ [%clk 0:03:24] } 35... Kd7 { [%clk 0:05:34] } 36. Nb5+ { [%clk 0:03:05] }
36... Kc6 { [%clk 0:05:28] } 37. Rd6+ { [%clk 0:03:03] } 37... Kb7
{ [%clk 0:05:27] } 38. Rxb6+ { [%clk 0:03:01] } 38... Kxb6 { [%clk 0:05:26] }
39. Nxc3 { [%clk 0:02:54] } 39... Bxe5 { [%clk 0:05:17] } 40. h8=Q
{ [%clk 0:02:46] } 40... Bxh8 { [%clk 0:05:15] } 41. Qxh8 { [%clk 0:02:44] }
41... g5 { [%clk 0:05:05] } 42. Qe5 { [%clk 0:02:41] } 42... Rc6
{ [%clk 0:05:01] } 43. Rf6 { [%clk 0:02:38] } 43... g4 { [%clk 0:04:58] } 44.
Qd4+ { [%clk 0:02:33] } 44... Kb7 { [%clk 0:04:55] } 45. Qxg4
{ [%clk 0:02:32] } 1-0"
Rated Rapid game,https://lichess.org/hHhOEREy,2024.08.01,-,LuisMerloEvora,Nasson,0-1,2024.08.01,08:45:19,1847,1798,,,B01,Scandinavian Defense: Valencian Variation,600+0,Normal,"1. e4 { [%clk 0:10:00] } 1... d5 { [%clk 0:10:00] } 2. exd5 { [%clk 0:09:59] }
2... Qxd5 { [%clk 0:09:59] } 3. Nc3 { [%clk 0:09:58] } 3... Qd8
{ [%clk 0:09:58] } 4. Nf3 { [%clk 0:09:57] } 4... Nf6 { [%clk 0:09:57] } 5. Bc4
{ [%clk 0:09:56] } 5... g6 { [%clk 0:09:55] } 6. O-O { [%clk 0:09:54] } 6... c6
{ [%clk 0:09:54] } 7. Qe1 { [%clk 0:09:39] } 7... Bg7 { [%clk 0:09:38] } 8. Ne4
{ [%clk 0:09:30] } 8... O-O { [%clk 0:09:33] } 9. Nxf6+ { [%clk 0:09:28] } 9...
Bxf6 { [%clk 0:09:30] } 10. d3 { [%clk 0:09:25] } 10... b5 { [%clk 0:09:29] }
11. Bb3 { [%clk 0:09:22] } 11... a5 { [%clk 0:09:28] } 12. a3
{ [%clk 0:09:21] } 12... Bb7 { [%clk 0:09:26] } 13. Rb1 { [%clk 0:09:07] }
13... c5 { [%clk 0:09:24] } 14. Bh6 { [%clk 0:09:05] } 14... Re8
{ [%clk 0:09:14] } 15. Qd2 { [%clk 0:08:51] } 15... Bxf3 { [%clk 0:08:43] } 16.
gxf3 { [%clk 0:08:49] } 16... c4 { [%clk 0:08:32] } 17. dxc4 { [%clk 0:08:48] }
17... Qxd2 { [%clk 0:08:29] } 18. cxb5 { [%clk 0:08:43] } 18... Qxh6
{ [%clk 0:08:26] } 0-1"
Rated Rapid game,https://lichess.org/BtjP7x4e,2024.08.01,-,dharmendr,waldemar12,1-0,2024.08.01,08:45:19,2151,2006,,,B06,Modern Defense,600+0,Normal,"1. e4 { [%clk 0:10:00] } 1... g6 { [%clk 0:10:00] } 2. d3 { [%clk 0:09:59] }
2... c5 { [%clk 0:09:57] } 3. Nd2 { [%clk 0:09:59] } 3... Bg7
{ [%clk 0:09:56] } 4. Ngf3 { [%clk 0:09:59] } 4... Nc6 { [%clk 0:09:51] } 5. g3
{ [%clk 0:09:59] } 5... d6 { [%clk 0:09:50] } 6. Bg2 { [%clk 0:09:59] } 6... e5
{ [%clk 0:09:50] } 7. O-O { [%clk 0:09:57] } 7... Nge7 { [%clk 0:09:49] } 8. c3
{ [%clk 0:09:56] } 8... f5 { [%clk 0:09:47] } 9. a4 { [%clk 0:09:52] } 9... a5
{ [%clk 0:09:44] } 10. Re1 { [%clk 0:09:45] } 10... h6 { [%clk 0:09:43] } 11.
Nc4 { [%clk 0:09:32] } 11... O-O { [%clk 0:09:37] } 12. Qb3 { [%clk 0:09:27] }
12... Kh7 { [%clk 0:09:35] } 13. Nb6 { [%clk 0:09:22] } 13... fxe4
{ [%clk 0:09:26] } 14. dxe4 { [%clk 0:09:10] } 14... c4 { [%clk 0:09:03] } 15.
Nxc4 { [%clk 0:09:02] } 15... Be6 { [%clk 0:08:59] } 16. Nfd2
{ [%clk 0:08:59] } 16... Rf6 { [%clk 0:08:43] } 17. Qc2 { [%clk 0:08:56] }
17... Qg8 { [%clk 0:08:37] } 18. Nxd6 { [%clk 0:08:50] } 18... Rb8
{ [%clk 0:08:28] } 19. Nb5 { [%clk 0:08:49] } 19... g5 { [%clk 0:08:23] } 20.
Nf1 { [%clk 0:08:39] } 20... Bb3 { [%clk 0:08:20] } 21. Qe2 { [%clk 0:08:22] }
21... Ng6 { [%clk 0:08:15] } 22. Ne3 { [%clk 0:08:14] } 22... Rbf8
{ [%clk 0:08:08] } 23. Nf5 { [%clk 0:08:11] } 23... Nge7 { [%clk 0:07:58] } 24.
Bh3 { [%clk 0:08:04] } 24... Kh8 { [%clk 0:07:44] } 25. Be3 { [%clk 0:08:01] }
25... Nxf5 { [%clk 0:07:32] } 26. Bxf5 { [%clk 0:07:59] } 26... Ne7
{ [%clk 0:07:31] } 27. Rf1 { [%clk 0:07:49] } 27... Nxf5 { [%clk 0:07:29] } 28.
exf5 { [%clk 0:07:47] } 28... Rxf5 { [%clk 0:07:27] } 29. Nd6
{ [%clk 0:07:13] } 29... Rf3 { [%clk 0:07:19] } 30. Rfe1 { [%clk 0:06:41] }
30... Qd5 { [%clk 0:07:14] } 31. Nb5 { [%clk 0:06:17] } 31... g4
{ [%clk 0:06:41] } 32. Rac1 { [%clk 0:05:29] } 32... Bxa4 { [%clk 0:06:26] }
33. c4 { [%clk 0:05:26] } 33... Qe4 { [%clk 0:06:19] } 34. Nc3
{ [%clk 0:05:23] } 34... Qc6 { [%clk 0:06:15] } 35. Rf1 { [%clk 0:04:56] }
35... Bb3 { [%clk 0:06:10] } 36. Nd5 { [%clk 0:04:51] } 36... b5
{ [%clk 0:05:57] } 37. Ne7 { [%clk 0:04:19] } 37... Qe6 { [%clk 0:05:47] } 38.
Bc5 { [%clk 0:04:12] } 38... Re8 { [%clk 0:05:35] } 39. Nd5 { [%clk 0:03:42] }
39... Bxc4 { [%clk 0:05:27] } 40. Rxc4 { [%clk 0:03:32] } 40... bxc4
{ [%clk 0:05:25] } 41. Ne3 { [%clk 0:03:29] } 41... Rc8 { [%clk 0:05:10] } 42.
Ba3 { [%clk 0:03:25] } 42... h5 { [%clk 0:05:07] } 43. Rd1 { [%clk 0:03:21] }
43... Bh6 { [%clk 0:04:41] } 44. Rd6 { [%clk 0:03:14] } 44... Bxe3
{ [%clk 0:04:25] } 45. Rxe6 { [%clk 0:02:51] } 45... Bxf2+ { [%clk 0:04:23] }
46. Kg2 { [%clk 0:02:47] } 46... Bd4 { [%clk 0:04:03] } 47. Rxe5
{ [%clk 0:02:41] } 47... Rf2+ { [%clk 0:04:01] } 48. Qxf2 { [%clk 0:02:39] }
48... Bxf2 { [%clk 0:04:00] } 49. Kxf2 { [%clk 0:02:38] } 49... c3
{ [%clk 0:04:00] } 50. Rxh5+ { [%clk 0:02:36] } 50... Kg7 { [%clk 0:03:57] }
51. bxc3 { [%clk 0:02:34] } 51... Rxc3 { [%clk 0:03:54] } 52. Bb2
{ [%clk 0:02:32] } 52... Kg6 { [%clk 0:03:51] } 53. Bxc3 { [%clk 0:02:29] }
53... Kxh5 { [%clk 0:03:48] } 54. Bxa5 { [%clk 0:02:27] } 1-0"
Rated Rapid game,https://lichess.org/LZyB9Ak5,2024.08.01,-,ngrden,Seed20,0-1,2024.08.01,08:45:19,1610,1611,,,B20,Sicilian Defense: Bowdler Attack,600+0,Normal,"1. e4 { [%clk 0:10:00] } 1... c5 { [%clk 0:10:00] } 2. Bc4 { [%clk 0:09:58] }
2... Nc6 { [%clk 0:09:57] } 3. Qf3 { [%clk 0:09:50] } 3... e6
{ [%clk 0:09:47] } 4. c3 { [%clk 0:09:42] } 4... Ne5 { [%clk 0:09:46] } 5. Qe2
{ [%clk 0:09:39] } 5... Nxc4 { [%clk 0:09:44] } 6. Qxc4 { [%clk 0:09:36] } 6...
d5 { [%clk 0:09:44] } 7. exd5 { [%clk 0:09:34] } 7... exd5 { [%clk 0:09:44] }
8. Qa4+ { [%clk 0:09:26] } 8... Bd7 { [%clk 0:09:42] } 9. Qc2
{ [%clk 0:09:22] } 9... Nf6 { [%clk 0:09:40] } 10. h3 { [%clk 0:09:17] } 10...
g6 { [%clk 0:09:37] } 11. Ne2 { [%clk 0:09:00] } 11... Bf5 { [%clk 0:09:36] }
12. Qd1 { [%clk 0:08:52] } 12... Bg7 { [%clk 0:09:13] } 13. d4
{ [%clk 0:08:40] } 13... cxd4 { [%clk 0:09:11] } 14. Qxd4 { [%clk 0:08:37] }
14... O-O { [%clk 0:09:08] } 15. Be3 { [%clk 0:08:27] } 15... Ne4
{ [%clk 0:08:38] } 16. Qb4 { [%clk 0:08:04] } 16... Qd7 { [%clk 0:08:10] } 17.
O-O { [%clk 0:07:56] } 17... a5 { [%clk 0:08:09] } 18. Qc5 { [%clk 0:07:29] }
18... Nxc5 { [%clk 0:08:07] } 19. Bxc5 { [%clk 0:07:25] } 19... Rfc8
{ [%clk 0:08:01] } 20. Bd4 { [%clk 0:07:21] } 20... Re8 { [%clk 0:07:42] } 21.
Ng3 { [%clk 0:07:12] } 21... Bxd4 { [%clk 0:07:35] } 22. cxd4
{ [%clk 0:07:09] } 22... Bxh3 { [%clk 0:07:22] } 23. gxh3 { [%clk 0:07:06] }
23... Qxh3 { [%clk 0:07:22] } 24. Nc3 { [%clk 0:07:03] } 24... Rad8
{ [%clk 0:07:19] } 25. Nb5 { [%clk 0:06:48] } 25... Qg4 { [%clk 0:07:13] } 26.
Rad1 { [%clk 0:06:36] } 26... h5 { [%clk 0:07:10] } 27. Rfe1 { [%clk 0:06:31] }
27... h4 { [%clk 0:07:07] } 28. Rxe8+ { [%clk 0:06:27] } 28... Rxe8
{ [%clk 0:07:06] } 29. Nd6 { [%clk 0:06:22] } 29... Re6 { [%clk 0:06:59] } 30.
Nxb7 { [%clk 0:06:06] } 30... hxg3 { [%clk 0:06:54] } 31. Rc1
{ [%clk 0:05:56] } 31... gxf2+ { [%clk 0:06:49] } 32. Kxf2 { [%clk 0:05:47] }
32... Re2+ { [%clk 0:06:48] } 33. Kf1 { [%clk 0:05:44] } 33... Qf3+
{ [%clk 0:06:47] } 34. Kg1 { [%clk 0:05:39] } 34... Rg2+ { [%clk 0:06:47] } 35.
Kh1 { [%clk 0:05:36] } 35... Qh3# { [%clk 0:06:47] } 0-1"
Rated Rapid game,https://lichess.org/vdqeZs59,2024.08.01,-,Albigal,debojitsinha1,0-1,2024.08.01,08:45:19,1961,1962,,,A40,Queen's Pawn Game,600+0,Time forfeit,"1. d4 { [%clk 0:10:00] } 1... a6 { [%clk 0:10:00] } 2. Nc3 { [%clk 0:09:59] }
2... b6 { [%clk 0:09:59] } 3. e4 { [%clk 0:09:53] } 3... c6 { [%clk 0:09:57] }
4. Bf4 { [%clk 0:09:44] } 4... d6 { [%clk 0:09:56] } 5. Bd3 { [%clk 0:09:41] }
5... e6 { [%clk 0:09:55] } 6. Nf3 { [%clk 0:09:31] } 6... Bb7
{ [%clk 0:09:53] } 7. Qd2 { [%clk 0:09:20] } 7... Be7 { [%clk 0:09:51] } 8. O-O
{ [%clk 0:09:15] } 8... Nd7 { [%clk 0:09:48] } 9. Bg5 { [%clk 0:09:11] } 9...
Ngf6 { [%clk 0:09:42] } 10. e5 { [%clk 0:09:08] } 10... dxe5 { [%clk 0:09:40] }
11. dxe5 { [%clk 0:08:57] } 11... Nd5 { [%clk 0:09:38] } 12. Bxe7
{ [%clk 0:08:47] } 12... Qxe7 { [%clk 0:09:36] } 13. Ne4 { [%clk 0:08:42] }
13... O-O { [%clk 0:09:29] } 14. Neg5 { [%clk 0:08:14] } 14... f5
{ [%clk 0:09:21] } 15. c4 { [%clk 0:07:56] } 15... Nc7 { [%clk 0:09:09] } 16.
Bc2 { [%clk 0:07:32] } 16... c5 { [%clk 0:09:07] } 17. Rad1 { [%clk 0:07:25] }
17... Bxf3 { [%clk 0:09:01] } 18. Nxf3 { [%clk 0:07:17] } 18... Rad8
{ [%clk 0:08:57] } 19. Qd6 { [%clk 0:07:06] } 19... Qxd6 { [%clk 0:08:48] } 20.
Rxd6 { [%clk 0:07:03] } 20... Rf7 { [%clk 0:08:13] } 21. Rfd1
{ [%clk 0:06:57] } 21... h6 { [%clk 0:08:00] } 22. Ba4 { [%clk 0:06:50] } 22...
b5 { [%clk 0:07:45] } 23. cxb5 { [%clk 0:06:46] } 23... axb5 { [%clk 0:07:24] }
24. Bc2 { [%clk 0:06:29] } 24... Kf8 { [%clk 0:07:13] } 0-1"
Rated Rapid game,https://lichess.org/0a3BrO3H,2024.08.01,-,TyrinAlexey,funtik31d,1/2-1/2,2024.08.01,08:45:19,1483,1463,,,C00,French Defense,600+0,Normal,"1. e4 { [%clk 0:10:00] } 1... e6 { [%clk 0:10:00] } 2. Bc4 { [%clk 0:09:57] }
2... d5 { [%clk 0:09:58] } 3. exd5 { [%clk 0:09:56] } 3... exd5
{ [%clk 0:09:56] } 4. Qe2+ { [%clk 0:09:47] } 4... Be7 { [%clk 0:09:54] } 5.
Bd3 { [%clk 0:09:37] } 5... Nf6 { [%clk 0:09:50] } 6. f3 { [%clk 0:09:30] }
6... O-O { [%clk 0:09:44] } 7. Nc3 { [%clk 0:09:22] } 7... Re8
{ [%clk 0:09:41] } 8. Kd1 { [%clk 0:09:01] } 8... c5 { [%clk 0:09:31] } 9. Qf2
{ [%clk 0:08:39] } 9... Qb6 { [%clk 0:09:09] } 10. Nge2 { [%clk 0:08:33] }
10... c4 { [%clk 0:09:03] } 11. Qxb6 { [%clk 0:08:17] } 11... axb6
{ [%clk 0:09:01] } 12. Bxh7+ { [%clk 0:08:05] } 12... Nxh7 { [%clk 0:08:58] }
13. Nf4 { [%clk 0:08:01] } 13... Nf6 { [%clk 0:08:39] } 14. Nfxd5
{ [%clk 0:07:59] } 14... b5 { [%clk 0:08:27] } 15. Re1 { [%clk 0:07:45] } 15...
Nc6 { [%clk 0:08:15] } 16. Nc7 { [%clk 0:07:41] } 16... Bf5 { [%clk 0:08:00] }
17. Nxa8 { [%clk 0:07:25] } 17... Rxa8 { [%clk 0:07:57] } 18. Nxb5
{ [%clk 0:07:23] } 18... Nd5 { [%clk 0:07:47] } 19. Nc3 { [%clk 0:07:09] }
19... Ncb4 { [%clk 0:07:40] } 20. Nxd5 { [%clk 0:06:35] } 20... Nxd5
{ [%clk 0:07:38] } 21. Re5 { [%clk 0:06:28] } 21... Bh4 { [%clk 0:07:05] } 22.
d4 { [%clk 0:06:21] } 22... Bxc2+ { [%clk 0:06:48] } 23. Kxc2
{ [%clk 0:06:19] } 23... Nb4+ { [%clk 0:06:46] } 24. Kc3 { [%clk 0:06:13] }
24... Nc6 { [%clk 0:06:45] } 25. Rc5 { [%clk 0:05:55] } 25... Bf6
{ [%clk 0:06:23] } 26. Kxc4 { [%clk 0:05:52] } 26... Bxd4 { [%clk 0:06:19] }
27. b3 { [%clk 0:05:37] } 27... Bxa1 { [%clk 0:06:14] } 28. Bf4
{ [%clk 0:05:33] } 28... Rxa2 { [%clk 0:06:04] } 29. Rb5 { [%clk 0:05:29] }
29... Rc2+ { [%clk 0:05:22] } 30. Kd5 { [%clk 0:05:27] } 30... Rd2+
{ [%clk 0:05:03] } 31. Ke4 { [%clk 0:05:24] } 31... Rd4+ { [%clk 0:04:57] } 32.
Kf5 { [%clk 0:05:22] } 32... g6+ { [%clk 0:04:43] } 33. Kg5 { [%clk 0:05:01] }
33... Rd7 { [%clk 0:04:13] } 34. Kg4 { [%clk 0:04:41] } 34... Nd4
{ [%clk 0:04:05] } 35. Rb6 { [%clk 0:04:27] } 35... Re7 { [%clk 0:03:40] } 36.
Bg5 { [%clk 0:04:12] } 36... Rc7 { [%clk 0:03:28] } 37. Bf6 { [%clk 0:03:59] }
37... Rc6 { [%clk 0:02:50] } 38. Bxd4 { [%clk 0:03:54] } 38... Bxd4
{ [%clk 0:02:48] } 39. Rxb7 { [%clk 0:03:53] } 39... Rc3 { [%clk 0:02:43] } 40.
b4 { [%clk 0:03:50] } 40... Rc4 { [%clk 0:02:36] } 41. b5 { [%clk 0:03:48] }
41... Be5+ { [%clk 0:02:32] } 42. Kh3 { [%clk 0:03:41] } 42... Rb4
{ [%clk 0:02:27] } 43. g4 { [%clk 0:03:29] } 43... Kf8 { [%clk 0:02:23] } 44.
Kg2 { [%clk 0:03:26] } 44... Ke8 { [%clk 0:02:21] } 45. Kf2 { [%clk 0:03:18] }
45... Bxh2 { [%clk 0:02:19] } 46. Ke2 { [%clk 0:03:11] } 46... Kd8
{ [%clk 0:02:16] } 47. Rxf7 { [%clk 0:03:06] } 47... Rxb5 { [%clk 0:02:12] }
48. Rg7 { [%clk 0:03:06] } 48... Rb6 { [%clk 0:02:09] } 49. Rg8+
{ [%clk 0:03:04] } 49... Ke7 { [%clk 0:02:07] } 50. Rh8 { [%clk 0:03:03] }
50... Bf4 { [%clk 0:02:03] } 51. Rh7+ { [%clk 0:03:01] } 51... Kf6
{ [%clk 0:02:01] } 52. Rd7 { [%clk 0:02:57] } 52... g5 { [%clk 0:01:58] } 53.
Rd8 { [%clk 0:02:40] } 53... Ke5 { [%clk 0:01:54] } 54. Rh8 { [%clk 0:02:37] }
54... Kd4 { [%clk 0:01:52] } 55. Rd8+ { [%clk 0:02:36] } 55... Kc3
{ [%clk 0:01:50] } 56. Rd3+ { [%clk 0:02:34] } 56... Kc2 { [%clk 0:01:47] } 57.
Rd1 { [%clk 0:02:29] } 57... Rb2 { [%clk 0:01:43] } 58. Rd7 { [%clk 0:02:25] }
58... Kc1+ { [%clk 0:01:38] } 59. Kf1 { [%clk 0:02:23] } 59... Rb1
{ [%clk 0:01:30] } 60. Ke2 { [%clk 0:02:16] } 60... Rb2+ { [%clk 0:01:27] } 61.
Kf1 { [%clk 0:02:15] } 61... Rb3 { [%clk 0:01:25] } 62. Ke2 { [%clk 0:02:13] }
62... Re3+ { [%clk 0:01:23] } 63. Kf2 { [%clk 0:02:09] } 63... Kc2
{ [%clk 0:01:15] } 64. Rd4 { [%clk 0:02:01] } 64... Kc3 { [%clk 0:01:09] } 65.
Re4 { [%clk 0:01:55] } 65... Rd3 { [%clk 0:00:54] } 66. Ra4 { [%clk 0:01:53] }
66... Kd2 { [%clk 0:00:50] } 67. Ra2+ { [%clk 0:01:51] } 67... Kc3
{ [%clk 0:00:46] } 68. Ra3+ { [%clk 0:01:49] } 68... Kd4 { [%clk 0:00:45] } 69.
Rxd3+ { [%clk 0:01:48] } 69... Kxd3 { [%clk 0:00:44] } 70. Kg2
{ [%clk 0:01:46] } 70... Ke3 { [%clk 0:00:42] } 71. Kh3 { [%clk 0:01:45] }
71... Kxf3 { [%clk 0:00:41] } 1/2-1/2"
Rated Rapid game,https://lichess.org/KAkfzcTa,2024.08.01,-,nicusorflorinel01,Marauvilhoso,1-0,2024.08.01,08:45:16,1794,1792,,,A00,Hungarian Opening,600+0,Normal,"1. g3 { [%clk 0:10:00] } 1... d5 { [%clk 0:10:00] } 2. Bg2 { [%clk 0:09:59] }
2... e5 { [%clk 0:09:58] } 3. d3 { [%clk 0:09:57] } 3... Be6 { [%clk 0:09:55] }
4. f4 { [%clk 0:09:55] } 4... e4 { [%clk 0:09:51] } 5. dxe4 { [%clk 0:09:53] }
5... c6 { [%clk 0:09:36] } 6. exd5 { [%clk 0:09:48] } 6... cxd5
{ [%clk 0:09:15] } 7. Nf3 { [%clk 0:09:44] } 7... Bc5 { [%clk 0:09:08] } 8. e3
{ [%clk 0:09:36] } 8... Nf6 { [%clk 0:09:00] } 9. O-O { [%clk 0:09:33] } 9...
h5 { [%clk 0:08:58] } 10. c3 { [%clk 0:09:24] } 10... Bg4 { [%clk 0:08:54] }
11. Qa4+ { [%clk 0:09:10] } 11... Nc6 { [%clk 0:08:51] } 12. Ne5
{ [%clk 0:09:05] } 12... Qb6 { [%clk 0:08:39] } 13. Nxg4 { [%clk 0:08:57] }
13... hxg4 { [%clk 0:08:37] } 14. Re1 { [%clk 0:08:35] } 14... O-O-O
{ [%clk 0:08:20] } 15. b4 { [%clk 0:08:32] } 15... Bd6 { [%clk 0:08:10] } 16.
Qc2 { [%clk 0:08:18] } 16... Qc7 { [%clk 0:07:53] } 17. a3 { [%clk 0:07:43] }
17... d4 { [%clk 0:07:50] } 18. exd4 { [%clk 0:07:28] } 18... Nxd4
{ [%clk 0:07:47] } 19. Qf2 { [%clk 0:06:40] } 19... Nf3+ { [%clk 0:07:11] } 20.
Bxf3 { [%clk 0:06:34] } 20... gxf3 { [%clk 0:07:11] } 21. Qxf3
{ [%clk 0:06:28] } 21... Rde8 { [%clk 0:06:23] } 22. Bd2 { [%clk 0:06:03] }
22... Qc4 { [%clk 0:04:42] } 23. Be3 { [%clk 0:05:43] } 23... Qe6
{ [%clk 0:04:03] } 24. Nd2 { [%clk 0:05:30] } 24... Rh3 { [%clk 0:03:56] } 25.
Bxa7 { [%clk 0:05:10] } 25... Reh8 { [%clk 0:03:52] } 26. Rxe6
{ [%clk 0:04:59] } 26... Rxh2 { [%clk 0:03:50] } 1-0"
Rated Rapid game,https://lichess.org/R1Lk8Nqw,2024.08.01,-,chesss101,mahmoud2022,1-0,2024.08.01,08:45:16,1155,1205,,,A05,Zukertort Opening: Lemberger Gambit,600+0,Normal,"1. e4 { [%clk 0:10:00] } 1... Nf6 { [%clk 0:10:00] } 2. Nf3 { [%clk 0:09:58] }
2... Nxe4 { [%clk 0:09:58] } 3. Nc3 { [%clk 0:09:50] } 3... d5
{ [%clk 0:09:54] } 4. h3 { [%clk 0:09:46] } 4... c6 { [%clk 0:09:52] } 5. b3
{ [%clk 0:08:10] } 5... Qb6 { [%clk 0:09:44] } 6. Qe2 { [%clk 0:08:06] } 6...
e6 { [%clk 0:09:29] } 7. Nxe4 { [%clk 0:08:01] } 7... dxe4 { [%clk 0:09:27] }
8. Bb2 { [%clk 0:07:59] } 8... Qc5 { [%clk 0:09:15] } 9. O-O-O
{ [%clk 0:07:55] } 9... b6 { [%clk 0:09:06] } 10. Ne5 { [%clk 0:07:53] } 10...
Ba6 { [%clk 0:09:01] } 11. Qxe4 { [%clk 0:07:51] } 11... f6 { [%clk 0:08:50] }
12. Bxa6 { [%clk 0:07:43] } 12... Nxa6 { [%clk 0:08:48] } 13. Nxc6
{ [%clk 0:07:38] } 13... Nb4 { [%clk 0:08:39] } 14. Qxe6+ { [%clk 0:07:32] }
14... Be7 { [%clk 0:08:37] } 15. Nxb4 { [%clk 0:07:21] } 15... Qxb4
{ [%clk 0:08:22] } 16. Qc6+ { [%clk 0:07:19] } 16... Kf7 { [%clk 0:08:15] } 17.
Qd5+ { [%clk 0:07:14] } 17... Kg6 { [%clk 0:08:11] } 18. g4 { [%clk 0:07:03] }
18... Rhd8 { [%clk 0:08:04] } 19. Qf5+ { [%clk 0:07:01] } 19... Kf7
{ [%clk 0:08:01] } 20. Qh5+ { [%clk 0:06:59] } 20... g6 { [%clk 0:08:00] } 21.
Qxh7+ { [%clk 0:06:57] } 21... Ke6 { [%clk 0:07:57] } 22. Rde1+
{ [%clk 0:06:55] } 22... Kd6 { [%clk 0:07:50] } 23. Qxe7+ { [%clk 0:06:52] }
23... Kc6 { [%clk 0:07:47] } 24. Qxb4 { [%clk 0:06:51] } 24... Re8
{ [%clk 0:07:34] } 25. Qc4+ { [%clk 0:06:36] } 25... Kb7 { [%clk 0:07:32] } 26.
Qd5+ { [%clk 0:06:26] } 26... Ka6 { [%clk 0:07:30] } 27. Qc4+
{ [%clk 0:06:22] } 27... Kb7 { [%clk 0:07:26] } 28. Kb1 { [%clk 0:06:08] }
28... f5 { [%clk 0:07:24] } 29. gxf5 { [%clk 0:06:05] } 29... gxf5
{ [%clk 0:07:22] } 30. Qd5+ { [%clk 0:06:02] } 30... Ka6 { [%clk 0:07:20] } 31.
Qc6 { [%clk 0:05:54] } 31... f4 { [%clk 0:06:59] } 32. Rxe8 { [%clk 0:05:51] }
32... Rxe8 { [%clk 0:06:50] } 33. Qxe8 { [%clk 0:05:49] } 33... f3
{ [%clk 0:06:48] } 34. Qc8+ { [%clk 0:05:43] } 34... Ka5 { [%clk 0:06:47] } 35.
Bc3+ { [%clk 0:05:41] } 35... Kb5 { [%clk 0:06:45] } 36. a4# { [%clk 0:05:37] }
1-0"
Rated Rapid game,https://lichess.org/UDbzTuy9,2024.08.01,-,wolfg,serisfa,0-1,2024.08.01,08:45:14,1164,1120,,,B01,Scandinavian Defense: Mieses-Kotroc Variation,600+0,Normal,"1. e4 { [%clk 0:10:00] } 1... d5 { [%clk 0:10:00] } 2. exd5 { [%clk 0:09:46] }
2... Qxd5 { [%clk 0:09:57] } 3. c4 { [%clk 0:09:45] } 3... Qc5
{ [%clk 0:09:48] } 4. Nf3 { [%clk 0:09:44] } 4... Bg4 { [%clk 0:09:46] } 5. h3
{ [%clk 0:09:42] } 5... Bxf3 { [%clk 0:09:44] } 6. Qxf3 { [%clk 0:09:41] } 6...
Nc6 { [%clk 0:09:39] } 7. d3 { [%clk 0:09:37] } 7... O-O-O { [%clk 0:09:29] }
8. Qxf7 { [%clk 0:09:19] } 8... Nh6 { [%clk 0:09:21] } 9. Qf3
{ [%clk 0:09:16] } 9... Qb4+ { [%clk 0:09:17] } 10. Nc3 { [%clk 0:09:12] }
10... Nd4 { [%clk 0:09:12] } 11. Qd1 { [%clk 0:09:05] } 11... Nhf5
{ [%clk 0:09:02] } 12. g4 { [%clk 0:08:58] } 12... Nd6 { [%clk 0:08:34] } 13.
a3 { [%clk 0:08:51] } 13... Qb6 { [%clk 0:08:29] } 14. b4 { [%clk 0:08:48] }
14... e5 { [%clk 0:08:21] } 15. c5 { [%clk 0:08:43] } 15... Qc6
{ [%clk 0:08:19] } 16. cxd6 { [%clk 0:08:41] } 16... Qxc3+ { [%clk 0:08:09] }
17. Bd2 { [%clk 0:08:36] } 17... Nc2+ { [%clk 0:08:05] } 18. Ke2
{ [%clk 0:08:25] } 18... Nd4+ { [%clk 0:08:01] } 19. Ke3 { [%clk 0:08:06] }
19... Qc6 { [%clk 0:07:54] } 20. f4 { [%clk 0:07:46] } 20... Rxd6
{ [%clk 0:07:47] } 21. fxe5 { [%clk 0:07:40] } 21... Re6 { [%clk 0:07:45] } 22.
Rh2 { [%clk 0:07:24] } 22... Rxe5+ { [%clk 0:07:41] } 23. Kxd4
{ [%clk 0:07:23] } 23... Qd5+ { [%clk 0:07:39] } 24. Kc3 { [%clk 0:07:20] }
24... Bxb4+ { [%clk 0:07:27] } 25. axb4 { [%clk 0:07:17] } 25... Rd8
{ [%clk 0:07:24] } 26. Ra5 { [%clk 0:07:08] } 26... Qd4+ { [%clk 0:07:22] } 27.
Kb3 { [%clk 0:07:02] } 27... Rxa5 { [%clk 0:07:12] } 28. bxa5
{ [%clk 0:06:58] } 28... Qd5+ { [%clk 0:07:09] } 29. Kb2 { [%clk 0:06:52] }
29... Qb5+ { [%clk 0:07:06] } 30. Qb3 { [%clk 0:06:49] } 30... Qe5+
{ [%clk 0:06:55] } 31. Qc3 { [%clk 0:06:41] } 31... Qxh2 { [%clk 0:06:53] } 32.
Qxg7 { [%clk 0:06:16] } 32... Qf2 { [%clk 0:06:42] } 33. Kc3 { [%clk 0:05:50] }
33... Qxf1 { [%clk 0:06:39] } 34. Bg5 { [%clk 0:05:49] } 34... Qxd3+
{ [%clk 0:06:35] } 35. Kb4 { [%clk 0:05:46] } 35... Rd4+ { [%clk 0:06:30] } 36.
Kc5 { [%clk 0:05:44] } 36... Qc4# { [%clk 0:06:25] } 0-1"
Rated Rapid game,https://lichess.org/kUeGcJFI,2024.08.01,-,vinko912,OLEG10540,1-0,2024.08.01,08:45:14,1574,1511,,,C02,"French Defense: Advance Variation, Nimzowitsch System",600+0,Normal,"1. e4 { [%clk 0:10:00] } 1... e6 { [%clk 0:10:00] } 2. Nf3 { [%clk 0:09:58] }
2... d5 { [%clk 0:09:59] } 3. e5 { [%clk 0:09:57] } 3... c5 { [%clk 0:09:57] }
4. d4 { [%clk 0:09:55] } 4... Nc6 { [%clk 0:09:56] } 5. Bb5 { [%clk 0:09:53] }
5... Ne7 { [%clk 0:09:54] } 6. O-O { [%clk 0:09:49] } 6... Nf5
{ [%clk 0:09:52] } 7. Bxc6+ { [%clk 0:09:45] } 7... bxc6 { [%clk 0:09:50] } 8.
Bg5 { [%clk 0:09:36] } 8... Qb6 { [%clk 0:09:48] } 9. c3 { [%clk 0:09:23] }
9... Qxb2 { [%clk 0:09:44] } 10. Nbd2 { [%clk 0:09:18] } 10... Qxc3
{ [%clk 0:09:42] } 11. Rc1 { [%clk 0:09:15] } 11... Qb4 { [%clk 0:09:29] } 12.
Rb1 { [%clk 0:09:11] } 12... Qa5 { [%clk 0:09:21] } 13. Nb3 { [%clk 0:09:00] }
13... Qa3 { [%clk 0:09:10] } 14. Qc2 { [%clk 0:08:45] } 14... Bd7
{ [%clk 0:08:59] } 15. Nxc5 { [%clk 0:08:42] } 15... Bxc5 { [%clk 0:08:44] }
16. dxc5 { [%clk 0:08:36] } 16... O-O { [%clk 0:08:41] } 17. Rb3
{ [%clk 0:08:33] } 17... Qa6 { [%clk 0:08:28] } 18. Be7 { [%clk 0:08:26] }
18... Rfb8 { [%clk 0:08:22] } 19. Rfb1 { [%clk 0:08:13] } 19... Rxb3
{ [%clk 0:08:19] } 20. Rxb3 { [%clk 0:08:10] } 20... Nxe7 { [%clk 0:08:16] }
21. Qb2 { [%clk 0:07:58] } 21... Qc8 { [%clk 0:07:56] } 22. a4
{ [%clk 0:07:51] } 22... a5 { [%clk 0:07:53] } 23. Rb7 { [%clk 0:07:45] } 23...
h6 { [%clk 0:07:31] } 24. h3 { [%clk 0:07:42] } 24... Qd8 { [%clk 0:07:20] }
25. Kh2 { [%clk 0:07:32] } 25... Bc8 { [%clk 0:07:15] } 26. Rb6
{ [%clk 0:07:25] } 26... Ba6 { [%clk 0:07:04] } 27. Nd4 { [%clk 0:07:20] }
27... Nc8 { [%clk 0:07:02] } 28. Rxc6 { [%clk 0:07:17] } 28... Bc4
{ [%clk 0:06:45] } 29. Qb7 { [%clk 0:07:00] } 29... Ne7 { [%clk 0:06:13] } 30.
Rc7 { [%clk 0:06:53] } 30... Ba6 { [%clk 0:06:04] } 31. Qb6 { [%clk 0:06:41] }
31... Rb8 { [%clk 0:05:41] } 32. Nc6 { [%clk 0:06:25] } 32... Rxb6
{ [%clk 0:05:31] } 33. Nxd8 { [%clk 0:06:22] } 33... Ng6 { [%clk 0:05:25] } 34.
cxb6 { [%clk 0:06:20] } 34... Nxe5 { [%clk 0:05:22] } 1-0"
Rated Rapid game,https://lichess.org/YSYbJHfw,2024.08.01,-,ahooddxb,Anolyia,1-0,2024.08.01,08:45:14,1884,1947,,,C45,Scotch Game: Classical Variation,600+0,Normal,"1. e4 { [%clk 0:10:00] } 1... e5 { [%clk 0:10:00] } 2. Nf3 { [%clk 0:09:57] }
2... Nc6 { [%clk 0:10:00] } 3. d4 { [%clk 0:09:53] } 3... exd4
{ [%clk 0:10:00] } 4. Nxd4 { [%clk 0:09:52] } 4... Bc5 { [%clk 0:09:58] } 5. c3
{ [%clk 0:09:51] } 5... Qf6 { [%clk 0:09:55] } 6. Be3 { [%clk 0:09:27] } 6...
Nge7 { [%clk 0:09:51] } 7. Bc4 { [%clk 0:09:21] } 7... Ne5 { [%clk 0:09:48] }
8. Bb3 { [%clk 0:09:15] } 8... d6 { [%clk 0:09:37] } 9. h3 { [%clk 0:09:10] }
9... O-O { [%clk 0:09:34] } 10. O-O { [%clk 0:09:08] } 10... Qg6
{ [%clk 0:09:20] } 11. Kh2 { [%clk 0:09:04] } 11... Qxe4 { [%clk 0:09:17] } 12.
Nd2 { [%clk 0:08:55] } 12... Qh4 { [%clk 0:08:49] } 13. N2f3 { [%clk 0:08:24] }
13... Nxf3+ { [%clk 0:08:39] } 14. Nxf3 { [%clk 0:08:21] } 14... Qh5
{ [%clk 0:08:26] } 15. Bg5 { [%clk 0:07:58] } 15... Nf5 { [%clk 0:08:04] } 16.
g4 { [%clk 0:07:35] } 16... Qg6 { [%clk 0:07:45] } 17. gxf5 { [%clk 0:07:25] }
17... Bxf5 { [%clk 0:07:45] } 18. Bf4 { [%clk 0:06:57] } 18... Qh5
{ [%clk 0:07:35] } 19. Ng5 { [%clk 0:06:33] } 19... h6 { [%clk 0:07:29] } 20.
Qxh5 { [%clk 0:06:30] } 1-0"
Rated Rapid game,https://lichess.org/brDZHyUq,2024.08.01,-,bhaskarsrao,Kiyopun1,1-0,2024.08.01,08:45:14,1629,1616,,,B21,Sicilian Defense: McDonnell Attack,600+0,Time forfeit,"1. e4 { [%clk 0:10:00] } 1... c5 { [%clk 0:10:00] } 2. f4 { [%clk 0:09:58] }
2... Nc6 { [%clk 0:09:58] } 3. Nf3 { [%clk 0:09:33] } 3... d6
{ [%clk 0:09:57] } 4. Bc4 { [%clk 0:09:31] } 4... Bg4 { [%clk 0:09:54] } 5. c3
{ [%clk 0:09:27] } 5... Nf6 { [%clk 0:09:51] } 6. e5 { [%clk 0:09:24] } 6...
dxe5 { [%clk 0:09:47] } 7. fxe5 { [%clk 0:09:22] } 7... Nxe5 { [%clk 0:09:44] }
8. O-O { [%clk 0:09:21] } 8... Nxf3+ { [%clk 0:09:39] } 9. gxf3
{ [%clk 0:09:18] } 9... Bd7 { [%clk 0:09:28] } 10. d4 { [%clk 0:09:12] } 10...
cxd4 { [%clk 0:09:26] } 11. Qxd4 { [%clk 0:09:11] } 11... Bc6
{ [%clk 0:09:21] } 12. Qf4 { [%clk 0:09:03] } 12... g6 { [%clk 0:09:13] } 13.
b4 { [%clk 0:08:14] } 13... Bg7 { [%clk 0:08:59] } 14. a4 { [%clk 0:07:55] }
14... O-O { [%clk 0:08:51] } 15. Ra2 { [%clk 0:07:53] } 15... Nd5
{ [%clk 0:08:41] } 16. Bxd5 { [%clk 0:07:47] } 16... Qxd5 { [%clk 0:08:41] }
17. Rd2 { [%clk 0:07:41] } 17... Qb3 { [%clk 0:08:22] } 18. Rb2
{ [%clk 0:07:28] } 18... Qxa4 { [%clk 0:08:06] } 19. Be3 { [%clk 0:07:10] }
19... a5 { [%clk 0:07:51] } 20. Bc5 { [%clk 0:06:35] } 20... Rfe8
{ [%clk 0:06:53] } 21. bxa5 { [%clk 0:05:36] } 21... Qxa5 { [%clk 0:06:49] }
22. Bb4 { [%clk 0:05:35] } 22... Qa1 { [%clk 0:06:28] } 23. Re2
{ [%clk 0:05:18] } 23... e6 { [%clk 0:06:12] } 24. Nd2 { [%clk 0:04:43] } 24...
Qa7+ { [%clk 0:05:55] } 25. Kg2 { [%clk 0:04:38] } 25... Bf8 { [%clk 0:05:20] }
26. Rb1 { [%clk 0:03:59] } 1-0"
Rated Rapid game,https://lichess.org/7JC3G2ir,2024.08.01,-,RaySuperSonic_X_1234,ReFreeze,1-0,2024.08.01,08:45:14,942,902,,,B00,Nimzowitsch Defense: Declined Variation,600+0,Normal,"1. e4 { [%clk 0:10:00] } 1... Nc6 { [%clk 0:10:00] } 2. Nf3 { [%clk 0:10:00] }
2... d5 { [%clk 0:09:59] } 3. exd5 { [%clk 0:09:58] } 3... Qxd5
{ [%clk 0:09:41] } 4. Nc3 { [%clk 0:09:58] } 4... Qe6+ { [%clk 0:09:30] } 5.
Be2 { [%clk 0:09:49] } 5... Nf6 { [%clk 0:09:22] } 6. O-O { [%clk 0:09:46] }
6... Ne5 { [%clk 0:09:13] } 7. Nxe5 { [%clk 0:09:37] } 7... Qxe5
{ [%clk 0:09:07] } 8. Bb5+ { [%clk 0:09:29] } 8... Bd7 { [%clk 0:09:00] } 9.
Bxd7+ { [%clk 0:09:24] } 9... Kxd7 { [%clk 0:08:58] } 10. Re1
{ [%clk 0:09:14] } 10... Qd6 { [%clk 0:08:48] } 11. Ne4 { [%clk 0:08:59] }
11... Nxe4 { [%clk 0:08:41] } 12. Rxe4 { [%clk 0:08:59] } 12... e5
{ [%clk 0:08:31] } 13. Qg4+ { [%clk 0:08:55] } 13... f5 { [%clk 0:08:13] } 14.
Qxf5+ { [%clk 0:08:50] } 14... Qe6 { [%clk 0:08:08] } 15. Qxe6+
{ [%clk 0:08:44] } 15... Kxe6 { [%clk 0:08:06] } 16. d3 { [%clk 0:08:39] }
16... Bc5 { [%clk 0:07:54] } 17. Bf4 { [%clk 0:08:21] } 17... Bd4
{ [%clk 0:07:45] } 18. Be3 { [%clk 0:08:10] } 18... Rhf8 { [%clk 0:07:37] } 19.
Bxd4 { [%clk 0:07:59] } 19... Rac8 { [%clk 0:07:19] } 20. Rxe5+
{ [%clk 0:07:52] } 20... Kd7 { [%clk 0:07:09] } 21. Bxa7 { [%clk 0:07:47] }
21... Rce8 { [%clk 0:07:01] } 22. Rxe8 { [%clk 0:07:38] } 22... Rxe8
{ [%clk 0:07:00] } 23. Bd4 { [%clk 0:07:23] } 23... Re2 { [%clk 0:06:55] } 24.
c4 { [%clk 0:07:10] } 24... g6 { [%clk 0:06:49] } 25. b4 { [%clk 0:06:31] }
25... Rd2 { [%clk 0:06:47] } 26. c5 { [%clk 0:06:06] } 26... Rxd3
{ [%clk 0:06:04] } 27. Be3 { [%clk 0:05:48] } 27... b6 { [%clk 0:05:56] } 28.
cxb6 { [%clk 0:05:47] } 28... cxb6 { [%clk 0:05:55] } 29. Bxb6
{ [%clk 0:05:44] } 29... h5 { [%clk 0:05:54] } 30. a4 { [%clk 0:05:39] } 30...
Kc6 { [%clk 0:05:46] } 31. Bc5 { [%clk 0:05:31] } 31... g5 { [%clk 0:05:38] }
32. a5 { [%clk 0:05:29] } 32... g4 { [%clk 0:05:31] } 33. a6 { [%clk 0:05:27] }
33... Kb5 { [%clk 0:05:26] } 34. a7 { [%clk 0:05:25] } 1-0"
Rated Rapid game,https://lichess.org/RuAL1MeG,2024.08.01,-,ev_dm,zituman4ikz,0-1,2024.08.01,08:45:14,1209,1336,,,D00,Queen's Pawn Game,600+0,Normal,"1. d4 { [%eval 0.16] [%clk 0:10:00] } 1... d5 { [%eval 0.23] [%clk 0:10:00] }
2. e3 { [%eval 0.03] [%clk 0:09:59] } 2... Nf6 { [%eval 0.1] [%clk 0:09:55] }
3. c3 { [%eval -0.05] [%clk 0:09:57] } 3... Bf5
{ [%eval -0.13] [%clk 0:09:40] } 4. Nd2 { [%eval -0.21] [%clk 0:09:56] } 4...
e6 { [%eval -0.19] [%clk 0:09:33] } 5. c4 { [%eval -0.2] [%clk 0:09:54] } 5...
c6 { [%eval -0.33] [%clk 0:09:26] } 6. Be2 { [%eval -0.32] [%clk 0:09:49] }
6... Bd6 { [%eval -0.28] [%clk 0:09:22] } 7. c5
{ [%eval -0.51] [%clk 0:09:34] } 7... Bc7 { [%eval -0.55] [%clk 0:09:20] } 8.
Ngf3 { [%eval -0.54] [%clk 0:09:31] } 8... Nbd7
{ [%eval -0.65] [%clk 0:09:11] } 9. O-O { [%eval -0.94] [%clk 0:09:29] } 9...
O-O { [%eval -0.4] [%clk 0:09:04] } 10. Re1 { [%eval -0.83] [%clk 0:09:28] }
10... b6 { [%eval -0.31] [%clk 0:09:02] } 11. Ba6 $2
{ [%eval -1.74] [%clk 0:09:25] } 11... Rb8 $2 { [%eval -0.68] [%clk 0:08:31] }
12. Nh4 $2 { [%eval -1.85] [%clk 0:09:23] } 12... Ne4 $6
{ [%eval -0.96] [%clk 0:08:10] } 13. Nxf5 { [%eval -0.93] [%clk 0:09:19] }
13... exf5 { [%eval -0.98] [%clk 0:08:01] } 14. Nxe4
{ [%eval -0.81] [%clk 0:09:14] } 14... fxe4 { [%eval -1.0] [%clk 0:07:59] } 15.
f3 $2 { [%eval -3.01] [%clk 0:09:11] } 15... Re8 $2
{ [%eval -1.63] [%clk 0:06:23] } 16. Rf1 $2 { [%eval -2.86] [%clk 0:08:47] }
16... bxc5 { [%eval -2.88] [%clk 0:06:19] } 17. fxe4
{ [%eval -3.13] [%clk 0:08:20] } 17... Rxe4 { [%eval -3.01] [%clk 0:06:15] }
18. Bd3 $2 { [%eval -4.03] [%clk 0:08:16] } 18... Re6 $2
{ [%eval -1.87] [%clk 0:05:49] } 19. Qf3 $2 { [%eval -3.05] [%clk 0:08:02] }
19... Rf6 { [%eval -2.91] [%clk 0:05:29] } 20. Qe2
{ [%eval -2.95] [%clk 0:07:48] } 20... cxd4 { [%eval -3.05] [%clk 0:05:14] }
21. Rxf6 $6 { [%eval -4.01] [%clk 0:07:43] } 21... Nxf6
{ [%eval -3.2] [%clk 0:05:11] } 22. exd4 { [%eval -3.12] [%clk 0:07:40] } 22...
Qd6 { [%eval -3.18] [%clk 0:05:06] } 23. g3 { [%eval -3.1] [%clk 0:07:38] }
23... Re8 { [%eval -2.98] [%clk 0:04:58] } 24. Qf1 $6
{ [%eval -3.86] [%clk 0:07:09] } 24... Bb6 { [%eval -3.56] [%clk 0:04:29] } 25.
Kh1 { [%eval -3.72] [%clk 0:06:49] } 25... Bxd4
{ [%eval -3.73] [%clk 0:04:21] } 26. Bf4 { [%eval -3.72] [%clk 0:06:46] } 26...
Qb4 { [%eval -3.71] [%clk 0:04:01] } 27. a3 { [%eval -4.47] [%clk 0:06:39] }
27... Qxb2 { [%eval -4.31] [%clk 0:03:51] } 28. Rb1
{ [%eval -4.28] [%clk 0:06:32] } 28... Qxa3 { [%eval -4.45] [%clk 0:03:37] }
29. Rb8 { [%eval -5.4] [%clk 0:06:05] } 29... Rxb8
{ [%eval -5.31] [%clk 0:03:06] } 30. Bxb8 { [%eval -5.37] [%clk 0:06:03] }
30... a5 { [%eval -5.05] [%clk 0:02:11] } 31. Bc2
{ [%eval -5.25] [%clk 0:05:31] } 31... a4 { [%eval -5.17] [%clk 0:01:46] } 32.
Qe1 $4 { [%eval #-1] [%clk 0:05:27] } 32... Qf3# { [%clk 0:01:33] } 0-1"
Rated Rapid game,https://lichess.org/R73fym1y,2024.08.01,-,K2712,thank7,1-0,2024.08.01,08:45:14,1901,1349,,,A04,Zukertort Opening: Arctic Defense,600+0,Time forfeit,"1. Nf3 { [%clk 0:10:00] } 1... f6 { [%clk 0:10:00] } 2. d4 { [%clk 0:09:59] }
2... d5 { [%clk 0:09:53] } 3. e3 { [%clk 0:09:54] } 3... Nc6 { [%clk 0:09:50] }
4. c4 { [%clk 0:09:53] } 4... e5 { [%clk 0:09:48] } 5. cxd5 { [%clk 0:09:52] }
5... e4 { [%clk 0:09:29] } 6. dxc6 { [%clk 0:09:45] } 6... bxc6
{ [%clk 0:09:15] } 7. Nfd2 { [%clk 0:09:41] } 7... Bb4 { [%clk 0:09:08] } 8. a3
{ [%clk 0:09:38] } 8... Bxd2+ { [%clk 0:08:56] } 9. Nxd2 { [%clk 0:09:36] }
9... f5 { [%clk 0:08:23] } 10. Qc2 { [%clk 0:09:33] } 10... g6
{ [%clk 0:08:21] } 11. Qxc6+ { [%clk 0:09:29] } 11... Bd7 { [%clk 0:08:18] }
12. Qc3 { [%clk 0:09:22] } 12... Nf6 { [%clk 0:08:14] } 13. Nc4
{ [%clk 0:09:20] } 13... Nd5 { [%clk 0:08:13] } 14. Qa5 { [%clk 0:09:10] }
14... Qb8 { [%clk 0:08:04] } 15. Qxd5 { [%clk 0:09:04] } 15... c6
{ [%clk 0:07:41] } 16. Qe5+ { [%clk 0:08:55] } 16... Kf7 { [%clk 0:06:34] } 17.
Qxb8 { [%clk 0:06:41] } 17... Raxb8 { [%clk 0:06:30] } 18. Ne5+
{ [%clk 0:06:39] } 18... Ke7 { [%clk 0:06:15] } 19. Nxd7 { [%clk 0:06:37] }
19... Kxd7 { [%clk 0:06:13] } 20. b4 { [%clk 0:06:36] } 20... Kc7
{ [%clk 0:02:21] } 21. Bb2 { [%clk 0:06:03] } 21... Rhd8 { [%clk 0:02:09] } 22.
Bc4 { [%clk 0:05:47] } 22... a5 { [%clk 0:00:55] } 23. O-O { [%clk 0:05:41] }
23... axb4 { [%clk 0:00:38] } 24. Rfd1 { [%clk 0:05:25] } 24... Kd7
{ [%clk 0:00:29] } 25. d5 { [%clk 0:05:21] } 25... cxd5 { [%clk 0:00:21] } 26.
Rxd5+ { [%clk 0:05:18] } 1-0"
Rated Rapid game,https://lichess.org/fWP9209f,2024.08.01,-,veesu,skif_lawyer,0-1,2024.08.01,08:45:14,1725,1656,,,C20,King's Pawn Game: Leonardis Variation,600+0,Normal,"1. e4 { [%clk 0:10:00] } 1... e5 { [%clk 0:10:00] } 2. d3 { [%clk 0:09:59] }
2... Nf6 { [%clk 0:09:59] } 3. Bd2 { [%clk 0:09:57] } 3... Nc6
{ [%clk 0:09:58] } 4. Nc3 { [%clk 0:09:56] } 4... Bc5 { [%clk 0:09:58] } 5. Be2
{ [%clk 0:09:54] } 5... d6 { [%clk 0:09:57] } 6. Nf3 { [%clk 0:09:53] } 6...
Be6 { [%clk 0:09:55] } 7. O-O { [%clk 0:09:53] } 7... Nd4 { [%clk 0:09:53] } 8.
Nxd4 { [%clk 0:09:49] } 8... Bxd4 { [%clk 0:09:53] } 9. Bg5 { [%clk 0:09:47] }
9... h6 { [%clk 0:09:51] } 10. Bh4 { [%clk 0:09:43] } 10... g5
{ [%clk 0:09:51] } 11. Bg3 { [%clk 0:09:41] } 11... Qe7 { [%clk 0:09:50] } 12.
Bf3 { [%clk 0:09:24] } 12... O-O-O { [%clk 0:09:43] } 13. Nd5
{ [%clk 0:09:20] } 13... Bxd5 { [%clk 0:09:41] } 14. exd5 { [%clk 0:09:19] }
14... h5 { [%clk 0:09:38] } 15. h4 { [%clk 0:09:11] } 15... g4
{ [%clk 0:09:32] } 16. Be4 { [%clk 0:09:09] } 16... Nxe4 { [%clk 0:09:22] } 17.
dxe4 { [%clk 0:09:07] } 17... Bxb2 { [%clk 0:09:17] } 18. Rb1
{ [%clk 0:09:05] } 18... Bd4 { [%clk 0:09:16] } 19. Qd3 { [%clk 0:09:02] }
19... Qd7 { [%clk 0:09:11] } 20. c3 { [%clk 0:08:55] } 20... Bb6
{ [%clk 0:09:06] } 21. Qc4 { [%clk 0:08:50] } 21... Kb8 { [%clk 0:08:59] } 22.
a3 { [%clk 0:08:32] } 22... f5 { [%clk 0:08:57] } 23. a4 { [%clk 0:08:28] }
23... f4 { [%clk 0:08:51] } 24. Kh2 { [%clk 0:08:17] } 24... fxg3+
{ [%clk 0:08:49] } 25. fxg3 { [%clk 0:08:16] } 25... Rc8 { [%clk 0:08:29] } 26.
Qb4 { [%clk 0:08:11] } 26... c5 { [%clk 0:08:16] } 27. Qb3 { [%clk 0:08:06] }
27... c4 { [%clk 0:08:11] } 28. Qb4 { [%clk 0:08:04] } 28... Bc5
{ [%clk 0:08:08] } 29. Qb5 { [%clk 0:07:53] } 29... Qxb5 { [%clk 0:08:02] } 30.
Rxb5 { [%clk 0:07:46] } 30... a6 { [%clk 0:07:58] } 31. Rb2 { [%clk 0:07:43] }
31... Rhf8 { [%clk 0:07:54] } 32. Rf5 { [%clk 0:07:38] } 32... Rxf5
{ [%clk 0:07:51] } 33. exf5 { [%clk 0:07:36] } 33... Rf8 { [%clk 0:07:48] } 34.
Rb1 { [%clk 0:07:26] } 34... Rxf5 { [%clk 0:07:46] } 0-1"
Rated Rapid game,https://lichess.org/jGJXG9Tt,2024.08.01,-,mani_deepnd,rinarisa,1-0,2024.08.01,08:45:14,1313,1342,,,B01,Scandinavian Defense: Mieses-Kotroc Variation,600+0,Normal,"1. e4 { [%clk 0:10:00] } 1... d5 { [%clk 0:10:00] } 2. exd5 { [%clk 0:09:58] }
2... Qxd5 { [%clk 0:09:59] } 3. Nc3 { [%clk 0:09:58] } 3... Qe5+
{ [%clk 0:09:58] } 4. Be2 { [%clk 0:09:53] } 4... Bf5 { [%clk 0:09:48] } 5. Nf3
{ [%clk 0:09:47] } 5... Qd6 { [%clk 0:09:40] } 6. O-O { [%clk 0:09:44] } 6...
e6 { [%clk 0:09:37] } 7. Bd3 { [%clk 0:09:15] } 7... Qf4 { [%clk 0:09:30] } 8.
Re1 { [%clk 0:09:08] } 8... Bd6 { [%clk 0:09:28] } 9. Bxf5 { [%clk 0:09:00] }
9... Qxf5 { [%clk 0:09:22] } 10. Nd4 { [%clk 0:08:54] } 10... Qf4
{ [%clk 0:09:15] } 11. Nf3 { [%clk 0:08:38] } 11... Nf6 { [%clk 0:09:00] } 12.
Qe2 { [%clk 0:08:36] } 12... Ng4 { [%clk 0:08:56] } 13. Qb5+ { [%clk 0:07:49] }
13... Nc6 { [%clk 0:08:48] } 14. Qxb7 { [%clk 0:07:44] } 14... Nxh2
{ [%clk 0:08:40] } 15. Qxa8+ { [%clk 0:07:32] } 15... Nd8 { [%clk 0:08:37] }
16. d4 { [%clk 0:07:13] } 16... Nxf3+ { [%clk 0:08:33] } 17. gxf3
{ [%clk 0:07:09] } 17... Qh2+ { [%clk 0:08:31] } 18. Kf1 { [%clk 0:07:07] }
18... Qh1+ { [%clk 0:08:22] } 19. Ke2 { [%clk 0:07:06] } 19... Qh5
{ [%clk 0:08:03] } 20. Ne4 { [%clk 0:06:49] } 20... Bh2 { [%clk 0:07:58] } 21.
Qxa7 { [%clk 0:06:33] } 21... Qh4 { [%clk 0:07:52] } 22. Be3 { [%clk 0:06:21] }
22... f5 { [%clk 0:07:45] } 23. Ng3 { [%clk 0:05:48] } 23... Bxg3
{ [%clk 0:07:37] } 24. fxg3 { [%clk 0:05:46] } 24... Qxg3 { [%clk 0:07:36] }
25. Bf2 { [%clk 0:05:33] } 25... Qd6 { [%clk 0:07:20] } 26. Rg1
{ [%clk 0:05:24] } 26... O-O { [%clk 0:07:16] } 27. Bg3 { [%clk 0:05:16] }
27... Qb6 { [%clk 0:07:03] } 28. Qa3 { [%clk 0:04:54] } 28... Qxd4
{ [%clk 0:06:53] } 29. Rad1 { [%clk 0:04:45] } 29... Qc4+ { [%clk 0:06:45] }
30. Ke1 { [%clk 0:04:39] } 30... Qxc2 { [%clk 0:06:39] } 31. Be5
{ [%clk 0:04:34] } 31... Nb7 { [%clk 0:06:22] } 32. Rxg7+ { [%clk 0:04:32] }
32... Kh8 { [%clk 0:06:19] } 33. Rxc7+ { [%clk 0:04:28] } 33... Kg8
{ [%clk 0:06:12] } 1-0"
Rated Rapid game,https://lichess.org/Tzn0F5VF,2024.08.01,-,GuenterEh,kiriooooor,0-1,2024.08.01,08:45:14,1972,1953,,,B21,Sicilian Defense: McDonnell Attack,600+0,Normal,"1. e4 { [%clk 0:10:00] } 1... c5 { [%clk 0:10:00] } 2. f4 { [%clk 0:09:59] }
2... d6 { [%clk 0:09:50] } 3. Nf3 { [%clk 0:09:57] } 3... Nf6
{ [%clk 0:09:47] } 4. d3 { [%clk 0:09:55] } 4... g6 { [%clk 0:09:39] } 5. Be2
{ [%clk 0:09:53] } 5... Bg7 { [%clk 0:09:38] } 6. O-O { [%clk 0:09:52] } 6...
O-O { [%clk 0:09:36] } 7. c3 { [%clk 0:09:50] } 7... Nc6 { [%clk 0:09:35] } 8.
Na3 { [%clk 0:09:47] } 8... Bd7 { [%clk 0:09:31] } 9. Nc2 { [%clk 0:09:45] }
9... b5 { [%clk 0:06:38] } 10. Bd2 { [%clk 0:09:31] } 10... b4
{ [%clk 0:06:01] } 11. cxb4 { [%clk 0:09:25] } 11... Nxb4 { [%clk 0:05:49] }
12. Nxb4 { [%clk 0:09:22] } 12... cxb4 { [%clk 0:05:45] } 13. Rb1
{ [%clk 0:09:19] } 13... Rb8 { [%clk 0:05:30] } 14. b3 { [%clk 0:09:14] } 14...
Qb6+ { [%clk 0:05:14] } 15. Kh1 { [%clk 0:09:11] } 15... Ng4 { [%clk 0:04:40] }
16. Ng5 { [%clk 0:09:03] } 16... Nf2+ { [%clk 0:04:31] } 17. Rxf2
{ [%clk 0:09:00] } 17... Qxf2 { [%clk 0:04:27] } 18. Nh3 { [%clk 0:08:50] }
18... Bxh3 { [%clk 0:04:12] } 19. gxh3 { [%clk 0:08:49] } 19... g5
{ [%clk 0:03:57] } 20. fxg5 { [%clk 0:08:42] } 20... Be5 { [%clk 0:03:56] } 21.
Qg1 { [%clk 0:08:36] } 21... Qxe2 { [%clk 0:03:47] } 0-1"
Rated Rapid game,https://lichess.org/960I8eDK,2024.08.01,-,srkbay,Rodnix_ug,0-1,2024.08.01,08:45:14,974,1056,,,C46,Three Knights Opening,600+0,Normal,"1. e4 { [%clk 0:10:00] } 1... e5 { [%clk 0:10:00] } 2. Nf3 { [%clk 0:09:59] }
2... Nc6 { [%clk 0:09:59] } 3. Nc3 { [%clk 0:09:59] } 3... d6
{ [%clk 0:09:56] } 4. d4 { [%clk 0:09:56] } 4... Be7 { [%clk 0:09:55] } 5. d5
{ [%clk 0:09:55] } 5... Nb4 { [%clk 0:09:53] } 6. a3 { [%clk 0:09:53] } 6...
Na6 { [%clk 0:09:51] } 7. b4 { [%clk 0:09:48] } 7... Bd7 { [%clk 0:09:50] } 8.
b5 { [%clk 0:09:45] } 8... Nc5 { [%clk 0:09:45] } 9. a4 { [%clk 0:09:29] } 9...
Nf6 { [%clk 0:09:40] } 10. Bd3 { [%clk 0:09:20] } 10... a6 { [%clk 0:09:37] }
11. Ba3 { [%clk 0:09:08] } 11... axb5 { [%clk 0:09:29] } 12. Nxb5
{ [%clk 0:09:05] } 12... O-O { [%clk 0:09:21] } 13. Bxc5 { [%clk 0:08:42] }
13... dxc5 { [%clk 0:09:19] } 14. Nc3 { [%clk 0:08:35] } 14... b6
{ [%clk 0:09:02] } 15. O-O { [%clk 0:08:33] } 15... b5 { [%clk 0:08:58] } 16.
Nxb5 { [%clk 0:08:29] } 16... c6 { [%clk 0:08:54] } 17. Nc3 { [%clk 0:08:19] }
17... cxd5 { [%clk 0:08:53] } 18. exd5 { [%clk 0:08:15] } 18... g5
{ [%clk 0:08:41] } 19. Nxe5 { [%clk 0:08:08] } 19... g4 { [%clk 0:08:34] } 20.
Nc6 { [%clk 0:07:52] } 20... Qe8 { [%clk 0:08:22] } 21. Nxe7+
{ [%clk 0:07:43] } 21... Qxe7 { [%clk 0:08:19] } 22. Re1 { [%clk 0:07:40] }
22... Qd6 { [%clk 0:08:18] } 23. Nb5 { [%clk 0:07:29] } 23... Qb8
{ [%clk 0:08:12] } 24. d6 { [%clk 0:07:17] } 24... h5 { [%clk 0:08:09] } 25.
Nc7 { [%clk 0:07:13] } 25... Ra7 { [%clk 0:07:56] } 26. Rb1 { [%clk 0:07:09] }
26... Qc8 { [%clk 0:07:52] } 27. c4 { [%clk 0:07:03] } 27... h4
{ [%clk 0:07:48] } 28. Qc2 { [%clk 0:06:43] } 28... h3 { [%clk 0:07:33] } 29.
g3 { [%clk 0:06:33] } 29... Kh8 { [%clk 0:07:20] } 30. Nb5 { [%clk 0:06:27] }
30... Bxb5 { [%clk 0:07:16] } 31. Rxb5 { [%clk 0:06:11] } 31... Rxa4
{ [%clk 0:07:13] } 32. Re5 { [%clk 0:06:00] } 32... Rg8 { [%clk 0:07:01] } 33.
Qxa4 { [%clk 0:05:55] } 33... Nd7 { [%clk 0:06:48] } 34. Rh5+
{ [%clk 0:05:39] } 34... Kg7 { [%clk 0:06:46] } 35. Rg5+ { [%clk 0:05:35] }
35... Kf8 { [%clk 0:06:44] } 36. Rxg8+ { [%clk 0:05:34] } 36... Kxg8
{ [%clk 0:06:41] } 37. Bf5 { [%clk 0:05:14] } 37... Qe8 { [%clk 0:06:34] } 38.
Qa1 { [%clk 0:05:00] } 38... Qe5 { [%clk 0:06:08] } 39. Bxd7 { [%clk 0:04:56] }
39... Qxa1+ { [%clk 0:06:06] } 0-1"
Rated Rapid game,https://lichess.org/nw4F6eZ4,2024.08.01,-,Kawaisaky,WWW-1111-WWW,1-0,2024.08.01,08:45:21,1558,1567,,,D00,Queen's Pawn Game,600+0,Normal,"1. d4 { [%clk 0:10:00] } 1... d5 { [%clk 0:10:00] } 2. e3 { [%clk 0:09:59] }
2... Bf5 { [%clk 0:09:55] } 3. Bd3 { [%clk 0:09:57] } 3... e6
{ [%clk 0:09:54] } 4. Bxf5 { [%clk 0:09:56] } 4... exf5 { [%clk 0:09:52] } 5.
Nf3 { [%clk 0:09:56] } 5... Nf6 { [%clk 0:09:49] } 6. h3 { [%clk 0:09:54] }
6... Ne4 { [%clk 0:09:48] } 7. O-O { [%clk 0:09:52] } 7... c5
{ [%clk 0:09:42] } 8. Nbd2 { [%clk 0:09:51] } 8... cxd4 { [%clk 0:09:40] } 9.
Nxe4 { [%clk 0:09:50] } 9... dxe4 { [%clk 0:09:37] } 10. Nxd4
{ [%clk 0:09:46] } 10... Nc6 { [%clk 0:09:29] } 11. Nxf5 { [%clk 0:09:45] }
11... g6 { [%clk 0:09:23] } 12. Qxd8+ { [%clk 0:09:43] } 12... Rxd8
{ [%clk 0:09:22] } 13. Ng3 { [%clk 0:09:36] } 13... Bd6 { [%clk 0:09:20] } 14.
Nxe4 { [%clk 0:09:34] } 14... Be5 { [%clk 0:09:18] } 15. c3 { [%clk 0:09:30] }
15... f5 { [%clk 0:09:16] } 16. Nc5 { [%clk 0:09:24] } 16... Rb8
{ [%clk 0:09:00] } 17. f4 { [%clk 0:09:17] } 17... Bd6 { [%clk 0:08:57] } 18.
Ne6 { [%clk 0:09:12] } 18... Kf7 { [%clk 0:08:53] } 19. Nd4 { [%clk 0:09:09] }
19... Nxd4 { [%clk 0:08:51] } 20. cxd4 { [%clk 0:09:05] } 20... b5
{ [%clk 0:08:46] } 21. a3 { [%clk 0:09:03] } 21... b4 { [%clk 0:08:44] } 22.
axb4 { [%clk 0:09:00] } 22... Rxb4 { [%clk 0:08:35] } 23. Rxa7+
{ [%clk 0:08:57] } 23... Kf6 { [%clk 0:08:31] } 24. Ra6 { [%clk 0:08:45] }
24... Ke6 { [%clk 0:08:28] } 25. Rd1 { [%clk 0:08:42] } 25... Kd7
{ [%clk 0:08:14] } 26. Rd3 { [%clk 0:08:33] } 26... Rc8 { [%clk 0:08:05] } 27.
Ra7+ { [%clk 0:08:26] } 27... Rc7 { [%clk 0:08:02] } 28. Rxc7+
{ [%clk 0:08:24] } 28... Bxc7 { [%clk 0:08:01] } 29. b3 { [%clk 0:08:17] }
29... Rb7 { [%clk 0:07:52] } 30. b4 { [%clk 0:08:12] } 30... Bd6
{ [%clk 0:07:50] } 31. Ba3 { [%clk 0:08:02] } 31... Bxb4 { [%clk 0:07:43] } 32.
Bxb4 { [%clk 0:08:01] } 32... Rxb4 { [%clk 0:07:42] } 33. g4 { [%clk 0:07:58] }
33... Rb1+ { [%clk 0:07:35] } 34. Kg2 { [%clk 0:07:56] } 34... Rb2+
{ [%clk 0:07:34] } 35. Kg3 { [%clk 0:07:55] } 35... Rb1 { [%clk 0:07:32] } 36.
gxf5 { [%clk 0:07:53] } 36... gxf5 { [%clk 0:07:31] } 37. d5 { [%clk 0:07:46] }
37... h5 { [%clk 0:07:28] } 38. Kh4 { [%clk 0:07:42] } 38... Rh1
{ [%clk 0:07:20] } 39. Kxh5 { [%clk 0:07:38] } 39... Rxh3+ { [%clk 0:07:19] }
40. Kg5 { [%clk 0:07:37] } 40... Kd6 { [%clk 0:07:13] } 41. Kxf5
{ [%clk 0:07:35] } 41... Rh5+ { [%clk 0:07:12] } 42. Ke4 { [%clk 0:07:32] }
42... Kc5 { [%clk 0:07:07] } 43. f5 { [%clk 0:07:31] } 43... Rh4+
{ [%clk 0:07:05] } 44. Ke5 { [%clk 0:07:27] } 44... Kc4 { [%clk 0:07:05] } 45.
Rd4+ { [%clk 0:07:22] } 45... Rxd4 { [%clk 0:06:59] } 46. exd4
{ [%clk 0:07:21] } 46... Kd3 { [%clk 0:06:58] } 47. f6 { [%clk 0:07:20] } 1-0"
Rated Rapid game,https://lichess.org/saiDHGxY,2024.08.01,-,vicont_SERJ,cosmoxstas,0-1,2024.08.01,08:45:22,1870,1897,,,A40,Englund Gambit Complex: Soller Gambit Deferred,600+0,Normal,"1. d4 { [%clk 0:10:00] } 1... e5 { [%clk 0:10:00] } 2. dxe5 { [%clk 0:09:57] }
2... Nc6 { [%clk 0:09:59] } 3. Nf3 { [%clk 0:09:52] } 3... f6
{ [%clk 0:09:57] } 4. exf6 { [%clk 0:09:48] } 4... Nxf6 { [%clk 0:09:57] } 5.
Bg5 { [%clk 0:09:42] } 5... h5 { [%clk 0:09:54] } 6. Nbd2 { [%clk 0:09:34] }
6... Be7 { [%clk 0:09:50] } 7. e4 { [%clk 0:09:25] } 7... d6 { [%clk 0:09:37] }
8. Bb5 { [%clk 0:09:13] } 8... Bd7 { [%clk 0:09:16] } 9. Bxc6
{ [%clk 0:09:07] } 9... Bxc6 { [%clk 0:09:15] } 10. e5 { [%clk 0:08:56] } 10...
dxe5 { [%clk 0:08:51] } 11. Nxe5 { [%clk 0:08:48] } 11... Bxg2
{ [%clk 0:08:21] } 12. Rg1 { [%clk 0:08:39] } 12... Bc6 { [%clk 0:07:56] } 13.
Qe2 { [%clk 0:08:25] } 13... Qd4 { [%clk 0:07:08] } 14. c3 { [%clk 0:07:56] }
14... Qb6 { [%clk 0:06:44] } 15. Rb1 { [%clk 0:07:40] } 15... Ng4
{ [%clk 0:06:01] } 16. Nxg4 { [%clk 0:07:22] } 16... O-O-O { [%clk 0:05:51] }
17. Bxe7 { [%clk 0:07:10] } 17... Rde8 { [%clk 0:05:50] } 18. Qe6+
{ [%clk 0:06:52] } 18... Kb8 { [%clk 0:05:41] } 19. Ne5 { [%clk 0:06:45] }
19... Rh6 { [%clk 0:05:20] } 20. Nxc6+ { [%clk 0:06:11] } 20... bxc6
{ [%clk 0:05:02] } 21. Qf7 { [%clk 0:06:02] } 21... Rhh8 { [%clk 0:04:05] } 22.
Rxg7 { [%clk 0:05:47] } 22... Rhf8 { [%clk 0:04:02] } 23. Qxf8
{ [%clk 0:05:41] } 23... Rxf8 { [%clk 0:03:53] } 24. Bxf8 { [%clk 0:05:27] }
24... Qa5 { [%clk 0:03:40] } 25. Rg8 { [%clk 0:04:29] } 25... Qe5+
{ [%clk 0:03:13] } 26. Kf1 { [%clk 0:03:55] } 26... Qd5 { [%clk 0:02:55] } 27.
Rg2 { [%clk 0:03:26] } 27... Qxd2 { [%clk 0:02:52] } 28. Ba3 { [%clk 0:02:45] }
28... Qd3+ { [%clk 0:02:50] } 0-1"
Rated Rapid game,https://lichess.org/562hSktM,2024.08.01,-,Andrey-Ivanov,Zhdykh,0-1,2024.08.01,08:45:22,1435,1458,,,C50,Italian Game: Giuoco Piano,600+0,Normal,"1. e4 { [%eval 0.15] [%clk 0:10:00] } 1... e5 { [%eval 0.21] [%clk 0:10:00] }
2. Nf3 { [%eval 0.11] [%clk 0:09:57] } 2... Nc6 { [%eval 0.19] [%clk 0:09:50] }
3. Bc4 { [%eval 0.14] [%clk 0:09:54] } 3... Bc5 { [%eval 0.13] [%clk 0:09:47] }
4. Qe2 { [%eval -0.07] [%clk 0:09:44] } 4... d6 { [%eval 0.0] [%clk 0:09:44] }
5. Nc3 { [%eval -0.44] [%clk 0:09:35] } 5... f5 $6
{ [%eval 0.41] [%clk 0:08:45] } 6. d3 { [%eval 0.48] [%clk 0:09:27] } 6... fxe4
$6 { [%eval 1.25] [%clk 0:08:26] } 7. dxe4 $2 { [%eval 0.17] [%clk 0:09:18] }
7... Nf6 { [%eval 0.17] [%clk 0:08:24] } 8. Bg5 { [%eval 0.02] [%clk 0:09:10] }
8... h6 $6 { [%eval 0.79] [%clk 0:08:12] } 9. Bh4 $6
{ [%eval -0.13] [%clk 0:09:05] } 9... Qe7 $2 { [%eval 2.48] [%clk 0:07:52] }
10. O-O-O $2 { [%eval -0.12] [%clk 0:08:40] } 10... g5
{ [%eval -0.13] [%clk 0:07:30] } 11. Bg3 { [%eval -0.26] [%clk 0:08:38] } 11...
Be6 $2 { [%eval 0.98] [%clk 0:07:27] } 12. h4 $2
{ [%eval -0.59] [%clk 0:08:21] } 12... O-O-O $6 { [%eval 0.25] [%clk 0:07:20] }
13. hxg5 { [%eval 0.28] [%clk 0:08:13] } 13... hxg5
{ [%eval 0.27] [%clk 0:07:18] } 14. Nxg5 { [%eval 0.22] [%clk 0:08:05] } 14...
Bxc4 { [%eval 0.34] [%clk 0:07:10] } 15. Qxc4 { [%eval 0.42] [%clk 0:08:03] }
15... Qg7 $4 { [%eval 3.52] [%clk 0:06:56] } 16. Ne6
{ [%eval 3.58] [%clk 0:07:55] } 16... Qf7 { [%eval 3.44] [%clk 0:06:45] } 17.
Rxh8 $4 { [%eval -0.21] [%clk 0:06:37] } 17... Rxh8
{ [%eval -0.21] [%clk 0:06:42] } 18. f3 $2 { [%eval -2.97] [%clk 0:06:27] }
18... Qg6 $4 { [%eval 3.41] [%clk 0:06:09] } 19. Nd5 $4
{ [%eval -0.07] [%clk 0:05:49] } 19... Nxd5 { [%eval 0.08] [%clk 0:06:04] } 20.
Nxc5 $4 { [%eval -3.93] [%clk 0:05:24] } 20... Ne3
{ [%eval -4.08] [%clk 0:05:46] } 21. Qb5 { [%eval -5.1] [%clk 0:05:02] } 21...
Nxd1 $4 { [%eval 1.99] [%clk 0:05:40] } 22. Qxb7+
{ [%eval 2.06] [%clk 0:05:00] } 22... Kd8 { [%eval 2.22] [%clk 0:05:37] } 23.
Qb8+ $4 { [%eval -8.79] [%clk 0:04:48] } 23... Nxb8
{ [%eval -8.33] [%clk 0:05:34] } 0-1"
Rated Rapid game,https://lichess.org/spHAKKAd,2024.08.01,-,Erdenikh,soeckchen,0-1,2024.08.01,08:45:22,1520,1520,,,C23,Bishop's Opening: Philidor Counterattack,600+0,Normal,"1. e4 { [%clk 0:10:00] } 1... e5 { [%clk 0:10:00] } 2. Bc4 { [%clk 0:09:59] }
2... c6 { [%clk 0:09:55] } 3. d3 { [%clk 0:09:58] } 3... Nf6 { [%clk 0:09:45] }
4. Nf3 { [%clk 0:09:56] } 4... d5 { [%clk 0:09:30] } 5. exd5 { [%clk 0:09:52] }
5... cxd5 { [%clk 0:09:26] } 6. Bb3 { [%clk 0:09:50] } 6... Nc6
{ [%clk 0:09:20] } 7. O-O { [%clk 0:09:48] } 7... Bd6 { [%clk 0:09:16] } 8. Bg5
{ [%clk 0:09:47] } 8... h6 { [%clk 0:09:09] } 9. Bh4 { [%clk 0:09:44] } 9...
Qc7 { [%clk 0:08:59] } 10. Bxf6 { [%clk 0:09:40] } 10... gxf6
{ [%clk 0:08:57] } 11. Bxd5 { [%clk 0:09:39] } 11... Be6 { [%clk 0:08:50] } 12.
Nc3 { [%clk 0:09:27] } 12... O-O-O { [%clk 0:08:46] } 13. b3 { [%clk 0:09:02] }
13... Rhg8 { [%clk 0:08:43] } 14. Bxe6+ { [%clk 0:08:50] } 14... fxe6
{ [%clk 0:08:41] } 15. Nb5 { [%clk 0:08:49] } 15... Qg7 { [%clk 0:08:34] } 16.
g3 { [%clk 0:08:42] } 16... Bc5 { [%clk 0:08:22] } 17. c3 { [%clk 0:08:04] }
17... e4 { [%clk 0:08:15] } 18. Nh4 { [%clk 0:07:40] } 18... Rxd3
{ [%clk 0:08:13] } 19. Qh5 { [%clk 0:07:30] } 19... Rxg3+ { [%clk 0:08:00] }
20. hxg3 { [%clk 0:07:06] } 20... Qxg3+ { [%clk 0:07:58] } 21. Kh1
{ [%clk 0:07:01] } 21... Qh3# { [%clk 0:07:56] } 0-1"
Rated Rapid game,https://lichess.org/opIMkr72,2024.08.01,-,playerdark13,M1RYezyyy,1-0,2024.08.01,08:45:22,910,813,,,A46,Indian Defense: London System,600+0,Normal,"1. d4 { [%clk 0:10:00] } 1... Nf6 { [%clk 0:10:00] } 2. Bf4 { [%clk 0:09:58] }
2... e6 { [%clk 0:09:56] } 3. Nf3 { [%clk 0:09:57] } 3... Bd6
{ [%clk 0:09:50] } 4. e3 { [%clk 0:09:49] } 4... e5 { [%clk 0:09:48] } 5. dxe5
{ [%clk 0:09:44] } 5... Ne4 { [%clk 0:08:54] } 6. exd6 { [%clk 0:09:36] } 6...
cxd6 { [%clk 0:08:53] } 7. Nbd2 { [%clk 0:09:32] } 7... Nf6 { [%clk 0:08:34] }
8. Bxd6 { [%clk 0:09:11] } 8... Nc6 { [%clk 0:08:26] } 9. Ne5
{ [%clk 0:09:00] } 9... Rb8 { [%clk 0:08:05] } 10. Ndf3 { [%clk 0:08:35] }
10... Ra8 { [%clk 0:07:53] } 11. Bc4 { [%clk 0:07:48] } 11... Qb6
{ [%clk 0:07:27] } 12. Bxf7+ { [%clk 0:07:38] } 12... Kd8 { [%clk 0:07:13] }
13. O-O { [%clk 0:07:05] } 13... Qxb2 { [%clk 0:06:59] } 14. Rb1
{ [%clk 0:07:01] } 14... Qxa2 { [%clk 0:06:52] } 15. Bxa2 { [%clk 0:06:48] }
15... Ke8 { [%clk 0:06:37] } 16. Ng5 { [%clk 0:06:22] } 16... Ng4
{ [%clk 0:06:10] } 17. Ngf7 { [%clk 0:05:58] } 17... Ngxe5 { [%clk 0:06:04] }
18. Nxh8 { [%clk 0:05:50] } 1-0"
Rated Rapid game,https://lichess.org/rZJxaqtD,2024.08.01,-,Aspar_14,ab-kumar,0-1,2024.08.01,08:45:22,1141,1093,,,C50,Italian Game: Giuoco Piano,600+0,Normal,"1. e4 { [%clk 0:10:00] } 1... e5 { [%clk 0:10:00] } 2. Nf3 { [%clk 0:09:58] }
2... Nc6 { [%clk 0:09:54] } 3. Bc4 { [%clk 0:09:55] } 3... Bc5
{ [%clk 0:09:52] } 4. Ng5 { [%clk 0:09:53] } 4... Qxg5 { [%clk 0:09:45] } 5. d3
{ [%clk 0:09:48] } 5... Qxg2 { [%clk 0:09:41] } 6. Ke2 { [%clk 0:09:38] } 6...
Qxf2# { [%clk 0:09:34] } 0-1"
Rated Rapid game,https://lichess.org/guz8VPmN,2024.08.01,-,Heroes79,slownavan,0-1,2024.08.01,08:45:22,2042,1946,,,B20,Sicilian Defense: Lasker-Dunne Attack,600+0,Normal,"1. e4 { [%clk 0:10:00] } 1... c5 { [%clk 0:10:00] } 2. g3 { [%clk 0:09:58] }
2... e6 { [%clk 0:09:59] } 3. Bg2 { [%clk 0:09:57] } 3... Nc6
{ [%clk 0:09:59] } 4. Ne2 { [%clk 0:09:55] } 4... Nf6 { [%clk 0:09:56] } 5. d4
{ [%clk 0:09:51] } 5... d5 { [%clk 0:09:50] } 6. e5 { [%clk 0:09:49] } 6... Nd7
{ [%clk 0:09:38] } 7. c3 { [%clk 0:09:48] } 7... Be7 { [%clk 0:09:33] } 8. O-O
{ [%clk 0:09:46] } 8... O-O { [%clk 0:09:32] } 9. Na3 { [%clk 0:09:37] } 9...
a6 { [%clk 0:09:29] } 10. Nc2 { [%clk 0:09:36] } 10... f5 { [%clk 0:09:25] }
11. f4 { [%clk 0:09:34] } 11... b5 { [%clk 0:09:20] } 12. Kh1
{ [%clk 0:09:30] } 12... Bb7 { [%clk 0:09:16] } 13. Be3 { [%clk 0:09:25] }
13... Na5 { [%clk 0:09:00] } 14. Bg1 { [%clk 0:09:19] } 14... Nc4
{ [%clk 0:08:55] } 15. b3 { [%clk 0:09:15] } 15... Ncb6 { [%clk 0:08:48] } 16.
a4 { [%clk 0:09:08] } 16... Re8 { [%clk 0:08:43] } 17. axb5 { [%clk 0:09:06] }
17... axb5 { [%clk 0:08:42] } 18. Qb1 { [%clk 0:08:46] } 18... Nf8
{ [%clk 0:08:39] } 19. Qb2 { [%clk 0:08:44] } 19... Qc7 { [%clk 0:08:30] } 20.
Ra7 { [%clk 0:08:41] } 20... Rxa7 { [%clk 0:08:27] } 0-1"
Rated Rapid game,https://lichess.org/tCGUC7H4,2024.08.01,-,hisham2080,youssefmah_220,1-0,2024.08.01,08:45:22,1420,1390,,,B20,Sicilian Defense: Bowdler Attack,600+0,Normal,"1. e4 { [%clk 0:10:00] } 1... c5 { [%clk 0:10:00] } 2. Bc4 { [%clk 0:09:59] }
2... e6 { [%clk 0:09:59] } 3. d4 { [%clk 0:09:59] } 3... Nf6 { [%clk 0:09:57] }
4. Nc3 { [%clk 0:09:53] } 4... Nc6 { [%clk 0:09:55] } 5. Bg5 { [%clk 0:09:48] }
5... h6 { [%clk 0:09:52] } 6. Bh4 { [%clk 0:09:43] } 6... g5 { [%clk 0:09:51] }
7. Bg3 { [%clk 0:09:42] } 7... d5 { [%clk 0:09:48] } 8. exd5 { [%clk 0:09:36] }
8... exd5 { [%clk 0:09:45] } 9. Bb5 { [%clk 0:09:25] } 9... Qa5
{ [%clk 0:09:26] } 10. Bxc6+ { [%clk 0:09:22] } 10... bxc6 { [%clk 0:09:23] }
11. Nf3 { [%clk 0:09:14] } 11... cxd4 { [%clk 0:09:19] } 12. Qxd4
{ [%clk 0:09:10] } 12... Be7 { [%clk 0:08:58] } 13. Ne5 { [%clk 0:08:56] }
13... Qa6 { [%clk 0:08:43] } 14. a3 { [%clk 0:08:39] } 14... Qb6
{ [%clk 0:08:41] } 15. Qxb6 { [%clk 0:08:11] } 15... axb6 { [%clk 0:08:39] }
16. Nxc6 { [%clk 0:08:11] } 16... Bf5 { [%clk 0:08:28] } 17. Nxe7
{ [%clk 0:08:09] } 17... Kxe7 { [%clk 0:08:26] } 18. O-O-O { [%clk 0:08:08] }
18... Be6 { [%clk 0:08:21] } 19. Rhe1 { [%clk 0:08:03] } 19... Rhd8
{ [%clk 0:08:15] } 20. Bc7 { [%clk 0:08:00] } 20... Rd7 { [%clk 0:08:13] } 21.
Bxb6 { [%clk 0:07:57] } 21... Rb8 { [%clk 0:08:12] } 22. Bc5+
{ [%clk 0:07:53] } 22... Ke8 { [%clk 0:08:08] } 23. Bd4 { [%clk 0:07:40] }
23... Ne4 { [%clk 0:08:03] } 24. Be5 { [%clk 0:07:21] } 24... Nxc3
{ [%clk 0:07:55] } 25. Bxb8 { [%clk 0:07:09] } 25... Nxd1 { [%clk 0:07:53] }
26. Kxd1 { [%clk 0:06:57] } 26... Rb7 { [%clk 0:07:49] } 27. Be5
{ [%clk 0:06:46] } 27... Kd7 { [%clk 0:07:44] } 28. b4 { [%clk 0:06:34] } 28...
d4 { [%clk 0:07:39] } 29. Bxd4 { [%clk 0:06:30] } 29... Ke8 { [%clk 0:07:38] }
30. Kd2 { [%clk 0:06:16] } 30... Rd7 { [%clk 0:07:37] } 31. c3
{ [%clk 0:06:14] } 31... Kf8 { [%clk 0:07:20] } 32. Rb1 { [%clk 0:06:12] }
32... Bf5 { [%clk 0:07:15] } 33. Rb2 { [%clk 0:06:08] } 33... Ke7
{ [%clk 0:07:13] } 34. b5 { [%clk 0:06:07] } 34... Ke6 { [%clk 0:07:12] } 35.
a4 { [%clk 0:06:06] } 35... Kd5 { [%clk 0:07:11] } 36. Rb4 { [%clk 0:05:56] }
36... Ke4 { [%clk 0:07:05] } 37. f3+ { [%clk 0:05:50] } 37... Kf4
{ [%clk 0:07:03] } 38. Ke2 { [%clk 0:05:40] } 38... Re7+ { [%clk 0:06:59] } 39.
Kf2 { [%clk 0:05:36] } 39... g4 { [%clk 0:06:47] } 40. Bf6+ { [%clk 0:05:27] }
40... Re4 { [%clk 0:06:39] } 41. fxe4 { [%clk 0:05:26] } 41... Bxe4
{ [%clk 0:06:38] } 42. b6 { [%clk 0:05:17] } 1-0"
Rated Rapid game,https://lichess.org/GVNWsInU,2024.08.01,-,Phyodollico,HARDMACHINE62619,1/2-1/2,2024.08.01,08:45:22,1826,1841,,,C01,French Defense: Exchange Variation,600+0,Normal,"1. e4 { [%clk 0:10:00] } 1... e6 { [%clk 0:10:00] } 2. d4 { [%clk 0:09:58] }
2... d5 { [%clk 0:10:00] } 3. exd5 { [%clk 0:09:57] } 3... exd5
{ [%clk 0:10:00] } 4. Be3 { [%clk 0:09:54] } 4... Nf6 { [%clk 0:09:59] } 5. Bd3
{ [%clk 0:09:54] } 5... Bd6 { [%clk 0:09:55] } 6. h3 { [%clk 0:09:53] } 6...
O-O { [%clk 0:09:53] } 7. a3 { [%clk 0:09:51] } 7... c6 { [%clk 0:09:52] } 8.
Ne2 { [%clk 0:09:50] } 8... h6 { [%clk 0:09:49] } 9. Nbc3 { [%clk 0:09:48] }
9... Bd7 { [%clk 0:09:48] } 10. Qd2 { [%clk 0:09:46] } 10... Qc7
{ [%clk 0:09:47] } 11. Bxh6 { [%clk 0:09:45] } 11... gxh6 { [%clk 0:09:41] }
12. Qxh6 { [%clk 0:09:44] } 12... Qd8 { [%clk 0:09:21] } 13. Qg5+
{ [%clk 0:09:40] } 13... Kh8 { [%clk 0:09:17] } 14. Qh4+ { [%clk 0:09:39] }
14... Kg8 { [%clk 0:09:12] } 15. Qg5+ { [%clk 0:09:37] } 15... Kh8
{ [%clk 0:09:11] } 16. Qh4+ { [%clk 0:09:36] } 16... Kg8 { [%clk 0:09:10] } 17.
Qg5+ { [%clk 0:09:35] } 1/2-1/2"
Rated Rapid game,https://lichess.org/3aLdTJ67,2024.08.01,-,blin-klinton,Tiro96,0-1,2024.08.01,08:45:22,1726,1686,,,C40,King's Pawn Game: Busch-Gass Gambit,600+0,Normal,"1. e4 { [%clk 0:10:00] } 1... e5 { [%clk 0:10:00] } 2. Nf3 { [%clk 0:09:58] }
2... Bc5 { [%clk 0:10:00] } 3. g3 { [%clk 0:09:57] } 3... Nf6
{ [%clk 0:09:59] } 4. d3 { [%clk 0:09:55] } 4... Nc6 { [%clk 0:09:58] } 5. Bg2
{ [%clk 0:09:52] } 5... h6 { [%clk 0:09:56] } 6. O-O { [%clk 0:09:48] } 6... d6
{ [%clk 0:09:56] } 7. c3 { [%clk 0:09:46] } 7... Bg4 { [%clk 0:09:54] } 8. Qc2
{ [%clk 0:09:45] } 8... Qd7 { [%clk 0:09:53] } 9. b4 { [%clk 0:09:42] } 9...
Bb6 { [%clk 0:09:52] } 10. a4 { [%clk 0:09:41] } 10... a5 { [%clk 0:09:49] }
11. b5 { [%clk 0:09:39] } 11... Na7 { [%clk 0:09:48] } 12. c4
{ [%clk 0:09:38] } 12... O-O-O { [%clk 0:09:43] } 13. Nc3 { [%clk 0:09:36] }
13... g5 { [%clk 0:09:42] } 14. Be3 { [%clk 0:09:34] } 14... Bxe3
{ [%clk 0:09:40] } 15. fxe3 { [%clk 0:09:33] } 15... Kb8 { [%clk 0:09:39] } 16.
Nd5 { [%clk 0:09:29] } 16... Nxd5 { [%clk 0:09:37] } 17. exd5
{ [%clk 0:09:28] } 17... h5 { [%clk 0:09:37] } 18. Nxg5 { [%clk 0:09:23] }
18... h4 { [%clk 0:09:33] } 19. e4 { [%clk 0:09:11] } 19... Nc8
{ [%clk 0:09:32] } 20. Nxf7 { [%clk 0:08:59] } 20... hxg3 { [%clk 0:09:17] }
21. hxg3 { [%clk 0:08:57] } 21... Bh3 { [%clk 0:09:09] } 22. Nxh8
{ [%clk 0:08:54] } 22... Bxg2 { [%clk 0:09:08] } 23. Kxg2 { [%clk 0:08:52] }
23... Rxh8 { [%clk 0:09:07] } 24. Rh1 { [%clk 0:08:46] } 24... Rg8
{ [%clk 0:09:05] } 25. Qe2 { [%clk 0:08:36] } 25... Ne7 { [%clk 0:09:01] } 26.
Rh3 { [%clk 0:08:30] } 26... Ng6 { [%clk 0:08:56] } 27. Kh2 { [%clk 0:07:48] }
27... Qf7 { [%clk 0:08:35] } 28. Rf1 { [%clk 0:07:44] } 28... Qg7
{ [%clk 0:08:09] } 29. Qg4 { [%clk 0:07:41] } 29... Qe7 { [%clk 0:07:59] } 30.
Qf5 { [%clk 0:07:28] } 30... Rf8 { [%clk 0:07:23] } 31. Qxg6 { [%clk 0:07:25] }
31... Rxf1 { [%clk 0:07:21] } 32. Rh8+ { [%clk 0:06:44] } 32... Ka7
{ [%clk 0:07:19] } 33. Qg8 { [%clk 0:06:41] } 33... Qf6 { [%clk 0:07:09] } 34.
Qa8+ { [%clk 0:06:25] } 34... Kb6 { [%clk 0:07:08] } 35. Rb8 { [%clk 0:06:17] }
35... Qh6+ { [%clk 0:07:01] } 36. Kg2 { [%clk 0:06:15] } 36... Qh1#
{ [%clk 0:07:01] } 0-1"
Rated Rapid game,https://lichess.org/eVbRZHQY,2024.08.01,-,AmniNazmi,Mastermed90,0-1,2024.08.01,08:45:22,1220,1310,,,D20,"Queen's Gambit Accepted: Central Variation, McDonnell Defense, Somov Gambit",600+0,Normal,"1. d4 { [%clk 0:10:00] } 1... d5 { [%clk 0:10:00] } 2. c4 { [%clk 0:09:59] }
2... dxc4 { [%clk 0:09:57] } 3. e4 { [%clk 0:09:57] } 3... e5
{ [%clk 0:09:54] } 4. Bxc4 { [%clk 0:09:55] } 4... Nc6 { [%clk 0:09:52] } 5. d5
{ [%clk 0:09:52] } 5... Nd4 { [%clk 0:09:50] } 6. Nf3 { [%clk 0:09:43] } 6...
Bg4 { [%clk 0:09:49] } 7. Nbd2 { [%clk 0:09:34] } 7... Bb4 { [%clk 0:09:42] }
8. O-O { [%clk 0:09:32] } 8... Bxd2 { [%clk 0:09:34] } 9. Bxd2
{ [%clk 0:09:18] } 9... Nxf3+ { [%clk 0:09:24] } 10. Kh1 { [%clk 0:09:15] }
10... Nxd2 { [%clk 0:09:15] } 11. Bb5+ { [%clk 0:08:58] } 11... Bd7
{ [%clk 0:09:01] } 12. Qxd2 { [%clk 0:08:55] } 12... Bxb5 { [%clk 0:09:00] }
13. Rfc1 { [%clk 0:08:46] } 13... Nf6 { [%clk 0:08:57] } 14. Qg5
{ [%clk 0:08:40] } 14... O-O { [%clk 0:08:52] } 15. a4 { [%clk 0:08:38] } 15...
Bd3 { [%clk 0:08:43] } 16. f3 { [%clk 0:08:34] } 16... Re8 { [%clk 0:08:37] }
17. h3 { [%clk 0:08:31] } 17... h6 { [%clk 0:08:35] } 18. Qe3
{ [%clk 0:08:23] } 18... Ba6 { [%clk 0:08:27] } 19. b4 { [%clk 0:08:21] } 19...
b5 { [%clk 0:08:21] } 20. axb5 { [%clk 0:08:19] } 20... Bxb5 { [%clk 0:08:19] }
21. Ra5 { [%clk 0:08:18] } 21... Bd7 { [%clk 0:08:06] } 22. g4
{ [%clk 0:08:09] } 22... c6 { [%clk 0:08:03] } 23. g5 { [%clk 0:08:08] } 23...
hxg5 { [%clk 0:08:01] } 24. Qxg5 { [%clk 0:08:08] } 24... cxd5
{ [%clk 0:07:53] } 25. exd5 { [%clk 0:08:07] } 25... e4 { [%clk 0:07:49] } 26.
f4 { [%clk 0:08:04] } 26... e3 { [%clk 0:07:43] } 27. Kg1 { [%clk 0:07:46] }
27... Bxh3 { [%clk 0:07:35] } 28. Qg3 { [%clk 0:07:37] } 28... Bf5
{ [%clk 0:07:25] } 29. d6 { [%clk 0:07:27] } 29... Qxd6 { [%clk 0:07:20] } 30.
Rxf5 { [%clk 0:07:25] } 30... e2 { [%clk 0:07:04] } 31. Re1 { [%clk 0:07:13] }
31... Qxb4 { [%clk 0:07:01] } 32. Rxf6 { [%clk 0:07:04] } 32... Kf8
{ [%clk 0:06:48] } 33. Rf5 { [%clk 0:06:43] } 33... Rac8 { [%clk 0:06:00] } 34.
Kf2 { [%clk 0:06:22] } 34... Rc2 { [%clk 0:05:51] } 35. Re5 { [%clk 0:06:16] }
35... Qd4+ { [%clk 0:05:48] } 36. Re3 { [%clk 0:06:14] } 36... Rxe3
{ [%clk 0:05:43] } 37. Qxe3 { [%clk 0:06:12] } 37... Qf6 { [%clk 0:05:28] } 38.
Rxe2 { [%clk 0:06:08] } 38... Rxe2+ { [%clk 0:05:25] } 39. Qxe2
{ [%clk 0:06:06] } 39... Qxf4+ { [%clk 0:05:23] } 40. Qf3 { [%clk 0:06:06] }
40... Qxf3+ { [%clk 0:05:22] } 41. Kxf3 { [%clk 0:06:06] } 41... a5
{ [%clk 0:05:19] } 42. Ke3 { [%clk 0:06:06] } 42... g5 { [%clk 0:05:18] } 43.
Kd3 { [%clk 0:06:06] } 43... g4 { [%clk 0:05:16] } 44. Kc3 { [%clk 0:06:06] }
44... g3 { [%clk 0:05:15] } 45. Kc4 { [%clk 0:06:04] } 45... g2
{ [%clk 0:05:13] } 46. Kb5 { [%clk 0:06:04] } 46... g1=Q { [%clk 0:05:11] } 47.
Ka6 { [%clk 0:06:04] } 47... f5 { [%clk 0:05:10] } 48. Kb7 { [%clk 0:06:04] }
48... f4 { [%clk 0:05:08] } 49. Kc7 { [%clk 0:06:03] } 49... f3
{ [%clk 0:05:08] } 50. Kd7 { [%clk 0:06:03] } 50... f2 { [%clk 0:05:07] } 51.
Ke6 { [%clk 0:06:03] } 51... f1=Q { [%clk 0:05:05] } 52. Kd5 { [%clk 0:06:03] }
52... Qd1+ { [%clk 0:05:02] } 53. Ke4 { [%clk 0:06:02] } 53... Qge1+
{ [%clk 0:05:01] } 54. Kf5 { [%clk 0:06:00] } 54... Qf3+ { [%clk 0:04:59] } 55.
Kg6 { [%clk 0:05:59] } 55... Qg1+ { [%clk 0:04:58] } 56. Kh7 { [%clk 0:05:58] }
56... Qh3# { [%clk 0:04:57] } 0-1"
Rated Rapid game,https://lichess.org/T8xbBsBu,2024.08.01,-,MissVeronika,JovonRappenaux,0-1,2024.08.01,08:45:26,1142,1149,,,C65,Ruy Lopez: Berlin Defense,600+0,Normal,"1. e4 { [%clk 0:10:00] } 1... e5 { [%clk 0:10:00] } 2. Nf3 { [%clk 0:09:58] }
2... Nc6 { [%clk 0:09:58] } 3. Bb5 { [%clk 0:09:55] } 3... Nf6
{ [%clk 0:09:54] } 4. Bxc6 { [%clk 0:09:51] } 4... dxc6 { [%clk 0:09:52] } 5.
O-O { [%clk 0:09:51] } 5... Bd6 { [%clk 0:09:45] } 6. d3 { [%clk 0:09:46] }
6... O-O { [%clk 0:09:42] } 7. Bg5 { [%clk 0:09:40] } 7... Bg4
{ [%clk 0:09:39] } 8. h3 { [%clk 0:09:37] } 8... Bxf3 { [%clk 0:09:34] } 9.
Qxf3 { [%clk 0:09:35] } 9... h6 { [%clk 0:09:31] } 10. Bxf6 { [%clk 0:09:34] }
10... Qxf6 { [%clk 0:09:28] } 11. Qxf6 { [%clk 0:09:31] } 11... gxf6
{ [%clk 0:09:25] } 12. Nd2 { [%clk 0:09:28] } 12... Bb4 { [%clk 0:09:05] } 13.
c3 { [%clk 0:09:26] } 13... Ba5 { [%clk 0:09:04] } 14. Nf3 { [%clk 0:09:24] }
14... Bb6 { [%clk 0:08:56] } 15. Nh4 { [%clk 0:09:21] } 15... c5
{ [%clk 0:08:42] } 16. Nf5 { [%clk 0:09:19] } 16... Kh7 { [%clk 0:08:37] } 17.
Kh1 { [%clk 0:09:06] } 17... Rad8 { [%clk 0:08:25] } 18. Rad1
{ [%clk 0:08:56] } 18... c6 { [%clk 0:08:04] } 19. f4 { [%clk 0:08:50] } 19...
exf4 { [%clk 0:08:01] } 20. Rxf4 { [%clk 0:08:48] } 20... Bc7
{ [%clk 0:07:56] } 21. Rh4 { [%clk 0:08:45] } 21... Rde8 { [%clk 0:07:41] } 22.
Rxh6+ { [%clk 0:08:41] } 22... Kg8 { [%clk 0:07:36] } 23. Rxf6
{ [%clk 0:08:36] } 23... Be5 { [%clk 0:07:27] } 24. Rf1 { [%clk 0:08:27] }
24... Bxf6 { [%clk 0:07:24] } 0-1"
Rated Rapid game,https://lichess.org/PxQxwET5,2024.08.01,-,MJMutisya,Pinkijo,0-1,2024.08.01,08:45:26,2136,2108,,,D00,Queen's Pawn Game: Accelerated London System,600+0,Normal,"1. d4 { [%clk 0:10:00] } 1... d5 { [%clk 0:10:00] } 2. Bf4 { [%clk 0:09:49] }
2... e6 { [%clk 0:09:54] } 3. e3 { [%clk 0:09:48] } 3... Bd6 { [%clk 0:09:52] }
4. Bg3 { [%clk 0:09:46] } 4... Nf6 { [%clk 0:09:48] } 5. Nf3 { [%clk 0:09:45] }
5... Bxg3 { [%clk 0:09:44] } 6. hxg3 { [%clk 0:09:44] } 6... h6
{ [%clk 0:09:43] } 7. Nbd2 { [%clk 0:09:42] } 7... Nbd7 { [%clk 0:09:38] } 8.
Bd3 { [%clk 0:09:41] } 8... c6 { [%clk 0:09:19] } 9. c3 { [%clk 0:09:35] } 9...
Qc7 { [%clk 0:09:18] } 10. Qe2 { [%clk 0:09:32] } 10... e5 { [%clk 0:09:17] }
11. e4 { [%clk 0:09:29] } 11... O-O { [%clk 0:09:02] } 12. O-O-O
{ [%clk 0:09:17] } 12... exd4 { [%clk 0:08:58] } 13. Nxd4 { [%clk 0:09:12] }
13... dxe4 { [%clk 0:08:48] } 14. Nxe4 { [%clk 0:09:10] } 14... Nxe4
{ [%clk 0:08:47] } 15. Qxe4 { [%clk 0:09:05] } 15... Nf6 { [%clk 0:08:44] } 16.
Qf3 { [%clk 0:09:02] } 16... Bg4 { [%clk 0:08:35] } 17. Qe3 { [%clk 0:08:44] }
17... Rfe8 { [%clk 0:08:16] } 18. Qd2 { [%clk 0:08:42] } 18... Bxd1
{ [%clk 0:08:14] } 19. Qxd1 { [%clk 0:08:39] } 19... Rad8 { [%clk 0:07:33] }
20. Qf3 { [%clk 0:08:33] } 20... a6 { [%clk 0:06:47] } 21. Nf5
{ [%clk 0:08:24] } 21... Qd7 { [%clk 0:06:25] } 22. Bc2 { [%clk 0:08:08] }
22... Qd2+ { [%clk 0:06:00] } 23. Kb1 { [%clk 0:08:05] } 23... Re1+
{ [%clk 0:05:59] } 24. Bd1 { [%clk 0:07:49] } 24... Rxh1 { [%clk 0:05:54] } 25.
Ne7+ { [%clk 0:07:42] } 25... Kf8 { [%clk 0:05:45] } 0-1"
Rated Rapid game,https://lichess.org/eYl43WKb,2024.08.01,-,DoomsDave64,Refalin,1-0,2024.08.01,08:45:26,1775,1781,,,D37,Queen's Gambit Declined: Harrwitz Attack,600+0,Normal,"1. d4 { [%clk 0:10:00] } 1... d5 { [%clk 0:10:00] } 2. c4 { [%clk 0:09:59] }
2... e6 { [%clk 0:09:59] } 3. Nc3 { [%clk 0:09:58] } 3... Nf6
{ [%clk 0:09:58] } 4. Nf3 { [%clk 0:09:57] } 4... Be7 { [%clk 0:09:57] } 5. Bf4
{ [%clk 0:09:55] } 5... O-O { [%clk 0:09:54] } 6. e3 { [%clk 0:09:54] } 6...
dxc4 { [%clk 0:09:45] } 7. Bxc4 { [%clk 0:09:52] } 7... h6 { [%clk 0:09:43] }
8. h3 { [%clk 0:09:47] } 8... a6 { [%clk 0:09:42] } 9. O-O { [%clk 0:09:44] }
9... Nc6 { [%clk 0:09:40] } 10. Re1 { [%clk 0:09:38] } 10... Nh7
{ [%clk 0:09:21] } 11. Qc2 { [%clk 0:09:29] } 11... Ng5 { [%clk 0:09:10] } 12.
Nxg5 { [%clk 0:09:06] } 12... Bxg5 { [%clk 0:09:08] } 13. Bg3
{ [%clk 0:09:05] } 13... Be7 { [%clk 0:08:52] } 14. a3 { [%clk 0:09:00] } 14...
Bd6 { [%clk 0:08:50] } 15. Ne2 { [%clk 0:08:55] } 15... Bxg3 { [%clk 0:08:46] }
16. Nxg3 { [%clk 0:08:53] } 16... Ne7 { [%clk 0:08:39] } 17. Ba2
{ [%clk 0:08:46] } 17... Nd5 { [%clk 0:08:13] } 18. Rad1 { [%clk 0:08:35] }
18... Bd7 { [%clk 0:08:07] } 19. e4 { [%clk 0:08:33] } 19... Nf6
{ [%clk 0:07:48] } 20. Bb1 { [%clk 0:08:29] } 20... g6 { [%clk 0:07:41] } 21.
e5 { [%clk 0:08:20] } 21... Nd5 { [%clk 0:07:38] } 22. Re4 { [%clk 0:08:12] }
22... f5 { [%clk 0:06:55] } 23. exf6 { [%clk 0:07:54] } 23... Qxf6
{ [%clk 0:06:45] } 24. Re5 { [%clk 0:07:05] } 24... Qg7 { [%clk 0:05:47] } 25.
Rde1 { [%clk 0:06:53] } 25... c6 { [%clk 0:05:33] } 26. Ne4 { [%clk 0:06:49] }
26... Rf5 { [%clk 0:05:24] } 27. Nc5 { [%clk 0:06:33] } 27... Rxe5
{ [%clk 0:05:15] } 28. Rxe5 { [%clk 0:06:28] } 28... Nb6 { [%clk 0:05:03] } 29.
Nxe6 { [%clk 0:06:01] } 29... Bxe6 { [%clk 0:04:55] } 30. Rxe6
{ [%clk 0:05:57] } 30... Qxd4 { [%clk 0:04:27] } 31. Qxg6+ { [%clk 0:05:49] }
31... Qg7 { [%clk 0:04:24] } 32. Qe4 { [%clk 0:05:35] } 32... Kh8
{ [%clk 0:03:52] } 33. Rg6 { [%clk 0:05:24] } 33... Qh7 { [%clk 0:03:28] } 34.
Qe5+ { [%clk 0:05:15] } 1-0"
Rated Rapid game,https://lichess.org/piaqloqf,2024.08.01,-,En19_73b,sergekopmanua,1-0,2024.08.01,08:45:26,1845,1813,,,C00,French Defense: Normal Variation,600+0,Normal,"1. e4 { [%clk 0:10:00] } 1... e6 { [%clk 0:10:00] } 2. d4 { [%clk 0:09:58] }
2... Ne7 { [%clk 0:09:59] } 3. Bg5 { [%clk 0:09:56] } 3... g6
{ [%clk 0:09:57] } 4. Nf3 { [%clk 0:09:53] } 4... Bg7 { [%clk 0:09:56] } 5. Bb5
{ [%clk 0:09:50] } 5... c6 { [%clk 0:09:54] } 6. Bd3 { [%clk 0:09:42] } 6... d6
{ [%clk 0:09:47] } 7. O-O { [%clk 0:09:38] } 7... Nd7 { [%clk 0:09:43] } 8. Nc3
{ [%clk 0:09:35] } 8... O-O { [%clk 0:09:38] } 9. Qe2 { [%clk 0:09:22] } 9...
Nf6 { [%clk 0:09:26] } 10. e5 { [%clk 0:09:16] } 10... dxe5 { [%clk 0:09:19] }
11. dxe5 { [%clk 0:09:14] } 11... Nfd5 { [%clk 0:09:19] } 12. Nxd5
{ [%clk 0:09:01] } 12... cxd5 { [%clk 0:09:16] } 13. c3 { [%clk 0:08:58] }
13... Re8 { [%clk 0:09:14] } 14. Nd4 { [%clk 0:08:50] } 14... a6
{ [%clk 0:09:09] } 15. f4 { [%clk 0:08:37] } 15... Qb6 { [%clk 0:09:03] } 16.
Kh1 { [%clk 0:08:33] } 16... Nc6 { [%clk 0:08:48] } 17. b3 { [%clk 0:08:17] }
17... Nxd4 { [%clk 0:08:42] } 18. cxd4 { [%clk 0:08:15] } 18... Qxd4
{ [%clk 0:08:38] } 19. Rad1 { [%clk 0:08:09] } 19... Qb4 { [%clk 0:08:21] } 20.
Rf3 { [%clk 0:07:44] } 20... Bd7 { [%clk 0:08:14] } 21. Rh3 { [%clk 0:07:40] }
21... Bb5 { [%clk 0:07:36] } 22. Qf2 { [%clk 0:07:28] } 22... Bxd3
{ [%clk 0:07:25] } 23. Rdxd3 { [%clk 0:07:25] } 23... Rac8 { [%clk 0:06:44] }
24. Rd1 { [%clk 0:06:48] } 24... Rc3 { [%clk 0:06:32] } 25. Rxc3
{ [%clk 0:05:49] } 25... Qxc3 { [%clk 0:06:05] } 26. h3 { [%clk 0:05:47] }
26... h6 { [%clk 0:05:56] } 27. Bh4 { [%clk 0:05:40] } 27... Rc8
{ [%clk 0:05:49] } 28. Kh2 { [%clk 0:05:11] } 28... Bf8 { [%clk 0:04:58] } 29.
Bf6 { [%clk 0:04:57] } 29... Bg7 { [%clk 0:04:53] } 30. Qh4 { [%clk 0:04:46] }
30... Qc2 { [%clk 0:04:24] } 31. Rf1 { [%clk 0:04:16] } 31... Qxa2
{ [%clk 0:04:19] } 32. Rf3 { [%clk 0:04:12] } 32... Rc2 { [%clk 0:04:10] } 33.
Rg3 { [%clk 0:04:10] } 33... d4 { [%clk 0:03:54] } 34. Bxg7 { [%clk 0:04:08] }
34... Kxg7 { [%clk 0:03:52] } 35. Qf6+ { [%clk 0:04:07] } 35... Kg8
{ [%clk 0:03:43] } 36. f5 { [%clk 0:03:42] } 36... exf5 { [%clk 0:03:21] } 37.
e6 { [%clk 0:03:34] } 37... Rc7 { [%clk 0:02:48] } 38. exf7+ { [%clk 0:03:32] }
38... Rxf7 { [%clk 0:02:45] } 39. Rxg6+ { [%clk 0:03:31] } 39... Kf8
{ [%clk 0:02:32] } 40. Qd8# { [%clk 0:03:29] } 1-0"
Rated Rapid game,https://lichess.org/E0CgvFIG,2024.08.01,-,longzehan,peonderey123,1-0,2024.08.01,08:45:26,1541,1505,,,D02,Queen's Pawn Game: London System,600+0,Normal,"1. d4 { [%eval 0.16] [%clk 0:10:00] } 1... d5 { [%eval 0.23] [%clk 0:10:00] }
2. Bf4 { [%eval 0.02] [%clk 0:09:58] } 2... Nf6 { [%eval 0.17] [%clk 0:09:57] }
3. Nf3 { [%eval 0.0] [%clk 0:09:56] } 3... e6 { [%eval 0.18] [%clk 0:09:53] }
4. e3 { [%eval 0.08] [%clk 0:09:56] } 4... a6 { [%eval 0.3] [%clk 0:09:50] } 5.
Be2 { [%eval 0.18] [%clk 0:09:55] } 5... c5 { [%eval 0.21] [%clk 0:09:48] } 6.
c3 { [%eval 0.13] [%clk 0:09:53] } 6... Nc6 { [%eval 0.17] [%clk 0:09:46] } 7.
Nbd2 { [%eval 0.09] [%clk 0:09:52] } 7... Ne4 $2
{ [%eval 1.19] [%clk 0:09:30] } 8. Nxe4 { [%eval 1.21] [%clk 0:09:48] } 8...
dxe4 { [%eval 1.11] [%clk 0:09:28] } 9. Ne5 { [%eval 0.59] [%clk 0:09:42] }
9... Nxe5 { [%eval 0.63] [%clk 0:09:22] } 10. Bxe5
{ [%eval 0.61] [%clk 0:09:41] } 10... f6 { [%eval 0.58] [%clk 0:09:20] } 11.
Bg3 { [%eval 0.6] [%clk 0:09:33] } 11... Bd6 $2 { [%eval 1.82] [%clk 0:09:12] }
12. Bxd6 { [%eval 1.34] [%clk 0:09:23] } 12... Qxd6
{ [%eval 1.39] [%clk 0:09:10] } 13. dxc5 { [%eval 1.45] [%clk 0:09:21] } 13...
Qxc5 { [%eval 1.41] [%clk 0:09:04] } 14. Qa4+ { [%eval 1.37] [%clk 0:09:17] }
14... b5 { [%eval 1.84] [%clk 0:08:57] } 15. Qxe4
{ [%eval 1.83] [%clk 0:09:12] } 15... O-O $4 { [%eval 5.13] [%clk 0:08:52] }
16. Qxa8 { [%eval 5.1] [%clk 0:09:07] } 16... Qc7
{ [%eval 5.37] [%clk 0:08:41] } 17. Qf3 { [%eval 5.19] [%clk 0:08:58] } 17...
Bb7 { [%eval 4.98] [%clk 0:08:39] } 18. e4 { [%eval 5.02] [%clk 0:08:32] }
18... f5 { [%eval 4.91] [%clk 0:08:33] } 19. Qh3 { [%eval 4.6] [%clk 0:08:00] }
19... Bxe4 { [%eval 4.68] [%clk 0:08:28] } 20. O-O
{ [%eval 4.59] [%clk 0:07:57] } 20... Qf7 { [%eval 5.05] [%clk 0:08:19] } 21.
Bd1 { [%eval 4.98] [%clk 0:07:47] } 21... Qg6 { [%eval 4.93] [%clk 0:08:09] }
22. Bb3 { [%eval 4.96] [%clk 0:07:25] } 22... Bd3 $2
{ [%eval 6.73] [%clk 0:08:04] } 23. Rfe1 { [%eval 5.32] [%clk 0:07:15] } 23...
Re8 { [%eval 6.83] [%clk 0:08:00] } 24. Re3 $2 { [%eval 5.11] [%clk 0:07:02] }
24... Be4 { [%eval 5.31] [%clk 0:07:57] } 25. Rg3
{ [%eval 5.0] [%clk 0:06:57] } 25... Qf6 { [%eval 5.0] [%clk 0:07:51] } 26. Qh5
{ [%eval 4.91] [%clk 0:06:34] } 26... Qe7 { [%eval 5.13] [%clk 0:07:37] } 27.
f3 { [%eval 4.55] [%clk 0:05:49] } 27... f4 { [%eval 5.09] [%clk 0:07:34] } 28.
Rg4 { [%eval 5.17] [%clk 0:05:36] } 28... Bf5 { [%eval 5.01] [%clk 0:07:30] }
29. Rxf4 { [%eval 5.09] [%clk 0:05:34] } 29... Bg6
{ [%eval 5.51] [%clk 0:07:27] } 30. Qe5 { [%eval 5.47] [%clk 0:05:22] } 30...
Kh8 { [%eval 5.49] [%clk 0:07:23] } 31. Re1 { [%eval 5.42] [%clk 0:04:59] }
31... Bf7 { [%eval 5.67] [%clk 0:07:14] } 32. Rfe4
{ [%eval 5.53] [%clk 0:04:51] } 32... a5 { [%eval 6.01] [%clk 0:07:11] } 33.
Bxe6 { [%eval 5.79] [%clk 0:04:44] } 33... Bg6 { [%eval 6.01] [%clk 0:07:07] }
34. Bf5 { [%eval 6.04] [%clk 0:04:36] } 34... Qxe5
{ [%eval 6.1] [%clk 0:07:05] } 35. Rxe5 { [%eval 6.1] [%clk 0:04:34] } 35...
Bxf5 $4 { [%eval #1] [%clk 0:07:02] } 36. Rxe8# { [%clk 0:04:33] } 1-0"
Rated Rapid game,https://lichess.org/QMPeMXTQ,2024.08.01,-,xippar,pata1968,0-1,2024.08.01,08:45:26,1719,1601,,,C41,Philidor Defense,600+0,Normal,"1. e4 { [%clk 0:10:00] } 1... e5 { [%clk 0:10:00] } 2. Nf3 { [%clk 0:09:59] }
2... d6 { [%clk 0:09:57] } 3. d4 { [%clk 0:09:58] } 3... Bg4 { [%clk 0:09:54] }
4. dxe5 { [%clk 0:09:53] } 4... dxe5 { [%clk 0:09:51] } 5. Qxd8+
{ [%clk 0:09:50] } 5... Kxd8 { [%clk 0:09:48] } 6. Nxe5 { [%clk 0:09:47] } 6...
Be6 { [%clk 0:09:41] } 7. Bc4 { [%clk 0:09:46] } 7... Ke7 { [%clk 0:09:01] } 8.
Bxe6 { [%clk 0:09:42] } 8... Kxe6 { [%clk 0:08:48] } 9. Nf3 { [%clk 0:09:40] }
9... Nf6 { [%clk 0:08:45] } 10. Nc3 { [%clk 0:09:39] } 10... Bb4
{ [%clk 0:08:42] } 11. Bd2 { [%clk 0:08:59] } 11... Rd8 { [%clk 0:08:36] } 12.
a3 { [%clk 0:08:39] } 12... Bxc3 { [%clk 0:08:23] } 13. Bxc3 { [%clk 0:08:37] }
13... Nc6 { [%clk 0:08:02] } 14. Bxf6 { [%clk 0:08:32] } 14... Kxf6
{ [%clk 0:07:59] } 15. O-O { [%clk 0:08:30] } 15... Ne5 { [%clk 0:07:54] } 16.
Nxe5 { [%clk 0:08:28] } 16... Kxe5 { [%clk 0:07:52] } 17. f3 { [%clk 0:08:27] }
17... Rd2 { [%clk 0:07:50] } 18. Rac1 { [%clk 0:08:14] } 18... Rad8
{ [%clk 0:07:33] } 19. b3 { [%clk 0:08:11] } 19... g6 { [%clk 0:07:25] } 20. h3
{ [%clk 0:08:01] } 20... h5 { [%clk 0:07:25] } 21. Kh2 { [%clk 0:07:59] } 21...
b6 { [%clk 0:07:22] } 22. c3 { [%clk 0:07:48] } 22... c5 { [%clk 0:07:20] } 23.
a4 { [%clk 0:07:37] } 23... Rb2 { [%clk 0:07:14] } 24. Rb1 { [%clk 0:07:33] }
24... Rc2 { [%clk 0:07:10] } 25. c4 { [%clk 0:07:31] } 25... Rdd2
{ [%clk 0:07:07] } 26. Rg1 { [%clk 0:07:27] } 26... f5 { [%clk 0:07:01] } 27.
exf5 { [%clk 0:07:23] } 27... Kxf5 { [%clk 0:06:59] } 28. Kg3
{ [%clk 0:07:18] } 28... g5 { [%clk 0:06:55] } 29. Rbd1 { [%clk 0:07:10] }
29... Re2 { [%clk 0:06:27] } 30. Rd5+ { [%clk 0:07:07] } 30... Re5
{ [%clk 0:06:22] } 31. Rgd1 { [%clk 0:07:01] } 31... h4+ { [%clk 0:06:15] } 32.
Kh2 { [%clk 0:06:59] } 32... Rc3 { [%clk 0:05:52] } 33. Rxe5+
{ [%clk 0:06:55] } 33... Kxe5 { [%clk 0:05:50] } 34. Rd5+ { [%clk 0:06:53] }
34... Kf4 { [%clk 0:05:48] } 35. Rd7 { [%clk 0:06:45] } 35... a5
{ [%clk 0:05:43] } 36. Rd6 { [%clk 0:06:42] } 36... Rxb3 { [%clk 0:05:42] } 37.
Rf6+ { [%clk 0:06:39] } 37... Ke5 { [%clk 0:05:34] } 38. Rf8 { [%clk 0:06:24] }
38... Rb4 { [%clk 0:05:27] } 39. Re8+ { [%clk 0:06:13] } 39... Kf5
{ [%clk 0:05:22] } 40. Rb8 { [%clk 0:06:08] } 40... Kf4 { [%clk 0:05:00] } 41.
Rb7 { [%clk 0:06:02] } 41... Ke5 { [%clk 0:04:39] } 42. Rb8 { [%clk 0:05:59] }
42... Rxc4 { [%clk 0:04:33] } 43. Rxb6 { [%clk 0:05:57] } 43... Rxa4
{ [%clk 0:04:31] } 44. Rb5 { [%clk 0:05:56] } 44... Kd4 { [%clk 0:04:30] } 45.
Rb7 { [%clk 0:05:49] } 45... Rb4 { [%clk 0:04:25] } 46. Rg7 { [%clk 0:05:45] }
46... a4 { [%clk 0:04:18] } 47. Rxg5 { [%clk 0:05:44] } 47... a3
{ [%clk 0:04:17] } 48. Rg7 { [%clk 0:05:36] } 48... a2 { [%clk 0:04:02] } 49.
Ra7 { [%clk 0:05:34] } 49... Rb2 { [%clk 0:04:00] } 50. f4 { [%clk 0:05:31] }
50... c4 { [%clk 0:03:44] } 51. f5 { [%clk 0:05:30] } 51... c3
{ [%clk 0:03:24] } 52. f6 { [%clk 0:05:27] } 52... c2 { [%clk 0:03:22] } 53. f7
{ [%clk 0:05:23] } 53... Rb8 { [%clk 0:03:16] } 54. Rxa2 { [%clk 0:05:15] }
54... c1=Q { [%clk 0:03:15] } 55. Ra4+ { [%clk 0:05:08] } 55... Kc5
{ [%clk 0:02:55] } 56. Rxh4 { [%clk 0:05:04] } 56... Rf8 { [%clk 0:02:47] } 57.
Rh5+ { [%clk 0:04:52] } 57... Kd6 { [%clk 0:02:46] } 58. Rh7 { [%clk 0:04:33] }
58... Qf4+ { [%clk 0:02:38] } 59. g3 { [%clk 0:04:31] } 59... Qf2+
{ [%clk 0:02:29] } 0-1"
Rated Rapid game,https://lichess.org/znbh29Qp,2024.08.01,-,grouchopatachin,onii1102,0-1,2024.08.01,08:45:26,1437,1441,,,B50,Sicilian Defense: Modern Variations,600+0,Normal,"1. e4 { [%clk 0:10:00] } 1... c5 { [%clk 0:10:00] } 2. Nf3 { [%clk 0:09:51] }
2... d6 { [%clk 0:09:59] } 3. Nc3 { [%clk 0:09:49] } 3... Nf6
{ [%clk 0:09:57] } 4. h3 { [%clk 0:09:47] } 4... Nc6 { [%clk 0:09:53] } 5. a3
{ [%clk 0:09:45] } 5... e6 { [%clk 0:09:50] } 6. Bc4 { [%clk 0:09:43] } 6... a6
{ [%clk 0:09:47] } 7. O-O { [%clk 0:09:40] } 7... b5 { [%clk 0:09:46] } 8. Ba2
{ [%clk 0:09:39] } 8... Bb7 { [%clk 0:09:45] } 9. d3 { [%clk 0:09:33] } 9...
Qc7 { [%clk 0:09:43] } 10. Bf4 { [%clk 0:09:30] } 10... Be7 { [%clk 0:09:40] }
11. e5 { [%clk 0:09:25] } 11... dxe5 { [%clk 0:09:33] } 12. Bh2
{ [%clk 0:09:17] } 12... O-O { [%clk 0:09:29] } 13. Re1 { [%clk 0:09:15] }
13... Bd6 { [%clk 0:09:27] } 14. Ne4 { [%clk 0:09:08] } 14... Nxe4
{ [%clk 0:09:22] } 15. dxe4 { [%clk 0:08:54] } 15... Nd4 { [%clk 0:09:21] } 16.
Nxd4 { [%clk 0:08:52] } 16... exd4 { [%clk 0:09:19] } 17. Bxd6
{ [%clk 0:08:47] } 17... Qxd6 { [%clk 0:09:16] } 18. e5 { [%clk 0:08:34] }
18... Qc6 { [%clk 0:09:15] } 19. Qg4 { [%clk 0:08:26] } 19... Rad8
{ [%clk 0:08:59] } 20. Rad1 { [%clk 0:08:20] } 20... Rd7 { [%clk 0:08:57] } 21.
f4 { [%clk 0:08:08] } 21... Rfd8 { [%clk 0:08:55] } 22. Rd2 { [%clk 0:07:45] }
22... c4 { [%clk 0:08:46] } 23. f5 { [%clk 0:07:43] } 23... exf5
{ [%clk 0:08:42] } 24. Qxf5 { [%clk 0:07:41] } 24... d3 { [%clk 0:08:25] } 25.
cxd3 { [%clk 0:07:39] } 25... Rxd3 { [%clk 0:08:06] } 26. Rf2
{ [%clk 0:07:27] } 26... R8d7 { [%clk 0:07:53] } 27. Bb1 { [%clk 0:07:22] }
27... g6 { [%clk 0:07:47] } 28. Qf4 { [%clk 0:07:10] } 28... Rd1
{ [%clk 0:07:26] } 29. Ref1 { [%clk 0:06:37] } 29... Rxf1+ { [%clk 0:07:20] }
30. Kxf1 { [%clk 0:06:34] } 30... Rd1+ { [%clk 0:07:13] } 31. Ke2
{ [%clk 0:06:26] } 31... Rd7 { [%clk 0:06:51] } 32. Be4 { [%clk 0:06:17] }
32... Qxe4+ { [%clk 0:06:47] } 33. Qxe4 { [%clk 0:06:07] } 33... Bxe4
{ [%clk 0:06:44] } 34. Ke3 { [%clk 0:06:05] } 34... Bf5 { [%clk 0:06:42] } 35.
Kf4 { [%clk 0:05:57] } 35... a5 { [%clk 0:06:32] } 36. Kg5 { [%clk 0:05:52] }
36... Kg7 { [%clk 0:06:23] } 37. g4 { [%clk 0:05:45] } 37... Be6
{ [%clk 0:06:17] } 38. h4 { [%clk 0:05:36] } 38... Rd5 { [%clk 0:06:08] } 39.
Re2 { [%clk 0:05:33] } 39... f6+ { [%clk 0:06:04] } 40. Kf4 { [%clk 0:05:27] }
40... fxe5+ { [%clk 0:05:57] } 41. Rxe5 { [%clk 0:05:23] } 41... Rxe5
{ [%clk 0:05:56] } 42. Kxe5 { [%clk 0:05:22] } 42... Bxg4 { [%clk 0:05:55] }
43. Kf4 { [%clk 0:05:07] } 43... Bd7 { [%clk 0:05:52] } 44. Ke4
{ [%clk 0:05:05] } 44... a4 { [%clk 0:05:50] } 45. Kf4 { [%clk 0:05:02] } 45...
Kf6 { [%clk 0:05:49] } 46. Ke4 { [%clk 0:04:58] } 46... h6 { [%clk 0:05:48] }
47. Kf4 { [%clk 0:04:56] } 47... g5+ { [%clk 0:05:48] } 48. hxg5+
{ [%clk 0:04:55] } 48... hxg5+ { [%clk 0:05:47] } 49. Kg3 { [%clk 0:04:53] }
49... Kf5 { [%clk 0:05:45] } 0-1"
Rated Rapid game,https://lichess.org/kZqxN4Nz,2024.08.01,-,GoodMing2,SametCengiz,1-0,2024.08.01,08:45:26,1214,1261,,,C70,"Ruy Lopez: Morphy Defense, Caro Variation",600+0,Normal,"1. e4 { [%eval 0.15] [%clk 0:10:00] } 1... e5 { [%eval 0.21] [%clk 0:10:00] }
2. Nf3 { [%eval 0.11] [%clk 0:09:59] } 2... Nc6 { [%eval 0.19] [%clk 0:09:58] }
3. Bb5 { [%eval 0.19] [%clk 0:09:57] } 3... a6 { [%eval 0.25] [%clk 0:09:57] }
4. Ba4 { [%eval 0.14] [%clk 0:09:55] } 4... b5 { [%eval 0.46] [%clk 0:09:56] }
5. Bb3 { [%eval 0.34] [%clk 0:09:53] } 5... Nf6 { [%eval 0.44] [%clk 0:09:54] }
6. O-O { [%eval 0.28] [%clk 0:09:52] } 6... Nxe4 $6
{ [%eval 0.92] [%clk 0:09:48] } 7. Re1 { [%eval 0.66] [%clk 0:09:51] } 7... f5
$2 { [%eval 2.65] [%clk 0:09:36] } 8. c3 $2 { [%eval 1.28] [%clk 0:09:22] }
8... d6 { [%eval 1.17] [%clk 0:09:02] } 9. d4 { [%eval 0.84] [%clk 0:08:59] }
9... exd4 $2 { [%eval 3.64] [%clk 0:08:48] } 10. cxd4 $2
{ [%eval 2.26] [%clk 0:08:43] } 10... g6 $2 { [%eval 3.6] [%clk 0:08:39] } 11.
Bg5 $6 { [%eval 2.75] [%clk 0:08:38] } 11... Qd7 $2
{ [%eval 4.07] [%clk 0:08:30] } 12. d5 $2 { [%eval 1.58] [%clk 0:08:25] } 12...
Nb4 $2 { [%eval 4.39] [%clk 0:08:21] } 13. Nc3 { [%eval 4.27] [%clk 0:08:17] }
13... Bg7 { [%eval 4.5] [%clk 0:08:00] } 14. Nxe4
{ [%eval 4.51] [%clk 0:08:02] } 14... fxe4 { [%eval 4.97] [%clk 0:07:52] } 15.
Rxe4+ { [%eval 4.88] [%clk 0:07:58] } 15... Kf7 { [%eval 4.88] [%clk 0:07:45] }
16. Rxb4 { [%eval 4.64] [%clk 0:07:56] } 16... a5
{ [%eval 5.23] [%clk 0:07:28] } 17. Rf4+ { [%eval 5.05] [%clk 0:07:37] } 17...
Kg8 { [%eval 5.12] [%clk 0:07:19] } 18. Qe1 { [%eval 5.05] [%clk 0:07:33] }
18... Bb7 { [%eval 5.38] [%clk 0:07:12] } 19. Rc1
{ [%eval 5.1] [%clk 0:06:45] } 19... c6 $4 { [%eval #6] [%clk 0:07:01] } 20.
dxc6+ { [%eval #5] [%clk 0:05:56] } 1-0"
Rated Rapid game,https://lichess.org/5GepfJwn,2024.08.01,-,sevfrohn,szw1710,0-1,2024.08.01,08:45:26,1351,1410,,,C44,"Scotch Game: Göring Gambit, Main Line",600+0,Normal,"1. e4 { [%eval 0.15] [%clk 0:10:00] } 1... e5 { [%eval 0.21] [%clk 0:10:00] }
2. Nf3 { [%eval 0.11] [%clk 0:09:59] } 2... Nc6 { [%eval 0.19] [%clk 0:09:58] }
3. d4 { [%eval 0.09] [%clk 0:09:58] } 3... exd4 { [%eval 0.13] [%clk 0:09:57] }
4. c3 { [%eval -0.2] [%clk 0:09:58] } 4... dxc3
{ [%eval -0.13] [%clk 0:09:55] } 5. Nxc3 { [%eval -0.16] [%clk 0:09:57] } 5...
Bb4 { [%eval -0.01] [%clk 0:09:45] } 6. Bc4 { [%eval -0.19] [%clk 0:09:55] }
6... h6 { [%eval 0.19] [%clk 0:09:38] } 7. O-O { [%eval 0.27] [%clk 0:09:45] }
7... Nf6 { [%eval 0.75] [%clk 0:09:30] } 8. e5 { [%eval 1.0] [%clk 0:09:31] }
8... Bxc3 $2 { [%eval 2.58] [%clk 0:09:15] } 9. Bxf7+ $4
{ [%eval -1.03] [%clk 0:09:23] } 9... Kxf7 { [%eval -0.88] [%clk 0:09:11] } 10.
bxc3 { [%eval -1.04] [%clk 0:09:22] } 10... Ne4 $4
{ [%eval 2.11] [%clk 0:08:56] } 11. Qd5+ { [%eval 2.25] [%clk 0:09:16] } 11...
Kf8 { [%eval 2.03] [%clk 0:08:34] } 12. Qxe4 { [%eval 2.26] [%clk 0:09:03] }
12... Qe7 { [%eval 2.79] [%clk 0:08:14] } 13. Qf4+ $2
{ [%eval 1.53] [%clk 0:08:51] } 13... Kg8 { [%eval 1.5] [%clk 0:08:06] } 14.
Re1 { [%eval 1.57] [%clk 0:08:35] } 14... Qf7 { [%eval 1.45] [%clk 0:08:01] }
15. Qxf7+ $2 { [%eval 0.25] [%clk 0:08:14] } 15... Kxf7
{ [%eval 0.21] [%clk 0:07:59] } 16. Ba3 { [%eval 0.11] [%clk 0:08:03] } 16...
Re8 { [%eval 0.16] [%clk 0:07:53] } 17. h3 { [%eval 0.09] [%clk 0:07:43] }
17... b6 { [%eval 0.22] [%clk 0:07:40] } 18. c4 { [%eval 0.0] [%clk 0:07:19] }
18... Ba6 { [%eval 0.0] [%clk 0:07:36] } 19. Rac1
{ [%eval -0.02] [%clk 0:07:11] } 19... Na5 { [%eval 0.19] [%clk 0:07:29] } 20.
Nd2 { [%eval 0.19] [%clk 0:06:52] } 20... d6 { [%eval 0.18] [%clk 0:07:19] }
21. f4 $2 { [%eval -0.97] [%clk 0:06:36] } 21... dxe5
{ [%eval -1.06] [%clk 0:07:07] } 22. Rxe5 $6 { [%eval -1.88] [%clk 0:06:25] }
22... Rxe5 { [%eval -1.89] [%clk 0:07:00] } 23. fxe5
{ [%eval -1.96] [%clk 0:06:21] } 23... Re8 $2 { [%eval -0.16] [%clk 0:06:58] }
24. Rf1+ $2 { [%eval -1.8] [%clk 0:06:17] } 24... Kg8 $2
{ [%eval -0.65] [%clk 0:06:54] } 25. Rf8+ $4 { [%eval -5.35] [%clk 0:06:03] }
25... Rxf8 { [%eval -5.34] [%clk 0:06:49] } 26. Bxf8
{ [%eval -5.36] [%clk 0:06:01] } 26... Kxf8 { [%eval -5.4] [%clk 0:06:48] } 27.
Ne4 { [%eval -5.54] [%clk 0:05:58] } 27... Bxc4
{ [%eval -5.55] [%clk 0:06:41] } 28. Kf2 { [%eval -5.5] [%clk 0:05:51] } 28...
Ke7 { [%eval -5.43] [%clk 0:06:29] } 29. a4 { [%eval -5.69] [%clk 0:05:48] }
29... Ke6 { [%eval -5.7] [%clk 0:06:26] } 30. Ke3
{ [%eval -5.73] [%clk 0:05:39] } 30... Kxe5 { [%eval -5.7] [%clk 0:06:25] } 31.
Nc3 { [%eval -5.77] [%clk 0:05:32] } 31... Nc6 { [%eval -5.69] [%clk 0:06:14] }
32. g4 { [%eval -5.68] [%clk 0:05:17] } 32... Nd4
{ [%eval -5.6] [%clk 0:06:08] } 33. Nb5 { [%eval -6.99] [%clk 0:05:07] } 33...
Nxb5 { [%eval -7.02] [%clk 0:06:01] } 34. axb5 { [%eval -6.21] [%clk 0:05:05] }
34... Bxb5 { [%eval -6.01] [%clk 0:06:00] } 35. Kf3 $4
{ [%eval #-27] [%clk 0:05:04] } 35... a5 { [%eval -9.27] [%clk 0:05:57] } 36.
Kg3 $2 { [%eval #-10] [%clk 0:05:00] } 36... a4 { [%eval #-9] [%clk 0:05:56] }
37. h4 { [%eval #-8] [%clk 0:05:00] } 37... Kf6 { [%eval #-10] [%clk 0:05:53] }
38. Kf4 { [%eval #-23] [%clk 0:04:58] } 38... Bd3 $2
{ [%eval -8.7] [%clk 0:05:45] } 39. Ke3 { [%eval #-16] [%clk 0:04:52] } 39...
Bb1 { [%eval #-17] [%clk 0:05:42] } 40. Kd4 { [%eval #-15] [%clk 0:04:50] }
40... a3 { [%eval #-15] [%clk 0:05:39] } 41. Kc3
{ [%eval #-14] [%clk 0:04:49] } 41... a2 { [%eval #-13] [%clk 0:05:38] } 42.
Kb2 { [%eval #-13] [%clk 0:04:47] } 42... Ke5 { [%eval #-13] [%clk 0:05:32] }
43. Ka1 { [%eval #-16] [%clk 0:04:40] } 43... Kf4
{ [%eval #-15] [%clk 0:05:29] } 0-1"
Rated Rapid game,https://lichess.org/EVvZWgXv,2024.08.01,-,yuri_gagarin,l3boskat,1/2-1/2,2024.08.01,08:45:26,1556,1560,,,C29,Vienna Game: Vienna Gambit,600+0,Time forfeit,"1. e4 { [%clk 0:10:00] } 1... e5 { [%clk 0:10:00] } 2. Nc3 { [%clk 0:09:57] }
2... Nf6 { [%clk 0:09:58] } 3. f4 { [%clk 0:09:55] } 3... Nc6
{ [%clk 0:09:55] } 4. f5 { [%clk 0:09:53] } 4... d6 { [%clk 0:09:45] } 5. Nf3
{ [%clk 0:09:51] } 5... Bd7 { [%clk 0:09:39] } 6. Bc4 { [%clk 0:09:48] } 6...
Be7 { [%clk 0:09:37] } 7. O-O { [%clk 0:09:42] } 7... h6 { [%clk 0:09:35] } 8.
Ne2 { [%clk 0:09:15] } 8... Na5 { [%clk 0:09:31] } 9. Bd3 { [%clk 0:09:10] }
9... c5 { [%clk 0:09:20] } 10. c3 { [%clk 0:09:04] } 10... c4
{ [%clk 0:09:11] } 11. Bc2 { [%clk 0:08:56] } 11... b5 { [%clk 0:08:58] } 12.
b4 { [%clk 0:08:55] } 12... Qb6+ { [%clk 0:08:44] } 13. Kh1 { [%clk 0:08:51] }
13... Nb7 { [%clk 0:08:29] } 14. a4 { [%clk 0:08:42] } 14... Ng4
{ [%clk 0:08:24] } 15. Qe1 { [%clk 0:08:32] } 15... a5 { [%clk 0:08:09] } 16.
axb5 { [%clk 0:08:22] } 16... Bxb5 { [%clk 0:07:59] } 17. h3 { [%clk 0:08:14] }
17... Nf6 { [%clk 0:07:28] } 18. bxa5 { [%clk 0:08:06] } 18... Nxa5
{ [%clk 0:07:21] } 19. Bb2 { [%clk 0:07:49] } 19... O-O { [%clk 0:07:18] } 20.
Ba3 { [%clk 0:07:24] } 20... Bc6 { [%clk 0:07:14] } 21. Ng3 { [%clk 0:07:00] }
21... Qc7 { [%clk 0:06:51] } 22. Qe2 { [%clk 0:06:21] } 22... d5
{ [%clk 0:06:38] } 23. Bxe7 { [%clk 0:06:17] } 23... Qxe7 { [%clk 0:06:36] }
24. exd5 { [%clk 0:06:12] } 24... Bxd5 { [%clk 0:06:15] } 25. Qxe5
{ [%clk 0:05:36] } 25... Qe8 { [%clk 0:05:54] } 26. Qc7 { [%clk 0:05:13] }
26... Nc6 { [%clk 0:05:41] } 27. Rxa8 { [%clk 0:04:30] } 27... Qxa8
{ [%clk 0:05:29] } 28. Re1 { [%clk 0:04:16] } 28... Bxf3 { [%clk 0:05:20] } 29.
gxf3 { [%clk 0:03:50] } 29... Na5 { [%clk 0:05:09] } 30. Be4 { [%clk 0:03:15] }
30... Nxe4 { [%clk 0:05:06] } 31. fxe4 { [%clk 0:03:12] } 31... Rc8
{ [%clk 0:04:51] } 32. Qe5 { [%clk 0:02:53] } 32... Nb3 { [%clk 0:04:49] } 33.
Nh5 { [%clk 0:02:42] } 33... f6 { [%clk 0:04:39] } 34. Qd5+ { [%clk 0:02:01] }
34... Qxd5 { [%clk 0:03:54] } 35. exd5 { [%clk 0:01:37] } 35... Nxd2
{ [%clk 0:02:56] } 36. Rd1 { [%clk 0:01:23] } 36... Ne4 { [%clk 0:01:52] } 37.
Kg2 { [%clk 0:01:03] } 37... Nxc3 { [%clk 0:01:46] } 38. Rd2 { [%clk 0:00:57] }
38... Ne4 { [%clk 0:01:40] } 39. Rd1 { [%clk 0:00:52] } 39... c3
{ [%clk 0:01:35] } 40. d6 { [%clk 0:00:50] } 40... c2 { [%clk 0:01:24] } 41. d7
{ [%clk 0:00:38] } 41... Rd8 { [%clk 0:01:01] } 42. Rc1 { [%clk 0:00:36] }
42... Rxd7 { [%clk 0:00:56] } 43. Rxc2 { [%clk 0:00:35] } 43... Rd2+
{ [%clk 0:00:52] } 44. Rxd2 { [%clk 0:00:32] } 44... Nxd2 { [%clk 0:00:46] }
45. Kf2 { [%clk 0:00:30] } 45... Ne4+ { [%clk 0:00:41] } 46. Kf3
{ [%clk 0:00:28] } 46... Ng5+ { [%clk 0:00:39] } 47. Ke3 { [%clk 0:00:25] }
47... Nxh3 { [%clk 0:00:37] } 48. Kd4 { [%clk 0:00:25] } 48... Nf4
{ [%clk 0:00:35] } 49. Nxf4 { [%clk 0:00:24] } 49... Kh7 { [%clk 0:00:33] } 50.
Ne6 { [%clk 0:00:24] } 50... h5 { [%clk 0:00:31] } 51. Ke3 { [%clk 0:00:23] }
51... h4 { [%clk 0:00:27] } 52. Kf3 { [%clk 0:00:23] } 52... g5
{ [%clk 0:00:23] } 53. Kg4 { [%clk 0:00:20] } 53... Kh6 { [%clk 0:00:19] } 54.
Nf8 { [%clk 0:00:17] } 54... Kg7 { [%clk 0:00:13] } 55. Ne6+ { [%clk 0:00:17] }
55... Kf7 { [%clk 0:00:10] } 56. Nd4 { [%clk 0:00:17] } 56... Ke7
{ [%clk 0:00:08] } 57. Nf3 { [%clk 0:00:15] } 57... Kd6 { [%clk 0:00:06] } 58.
Nd2 { [%clk 0:00:14] } 58... Ke5 { [%clk 0:00:05] } 59. Ne4 { [%clk 0:00:13] }
59... Kxe4 { [%clk 0:00:01] } 60. Kh5 { [%clk 0:00:11] } 60... Kxf5
{ [%clk 0:00:01] } 61. Kh6 { [%clk 0:00:09] } 61... h3 { [%clk 0:00:01] } 62.
Kg7 { [%clk 0:00:09] } 1/2-1/2"
Rated Rapid game,https://lichess.org/DyzsLv2t,2024.08.01,-,mohamadmohsen,riggers96,1-0,2024.08.01,08:45:28,1023,1033,,,C50,Italian Game: Paris Defense,600+0,Normal,"1. e4 { [%clk 0:10:00] } 1... e5 { [%clk 0:10:00] } 2. Nf3 { [%clk 0:09:56] }
2... Nc6 { [%clk 0:09:57] } 3. Bc4 { [%clk 0:09:50] } 3... d6
{ [%clk 0:09:50] } 4. c3 { [%clk 0:09:37] } 4... a6 { [%clk 0:09:32] } 5. d4
{ [%clk 0:09:33] } 5... exd4 { [%clk 0:09:20] } 6. Nxd4 { [%clk 0:09:26] } 6...
f5 { [%clk 0:09:11] } 7. Nxc6 { [%clk 0:08:57] } 7... bxc6 { [%clk 0:09:08] }
8. Qf3 { [%clk 0:08:51] } 8... g6 { [%clk 0:08:57] } 9. exf5 { [%clk 0:08:38] }
9... gxf5 { [%clk 0:08:51] } 10. O-O { [%clk 0:08:37] } 10... d5
{ [%clk 0:08:46] } 11. Re1+ { [%clk 0:08:27] } 11... Ne7 { [%clk 0:08:42] } 12.
Qh5+ { [%clk 0:08:16] } 12... Kd7 { [%clk 0:08:33] } 13. Bd3 { [%clk 0:07:51] }
13... Bb7 { [%clk 0:08:05] } 14. Bxf5+ { [%clk 0:07:35] } 14... Nxf5
{ [%clk 0:08:03] } 15. Qxf5+ { [%clk 0:07:31] } 15... Kd6 { [%clk 0:08:00] }
16. Qe5+ { [%clk 0:07:06] } 16... Kc5 { [%clk 0:07:56] } 17. b4+
{ [%clk 0:06:52] } 17... Kb6 { [%clk 0:07:53] } 18. Be3+ { [%clk 0:06:32] }
18... Kb5 { [%clk 0:07:45] } 19. a4+ { [%clk 0:06:21] } 19... Kc4
{ [%clk 0:07:39] } 20. Qd4+ { [%clk 0:06:14] } 20... Kb3 { [%clk 0:07:35] } 21.
c4 { [%clk 0:06:00] } 21... Bxb4 { [%clk 0:06:45] } 22. Qd1+ { [%clk 0:05:34] }
22... Kxc4 { [%clk 0:06:42] } 23. Qd4+ { [%clk 0:05:29] } 23... Kb3
{ [%clk 0:06:36] } 24. Nd2+ { [%clk 0:05:06] } 24... Bxd2 { [%clk 0:06:20] }
25. Rab1+ { [%clk 0:05:00] } 25... Kc2 { [%clk 0:06:03] } 26. Qxd2#
{ [%clk 0:04:51] } 1-0"
Rated Rapid game,https://lichess.org/xkrFvN7t,2024.08.01,-,selimip,Mst_tsM,0-1,2024.08.01,08:45:28,2171,2192,,,B92,"Sicilian Defense: Najdorf Variation, Opocensky Variation",600+0,Normal,"1. e4 { [%eval 0.15] [%clk 0:10:00] } 1... c5 { [%eval 0.25] [%clk 0:10:00] }
2. Nf3 { [%eval 0.22] [%clk 0:09:58] } 2... d6 { [%eval 0.26] [%clk 0:09:55] }
3. d4 { [%eval 0.26] [%clk 0:09:56] } 3... cxd4 { [%eval 0.31] [%clk 0:09:55] }
4. Nxd4 { [%eval 0.18] [%clk 0:09:55] } 4... Nf6
{ [%eval 0.24] [%clk 0:09:54] } 5. Nc3 { [%eval 0.18] [%clk 0:09:53] } 5... a6
{ [%eval 0.29] [%clk 0:09:52] } 6. Be2 { [%eval 0.19] [%clk 0:09:43] } 6... g6
{ [%eval 0.62] [%clk 0:09:48] } 7. Be3 { [%eval 0.54] [%clk 0:09:42] } 7... Bg7
{ [%eval 0.67] [%clk 0:09:46] } 8. Qd2 { [%eval 0.76] [%clk 0:09:40] } 8... b5
$6 { [%eval 1.43] [%clk 0:09:37] } 9. a3 $2 { [%eval 0.26] [%clk 0:09:39] }
9... Qc7 { [%eval 0.66] [%clk 0:09:31] } 10. f3 { [%eval 0.33] [%clk 0:09:30] }
10... Nc6 { [%eval 0.55] [%clk 0:09:22] } 11. O-O
{ [%eval 0.14] [%clk 0:09:11] } 11... Nxd4 { [%eval 0.14] [%clk 0:09:18] } 12.
Bxd4 { [%eval 0.19] [%clk 0:09:08] } 12... O-O { [%eval 0.17] [%clk 0:09:11] }
13. Rac1 { [%eval 0.0] [%clk 0:09:01] } 13... Bb7
{ [%eval -0.01] [%clk 0:09:05] } 14. Rfd1 { [%eval -0.06] [%clk 0:08:50] }
14... Rac8 { [%eval 0.06] [%clk 0:09:00] } 15. Nd5
{ [%eval 0.0] [%clk 0:08:39] } 15... Bxd5 { [%eval 0.0] [%clk 0:08:28] } 16.
exd5 { [%eval -0.02] [%clk 0:08:37] } 16... Qb7 { [%eval 0.01] [%clk 0:08:12] }
17. Be3 { [%eval -0.21] [%clk 0:08:11] } 17... Nd7
{ [%eval -0.22] [%clk 0:07:16] } 18. c3 { [%eval -0.21] [%clk 0:07:32] } 18...
Nc5 { [%eval -0.03] [%clk 0:07:07] } 19. Qc2 { [%eval -0.41] [%clk 0:06:59] }
19... h6 { [%eval -0.05] [%clk 0:06:26] } 20. b3
{ [%eval -0.29] [%clk 0:06:40] } 20... Rc7 { [%eval -0.18] [%clk 0:06:00] } 21.
c4 { [%eval -0.26] [%clk 0:06:37] } 21... Rfc8 { [%eval 0.04] [%clk 0:05:44] }
22. b4 { [%eval -0.4] [%clk 0:05:20] } 22... Nd7
{ [%eval -0.09] [%clk 0:05:31] } 23. c5 $2 { [%eval -2.39] [%clk 0:05:18] }
23... dxc5 { [%eval -2.36] [%clk 0:05:24] } 24. d6 $6
{ [%eval -3.32] [%clk 0:05:03] } 24... exd6 { [%eval -3.36] [%clk 0:05:06] }
25. Rxd6 $2 { [%eval -5.11] [%clk 0:03:53] } 25... cxb4
{ [%eval -4.98] [%clk 0:04:57] } 26. Qb1 { [%eval -5.26] [%clk 0:03:51] } 26...
Rxc1+ { [%eval -4.96] [%clk 0:04:47] } 27. Bxc1
{ [%eval -4.72] [%clk 0:03:49] } 27... Qc7 { [%eval -4.46] [%clk 0:04:24] } 28.
Bf4 { [%eval -5.32] [%clk 0:03:44] } 28... Ne5 { [%eval -4.94] [%clk 0:03:52] }
29. Rxa6 { [%eval -5.96] [%clk 0:03:25] } 29... Qc5+ $2
{ [%eval -4.11] [%clk 0:03:35] } 30. Kf1 { [%eval -3.6] [%clk 0:03:18] } 30...
bxa3 { [%eval -2.96] [%clk 0:03:27] } 31. Qxb5 { [%eval -2.84] [%clk 0:03:08] }
31... Qc3 { [%eval -2.45] [%clk 0:03:00] } 32. Qa4 $4
{ [%eval -5.92] [%clk 0:02:31] } 32... Nd3 { [%eval -6.29] [%clk 0:02:12] } 33.
Bxd3 { [%eval -6.36] [%clk 0:02:03] } 33... Qxd3+
{ [%eval -6.07] [%clk 0:02:08] } 34. Kf2 { [%eval -6.07] [%clk 0:02:00] } 34...
Rc2+ { [%eval -5.98] [%clk 0:01:36] } 35. Kg3 { [%eval -6.81] [%clk 0:01:56] }
35... Qe2 { [%eval -6.38] [%clk 0:01:29] } 36. Ra8+
{ [%eval -5.77] [%clk 0:01:27] } 36... Kh7 { [%eval -5.91] [%clk 0:01:26] } 37.
Qe8 $4 { [%eval #-3] [%clk 0:01:18] } 37... Qxg2+
{ [%eval #-2] [%clk 0:01:15] } 38. Kh4 { [%eval #-2] [%clk 0:01:16] } 38... g5+
{ [%eval #-3] [%clk 0:01:10] } 39. Kh5 { [%eval #-1] [%clk 0:01:12] } 39...
Qxf3# { [%clk 0:01:07] } 0-1"
Rated Rapid game,https://lichess.org/qVqUL2VQ,2024.08.01,-,r2023valentin,sito1963,0-1,2024.08.01,08:45:28,1650,1651,,,A45,Queen's Pawn Game: Chigorin Variation,600+0,Normal,"1. d4 { [%clk 0:10:00] } 1... d5 { [%clk 0:10:00] } 2. Nc3 { [%clk 0:09:59] }
2... Nf6 { [%clk 0:09:46] } 3. b4 { [%clk 0:09:57] } 3... b6 { [%clk 0:09:41] }
4. a4 { [%clk 0:09:55] } 4... Bb7 { [%clk 0:09:39] } 5. Ba3 { [%clk 0:09:54] }
5... e6 { [%clk 0:09:35] } 6. g3 { [%clk 0:09:52] } 6... Bd6 { [%clk 0:09:24] }
7. e3 { [%clk 0:09:51] } 7... Qe7 { [%clk 0:09:18] } 8. Rb1 { [%clk 0:09:47] }
8... Ne4 { [%clk 0:09:10] } 9. Nxe4 { [%clk 0:09:44] } 9... dxe4
{ [%clk 0:09:08] } 10. Bg2 { [%clk 0:09:42] } 10... f5 { [%clk 0:09:06] } 11.
Nh3 { [%clk 0:09:40] } 11... a5 { [%clk 0:08:48] } 12. c3 { [%clk 0:09:38] }
12... axb4 { [%clk 0:08:44] } 13. Bxb4 { [%clk 0:09:35] } 13... Bxb4
{ [%clk 0:08:41] } 14. cxb4 { [%clk 0:09:30] } 14... Nc6 { [%clk 0:08:37] } 15.
b5 { [%clk 0:09:28] } 15... Nb4 { [%clk 0:08:29] } 16. O-O { [%clk 0:09:22] }
16... O-O { [%clk 0:08:20] } 17. Qh5 { [%clk 0:09:15] } 17... Rf6
{ [%clk 0:08:07] } 18. Nf4 { [%clk 0:09:03] } 18... Rxa4 { [%clk 0:08:02] } 19.
Qd1 { [%clk 0:08:58] } 19... Ra5 { [%clk 0:07:52] } 20. Ra1 { [%clk 0:08:54] }
20... Rxa1 { [%clk 0:07:49] } 21. Qxa1 { [%clk 0:08:53] } 21... Nd5
{ [%clk 0:07:45] } 22. Qa7 { [%clk 0:08:48] } 22... Bc8 { [%clk 0:07:37] } 23.
f3 { [%clk 0:08:37] } 23... Nxf4 { [%clk 0:07:24] } 24. exf4 { [%clk 0:08:32] }
24... exf3 { [%clk 0:07:19] } 25. Bxf3 { [%clk 0:08:30] } 25... Rf8
{ [%clk 0:07:12] } 26. d5 { [%clk 0:08:25] } 26... Rf6 { [%clk 0:06:58] } 27.
Qb8 { [%clk 0:08:21] } 27... Qd8 { [%clk 0:06:44] } 28. dxe6 { [%clk 0:08:13] }
28... Rxe6 { [%clk 0:06:33] } 29. Bd5 { [%clk 0:08:02] } 29... Qxd5
{ [%clk 0:06:29] } 30. Qxc8+ { [%clk 0:08:01] } 30... Kf7 { [%clk 0:06:27] }
31. Qxc7+ { [%clk 0:07:59] } 31... Kg6 { [%clk 0:06:23] } 32. Qc8
{ [%clk 0:07:38] } 32... Rf6 { [%clk 0:06:15] } 33. Qe8+ { [%clk 0:07:33] }
33... Kh6 { [%clk 0:06:08] } 34. h3 { [%clk 0:07:26] } 34... Re6
{ [%clk 0:06:01] } 35. g4 { [%clk 0:07:20] } 35... Rxe8 { [%clk 0:05:57] } 0-1"
Rated Rapid game,https://lichess.org/KXPCDXVE,2024.08.01,-,warriors1985,Emre1997,1-0,2024.08.01,08:45:28,1480,1465,,,D02,Queen's Pawn Game: Zukertort Variation,600+0,Normal,"1. Nf3 { [%clk 0:10:00] } 1... d5 { [%clk 0:10:00] } 2. d4 { [%clk 0:09:58] }
2... g6 { [%clk 0:09:56] } 3. c4 { [%clk 0:09:57] } 3... dxc4
{ [%clk 0:09:54] } 4. Nc3 { [%clk 0:09:56] } 4... Bg7 { [%clk 0:09:51] } 5. e4
{ [%clk 0:09:54] } 5... Bg4 { [%clk 0:09:26] } 6. e5 { [%clk 0:09:23] } 6...
Nc6 { [%clk 0:09:03] } 7. Be3 { [%clk 0:09:18] } 7... f6 { [%clk 0:08:51] } 8.
h3 { [%clk 0:09:06] } 8... Bxf3 { [%clk 0:08:49] } 9. Qxf3 { [%clk 0:08:59] }
9... fxe5 { [%clk 0:08:48] } 10. d5 { [%clk 0:08:38] } 10... Nd4
{ [%clk 0:08:13] } 11. Qe4 { [%clk 0:07:53] } 11... Qd7 { [%clk 0:07:47] } 12.
Rc1 { [%clk 0:07:34] } 12... Nf6 { [%clk 0:07:43] } 13. Qxe5 { [%clk 0:07:31] }
13... O-O { [%clk 0:07:32] } 14. Bxd4 { [%clk 0:07:23] } 14... Nxd5
{ [%clk 0:07:26] } 15. Qxg7# { [%clk 0:07:21] } 1-0"
Rated Rapid game,https://lichess.org/fnBhF2vm,2024.08.01,-,jonanderrv,Deadly_Hamster,1-0,2024.08.01,08:45:28,1693,1678,,,A40,Horwitz Defense,600+0,Normal,"1. d4 { [%clk 0:10:00] } 1... e6 { [%clk 0:10:00] } 2. Nf3 { [%clk 0:09:58] }
2... d5 { [%clk 0:09:59] } 3. e3 { [%clk 0:09:57] } 3... c5 { [%clk 0:09:58] }
4. c3 { [%clk 0:09:56] } 4... Nc6 { [%clk 0:09:57] } 5. Bd3 { [%clk 0:09:54] }
5... Nf6 { [%clk 0:09:51] } 6. O-O { [%clk 0:09:53] } 6... Bd6
{ [%clk 0:09:49] } 7. Nbd2 { [%clk 0:09:48] } 7... a6 { [%clk 0:09:48] } 8. a4
{ [%clk 0:09:47] } 8... a5 { [%clk 0:09:29] } 9. Qe2 { [%clk 0:09:42] } 9...
O-O { [%clk 0:09:24] } 10. e4 { [%clk 0:09:37] } 10... dxe4 { [%clk 0:09:18] }
11. Nxe4 { [%clk 0:09:34] } 11... Nxe4 { [%clk 0:09:10] } 12. Bxe4
{ [%clk 0:09:32] } 12... cxd4 { [%clk 0:08:48] } 13. Bxc6 { [%clk 0:09:30] }
13... bxc6 { [%clk 0:08:35] } 14. Nxd4 { [%clk 0:09:20] } 14... c5
{ [%clk 0:08:15] } 15. Nb5 { [%clk 0:09:11] } 15... Ba6 { [%clk 0:08:02] } 16.
Rd1 { [%clk 0:08:53] } 16... Qe7 { [%clk 0:07:51] } 17. Qg4 { [%clk 0:08:17] }
17... Rad8 { [%clk 0:07:14] } 18. Bh6 { [%clk 0:07:57] } 18... Qf6
{ [%clk 0:06:45] } 19. Bg5 { [%clk 0:07:52] } 19... Qg6 { [%clk 0:06:37] } 20.
h3 { [%clk 0:07:28] } 20... f6 { [%clk 0:06:32] } 21. Qxe6+ { [%clk 0:07:23] }
21... Kh8 { [%clk 0:06:26] } 22. Be3 { [%clk 0:07:13] } 22... Rfe8
{ [%clk 0:06:21] } 23. Qg4 { [%clk 0:06:58] } 23... Qf7 { [%clk 0:05:50] } 24.
Nxd6 { [%clk 0:06:51] } 24... Rxd6 { [%clk 0:05:47] } 25. Rxd6
{ [%clk 0:06:48] } 25... Bc8 { [%clk 0:05:43] } 26. Qg3 { [%clk 0:06:34] }
26... Qb3 { [%clk 0:05:25] } 27. Bxc5 { [%clk 0:04:17] } 27... Qxb2
{ [%clk 0:05:00] } 28. Rad1 { [%clk 0:03:43] } 28... Qc2 { [%clk 0:04:24] } 29.
Rd8 { [%clk 0:03:25] } 29... Qxd1+ { [%clk 0:04:13] } 30. Rxd1
{ [%clk 0:03:07] } 1-0"
Rated Rapid game,https://lichess.org/ratJVUlP,2024.08.01,-,chesspro12345678901,HO0312,0-1,2024.08.01,08:45:28,1967,1944,,,D10,Slav Defense,600+0,Normal,"1. d4 { [%eval 0.16] [%clk 0:10:00] } 1... d5 { [%eval 0.23] [%clk 0:10:00] }
2. c4 { [%eval 0.19] [%clk 0:09:55] } 2... c6 { [%eval 0.21] [%clk 0:09:59] }
3. g3 { [%eval 0.12] [%clk 0:09:53] } 3... Nf6 { [%eval 0.21] [%clk 0:09:53] }
4. Bg2 { [%eval 0.05] [%clk 0:09:49] } 4... e6 { [%eval 0.26] [%clk 0:09:50] }
5. Nc3 { [%eval 0.0] [%clk 0:09:40] } 5... Be7 { [%eval 0.18] [%clk 0:09:48] }
6. Nf3 { [%eval 0.14] [%clk 0:09:31] } 6... O-O { [%eval 0.23] [%clk 0:09:45] }
7. O-O { [%eval 0.19] [%clk 0:09:25] } 7... dxc4
{ [%eval 0.43] [%clk 0:09:43] } 8. Ne5 { [%eval 0.51] [%clk 0:09:13] } 8...
Nbd7 { [%eval 0.48] [%clk 0:09:27] } 9. Nxc4 { [%eval 0.4] [%clk 0:09:06] }
9... Nb6 { [%eval 0.67] [%clk 0:09:25] } 10. Nxb6 $6
{ [%eval 0.1] [%clk 0:08:02] } 10... axb6 { [%eval 0.12] [%clk 0:09:22] } 11.
e4 { [%eval 0.01] [%clk 0:08:00] } 11... c5 $6 { [%eval 0.99] [%clk 0:09:06] }
12. dxc5 { [%eval 0.65] [%clk 0:07:51] } 12... Bxc5
{ [%eval 0.7] [%clk 0:09:03] } 13. Bg5 { [%eval 0.19] [%clk 0:07:23] } 13...
Qc7 $6 { [%eval 1.15] [%clk 0:08:53] } 14. Bxf6 $6
{ [%eval 0.48] [%clk 0:06:59] } 14... gxf6 { [%eval 0.5] [%clk 0:08:50] } 15.
Qh5 { [%eval 0.01] [%clk 0:06:54] } 15... Qe5 { [%eval 0.48] [%clk 0:08:42] }
16. Qxe5 { [%eval 0.57] [%clk 0:06:39] } 16... fxe5
{ [%eval 0.44] [%clk 0:08:40] } 17. Kh1 $2 { [%eval -0.67] [%clk 0:06:25] }
17... Bd7 { [%eval -0.64] [%clk 0:08:37] } 18. f4
{ [%eval -0.67] [%clk 0:05:55] } 18... exf4 { [%eval -0.37] [%clk 0:08:08] }
19. Rxf4 { [%eval -0.44] [%clk 0:05:51] } 19... Bc6
{ [%eval -0.19] [%clk 0:08:06] } 20. Rg4+ { [%eval -0.36] [%clk 0:05:27] }
20... Kh8 { [%eval -0.35] [%clk 0:08:03] } 21. Rf1 $6
{ [%eval -0.92] [%clk 0:05:07] } 21... f5 $6 { [%eval 0.05] [%clk 0:07:59] }
22. exf5 { [%eval 0.05] [%clk 0:04:43] } 22... Bxg2+
{ [%eval 0.23] [%clk 0:07:56] } 23. Kxg2 { [%eval 0.2] [%clk 0:04:43] } 23...
exf5 { [%eval 0.13] [%clk 0:07:47] } 24. Rgf4 { [%eval 0.11] [%clk 0:04:39] }
24... Rad8 { [%eval 0.23] [%clk 0:07:42] } 25. Rxf5
{ [%eval 0.15] [%clk 0:04:25] } 25... Rd2+ { [%eval 0.17] [%clk 0:07:38] } 26.
Kh3 { [%eval 0.13] [%clk 0:04:22] } 26... Rg8 $2
{ [%eval 1.18] [%clk 0:07:32] } 27. Na4 { [%eval 1.33] [%clk 0:04:17] } 27...
Rg6 { [%eval 1.35] [%clk 0:07:29] } 28. Nxc5 { [%eval 1.41] [%clk 0:04:13] }
28... bxc5 { [%eval 1.61] [%clk 0:07:18] } 29. Rxc5 $2
{ [%eval 0.04] [%clk 0:04:13] } 29... Rh6+ { [%eval 0.08] [%clk 0:07:07] } 30.
Kg4 { [%eval 0.18] [%clk 0:04:07] } 30... Rxb2 { [%eval 0.44] [%clk 0:07:03] }
31. Rf7 { [%eval 0.0] [%clk 0:04:01] } 31... Rg6+
{ [%eval 0.07] [%clk 0:06:59] } 32. Kh5 $4 { [%eval #-1] [%clk 0:03:53] } 32...
Rxh2# { [%clk 0:06:58] } 0-1"
Rated Rapid game,https://lichess.org/ut7izkPz,2024.08.01,-,Frejustein-x,RibeyeMD,1-0,2024.08.01,08:45:28,1920,1805,,,D11,Slav Defense: Modern Line,600+0,Normal,"1. d4 { [%clk 0:10:00] } 1... c6 { [%clk 0:10:00] } 2. c4 { [%clk 0:09:59] }
2... d5 { [%clk 0:10:00] } 3. Nf3 { [%clk 0:09:59] } 3... Nf6
{ [%clk 0:09:55] } 4. g3 { [%clk 0:09:48] } 4... e6 { [%clk 0:09:52] } 5. Bg2
{ [%clk 0:09:45] } 5... Be7 { [%clk 0:09:34] } 6. O-O { [%clk 0:09:45] } 6...
h6 { [%clk 0:09:31] } 7. Nc3 { [%clk 0:09:28] } 7... O-O { [%clk 0:09:27] } 8.
Re1 { [%clk 0:09:02] } 8... dxc4 { [%clk 0:09:23] } 9. e4 { [%clk 0:09:01] }
9... Nfd7 { [%clk 0:08:40] } 10. d5 { [%clk 0:08:41] } 10... Nb6
{ [%clk 0:08:16] } 11. dxe6 { [%clk 0:08:14] } 11... Bxe6 { [%clk 0:08:14] }
12. Qc2 { [%clk 0:08:10] } 12... Bb4 { [%clk 0:07:01] } 13. a3
{ [%clk 0:08:08] } 13... Bxc3 { [%clk 0:07:00] } 14. Qxc3 { [%clk 0:08:06] }
14... Qe7 { [%clk 0:06:56] } 15. Nd4 { [%clk 0:08:03] } 15... Na6
{ [%clk 0:06:44] } 16. Be3 { [%clk 0:07:58] } 16... Rad8 { [%clk 0:06:39] } 17.
Nxe6 { [%clk 0:07:57] } 17... Qxe6 { [%clk 0:06:37] } 18. Bxb6
{ [%clk 0:07:56] } 18... axb6 { [%clk 0:06:36] } 19. Rac1 { [%clk 0:07:54] }
19... b5 { [%clk 0:06:33] } 20. a4 { [%clk 0:07:53] } 20... Rd3
{ [%clk 0:06:22] } 21. Qa5 { [%clk 0:07:45] } 21... Nc5 { [%clk 0:05:48] } 22.
axb5 { [%clk 0:07:25] } 22... Nb3 { [%clk 0:05:46] } 23. Qa4 { [%clk 0:07:09] }
23... Nxc1 { [%clk 0:05:45] } 24. Rxc1 { [%clk 0:07:09] } 24... Rd4
{ [%clk 0:05:18] } 25. Bf1 { [%clk 0:06:31] } 25... cxb5 { [%clk 0:04:58] } 26.
Qxb5 { [%clk 0:06:10] } 26... Qc6 { [%clk 0:03:02] } 27. Qxc6
{ [%clk 0:06:04] } 27... bxc6 { [%clk 0:03:00] } 28. Rxc4 { [%clk 0:06:03] }
28... Rxc4 { [%clk 0:02:59] } 29. Bxc4 { [%clk 0:06:02] } 29... Rb8
{ [%clk 0:02:54] } 30. b3 { [%clk 0:06:00] } 30... Kf8 { [%clk 0:02:49] } 31.
Kg2 { [%clk 0:05:58] } 31... f6 { [%clk 0:02:48] } 32. f4 { [%clk 0:05:57] }
32... Ke7 { [%clk 0:02:47] } 33. g4 { [%clk 0:05:56] } 33... Kd6
{ [%clk 0:02:46] } 34. Kf3 { [%clk 0:05:55] } 34... Kc5 { [%clk 0:02:45] } 35.
h4 { [%clk 0:05:45] } 35... Rd8 { [%clk 0:02:43] } 36. Ke3 { [%clk 0:05:44] }
36... Kb4 { [%clk 0:02:40] } 37. g5 { [%clk 0:05:39] } 37... h5
{ [%clk 0:01:09] } 38. gxf6 { [%clk 0:04:47] } 38... gxf6 { [%clk 0:01:00] }
39. Bf7 { [%clk 0:04:36] } 39... Rh8 { [%clk 0:00:57] } 40. e5
{ [%clk 0:04:31] } 40... fxe5 { [%clk 0:00:50] } 41. fxe5 { [%clk 0:04:16] }
41... Rf8 { [%clk 0:00:44] } 1-0"
Rated Rapid game,https://lichess.org/P4HOGDqS,2024.08.01,-,ksg6782,brumbrumhehe,0-1,2024.08.01,08:45:28,1729,1728,,,B01,Scandinavian Defense: Mieses-Kotroc Variation,600+0,Normal,"1. e4 { [%clk 0:10:00] } 1... d5 { [%clk 0:10:00] } 2. exd5 { [%clk 0:09:58] }
2... Qxd5 { [%clk 0:10:00] } 3. Nf3 { [%clk 0:09:57] } 3... Bg4
{ [%clk 0:09:58] } 4. Be2 { [%clk 0:09:56] } 4... Nf6 { [%clk 0:09:57] } 5. Nc3
{ [%clk 0:09:56] } 5... Qa5 { [%clk 0:09:56] } 6. d3 { [%clk 0:09:55] } 6... c6
{ [%clk 0:09:53] } 7. Bd2 { [%clk 0:09:54] } 7... e6 { [%clk 0:09:45] } 8. Ne4
{ [%clk 0:09:51] } 8... Qf5 { [%clk 0:09:35] } 9. Ng3 { [%clk 0:09:43] } 9...
Qd5 { [%clk 0:09:28] } 10. c4 { [%clk 0:09:35] } 10... Qd8 { [%clk 0:09:23] }
11. Qb3 { [%clk 0:09:20] } 11... Nbd7 { [%clk 0:09:15] } 12. Qxb7
{ [%clk 0:09:07] } 12... Qc8 { [%clk 0:09:03] } 13. Qxc8+ { [%clk 0:09:05] }
13... Rxc8 { [%clk 0:09:03] } 14. h3 { [%clk 0:08:55] } 14... Bxf3
{ [%clk 0:09:00] } 15. Bxf3 { [%clk 0:08:54] } 15... Bc5 { [%clk 0:08:55] } 16.
O-O { [%clk 0:08:51] } 16... Bd4 { [%clk 0:08:49] } 17. Rab1 { [%clk 0:08:45] }
17... Rb8 { [%clk 0:08:47] } 18. b4 { [%clk 0:08:42] } 18... Ne5
{ [%clk 0:08:37] } 19. Bf4 { [%clk 0:08:17] } 19... Nxf3+ { [%clk 0:08:27] }
20. gxf3 { [%clk 0:08:13] } 20... e5 { [%clk 0:08:26] } 21. Rfe1
{ [%clk 0:08:07] } 21... Nd7 { [%clk 0:08:21] } 22. Nf5 { [%clk 0:08:00] }
22... Bc3 { [%clk 0:08:15] } 23. Re2 { [%clk 0:07:45] } 23... O-O
{ [%clk 0:08:04] } 24. Be3 { [%clk 0:07:22] } 24... Rxb4 { [%clk 0:07:57] } 25.
Rxb4 { [%clk 0:07:19] } 25... Bxb4 { [%clk 0:07:57] } 26. Bxa7
{ [%clk 0:07:17] } 26... g6 { [%clk 0:07:53] } 27. Nh6+ { [%clk 0:07:04] }
27... Kg7 { [%clk 0:07:52] } 28. Be3 { [%clk 0:06:59] } 28... f5
{ [%clk 0:07:46] } 29. Rb2 { [%clk 0:06:46] } 29... c5 { [%clk 0:07:43] } 30.
a3 { [%clk 0:06:41] } 30... Bxa3 { [%clk 0:07:41] } 31. Rb7 { [%clk 0:06:39] }
31... Rd8 { [%clk 0:07:38] } 32. Ra7 { [%clk 0:06:18] } 32... Bb4
{ [%clk 0:07:34] } 33. Ra6 { [%clk 0:05:59] } 33... f4 { [%clk 0:07:26] } 34.
Bxf4 { [%clk 0:05:17] } 34... exf4 { [%clk 0:07:24] } 35. Ng4
{ [%clk 0:05:17] } 35... h5 { [%clk 0:07:11] } 36. Nh2 { [%clk 0:05:07] } 36...
Nf6 { [%clk 0:07:05] } 37. Ra7+ { [%clk 0:04:37] } 37... Kh6 { [%clk 0:07:02] }
38. Rf7 { [%clk 0:04:31] } 38... Ng8 { [%clk 0:06:50] } 39. Rxf4
{ [%clk 0:04:15] } 39... Rxd3 { [%clk 0:06:48] } 40. Rh4 { [%clk 0:04:11] }
40... Nf6 { [%clk 0:06:42] } 41. Ng4+ { [%clk 0:03:58] } 41... Nxg4
{ [%clk 0:06:41] } 42. fxg4 { [%clk 0:03:54] } 42... Kg5 { [%clk 0:06:39] } 0-1"
Rated Rapid game,https://lichess.org/UIpBQHGn,2024.08.01,-,yousifsalama,winter-123,1-0,2024.08.01,08:45:28,1568,1539,,,C00,French Defense: King's Indian Attack,600+0,Normal,"1. e4 { [%clk 0:10:00] } 1... e6 { [%clk 0:10:00] } 2. d3 { [%clk 0:09:58] }
2... d5 { [%clk 0:09:58] } 3. Nd2 { [%clk 0:09:57] } 3... Bd6
{ [%clk 0:09:51] } 4. Ngf3 { [%clk 0:09:56] } 4... e5 { [%clk 0:09:47] } 5.
exd5 { [%clk 0:09:53] } 5... Bg4 { [%clk 0:09:45] } 6. h3 { [%clk 0:09:49] }
6... Bxf3 { [%clk 0:09:39] } 7. Qxf3 { [%clk 0:09:47] } 7... Nf6
{ [%clk 0:09:38] } 8. g3 { [%clk 0:09:45] } 8... Nbd7 { [%clk 0:09:35] } 9. Bg2
{ [%clk 0:09:43] } 9... O-O { [%clk 0:09:31] } 10. O-O { [%clk 0:09:42] } 10...
Re8 { [%clk 0:09:29] } 11. Re1 { [%clk 0:09:41] } 11... a5 { [%clk 0:09:18] }
12. Ne4 { [%clk 0:09:39] } 12... b5 { [%clk 0:09:15] } 13. Nxf6+
{ [%clk 0:09:35] } 13... Nxf6 { [%clk 0:09:14] } 14. c4 { [%clk 0:09:30] }
14... bxc4 { [%clk 0:09:10] } 15. dxc4 { [%clk 0:09:29] } 15... Bb4
{ [%clk 0:09:06] } 16. Re2 { [%clk 0:09:26] } 16... e4 { [%clk 0:09:03] } 17.
Qf4 { [%clk 0:09:20] } 17... Bd6 { [%clk 0:09:00] } 18. Qe3 { [%clk 0:09:18] }
18... Qe7 { [%clk 0:08:54] } 19. a3 { [%clk 0:09:08] } 19... Bc5
{ [%clk 0:08:48] } 20. Qc3 { [%clk 0:09:05] } 20... Ra6 { [%clk 0:08:31] } 21.
Bd2 { [%clk 0:09:03] } 21... Bb6 { [%clk 0:08:11] } 22. Rae1 { [%clk 0:08:56] }
22... Qc5 { [%clk 0:08:03] } 23. Be3 { [%clk 0:08:52] } 23... Qe7
{ [%clk 0:07:53] } 24. Bxb6 { [%clk 0:08:51] } 24... Rxb6 { [%clk 0:07:47] }
25. Bxe4 { [%clk 0:08:44] } 25... Nxe4 { [%clk 0:07:44] } 26. Rxe4
{ [%clk 0:08:43] } 26... Qd7 { [%clk 0:07:37] } 27. Rxe8+ { [%clk 0:08:41] }
1-0"
Rated Rapid game,https://lichess.org/ou0hsqXH,2024.08.01,-,yono123,JOELSiju21,0-1,2024.08.01,08:45:28,2126,1995,,,B12,"Caro-Kann Defense: Advance Variation, Botvinnik-Carls Defense",600+0,Normal,"1. e4 { [%clk 0:10:00] } 1... c6 { [%clk 0:10:00] } 2. d4 { [%clk 0:09:59] }
2... d5 { [%clk 0:10:00] } 3. e5 { [%clk 0:09:57] } 3... c5 { [%clk 0:09:57] }
4. dxc5 { [%clk 0:09:54] } 4... Nc6 { [%clk 0:09:52] } 5. Bf4
{ [%clk 0:09:51] } 5... Qa5+ { [%clk 0:09:47] } 6. Nd2 { [%clk 0:09:45] } 6...
Qxc5 { [%clk 0:09:44] } 7. Bg3 { [%clk 0:09:42] } 7... Bf5 { [%clk 0:09:42] }
8. c3 { [%clk 0:09:39] } 8... e6 { [%clk 0:09:40] } 9. Ngf3 { [%clk 0:09:37] }
9... Qb6 { [%clk 0:09:36] } 10. b3 { [%clk 0:09:33] } 10... Bg4
{ [%clk 0:09:30] } 11. Be2 { [%clk 0:09:31] } 11... Nge7 { [%clk 0:09:28] } 12.
O-O { [%clk 0:09:29] } 12... Nf5 { [%clk 0:09:26] } 13. Bd3 { [%clk 0:09:17] }
13... h6 { [%clk 0:09:17] } 14. Bxf5 { [%clk 0:09:15] } 14... Bxf5
{ [%clk 0:09:16] } 15. Re1 { [%clk 0:09:12] } 15... Be7 { [%clk 0:09:12] } 16.
c4 { [%clk 0:09:07] } 16... Rd8 { [%clk 0:09:01] } 17. cxd5 { [%clk 0:09:04] }
17... Rxd5 { [%clk 0:08:58] } 18. Qc1 { [%clk 0:08:55] } 18... O-O
{ [%clk 0:08:53] } 19. Nc4 { [%clk 0:08:53] } 19... Qc7 { [%clk 0:08:47] } 20.
Nd6 { [%clk 0:08:47] } 20... Bg4 { [%clk 0:08:26] } 21. Qf4 { [%clk 0:08:29] }
21... Bxf3 { [%clk 0:08:20] } 22. gxf3 { [%clk 0:08:23] } 22... Bg5
{ [%clk 0:08:14] } 23. Qg4 { [%clk 0:08:09] } 23... Be7 { [%clk 0:07:42] } 24.
Rac1 { [%clk 0:08:03] } 24... Qb6 { [%clk 0:07:35] } 25. Rc2 { [%clk 0:07:26] }
25... Nb4 { [%clk 0:06:33] } 26. Rc4 { [%clk 0:07:14] } 26... Nxa2
{ [%clk 0:06:13] } 27. Qh5 { [%clk 0:07:03] } 27... Bxd6 { [%clk 0:05:42] } 28.
exd6 { [%clk 0:06:58] } 28... Rxh5 { [%clk 0:04:56] } 29. d7 { [%clk 0:06:53] }
29... Rg5 { [%clk 0:04:40] } 30. Rc8 { [%clk 0:06:35] } 30... Rd8
{ [%clk 0:04:37] } 31. f4 { [%clk 0:06:26] } 31... Rxg3+ { [%clk 0:04:28] } 32.
hxg3 { [%clk 0:06:23] } 32... Kh7 { [%clk 0:04:20] } 33. Rd1 { [%clk 0:06:19] }
33... Nb4 { [%clk 0:04:04] } 34. Rd4 { [%clk 0:06:00] } 34... Nd5
{ [%clk 0:03:45] } 35. Rdc4 { [%clk 0:05:56] } 35... Rxd7 { [%clk 0:03:40] }
36. Ra8 { [%clk 0:05:51] } 36... Nf6 { [%clk 0:03:28] } 37. Rcc8
{ [%clk 0:05:47] } 37... Ng4 { [%clk 0:03:22] } 38. Kg2 { [%clk 0:05:43] }
38... h5 { [%clk 0:03:03] } 39. Kh3 { [%clk 0:05:39] } 39... Qxf2
{ [%clk 0:02:49] } 40. Kh4 { [%clk 0:05:35] } 40... Qh2+ { [%clk 0:02:44] } 41.
Kg5 { [%clk 0:05:31] } 41... f6# { [%clk 0:02:42] } 0-1"
Rated Rapid tournament https://lichess.org/tournament/ALHgUrA9,https://lichess.org/5PDTjnBA,2024.08.01,-,Bjkcoach,kemaluguz,0-1,2024.08.01,08:45:28,1017,928,,,C42,Russian Game,600+0,Normal,"1. e4 { [%clk 0:10:00] } 1... e5 { [%clk 0:10:00] } 2. Nf3 { [%clk 0:09:58] }
2... Nf6 { [%clk 0:09:56] } 3. Nxe5 { [%clk 0:09:56] } 3... Qe7
{ [%clk 0:09:54] } 4. Ng4 { [%clk 0:09:43] } 4... Qxe4+ { [%clk 0:09:52] } 5.
Be2 { [%clk 0:09:32] } 5... Qg6 { [%clk 0:09:33] } 6. Nxf6+ { [%clk 0:09:20] }
6... gxf6 { [%clk 0:09:30] } 7. Bc4 { [%clk 0:09:12] } 7... c6
{ [%clk 0:09:26] } 8. Qe2+ { [%clk 0:09:07] } 8... Be7 { [%clk 0:09:21] } 9.
O-O { [%clk 0:09:01] } 9... Kd8 { [%clk 0:09:13] } 10. Re1 { [%clk 0:08:56] }
10... Bd6 { [%clk 0:09:12] } 11. Nc3 { [%clk 0:08:20] } 11... Qh6
{ [%clk 0:09:08] } 12. Ne4 { [%clk 0:08:08] } 12... Qxh2+ { [%clk 0:09:04] }
13. Kf1 { [%clk 0:07:37] } 13... Qh1# { [%clk 0:09:03] } 0-1"
Rated Rapid game,https://lichess.org/YY0N0Bxe,2024.08.01,-,gao0pera,FarshadNaseri,1/2-1/2,2024.08.01,08:45:29,2042,2117,,,B21,Sicilian Defense: Smith-Morra Gambit,600+0,Normal,"1. e4 { [%eval 0.15] [%clk 0:10:00] } 1... c5 { [%eval 0.25] [%clk 0:10:00] }
2. d4 { [%eval 0.09] [%clk 0:09:57] } 2... cxd4 { [%eval 0.09] [%clk 0:09:59] }
3. Qxd4 { [%eval 0.0] [%clk 0:09:55] } 3... e6 { [%eval 0.03] [%clk 0:09:56] }
4. Qe3 { [%eval 0.14] [%clk 0:09:52] } 4... a6 { [%eval 0.34] [%clk 0:09:51] }
5. Nc3 { [%eval 0.07] [%clk 0:09:46] } 5... b5 { [%eval 0.04] [%clk 0:09:49] }
6. Bd3 { [%eval 0.2] [%clk 0:09:39] } 6... Bb7 { [%eval 0.26] [%clk 0:09:47] }
7. Nf3 { [%eval 0.2] [%clk 0:09:34] } 7... Qc7 { [%eval 0.12] [%clk 0:09:42] }
8. e5 { [%eval -0.31] [%clk 0:09:30] } 8... Ne7 { [%eval -0.3] [%clk 0:09:32] }
9. O-O { [%eval -0.47] [%clk 0:09:22] } 9... Nd5 $2
{ [%eval 0.66] [%clk 0:09:28] } 10. Nxd5 { [%eval 0.71] [%clk 0:09:17] } 10...
Bxd5 { [%eval 0.67] [%clk 0:09:26] } 11. Be4 { [%eval 0.53] [%clk 0:09:04] }
11... Bc5 { [%eval 0.54] [%clk 0:09:01] } 12. Qf4
{ [%eval 0.59] [%clk 0:08:59] } 12... Bxe4 { [%eval 0.59] [%clk 0:08:52] } 13.
Qxe4 { [%eval 0.6] [%clk 0:08:57] } 13... Nc6 { [%eval 0.45] [%clk 0:08:40] }
14. Bf4 { [%eval 0.16] [%clk 0:08:42] } 14... Rc8
{ [%eval -0.11] [%clk 0:08:24] } 15. a4 { [%eval -0.05] [%clk 0:08:36] } 15...
b4 { [%eval -0.03] [%clk 0:07:57] } 16. a5 { [%eval -0.37] [%clk 0:08:33] }
16... Nxa5 { [%eval -0.26] [%clk 0:07:48] } 17. c3
{ [%eval -0.18] [%clk 0:08:07] } 17... Nb3 { [%eval 0.02] [%clk 0:06:03] } 18.
Rxa6 { [%eval 0.02] [%clk 0:08:03] } 18... bxc3
{ [%eval -0.07] [%clk 0:06:00] } 19. bxc3 { [%eval -0.01] [%clk 0:08:00] }
19... O-O { [%eval 0.35] [%clk 0:05:17] } 20. Ra2
{ [%eval -0.11] [%clk 0:07:26] } 20... Be7 { [%eval -0.18] [%clk 0:05:01] } 21.
Rb1 { [%eval -0.42] [%clk 0:06:50] } 21... Qxc3
{ [%eval -0.35] [%clk 0:04:11] } 22. Be3 { [%eval -0.58] [%clk 0:06:35] } 22...
Nc5 { [%eval -0.57] [%clk 0:03:22] } 23. Bxc5 { [%eval -0.79] [%clk 0:06:24] }
23... Qxc5 { [%eval -0.67] [%clk 0:03:13] } 24. Rd2
{ [%eval -0.7] [%clk 0:06:21] } 24... Rfd8 { [%eval -0.49] [%clk 0:02:22] } 25.
Rbd1 { [%eval -0.71] [%clk 0:06:11] } 25... d5 { [%eval -0.25] [%clk 0:02:18] }
26. exd6 { [%eval -0.24] [%clk 0:06:05] } 26... Rxd6
{ [%eval -0.31] [%clk 0:02:15] } 27. Rxd6 { [%eval -0.28] [%clk 0:05:57] }
27... Bxd6 { [%eval -0.34] [%clk 0:02:13] } 28. Qa4
{ [%eval -0.32] [%clk 0:05:52] } 28... Bf8 { [%eval -0.21] [%clk 0:01:58] } 29.
Qe4 { [%eval -0.4] [%clk 0:05:19] } 29... Qc2 { [%eval -0.29] [%clk 0:01:51] }
30. Rd4 { [%eval -0.54] [%clk 0:05:02] } 30... Qxe4
{ [%eval -0.49] [%clk 0:01:46] } 31. Rxe4 { [%eval -0.42] [%clk 0:05:02] }
31... Rc1+ { [%eval -0.44] [%clk 0:01:43] } 32. Re1
{ [%eval -0.41] [%clk 0:04:56] } 32... Rxe1+ { [%eval -0.4] [%clk 0:01:40] }
33. Nxe1 { [%eval -0.37] [%clk 0:04:56] } 33... f5
{ [%eval -0.29] [%clk 0:01:37] } 34. f4 { [%eval -0.22] [%clk 0:04:52] } 34...
Bd6 { [%eval -0.22] [%clk 0:01:36] } 35. Nd3 { [%eval -0.43] [%clk 0:04:46] }
35... Kf7 { [%eval -0.25] [%clk 0:01:33] } 36. g3
{ [%eval -0.37] [%clk 0:04:40] } 36... Kf6 { [%eval -0.34] [%clk 0:01:31] } 37.
h4 { [%eval -0.32] [%clk 0:04:35] } 37... h6 { [%eval -0.33] [%clk 0:01:30] }
38. h5 { [%eval -0.25] [%clk 0:04:32] } 38... g5
{ [%eval -0.16] [%clk 0:01:25] } 39. hxg6 { [%eval -0.15] [%clk 0:04:31] }
39... Kxg6 { [%eval -0.14] [%clk 0:01:24] } 40. Kf2
{ [%eval -0.13] [%clk 0:04:26] } 40... Kf6 { [%eval -0.11] [%clk 0:01:23] } 41.
Ke3 { [%eval -0.12] [%clk 0:04:22] } 41... e5 { [%eval 0.0] [%clk 0:01:21] }
42. fxe5+ { [%eval 0.0] [%clk 0:04:16] } 42... Bxe5
{ [%eval 0.0] [%clk 0:01:20] } 43. Nxe5 { [%eval 0.0] [%clk 0:04:13] } 43...
Kxe5 { [%eval 0.0] [%clk 0:01:19] } 44. Kf3 { [%eval 0.0] [%clk 0:04:08] }
44... h5 { [%eval 0.0] [%clk 0:01:14] } 45. Kg2 { [%eval 0.0] [%clk 0:04:02] }
45... Ke4 { [%eval 0.0] [%clk 0:01:10] } 46. Kf2 { [%eval 0.0] [%clk 0:03:57] }
46... Ke5 { [%eval 0.0] [%clk 0:01:02] } 47. Kf3 { [%eval 0.0] [%clk 0:03:46] }
47... Kf6 { [%eval 0.0] [%clk 0:01:01] } 48. Kf4 { [%eval 0.0] [%clk 0:03:41] }
48... Kg6 { [%eval 0.0] [%clk 0:01:00] } 49. Ke3 { [%eval 0.0] [%clk 0:03:33] }
49... Kg5 { [%eval 0.0] [%clk 0:00:56] } 50. Kf3 { [%eval 0.0] [%clk 0:03:29] }
50... Kf6 { [%eval 0.0] [%clk 0:00:54] } 51. Ke3 { [%eval 0.0] [%clk 0:03:22] }
51... Ke5 { [%eval 0.0] [%clk 0:00:52] } 52. Kf3 { [%eval 0.0] [%clk 0:03:18] }
52... Ke6 { [%eval 0.0] [%clk 0:00:50] } 53. Kf4 { [%eval 0.0] [%clk 0:03:14] }
53... Kf6 { [%eval 0.0] [%clk 0:00:49] } 54. Kf3 { [%eval 0.0] [%clk 0:02:28] }
54... Kg5 { [%eval 0.0] [%clk 0:00:48] } 55. Kg2 { [%eval 0.0] [%clk 0:02:23] }
55... Kg4 { [%eval 0.0] [%clk 0:00:47] } 56. Kf2 { [%eval 0.0] [%clk 0:02:19] }
56... h4 { [%eval 0.0] [%clk 0:00:43] } 57. gxh4 { [%eval 0.0] [%clk 0:02:15] }
57... Kxh4 { [%eval 0.0] [%clk 0:00:42] } 58. Kf3
{ [%eval 0.0] [%clk 0:02:10] } 58... Kg5 { [%eval 0.0] [%clk 0:00:41] } 59. Kg3
{ [%eval 0.0] [%clk 0:02:06] } 59... f4+ { [%eval 0.0] [%clk 0:00:40] } 60. Kf3
{ [%eval 0.0] [%clk 0:02:03] } 60... Kf5 { [%eval 0.0] [%clk 0:00:39] } 61. Kf2
{ [%eval 0.0] [%clk 0:02:00] } 61... Ke4 { [%eval 0.0] [%clk 0:00:38] } 62. Ke2
{ [%eval 0.0] [%clk 0:01:56] } 62... Kd4 { [%eval 0.0] [%clk 0:00:37] } 63. Kf3
{ [%eval 0.0] [%clk 0:01:52] } 63... Ke5 { [%eval 0.0] [%clk 0:00:37] } 64. Kg2
{ [%eval 0.0] [%clk 0:01:46] } 64... Ke4 { [%eval 0.0] [%clk 0:00:33] } 65. Kf2
{ [%eval 0.0] [%clk 0:01:43] } 65... f3 { [%eval 0.0] [%clk 0:00:31] } 66. Kf1
{ [%eval 0.0] [%clk 0:01:40] } 66... Kf4 { [%eval 0.0] [%clk 0:00:30] } 67. Kf2
{ [%eval 0.0] [%clk 0:01:36] } 67... Kg4 { [%eval 0.0] [%clk 0:00:29] } 68. Kf1
{ [%eval 0.0] [%clk 0:01:32] } 68... Kg3 { [%eval 0.0] [%clk 0:00:29] } 69. Kg1
{ [%eval 0.0] [%clk 0:01:26] } 69... Kf4 { [%eval 0.0] [%clk 0:01:09] } 70. Kf2
{ [%eval 0.0] [%clk 0:01:22] } 70... Ke4 { [%eval 0.0] [%clk 0:01:08] } 71. Kf1
{ [%eval 0.0] [%clk 0:01:17] } 71... Ke3 { [%eval 0.0] [%clk 0:01:07] } 72. Ke1
{ [%eval 0.0] [%clk 0:01:10] } 72... Kf4 { [%eval 0.0] [%clk 0:01:06] } 73. Kf2
{ [%eval 0.0] [%clk 0:00:49] } 1/2-1/2"
Rated Rapid game,https://lichess.org/4Vq97R9U,2024.08.01,-,Khaked1212,IvanovichUZ,1-0,2024.08.01,08:45:32,1616,1600,,,C44,"Scotch Game: Göring Gambit, Main Line",600+0,Normal,"1. e4 { [%clk 0:10:00] } 1... e5 { [%clk 0:10:00] } 2. Nf3 { [%clk 0:09:59] }
2... Nc6 { [%clk 0:09:57] } 3. d4 { [%clk 0:09:56] } 3... exd4
{ [%clk 0:09:52] } 4. c3 { [%clk 0:09:52] } 4... dxc3 { [%clk 0:09:40] } 5.
Nxc3 { [%clk 0:09:50] } 5... Bb4 { [%clk 0:09:31] } 6. a3 { [%clk 0:09:44] }
6... Bxc3+ { [%clk 0:09:29] } 7. bxc3 { [%clk 0:09:44] } 7... Nf6
{ [%clk 0:09:26] } 8. Bc4 { [%clk 0:09:42] } 8... O-O { [%clk 0:09:22] } 9. O-O
{ [%clk 0:09:34] } 9... d6 { [%clk 0:09:18] } 10. Bd3 { [%clk 0:09:23] } 10...
Bg4 { [%clk 0:09:14] } 11. h3 { [%clk 0:09:19] } 11... Bxf3 { [%clk 0:09:05] }
12. Qxf3 { [%clk 0:09:19] } 12... Ne5 { [%clk 0:09:02] } 13. Qe2
{ [%clk 0:09:17] } 13... Nxd3 { [%clk 0:08:53] } 14. Qxd3 { [%clk 0:09:17] }
14... Re8 { [%clk 0:08:50] } 15. f3 { [%clk 0:09:14] } 15... c6
{ [%clk 0:08:45] } 16. Bg5 { [%clk 0:09:12] } 16... Re6 { [%clk 0:08:39] } 17.
Rab1 { [%clk 0:09:06] } 17... b6 { [%clk 0:08:36] } 18. Rbd1 { [%clk 0:08:51] }
18... d5 { [%clk 0:08:28] } 19. exd5 { [%clk 0:08:23] } 19... cxd5
{ [%clk 0:08:26] } 20. c4 { [%clk 0:08:19] } 20... h6 { [%clk 0:08:14] } 21.
cxd5 { [%clk 0:08:05] } 21... Rd6 { [%clk 0:08:09] } 22. Bh4 { [%clk 0:07:46] }
22... g5 { [%clk 0:07:56] } 23. Bg3 { [%clk 0:07:42] } 23... Rxd5
{ [%clk 0:07:53] } 24. Qc2 { [%clk 0:07:11] } 24... Rxd1 { [%clk 0:07:30] } 25.
Rxd1 { [%clk 0:07:08] } 25... Qe7 { [%clk 0:07:22] } 26. Re1 { [%clk 0:07:01] }
26... Qc5+ { [%clk 0:07:18] } 27. Qf2 { [%clk 0:06:40] } 27... Qxa3
{ [%clk 0:07:04] } 28. Kh2 { [%clk 0:06:07] } 28... Qc5 { [%clk 0:06:38] } 29.
Qb2 { [%clk 0:05:57] } 29... Rc8 { [%clk 0:06:28] } 30. Qxf6 { [%clk 0:05:48] }
30... Qc6 { [%clk 0:05:36] } 31. Re8+ { [%clk 0:05:41] } 31... Qxe8
{ [%clk 0:05:29] } 32. Qxh6 { [%clk 0:05:36] } 32... Rc5 { [%clk 0:05:21] } 33.
Bd6 { [%clk 0:05:10] } 33... Rc6 { [%clk 0:05:10] } 34. Qxg5+
{ [%clk 0:05:06] } 34... Kh7 { [%clk 0:04:59] } 35. Qh5+ { [%clk 0:05:00] }
35... Kg8 { [%clk 0:04:55] } 36. Qg5+ { [%clk 0:04:27] } 36... Kh7
{ [%clk 0:04:46] } 37. Qh5+ { [%clk 0:03:46] } 37... Kg7 { [%clk 0:04:15] } 38.
Be5+ { [%clk 0:03:40] } 38... f6 { [%clk 0:04:13] } 39. Qxe8 { [%clk 0:03:33] }
39... fxe5 { [%clk 0:04:05] } 40. Qxe5+ { [%clk 0:03:31] } 40... Rf6
{ [%clk 0:04:00] } 41. Qe7+ { [%clk 0:03:28] } 41... Rf7 { [%clk 0:03:58] } 42.
Qg5+ { [%clk 0:03:17] } 42... Kf8 { [%clk 0:03:54] } 43. g4 { [%clk 0:03:11] }
43... Rxf3 { [%clk 0:03:49] } 44. Qd8+ { [%clk 0:03:09] } 44... Kg7
{ [%clk 0:03:40] } 45. Qg5+ { [%clk 0:03:02] } 45... Kf8 { [%clk 0:03:34] } 46.
Qh6+ { [%clk 0:02:54] } 46... Ke7 { [%clk 0:03:20] } 47. Qh7+
{ [%clk 0:02:50] } 47... Rf7 { [%clk 0:03:17] } 48. Qe4+ { [%clk 0:02:46] }
48... Kd6 { [%clk 0:03:08] } 49. h4 { [%clk 0:02:34] } 49... a5
{ [%clk 0:03:02] } 50. Qd4+ { [%clk 0:02:27] } 50... Kc7 { [%clk 0:02:58] } 51.
Qe5+ { [%clk 0:02:20] } 51... Kd7 { [%clk 0:02:48] } 52. Qd5+
{ [%clk 0:02:08] } 52... Ke7 { [%clk 0:02:45] } 53. Qb7+ { [%clk 0:02:04] }
53... Kf8 { [%clk 0:02:38] } 54. Qxb6 { [%clk 0:02:01] } 54... a4
{ [%clk 0:02:35] } 55. Qb4+ { [%clk 0:01:58] } 55... Kg8 { [%clk 0:02:28] } 56.
Qxa4 { [%clk 0:01:56] } 56... Rf2+ { [%clk 0:02:20] } 57. Kg3
{ [%clk 0:01:54] } 57... Rf7 { [%clk 0:02:13] } 58. g5 { [%clk 0:01:49] } 58...
Kg7 { [%clk 0:02:01] } 59. h5 { [%clk 0:01:47] } 59... Rf5 { [%clk 0:01:55] }
60. Qd4+ { [%clk 0:01:38] } 60... Kf8 { [%clk 0:01:39] } 61. Kg4
{ [%clk 0:01:34] } 61... Rf7 { [%clk 0:01:37] } 62. g6 { [%clk 0:01:29] } 62...
Rf1 { [%clk 0:01:27] } 63. Qd8+ { [%clk 0:01:21] } 63... Kg7 { [%clk 0:01:22] }
64. Qd7+ { [%clk 0:01:12] } 64... Kg8 { [%clk 0:01:18] } 65. Qh7+
{ [%clk 0:01:00] } 65... Kf8 { [%clk 0:01:12] } 66. g7+ { [%clk 0:00:59] }
66... Ke8 { [%clk 0:01:05] } 67. g8=Q+ { [%clk 0:00:57] } 67... Rf8
{ [%clk 0:01:04] } 68. Qxf8+ { [%clk 0:00:54] } 68... Kxf8 { [%clk 0:01:02] }
69. Qg6 { [%clk 0:00:51] } 69... Ke7 { [%clk 0:00:59] } 70. h6
{ [%clk 0:00:50] } 70... Kd7 { [%clk 0:00:56] } 71. h7 { [%clk 0:00:49] } 71...
Kc7 { [%clk 0:00:56] } 72. h8=Q { [%clk 0:00:48] } 72... Kb7 { [%clk 0:00:56] }
73. Qhh7+ { [%clk 0:00:46] } 1-0"
Rated Rapid game,https://lichess.org/n0FSc0Nv,2024.08.01,-,denic44,alexrosique84,1-0,2024.08.01,08:45:32,1727,1731,,,B10,Caro-Kann Defense: Two Knights Attack,600+0,Normal,"1. e4 { [%clk 0:10:00] } 1... c6 { [%clk 0:10:00] } 2. Nf3 { [%clk 0:09:57] }
2... d5 { [%clk 0:09:56] } 3. Nc3 { [%clk 0:09:56] } 3... dxe4
{ [%clk 0:09:51] } 4. Nxe4 { [%clk 0:09:56] } 4... Nf6 { [%clk 0:09:49] } 5.
Nxf6+ { [%clk 0:09:54] } 5... exf6 { [%clk 0:09:48] } 6. d4 { [%clk 0:09:53] }
6... Bd6 { [%clk 0:09:47] } 7. c3 { [%clk 0:09:53] } 7... O-O
{ [%clk 0:09:45] } 8. Bd3 { [%clk 0:09:51] } 8... Re8+ { [%clk 0:09:44] } 9.
Be3 { [%clk 0:09:48] } 9... Nd7 { [%clk 0:09:40] } 10. Qc2 { [%clk 0:09:42] }
10... Nf8 { [%clk 0:09:37] } 11. h4 { [%clk 0:09:33] } 11... Bg4
{ [%clk 0:09:30] } 12. O-O-O { [%clk 0:09:28] } 12... f5 { [%clk 0:09:23] } 13.
Bxf5 { [%clk 0:09:08] } 13... Bxf5 { [%clk 0:09:19] } 14. Qxf5
{ [%clk 0:09:08] } 14... b5 { [%clk 0:08:52] } 15. Bg5 { [%clk 0:08:58] } 15...
Be7 { [%clk 0:08:45] } 16. g4 { [%clk 0:08:42] } 16... b4 { [%clk 0:08:41] }
17. c4 { [%clk 0:08:35] } 17... Bxg5+ { [%clk 0:08:34] } 18. hxg5
{ [%clk 0:08:24] } 18... Re2 { [%clk 0:08:27] } 19. Rh2 { [%clk 0:07:49] }
19... g6 { [%clk 0:08:25] } 20. Qd3 { [%clk 0:07:30] } 20... Qxg5+
{ [%clk 0:08:08] } 21. Nxg5 { [%clk 0:07:26] } 1-0"
Rated Rapid game,https://lichess.org/D0f7sBoD,2024.08.01,-,MihaelP,QuietMusfiq,0-1,2024.08.01,08:45:32,1942,1901,,,C40,Elephant Gambit,600+0,Normal,"1. e4 { [%clk 0:10:00] } 1... e5 { [%clk 0:10:00] } 2. Nf3 { [%clk 0:09:58] }
2... d5 { [%clk 0:10:00] } 3. Nxe5 { [%clk 0:09:50] } 3... Qe7
{ [%clk 0:09:58] } 4. d4 { [%clk 0:09:47] } 4... f6 { [%clk 0:09:57] } 5. Qh5+
{ [%clk 0:09:23] } 5... g6 { [%clk 0:09:56] } 6. Nxg6 { [%clk 0:09:22] } 6...
Qxe4+ { [%clk 0:09:55] } 7. Be2 { [%clk 0:09:20] } 7... Qxg6 { [%clk 0:09:54] }
8. Qxd5 { [%clk 0:09:18] } 8... Ne7 { [%clk 0:09:53] } 9. Bh5
{ [%clk 0:09:17] } 9... Nxd5 { [%clk 0:09:51] } 10. Bxg6+ { [%clk 0:09:15] }
10... hxg6 { [%clk 0:09:50] } 0-1"
Rated Rapid game,https://lichess.org/zhGIw91W,2024.08.01,-,vettervettel,IngridJohannson,0-1,2024.08.01,08:45:32,1322,1325,,,D00,Queen's Pawn Game: Accelerated London System,600+0,Normal,"1. d4 { [%eval 0.16] [%clk 0:10:00] } 1... d5 { [%eval 0.23] [%clk 0:10:00] }
2. Bf4 { [%eval 0.02] [%clk 0:09:59] } 2... Nc6 { [%eval 0.39] [%clk 0:09:55] }
3. e3 { [%eval 0.34] [%clk 0:09:58] } 3... Nf6 { [%eval 0.35] [%clk 0:09:51] }
4. c3 { [%eval 0.21] [%clk 0:09:56] } 4... Ne4 { [%eval 0.39] [%clk 0:09:47] }
5. Nd2 { [%eval 0.3] [%clk 0:09:47] } 5... Bf5 { [%eval 0.42] [%clk 0:09:42] }
6. Bd3 $2 { [%eval -1.61] [%clk 0:09:36] } 6... g6 $2
{ [%eval 0.89] [%clk 0:09:19] } 7. f3 $2 { [%eval -1.2] [%clk 0:09:28] } 7...
Nxd2 $2 { [%eval 0.07] [%clk 0:09:15] } 8. Qxd2 { [%eval 0.02] [%clk 0:09:21] }
8... e6 $2 { [%eval 1.17] [%clk 0:09:05] } 9. g4 $2
{ [%eval -0.31] [%clk 0:08:55] } 9... Bxd3 { [%eval -0.23] [%clk 0:08:56] } 10.
Qxd3 { [%eval -0.22] [%clk 0:08:51] } 10... Bg7
{ [%eval -0.02] [%clk 0:08:53] } 11. e4 $6 { [%eval -0.88] [%clk 0:08:39] }
11... O-O $6 { [%eval -0.12] [%clk 0:08:42] } 12. e5
{ [%eval -0.45] [%clk 0:08:34] } 12... f6 { [%eval -0.49] [%clk 0:08:20] } 13.
h4 $2 { [%eval -2.0] [%clk 0:08:21] } 13... fxe5
{ [%eval -1.86] [%clk 0:08:15] } 14. Bg5 $2 { [%eval -3.21] [%clk 0:08:19] }
14... Bf6 $2 { [%eval -1.91] [%clk 0:07:51] } 15. Bxf6
{ [%eval -1.68] [%clk 0:08:07] } 15... Qxf6 { [%eval -1.68] [%clk 0:07:42] }
16. h5 $6 { [%eval -2.65] [%clk 0:08:00] } 16... exd4
{ [%eval -2.57] [%clk 0:07:31] } 17. hxg6 { [%eval -2.73] [%clk 0:07:53] }
17... hxg6 { [%eval -2.18] [%clk 0:07:28] } 18. O-O-O
{ [%eval -2.56] [%clk 0:07:41] } 18... dxc3 { [%eval -2.78] [%clk 0:07:16] }
19. bxc3 { [%eval -2.73] [%clk 0:07:38] } 19... Ne5
{ [%eval -2.85] [%clk 0:07:10] } 20. Rf1 $4 { [%eval -7.48] [%clk 0:07:24] }
20... Nxd3+ { [%eval -7.76] [%clk 0:07:05] } 0-1"
Rated Rapid game,https://lichess.org/29h2IPLo,2024.08.01,-,jayclark,EDDIERICH,1/2-1/2,2024.08.01,08:45:32,1721,1696,,,B00,Pirc Defense: Roscher Gambit,600+0,Normal,"1. e4 { [%clk 0:10:00] } 1... d6 { [%clk 0:10:00] } 2. d4 { [%clk 0:09:58] }
2... Nf6 { [%clk 0:09:59] } 3. Nf3 { [%clk 0:09:56] } 3... Bg4
{ [%clk 0:09:57] } 4. Bd3 { [%clk 0:09:53] } 4... Nc6 { [%clk 0:09:51] } 5. c3
{ [%clk 0:09:51] } 5... e6 { [%clk 0:09:49] } 6. Bg5 { [%clk 0:09:50] } 6...
Be7 { [%clk 0:09:47] } 7. Nbd2 { [%clk 0:09:46] } 7... O-O { [%clk 0:09:45] }
8. Qc2 { [%clk 0:09:41] } 8... g6 { [%clk 0:09:42] } 9. h3 { [%clk 0:09:34] }
9... Bxf3 { [%clk 0:09:41] } 10. Nxf3 { [%clk 0:09:33] } 10... e5
{ [%clk 0:09:40] } 11. d5 { [%clk 0:09:18] } 11... Nb8 { [%clk 0:09:31] } 12.
Bh6 { [%clk 0:09:13] } 12... Re8 { [%clk 0:09:29] } 13. Qd2 { [%clk 0:09:06] }
13... c6 { [%clk 0:09:27] } 14. c4 { [%clk 0:08:59] } 14... Nbd7
{ [%clk 0:09:19] } 15. O-O { [%clk 0:08:52] } 15... Nc5 { [%clk 0:09:18] } 16.
h4 { [%clk 0:08:16] } 16... Nfxe4 { [%clk 0:09:13] } 17. Bxe4
{ [%clk 0:08:14] } 17... Nxe4 { [%clk 0:09:12] } 18. Qd3 { [%clk 0:08:12] }
18... Nc5 { [%clk 0:09:08] } 19. Qd2 { [%clk 0:08:00] } 19... Bxh4
{ [%clk 0:09:05] } 20. Nxh4 { [%clk 0:07:58] } 20... Qxh4 { [%clk 0:09:04] }
21. g3 { [%clk 0:07:55] } 21... Qh3 { [%clk 0:08:50] } 22. Qg5
{ [%clk 0:07:46] } 22... Ne4 { [%clk 0:08:39] } 23. Qe3 { [%clk 0:07:40] }
23... Qf5 { [%clk 0:08:24] } 24. Kg2 { [%clk 0:07:30] } 24... Nf6
{ [%clk 0:08:09] } 25. Rh1 { [%clk 0:07:22] } 25... Ng4 { [%clk 0:07:43] } 26.
Qd2 { [%clk 0:07:18] } 26... e4 { [%clk 0:07:37] } 27. Rh3 { [%clk 0:07:05] }
27... e3 { [%clk 0:07:27] } 28. fxe3 { [%clk 0:06:46] } 28... Nxe3+
{ [%clk 0:07:24] } 29. Kh2 { [%clk 0:06:40] } 29... Re4 { [%clk 0:07:13] } 30.
Bxe3 { [%clk 0:06:37] } 30... Rae8 { [%clk 0:07:10] } 31. Re1
{ [%clk 0:06:28] } 31... Rxc4 { [%clk 0:06:51] } 32. Bf4 { [%clk 0:06:10] }
32... Rc2 { [%clk 0:06:48] } 33. Rxe8+ { [%clk 0:06:06] } 33... Kg7
{ [%clk 0:06:45] } 34. Bh6+ { [%clk 0:06:05] } 34... Kf6 { [%clk 0:06:39] } 35.
Bg5+ { [%clk 0:05:57] } 35... Kg7 { [%clk 0:06:33] } 36. Bh6+
{ [%clk 0:05:44] } 36... Kf6 { [%clk 0:06:31] } 37. Bg5+ { [%clk 0:05:42] }
37... Kg7 { [%clk 0:06:29] } 38. Bh6+ { [%clk 0:05:41] } 1/2-1/2"
Rated Rapid game,https://lichess.org/nV23QMir,2024.08.01,-,Alex_k78,Megabad,0-1,2024.08.01,08:45:32,1065,1094,,,B00,Ware Defense,600+0,Normal,"1. e4 { [%clk 0:10:00] } 1... a5 { [%clk 0:10:00] } 2. Qf3 { [%clk 0:09:59] }
2... a4 { [%clk 0:09:59] } 3. Bc4 { [%clk 0:09:56] } 3... f6 { [%clk 0:09:58] }
4. Nh3 { [%clk 0:09:55] } 4... h6 { [%clk 0:09:56] } 5. d3 { [%clk 0:09:52] }
5... d5 { [%clk 0:09:54] } 6. Bxh6 { [%clk 0:09:51] } 6... Rxh6
{ [%clk 0:09:52] } 7. Bxd5 { [%clk 0:09:43] } 7... Bxh3 { [%clk 0:09:49] } 8.
gxh3 { [%clk 0:09:39] } 8... c6 { [%clk 0:09:48] } 9. Bc4 { [%clk 0:09:33] }
9... e5 { [%clk 0:09:28] } 10. Nc3 { [%clk 0:09:22] } 10... Bb4
{ [%clk 0:09:26] } 11. a3 { [%clk 0:09:13] } 11... Bxc3+ { [%clk 0:09:18] } 12.
bxc3 { [%clk 0:09:12] } 12... b5 { [%clk 0:09:15] } 13. Bxg8 { [%clk 0:09:04] }
13... b4 { [%clk 0:09:09] } 14. axb4 { [%clk 0:09:00] } 14... a3
{ [%clk 0:09:07] } 15. Rg1 { [%clk 0:08:55] } 15... g5 { [%clk 0:09:05] } 16.
Qxf6 { [%clk 0:08:53] } 16... Rxf6 { [%clk 0:09:03] } 17. Rxg5
{ [%clk 0:08:51] } 17... Rxf2 { [%clk 0:08:54] } 18. Rxe5+ { [%clk 0:08:49] }
18... Kf8 { [%clk 0:08:47] } 19. Kxf2 { [%clk 0:08:43] } 19... Qf6+
{ [%clk 0:08:45] } 20. Ke3 { [%clk 0:08:39] } 20... Qxe5 { [%clk 0:08:44] } 21.
Rg1 { [%clk 0:08:36] } 21... Qxh2 { [%clk 0:08:41] } 22. Rg6 { [%clk 0:08:26] }
22... Qxh3+ { [%clk 0:08:36] } 23. Kd4 { [%clk 0:08:24] } 23... Nd7
{ [%clk 0:08:28] } 24. Be6 { [%clk 0:08:22] } 24... c5+ { [%clk 0:08:24] } 25.
Kd5 { [%clk 0:08:19] } 25... Qh5+ { [%clk 0:08:20] } 26. Kd6 { [%clk 0:08:18] }
26... Qxg6 { [%clk 0:08:19] } 27. Kxd7 { [%clk 0:08:15] } 27... Ra7+
{ [%clk 0:08:14] } 28. Kd6 { [%clk 0:08:11] } 28... Ra6+ { [%clk 0:08:12] } 29.
Kxc5 { [%clk 0:08:09] } 29... Qxe6 { [%clk 0:08:10] } 30. d4 { [%clk 0:07:55] }
30... Qc6# { [%clk 0:08:07] } 0-1"
Rated Rapid game,https://lichess.org/6SpSsT5N,2024.08.01,-,jayjayjay,OloBolo742,1-0,2024.08.01,08:45:32,1415,1400,,,B12,Caro-Kann Defense: Advance Variation,600+0,Normal,"1. e4 { [%clk 0:10:00] } 1... c6 { [%clk 0:10:00] } 2. d4 { [%clk 0:09:58] }
2... d5 { [%clk 0:10:00] } 3. e5 { [%clk 0:09:56] } 3... e6 { [%clk 0:09:59] }
4. Nf3 { [%clk 0:09:54] } 4... c5 { [%clk 0:09:57] } 5. c3 { [%clk 0:09:49] }
5... c4 { [%clk 0:09:55] } 6. Be2 { [%clk 0:09:43] } 6... Nc6
{ [%clk 0:09:48] } 7. O-O { [%clk 0:09:41] } 7... Bd7 { [%clk 0:09:45] } 8. Bg5
{ [%clk 0:09:37] } 8... Be7 { [%clk 0:09:41] } 9. Bxe7 { [%clk 0:09:34] } 9...
Ngxe7 { [%clk 0:09:41] } 10. h3 { [%clk 0:09:26] } 10... Nf5 { [%clk 0:09:33] }
11. Nh2 { [%clk 0:09:22] } 11... Qg5 { [%clk 0:09:20] } 12. Bg4
{ [%clk 0:09:17] } 12... O-O-O { [%clk 0:09:15] } 13. Bxf5 { [%clk 0:09:14] }
13... Qxf5 { [%clk 0:09:10] } 14. Nd2 { [%clk 0:09:08] } 14... f6
{ [%clk 0:08:53] } 15. exf6 { [%clk 0:08:47] } 15... gxf6 { [%clk 0:08:53] }
16. Ndf3 { [%clk 0:08:45] } 16... e5 { [%clk 0:08:14] } 17. Nh4
{ [%clk 0:08:30] } 17... Qg6 { [%clk 0:07:56] } 18. Nxg6 { [%clk 0:08:28] }
18... hxg6 { [%clk 0:07:51] } 19. dxe5 { [%clk 0:08:16] } 19... fxe5
{ [%clk 0:07:39] } 20. Qxd5 { [%clk 0:07:52] } 20... Bxh3 { [%clk 0:07:26] }
21. Qxc4 { [%clk 0:07:45] } 21... Bf5 { [%clk 0:07:07] } 22. Qe2
{ [%clk 0:07:20] } 22... Bd3 { [%clk 0:06:52] } 23. Qg4+ { [%clk 0:07:15] }
23... Bf5 { [%clk 0:06:50] } 24. Qf3 { [%clk 0:07:04] } 24... Rh7
{ [%clk 0:06:37] } 25. Qg3 { [%clk 0:06:27] } 25... Rdh8 { [%clk 0:06:26] } 26.
f3 { [%clk 0:06:25] } 26... e4 { [%clk 0:06:14] } 27. fxe4 { [%clk 0:06:10] }
27... Bxe4 { [%clk 0:06:12] } 28. Nf3 { [%clk 0:06:03] } 28... Bxf3
{ [%clk 0:05:53] } 29. Qxf3 { [%clk 0:05:56] } 29... Rh1+ { [%clk 0:05:49] }
30. Kf2 { [%clk 0:05:54] } 30... Rxf1+ { [%clk 0:05:39] } 31. Rxf1
{ [%clk 0:05:50] } 31... Ne5 { [%clk 0:05:39] } 32. Qe4 { [%clk 0:05:37] }
32... Rf8+ { [%clk 0:05:34] } 33. Kg1 { [%clk 0:05:30] } 33... Rxf1+
{ [%clk 0:05:02] } 34. Kxf1 { [%clk 0:05:27] } 34... Nd7 { [%clk 0:05:01] } 35.
Qxg6 { [%clk 0:05:24] } 35... Kc7 { [%clk 0:04:58] } 36. g4 { [%clk 0:05:22] }
36... Ne5 { [%clk 0:04:57] } 37. Qg7+ { [%clk 0:05:17] } 37... Nd7
{ [%clk 0:04:56] } 38. g5 { [%clk 0:05:16] } 38... Kd6 { [%clk 0:04:55] } 39.
g6 { [%clk 0:05:11] } 39... Ne5 { [%clk 0:04:50] } 40. Qf6+ { [%clk 0:05:05] }
40... Kd5 { [%clk 0:04:47] } 41. g7 { [%clk 0:05:00] } 41... Nd7
{ [%clk 0:04:45] } 42. Qf7+ { [%clk 0:04:56] } 42... Kd6 { [%clk 0:04:44] } 43.
g8=Q { [%clk 0:04:54] } 43... Ne5 { [%clk 0:04:43] } 44. Qd5+
{ [%clk 0:04:50] } 44... Kc7 { [%clk 0:04:40] } 45. Qg7+ { [%clk 0:04:47] }
45... Nd7 { [%clk 0:04:36] } 46. Qgxd7+ { [%clk 0:04:42] } 46... Kb6
{ [%clk 0:04:34] } 47. Q5b5# { [%clk 0:04:38] } 1-0"
Rated Rapid game,https://lichess.org/Ry2yXFjo,2024.08.01,-,devyuvi31,lunarrogue,1-0,2024.08.01,08:45:32,1050,1051,,,C25,Vienna Game: Paulsen Variation,600+0,Normal,"1. e4 { [%eval 0.15] [%clk 0:10:00] } 1... e5 { [%eval 0.21] [%clk 0:10:00] }
2. Nc3 { [%eval 0.1] [%clk 0:09:59] } 2... Nc6 { [%eval 0.08] [%clk 0:09:58] }
3. g3 { [%eval 0.0] [%clk 0:09:59] } 3... Nf6 { [%eval 0.0] [%clk 0:09:55] } 4.
Bg2 { [%eval 0.0] [%clk 0:09:58] } 4... d5 $6 { [%eval 0.76] [%clk 0:09:50] }
5. exd5 { [%eval 0.59] [%clk 0:09:57] } 5... Nxd5 $2
{ [%eval 3.42] [%clk 0:09:48] } 6. Nxd5 { [%eval 3.18] [%clk 0:09:52] } 6...
Be6 { [%eval 3.26] [%clk 0:09:41] } 7. Nc3 { [%eval 3.28] [%clk 0:09:38] } 7...
Qe7 { [%eval 3.96] [%clk 0:09:39] } 8. Nge2 { [%eval 3.45] [%clk 0:09:26] }
8... O-O-O { [%eval 3.53] [%clk 0:09:38] } 9. d3
{ [%eval 3.46] [%clk 0:09:12] } 9... f5 { [%eval 3.76] [%clk 0:09:36] } 10. O-O
$2 { [%eval 2.57] [%clk 0:09:00] } 10... Nd4 $2 { [%eval 4.56] [%clk 0:09:35] }
11. Nxd4 { [%eval 4.61] [%clk 0:08:41] } 11... exd4
{ [%eval 4.5] [%clk 0:09:35] } 12. Qf3 { [%eval 3.86] [%clk 0:08:38] } 12...
Bd5 $2 { [%eval 6.81] [%clk 0:09:32] } 13. Qxf5+ $2
{ [%eval 5.25] [%clk 0:08:34] } 13... Kb8 { [%eval 6.55] [%clk 0:09:29] } 14.
Nxd5 { [%eval 6.58] [%clk 0:08:32] } 14... Rxd5 { [%eval 8.44] [%clk 0:09:25] }
15. Qxd5 { [%eval 8.32] [%clk 0:08:30] } 15... Qe2 $2
{ [%eval #1] [%clk 0:09:23] } 1-0"
Rated Rapid game,https://lichess.org/hJXADuwt,2024.08.01,-,Kollega_Kallashnikov,Parkos2012,1-0,2024.08.01,08:45:32,1661,1654,,,B50,Sicilian Defense: Modern Variations,600+0,Normal,"1. e4 { [%clk 0:10:00] } 1... c5 { [%clk 0:10:00] } 2. Nf3 { [%clk 0:09:59] }
2... d6 { [%clk 0:09:57] } 3. d3 { [%clk 0:09:57] } 3... Nf6 { [%clk 0:09:55] }
4. g3 { [%clk 0:09:56] } 4... e6 { [%clk 0:09:54] } 5. Bg2 { [%clk 0:09:56] }
5... g6 { [%clk 0:09:53] } 6. O-O { [%clk 0:09:54] } 6... Bg7
{ [%clk 0:09:52] } 7. Re1 { [%clk 0:09:53] } 7... O-O { [%clk 0:09:50] } 8.
Nbd2 { [%clk 0:09:51] } 8... Nc6 { [%clk 0:09:49] } 9. Nf1 { [%clk 0:09:50] }
9... a6 { [%clk 0:09:46] } 10. h3 { [%clk 0:09:46] } 10... b5
{ [%clk 0:09:44] } 11. N1h2 { [%clk 0:09:45] } 11... e5 { [%clk 0:09:40] } 12.
Qe2 { [%clk 0:09:39] } 12... Bd7 { [%clk 0:09:25] } 13. Bg5 { [%clk 0:09:37] }
13... Nd4 { [%clk 0:09:06] } 14. Nxd4 { [%clk 0:09:34] } 14... cxd4
{ [%clk 0:09:06] } 15. Ng4 { [%clk 0:09:21] } 15... Bxg4 { [%clk 0:08:54] } 16.
hxg4 { [%clk 0:09:12] } 16... Rc8 { [%clk 0:08:49] } 17. Qd2 { [%clk 0:09:06] }
17... Re8 { [%clk 0:08:46] } 18. Rac1 { [%clk 0:09:04] } 18... Rc7
{ [%clk 0:08:25] } 19. Bf3 { [%clk 0:08:55] } 19... Qc8 { [%clk 0:08:12] } 20.
Be2 { [%clk 0:08:45] } 20... Bh8 { [%clk 0:07:47] } 21. f4 { [%clk 0:08:43] }
21... exf4 { [%clk 0:07:42] } 22. gxf4 { [%clk 0:08:42] } 22... Nxg4
{ [%clk 0:07:37] } 23. f5 { [%clk 0:08:21] } 23... Ne3 { [%clk 0:07:16] } 24.
Bxe3 { [%clk 0:07:56] } 24... dxe3 { [%clk 0:07:14] } 25. Qxe3
{ [%clk 0:07:55] } 25... Bxb2 { [%clk 0:07:11] } 26. f6 { [%clk 0:07:43] }
26... Bxf6 { [%clk 0:06:52] } 27. c4 { [%clk 0:07:34] } 27... bxc4
{ [%clk 0:06:39] } 28. dxc4 { [%clk 0:07:30] } 28... Be7 { [%clk 0:06:27] } 29.
Qf4 { [%clk 0:07:21] } 29... d5 { [%clk 0:06:15] } 30. exd5 { [%clk 0:07:13] }
30... Bc5+ { [%clk 0:06:07] } 31. Kg2 { [%clk 0:07:00] } 31... Bf8
{ [%clk 0:05:50] } 32. Bg4 { [%clk 0:06:44] } 32... f5 { [%clk 0:05:25] } 33.
Rxe8 { [%clk 0:06:35] } 33... Qxe8 { [%clk 0:05:23] } 34. Qxc7
{ [%clk 0:06:33] } 34... Qe4+ { [%clk 0:05:14] } 35. Bf3 { [%clk 0:06:31] }
35... Qd4 { [%clk 0:04:53] } 36. Re1 { [%clk 0:06:01] } 36... Qd2+
{ [%clk 0:04:32] } 37. Re2 { [%clk 0:04:51] } 37... Qg5+ { [%clk 0:04:24] } 38.
Kf2 { [%clk 0:04:48] } 38... Qh4+ { [%clk 0:04:19] } 39. Qg3 { [%clk 0:04:40] }
39... Bc5+ { [%clk 0:04:12] } 40. Kg2 { [%clk 0:04:30] } 40... Qd4
{ [%clk 0:03:49] } 41. Re8+ { [%clk 0:04:15] } 41... Bf8 { [%clk 0:03:40] } 42.
Qd6 { [%clk 0:04:05] } 42... Qd2+ { [%clk 0:03:32] } 43. Kg3 { [%clk 0:04:04] }
43... Qg5+ { [%clk 0:03:30] } 44. Kh3 { [%clk 0:03:57] } 44... Qh6+
{ [%clk 0:03:16] } 45. Kg2 { [%clk 0:03:49] } 45... Qd2+ { [%clk 0:03:02] } 46.
Kg3 { [%clk 0:03:44] } 46... Qg5+ { [%clk 0:02:53] } 47. Kf2 { [%clk 0:03:43] }
47... Qd2+ { [%clk 0:02:48] } 48. Re2 { [%clk 0:03:33] } 48... Qxe2+
{ [%clk 0:02:25] } 49. Kxe2 { [%clk 0:03:28] } 49... Bxd6 { [%clk 0:02:23] }
50. a4 { [%clk 0:03:25] } 50... h5 { [%clk 0:02:22] } 51. Ke3
{ [%clk 0:03:17] } 51... h4 { [%clk 0:02:17] } 52. Kd4 { [%clk 0:03:13] } 52...
Kf7 { [%clk 0:02:09] } 53. c5 { [%clk 0:03:12] } 53... Bc7 { [%clk 0:02:09] }
54. d6 { [%clk 0:03:09] } 54... Ba5 { [%clk 0:02:07] } 55. Ke5
{ [%clk 0:03:05] } 55... h3 { [%clk 0:02:01] } 56. c6 { [%clk 0:03:01] } 56...
Bc3+ { [%clk 0:01:51] } 57. Kd5 { [%clk 0:02:56] } 57... g5 { [%clk 0:01:44] }
58. c7 { [%clk 0:02:51] } 58... g4 { [%clk 0:01:37] } 59. Bh1
{ [%clk 0:02:46] } 59... g3 { [%clk 0:01:31] } 60. c8=Q { [%clk 0:02:44] }
60... g2 { [%clk 0:01:30] } 61. Bxg2 { [%clk 0:02:42] } 61... hxg2
{ [%clk 0:01:28] } 62. Qxf5+ { [%clk 0:02:41] } 62... Bf6 { [%clk 0:01:25] }
63. Qf2 { [%clk 0:02:37] } 63... g1=Q { [%clk 0:01:22] } 64. Qxg1
{ [%clk 0:02:36] } 64... Ke8 { [%clk 0:01:15] } 65. Qg6+ { [%clk 0:02:33] }
65... Kd7 { [%clk 0:01:13] } 66. Qxf6 { [%clk 0:02:32] } 66... a5
{ [%clk 0:01:12] } 67. Qe7+ { [%clk 0:02:30] } 67... Kc8 { [%clk 0:01:10] } 68.
Qc7# { [%clk 0:02:29] } 1-0"
Rated Rapid game,https://lichess.org/IMvdzAPE,2024.08.01,-,Ahmad_Itani16,vinit17,1-0,2024.08.01,08:45:32,1130,1127,,,A22,"English Opening: King's English Variation, Two Knights Variation",600+0,Normal,"1. c4 { [%clk 0:10:00] } 1... e5 { [%clk 0:10:00] } 2. Nc3 { [%clk 0:09:57] }
2... Nf6 { [%clk 0:09:53] } 3. e4 { [%clk 0:09:54] } 3... Bc5
{ [%clk 0:09:49] } 4. Be2 { [%clk 0:09:45] } 4... Nc6 { [%clk 0:09:37] } 5. d3
{ [%clk 0:09:42] } 5... d6 { [%clk 0:09:27] } 6. Nf3 { [%clk 0:09:39] } 6...
Bb4 { [%clk 0:09:07] } 7. Bd2 { [%clk 0:09:37] } 7... O-O { [%clk 0:08:03] } 8.
Qc2 { [%clk 0:09:17] } 8... Be6 { [%clk 0:07:24] } 9. Bg5 { [%clk 0:09:12] }
9... h6 { [%clk 0:07:09] } 10. Bxf6 { [%clk 0:09:06] } 10... Qxf6
{ [%clk 0:07:08] } 11. O-O { [%clk 0:08:26] } 11... Qg6 { [%clk 0:06:05] } 12.
Rfe1 { [%clk 0:08:00] } 12... Bh3 { [%clk 0:06:00] } 13. Nh4 { [%clk 0:07:50] }
13... Nd4 { [%clk 0:05:53] } 14. Qa4 { [%clk 0:07:34] } 14... Qg5
{ [%clk 0:03:50] } 15. Qxb4 { [%clk 0:07:26] } 15... Nc2 { [%clk 0:03:45] } 16.
Qxb7 { [%clk 0:07:14] } 16... Nxa1 { [%clk 0:03:25] } 17. Rxa1
{ [%clk 0:07:07] } 17... Qxh4 { [%clk 0:03:02] } 18. gxh3 { [%clk 0:07:04] }
18... Rab8 { [%clk 0:02:59] } 19. Qxa7 { [%clk 0:07:02] } 19... Rxb2
{ [%clk 0:02:57] } 20. Qxc7 { [%clk 0:06:58] } 20... Qxh3 { [%clk 0:02:55] }
21. Qxd6 { [%clk 0:06:49] } 21... Rc2 { [%clk 0:02:34] } 22. Qxe5
{ [%clk 0:06:41] } 22... Rxc3 { [%clk 0:02:24] } 23. Qxc3 { [%clk 0:06:39] }
23... Rb8 { [%clk 0:02:15] } 24. Bf1 { [%clk 0:06:28] } 24... Qg4+
{ [%clk 0:01:05] } 25. Bg2 { [%clk 0:06:25] } 25... Qe2 { [%clk 0:00:59] } 26.
d4 { [%clk 0:06:01] } 26... Rb2 { [%clk 0:00:57] } 27. Qe3 { [%clk 0:05:29] }
27... Qc2 { [%clk 0:00:49] } 28. c5 { [%clk 0:05:23] } 28... Rb1+
{ [%clk 0:00:47] } 29. Rxb1 { [%clk 0:05:21] } 29... Qxb1+ { [%clk 0:00:46] }
30. Bf1 { [%clk 0:05:19] } 30... Qxa2 { [%clk 0:00:43] } 31. c6
{ [%clk 0:05:18] } 31... Qa7 { [%clk 0:00:39] } 32. d5 { [%clk 0:05:15] } 32...
Qc7 { [%clk 0:00:26] } 33. Qc5 { [%clk 0:05:06] } 33... Qf4 { [%clk 0:00:21] }
34. c7 { [%clk 0:05:02] } 34... Qxe4 { [%clk 0:00:14] } 35. c8=Q+
{ [%clk 0:04:58] } 35... Kh7 { [%clk 0:00:12] } 36. Qc4 { [%clk 0:04:55] }
36... Qg6+ { [%clk 0:00:07] } 1-0"
Rated Rapid game,https://lichess.org/e3MrDhga,2024.08.01,-,Arab_Falcon202,Aykilla_Stream,1-0,2024.08.01,08:45:32,2356,2340,,,A59,Benko Gambit Accepted: Yugoslav,600+0,Normal,"1. d4 { [%eval 0.16] [%clk 0:10:00] } 1... Nf6 { [%eval 0.17] [%clk 0:10:00] }
2. c4 { [%eval 0.21] [%clk 0:09:58] } 2... c5 { [%eval 0.61] [%clk 0:09:59] }
3. d5 { [%eval 0.62] [%clk 0:09:57] } 3... b5 { [%eval 0.58] [%clk 0:09:59] }
4. cxb5 { [%eval 0.73] [%clk 0:09:56] } 4... a6 { [%eval 0.66] [%clk 0:09:58] }
5. bxa6 { [%eval 0.57] [%clk 0:09:55] } 5... d6 { [%eval 0.84] [%clk 0:09:57] }
6. Nc3 { [%eval 0.81] [%clk 0:09:54] } 6... Bxa6
{ [%eval 0.84] [%clk 0:09:57] } 7. e4 { [%eval 0.84] [%clk 0:09:52] } 7... Bxf1
{ [%eval 0.82] [%clk 0:09:57] } 8. Kxf1 { [%eval 0.82] [%clk 0:09:51] } 8... g6
{ [%eval 0.82] [%clk 0:09:57] } 9. Nf3 { [%eval 0.77] [%clk 0:09:50] } 9... Bg7
{ [%eval 0.83] [%clk 0:09:56] } 10. g3 { [%eval 0.82] [%clk 0:09:50] } 10...
Nbd7 { [%eval 0.78] [%clk 0:09:55] } 11. Kg2 { [%eval 0.86] [%clk 0:09:49] }
11... O-O { [%eval 1.01] [%clk 0:09:54] } 12. a4 { [%eval 1.0] [%clk 0:09:41] }
12... Ra6 { [%eval 1.07] [%clk 0:09:53] } 13. Qe2
{ [%eval 0.68] [%clk 0:09:39] } 13... Qa8 { [%eval 0.63] [%clk 0:09:52] } 14.
Ra3 { [%eval 0.67] [%clk 0:09:37] } 14... Rb8 { [%eval 0.91] [%clk 0:09:51] }
15. b3 { [%eval 0.96] [%clk 0:09:36] } 15... Nb6 $6
{ [%eval 1.58] [%clk 0:09:50] } 16. Bg5 { [%eval 1.06] [%clk 0:09:25] } 16...
c4 { [%eval 1.2] [%clk 0:09:42] } 17. Nb5 { [%eval 1.24] [%clk 0:08:38] } 17...
Rb7 { [%eval 1.65] [%clk 0:09:09] } 18. bxc4 { [%eval 1.66] [%clk 0:08:06] }
18... Rxa4 { [%eval 1.8] [%clk 0:08:58] } 19. Rha1
{ [%eval 1.87] [%clk 0:08:00] } 19... Nfd7 $2 { [%eval 3.38] [%clk 0:08:37] }
20. Nfd4 { [%eval 2.68] [%clk 0:07:40] } 20... Nc5
{ [%eval 2.57] [%clk 0:08:23] } 21. R1a2 { [%eval 2.44] [%clk 0:06:26] } 21...
Qc8 { [%eval 2.75] [%clk 0:08:11] } 22. Rxa4 { [%eval 2.75] [%clk 0:06:13] }
22... Ncxa4 { [%eval 2.81] [%clk 0:08:08] } 23. Nc6
{ [%eval 2.68] [%clk 0:06:08] } 23... Nc3 $2 { [%eval 4.99] [%clk 0:08:04] }
24. Nxc3 { [%eval 4.97] [%clk 0:05:59] } 24... Bxc3
{ [%eval 4.6] [%clk 0:07:59] } 25. Qe3 { [%eval 5.25] [%clk 0:05:52] } 25...
Bf6 { [%eval 5.18] [%clk 0:07:50] } 26. Bxf6 { [%eval 4.96] [%clk 0:05:45] }
26... exf6 { [%eval 5.01] [%clk 0:07:50] } 27. Qxb6
{ [%eval 4.81] [%clk 0:05:38] } 1-0"
Rated Rapid game,https://lichess.org/qAJNe8pe,2024.08.01,-,zakarya_jb,chandrabhanhapase63,0-1,2024.08.01,08:45:32,1768,1721,,,D00,Queen's Pawn Game,600+0,Normal,"1. d4 { [%clk 0:10:00] } 1... d5 { [%clk 0:10:00] } 2. b3 { [%clk 0:09:58] }
2... Nf6 { [%clk 0:09:58] } 3. Bb2 { [%clk 0:09:57] } 3... e6
{ [%clk 0:09:57] } 4. c3 { [%clk 0:09:56] } 4... Nc6 { [%clk 0:09:55] } 5. f3
{ [%clk 0:09:52] } 5... Be7 { [%clk 0:09:48] } 6. e3 { [%clk 0:09:50] } 6...
O-O { [%clk 0:09:43] } 7. c4 { [%clk 0:09:48] } 7... dxc4 { [%clk 0:09:28] } 8.
Bxc4 { [%clk 0:09:46] } 8... Bb4+ { [%clk 0:09:25] } 9. Nc3 { [%clk 0:09:35] }
9... Nh5 { [%clk 0:09:02] } 10. Bd3 { [%clk 0:09:27] } 10... Qh4+
{ [%clk 0:08:57] } 11. g3 { [%clk 0:09:23] } 11... Nxg3 { [%clk 0:08:55] } 12.
hxg3 { [%clk 0:09:15] } 12... Qxh1 { [%clk 0:08:54] } 13. Kf1
{ [%clk 0:09:11] } 13... e5 { [%clk 0:08:46] } 14. a3 { [%clk 0:09:08] } 14...
Bxc3 { [%clk 0:08:38] } 15. Bxc3 { [%clk 0:09:07] } 15... Bh3+
{ [%clk 0:08:36] } 16. Kf2 { [%clk 0:08:53] } 16... Qg2+ { [%clk 0:08:35] } 17.
Ke1 { [%clk 0:08:49] } 17... Qxg1+ { [%clk 0:08:33] } 18. Kd2
{ [%clk 0:08:47] } 18... Qxd1+ { [%clk 0:08:22] } 19. Rxd1 { [%clk 0:08:46] }
19... exd4 { [%clk 0:08:21] } 20. Bb2 { [%clk 0:08:43] } 20... dxe3+
{ [%clk 0:08:17] } 21. Kxe3 { [%clk 0:08:42] } 21... Rfe8+ { [%clk 0:08:10] }
22. Kf2 { [%clk 0:08:40] } 22... Rad8 { [%clk 0:07:58] } 23. Rh1
{ [%clk 0:08:30] } 23... Rxd3 { [%clk 0:07:54] } 24. Rxh3 { [%clk 0:08:27] }
24... Rd2+ { [%clk 0:07:53] } 0-1"
Rated Rapid game,https://lichess.org/wAT7trs9,2024.08.01,-,MOHAMMED_80,playboycart1,1-0,2024.08.01,08:45:36,1492,1452,,,B20,Sicilian Defense,600+0,Normal,"1. e4 { [%clk 0:10:00] } 1... c5 { [%clk 0:10:00] } 2. d3 { [%clk 0:09:59] }
2... e6 { [%clk 0:09:59] } 3. Nf3 { [%clk 0:09:58] } 3... g6 { [%clk 0:09:58] }
4. g3 { [%clk 0:09:57] } 4... Bg7 { [%clk 0:09:57] } 5. Bg2 { [%clk 0:09:56] }
5... Qb6 { [%clk 0:09:54] } 6. c3 { [%clk 0:09:56] } 6... Nc6
{ [%clk 0:09:53] } 7. O-O { [%clk 0:09:53] } 7... a6 { [%clk 0:09:23] } 8. a3
{ [%clk 0:09:51] } 8... Nge7 { [%clk 0:09:12] } 9. Be3 { [%clk 0:09:47] } 9...
O-O { [%clk 0:09:07] } 10. Nfd2 { [%clk 0:09:29] } 10... Ne5 { [%clk 0:08:55] }
11. d4 { [%clk 0:09:23] } 11... cxd4 { [%clk 0:08:27] } 12. Bxd4
{ [%clk 0:09:23] } 12... Qxb2 { [%clk 0:08:19] } 13. c4 { [%clk 0:06:11] }
13... Qxd4 { [%clk 0:07:57] } 14. Nb3 { [%clk 0:05:57] } 14... Qxc4
{ [%clk 0:07:43] } 15. N1d2 { [%clk 0:05:50] } 15... Qd3 { [%clk 0:07:19] } 16.
Nc5 { [%clk 0:05:45] } 16... Qb5 { [%clk 0:07:04] } 17. Ncb3 { [%clk 0:04:43] }
17... Nd3 { [%clk 0:05:45] } 18. Rb1 { [%clk 0:04:37] } 18... d5
{ [%clk 0:05:17] } 19. Nd4 { [%clk 0:04:31] } 19... Qc5 { [%clk 0:04:47] } 20.
N4b3 { [%clk 0:04:25] } 20... Qc3 { [%clk 0:04:38] } 21. exd5
{ [%clk 0:04:18] } 21... Nb2 { [%clk 0:04:19] } 22. Qe2 { [%clk 0:04:01] }
22... Nf5 { [%clk 0:03:50] } 23. Rfc1 { [%clk 0:03:56] } 23... Qa5
{ [%clk 0:03:41] } 24. Nxa5 { [%clk 0:03:45] } 24... exd5 { [%clk 0:03:12] }
25. Bxd5 { [%clk 0:03:01] } 25... Kh8 { [%clk 0:03:07] } 26. Bxb7
{ [%clk 0:02:50] } 26... Bxb7 { [%clk 0:02:59] } 27. Nxb7 { [%clk 0:02:49] }
27... Rab8 { [%clk 0:02:57] } 28. Nc5 { [%clk 0:02:46] } 28... Nd4
{ [%clk 0:02:49] } 29. Qxa6 { [%clk 0:02:35] } 29... Ne2+ { [%clk 0:02:44] }
30. Kg2 { [%clk 0:02:32] } 30... Nxc1 { [%clk 0:02:42] } 31. Rxc1
{ [%clk 0:02:29] } 31... Ra8 { [%clk 0:02:31] } 32. Qc6 { [%clk 0:02:17] }
32... Rfc8 { [%clk 0:02:19] } 33. Qd7 { [%clk 0:02:05] } 33... Rf8
{ [%clk 0:02:09] } 34. Nde4 { [%clk 0:01:55] } 34... Na4 { [%clk 0:02:06] } 35.
Nxa4 { [%clk 0:01:49] } 35... Rxa4 { [%clk 0:02:04] } 36. Qxa4
{ [%clk 0:01:48] } 36... Re8 { [%clk 0:01:58] } 37. Rc7 { [%clk 0:01:46] }
37... Rd8 { [%clk 0:01:51] } 38. Ng5 { [%clk 0:01:36] } 38... Be5
{ [%clk 0:01:44] } 39. Nxf7+ { [%clk 0:01:35] } 1-0"
Rated Rapid game,https://lichess.org/X4q39JyR,2024.08.01,-,abtl21,Damnjan,0-1,2024.08.01,08:45:35,1191,1223,,,C45,Scotch Game: Schmidt Variation,600+0,Normal,"1. e4 { [%clk 0:10:00] } 1... e5 { [%clk 0:10:00] } 2. Nf3 { [%clk 0:09:59] }
2... Nc6 { [%clk 0:09:57] } 3. d4 { [%clk 0:09:57] } 3... exd4
{ [%clk 0:09:56] } 4. Nxd4 { [%clk 0:09:57] } 4... Nf6 { [%clk 0:09:50] } 5.
Nxc6 { [%clk 0:09:54] } 5... bxc6 { [%clk 0:09:49] } 6. Bg5 { [%clk 0:09:52] }
6... d6 { [%clk 0:09:46] } 7. Bxf6 { [%clk 0:09:50] } 7... Qxf6
{ [%clk 0:09:45] } 8. Nc3 { [%clk 0:09:49] } 8... d5 { [%clk 0:09:40] } 9. exd5
{ [%clk 0:09:47] } 9... Bc5 { [%clk 0:09:37] } 10. f3 { [%clk 0:09:44] } 10...
O-O { [%clk 0:09:29] } 11. dxc6 { [%clk 0:09:37] } 11... Bb4 { [%clk 0:09:19] }
12. Qd2 { [%clk 0:09:31] } 12... Re8+ { [%clk 0:09:10] } 13. Be2
{ [%clk 0:09:29] } 13... Be6 { [%clk 0:09:01] } 14. a3 { [%clk 0:09:26] } 14...
Ba5 { [%clk 0:08:54] } 15. b4 { [%clk 0:09:24] } 15... Bb6 { [%clk 0:08:52] }
16. O-O-O { [%clk 0:09:08] } 16... Ba2 { [%clk 0:08:37] } 17. Nxa2
{ [%clk 0:09:06] } 17... Be3 { [%clk 0:08:36] } 18. Qxe3 { [%clk 0:09:01] }
18... Rxe3 { [%clk 0:08:34] } 19. Rhe1 { [%clk 0:08:50] } 19... Ree8
{ [%clk 0:08:29] } 20. c3 { [%clk 0:08:38] } 20... g6 { [%clk 0:08:16] } 21.
Rd7 { [%clk 0:08:36] } 21... Qxc6 { [%clk 0:08:06] } 22. Kc2 { [%clk 0:08:31] }
22... Qxd7 { [%clk 0:07:56] } 23. Kb3 { [%clk 0:08:26] } 23... Qe6+
{ [%clk 0:07:52] } 24. c4 { [%clk 0:08:23] } 24... Rab8 { [%clk 0:07:41] } 25.
a4 { [%clk 0:08:21] } 25... c5 { [%clk 0:07:39] } 26. Kc3 { [%clk 0:07:50] }
26... Qe3+ { [%clk 0:07:35] } 27. Kc2 { [%clk 0:07:45] } 27... Red8
{ [%clk 0:07:20] } 28. Nc3 { [%clk 0:07:38] } 28... Qd2+ { [%clk 0:07:07] } 29.
Kb3 { [%clk 0:07:34] } 29... Qxe1 { [%clk 0:07:05] } 30. b5 { [%clk 0:07:30] }
30... Qf2 { [%clk 0:06:26] } 31. Bd3 { [%clk 0:07:12] } 31... Rxd3
{ [%clk 0:06:21] } 0-1"
Rated Rapid game,https://lichess.org/UOthzY3E,2024.08.01,-,pawel-III,Saleemhaddad95,1-0,2024.08.01,08:45:35,1290,1466,,,A00,Van't Kruijs Opening,600+0,Normal,"1. e3 { [%clk 0:10:00] } 1... d5 { [%clk 0:10:00] } 2. c3 { [%clk 0:09:58] }
2... e5 { [%clk 0:09:58] } 3. Qa4+ { [%clk 0:09:54] } 3... Bd7
{ [%clk 0:09:55] } 4. Bb5 { [%clk 0:09:52] } 4... c6 { [%clk 0:09:53] } 5. Be2
{ [%clk 0:09:50] } 5... c5 { [%clk 0:09:50] } 6. Qb3 { [%clk 0:09:45] } 6... c4
{ [%clk 0:09:44] } 7. Qxb7 { [%clk 0:09:43] } 7... Bc6 { [%clk 0:09:30] } 8.
Qxa8 { [%clk 0:08:56] } 8... Bxa8 { [%clk 0:09:29] } 9. Nf3 { [%clk 0:08:47] }
9... e4 { [%clk 0:09:27] } 10. Nd4 { [%clk 0:08:44] } 10... Bc5
{ [%clk 0:09:24] } 11. Nb5 { [%clk 0:08:35] } 11... Nc6 { [%clk 0:09:13] } 12.
a4 { [%clk 0:08:27] } 12... a6 { [%clk 0:09:12] } 13. N5a3 { [%clk 0:08:12] }
13... Qa5 { [%clk 0:09:10] } 14. Nc2 { [%clk 0:08:05] } 14... Nf6
{ [%clk 0:09:05] } 15. O-O { [%clk 0:08:01] } 15... O-O { [%clk 0:09:03] } 16.
b4 { [%clk 0:07:48] } 16... Qb6 { [%clk 0:08:53] } 17. bxc5 { [%clk 0:07:43] }
17... Qxc5 { [%clk 0:08:53] } 18. Ba3 { [%clk 0:07:33] } 18... Qb6
{ [%clk 0:08:21] } 19. Bxf8 { [%clk 0:07:31] } 19... Kxf8 { [%clk 0:08:21] }
20. Nba3 { [%clk 0:07:05] } 20... Qb2 { [%clk 0:07:55] } 21. Rfb1
{ [%clk 0:06:50] } 21... Qxa1 { [%clk 0:07:52] } 22. Rxa1 { [%clk 0:06:49] }
22... Na5 { [%clk 0:07:45] } 23. Rb1 { [%clk 0:06:44] } 23... Nb3
{ [%clk 0:07:38] } 24. Nd4 { [%clk 0:06:18] } 24... Nxd2 { [%clk 0:07:34] } 25.
Rb8+ { [%clk 0:06:15] } 25... Ke7 { [%clk 0:07:23] } 26. Rxa8
{ [%clk 0:06:14] } 1-0"
Rated Rapid game,https://lichess.org/zObExx3I,2024.08.01,-,AAAAAdam,Lamosimo93,1-0,2024.08.01,08:45:35,930,778,,,C20,King's Pawn Game: Napoleon Attack,600+0,Normal,"1. e4 { [%eval 0.15] [%clk 0:10:00] } 1... e5 { [%eval 0.21] [%clk 0:10:00] }
2. Qf3 { [%eval -0.2] [%clk 0:09:58] } 2... f6 $2
{ [%eval 0.91] [%clk 0:09:49] } 3. Qb3 $6 { [%eval -0.03] [%clk 0:09:50] } 3...
Ne7 $6 { [%eval 0.66] [%clk 0:09:39] } 4. Bc4 { [%eval 0.24] [%clk 0:09:45] }
4... g6 $4 { [%eval #1] [%clk 0:09:29] } 5. Bf7# { [%clk 0:09:43] } 1-0"
Rated Rapid game,https://lichess.org/OxavpsCO,2024.08.01,-,harish92,Yy223,1-0,2024.08.01,08:45:35,1144,1158,,,C40,Elephant Gambit,600+0,Normal,"1. e4 { [%clk 0:10:00] } 1... e5 { [%clk 0:10:00] } 2. Nf3 { [%clk 0:09:59] }
2... d5 { [%clk 0:09:55] } 3. Bc4 { [%clk 0:09:59] } 3... dxc4
{ [%clk 0:09:52] } 4. Nxe5 { [%clk 0:09:58] } 4... Bc5 { [%clk 0:09:44] } 5.
Qf3 { [%clk 0:09:53] } 5... f6 { [%clk 0:09:40] } 6. Nxc4 { [%clk 0:09:29] }
6... Nh6 { [%clk 0:09:27] } 7. Qh5+ { [%clk 0:09:26] } 7... Kf8
{ [%clk 0:09:19] } 8. Qxc5+ { [%clk 0:09:22] } 8... Qe7 { [%clk 0:09:07] } 9.
Qd4 { [%clk 0:09:13] } 9... Nc6 { [%clk 0:09:01] } 10. Qd3 { [%clk 0:09:06] }
10... Bf5 { [%clk 0:08:41] } 11. b3 { [%clk 0:09:04] } 11... Bxe4
{ [%clk 0:08:16] } 12. Qg3 { [%clk 0:08:09] } 12... Bxg2+ { [%clk 0:08:02] }
13. Ne3 { [%clk 0:08:06] } 13... Bxh1 { [%clk 0:07:56] } 14. Ba3
{ [%clk 0:08:04] } 14... Nb4 { [%clk 0:07:06] } 15. c3 { [%clk 0:07:11] } 15...
Nc2+ { [%clk 0:06:30] } 16. Kd1 { [%clk 0:06:50] } 16... Nxa3
{ [%clk 0:06:27] } 17. Nd5 { [%clk 0:06:23] } 17... Qc5 { [%clk 0:06:00] } 18.
Nxc7 { [%clk 0:06:01] } 18... Nxb1 { [%clk 0:05:22] } 19. Ne6+
{ [%clk 0:05:51] } 19... Ke7 { [%clk 0:05:15] } 20. Nxc5 { [%clk 0:05:49] }
20... Na3 { [%clk 0:05:07] } 21. Qxg7+ { [%clk 0:05:38] } 21... Kd6
{ [%clk 0:04:55] } 22. Nxb7+ { [%clk 0:05:25] } 22... Kc6 { [%clk 0:04:43] }
23. Na5+ { [%clk 0:04:56] } 23... Kb6 { [%clk 0:04:18] } 24. b4
{ [%clk 0:04:51] } 24... Nf5 { [%clk 0:04:07] } 25. Qxf6+ { [%clk 0:04:44] }
25... Kb5 { [%clk 0:03:58] } 26. Qxf5+ { [%clk 0:04:41] } 26... Ka4
{ [%clk 0:03:54] } 27. Qd7+ { [%clk 0:04:22] } 27... Nb5 { [%clk 0:03:42] } 28.
c4 { [%clk 0:04:05] } 28... Bf3+ { [%clk 0:00:43] } 29. Kc1 { [%clk 0:03:45] }
29... Rac8 { [%clk 0:00:35] } 30. Qxb5+ { [%clk 0:03:41] } 30... Ka3
{ [%clk 0:00:30] } 31. Nb3 { [%clk 0:03:09] } 31... Rb8 { [%clk 0:00:06] } 32.
Qa5# { [%clk 0:03:07] } 1-0"
Rated Rapid game,https://lichess.org/VnOVayGC,2024.08.01,-,bo223344,joeljinesharch,0-1,2024.08.01,08:45:35,1411,1481,,,B01,Scandinavian Defense: Icelandic-Palme Gambit,600+0,Normal,"1. e4 { [%clk 0:10:00] } 1... d5 { [%clk 0:10:00] } 2. exd5 { [%clk 0:09:58] }
2... Nf6 { [%clk 0:09:59] } 3. c4 { [%clk 0:09:51] } 3... e6 { [%clk 0:09:58] }
4. Nc3 { [%clk 0:09:43] } 4... exd5 { [%clk 0:09:56] } 5. Qe2+
{ [%clk 0:09:39] } 5... Be7 { [%clk 0:09:52] } 6. cxd5 { [%clk 0:09:36] } 6...
Nxd5 { [%clk 0:09:51] } 7. Qb5+ { [%clk 0:09:30] } 7... c6 { [%clk 0:09:48] }
8. Qb3 { [%clk 0:09:17] } 8... Nxc3 { [%clk 0:09:46] } 9. dxc3
{ [%clk 0:09:06] } 9... Be6 { [%clk 0:09:39] } 10. Qxb7 { [%clk 0:09:03] }
10... Nd7 { [%clk 0:09:35] } 11. Qxc6 { [%clk 0:08:40] } 11... O-O
{ [%clk 0:09:33] } 12. Nf3 { [%clk 0:08:20] } 12... Rc8 { [%clk 0:09:13] } 13.
Qe4 { [%clk 0:07:59] } 13... Nc5 { [%clk 0:09:03] } 14. Qc2 { [%clk 0:07:44] }
14... Qd7 { [%clk 0:08:53] } 15. b4 { [%clk 0:07:27] } 15... Bf5
{ [%clk 0:08:50] } 16. Qb2 { [%clk 0:07:05] } 16... Nd3+ { [%clk 0:08:34] } 17.
Bxd3 { [%clk 0:07:03] } 17... Qxd3 { [%clk 0:08:27] } 18. Qd2
{ [%clk 0:06:35] } 18... Qb5 { [%clk 0:08:00] } 19. Nd4 { [%clk 0:06:25] }
19... Qe5+ { [%clk 0:07:52] } 20. Ne2 { [%clk 0:06:14] } 20... Bxb4
{ [%clk 0:07:26] } 21. O-O { [%clk 0:06:07] } 21... Bxc3 { [%clk 0:07:13] } 22.
Nxc3 { [%clk 0:06:03] } 22... Rxc3 { [%clk 0:07:06] } 23. Bb2
{ [%clk 0:06:01] } 23... Rd3 { [%clk 0:06:57] } 24. Qc1 { [%clk 0:05:38] }
24... Qe6 { [%clk 0:06:35] } 25. Re1 { [%clk 0:05:26] } 25... Rc8
{ [%clk 0:06:26] } 26. Qg5 { [%clk 0:05:17] } 26... Qg6 { [%clk 0:06:12] } 27.
Qe7 { [%clk 0:05:02] } 27... f6 { [%clk 0:05:57] } 28. Rac1 { [%clk 0:03:51] }
28... Re8 { [%clk 0:04:56] } 29. Qxa7 { [%clk 0:03:33] } 29... Rxe1+
{ [%clk 0:04:52] } 30. Rxe1 { [%clk 0:03:25] } 30... Rd8 { [%clk 0:04:32] } 31.
a4 { [%clk 0:02:51] } 31... Bh3 { [%clk 0:04:21] } 32. g3 { [%clk 0:02:47] }
32... Qg4 { [%clk 0:04:07] } 33. Qe7 { [%clk 0:02:29] } 33... Rf8
{ [%clk 0:03:59] } 34. Re4 { [%clk 0:02:08] } 34... Qf3 { [%clk 0:03:57] } 35.
Qe6+ { [%clk 0:01:23] } 35... Bxe6 { [%clk 0:03:52] } 36. Rxe6
{ [%clk 0:01:21] } 36... Qb3 { [%clk 0:03:43] } 0-1"
Rated Rapid game,https://lichess.org/f4TSxGTq,2024.08.01,-,Holistic1011,DedyLLL93,1-0,2024.08.01,08:45:35,1733,1679,,,B00,Owen Defense,600+0,Normal,"1. e4 { [%eval 0.15] [%clk 0:10:00] } 1... b6 { [%eval 0.65] [%clk 0:10:00] }
2. d4 { [%eval 0.7] [%clk 0:09:59] } 2... Bb7 { [%eval 0.63] [%clk 0:09:59] }
3. Nc3 { [%eval 0.6] [%clk 0:09:58] } 3... e6 { [%eval 0.67] [%clk 0:09:59] }
4. f3 { [%eval 0.22] [%clk 0:09:57] } 4... Ne7 $6
{ [%eval 0.78] [%clk 0:09:58] } 5. Nge2 { [%eval 0.42] [%clk 0:09:56] } 5... d5
{ [%eval 0.45] [%clk 0:09:58] } 6. e5 $2 { [%eval -0.95] [%clk 0:09:55] } 6...
Nbc6 $6 { [%eval -0.34] [%clk 0:09:56] } 7. Be3 { [%eval -0.3] [%clk 0:09:51] }
7... Nf5 { [%eval -0.14] [%clk 0:09:54] } 8. Qd2 $6
{ [%eval -0.7] [%clk 0:09:49] } 8... Bb4 $6 { [%eval -0.03] [%clk 0:09:51] } 9.
a3 { [%eval -0.44] [%clk 0:09:46] } 9... Bxc3 $6
{ [%eval 0.37] [%clk 0:09:49] } 10. bxc3 $2 { [%eval -0.68] [%clk 0:09:43] }
10... Na5 { [%eval -0.43] [%clk 0:09:48] } 11. Nf4
{ [%eval -0.88] [%clk 0:09:37] } 11... Nc4 { [%eval -0.79] [%clk 0:09:47] } 12.
Bxc4 { [%eval -0.83] [%clk 0:09:36] } 12... dxc4
{ [%eval -0.86] [%clk 0:09:43] } 13. O-O { [%eval -1.15] [%clk 0:09:35] } 13...
h5 { [%eval -0.94] [%clk 0:09:03] } 14. Qe2 { [%eval -1.01] [%clk 0:09:32] }
14... a5 { [%eval -0.58] [%clk 0:08:48] } 15. Bc1
{ [%eval -0.42] [%clk 0:09:18] } 15... h4 { [%eval -0.23] [%clk 0:08:41] } 16.
Nh3 { [%eval -0.6] [%clk 0:08:55] } 16... Ba6 $6
{ [%eval -0.04] [%clk 0:07:38] } 17. Bg5 { [%eval -0.08] [%clk 0:08:41] } 17...
f6 $4 { [%eval 4.03] [%clk 0:07:36] } 18. exf6 { [%eval 3.86] [%clk 0:08:40] }
18... gxf6 $2 { [%eval 6.31] [%clk 0:07:34] } 19. Qxe6+
{ [%eval 6.46] [%clk 0:08:39] } 19... Qe7 { [%eval 6.83] [%clk 0:07:29] } 20.
Qxf5 { [%eval 6.74] [%clk 0:08:28] } 20... fxg5 $4
{ [%eval #14] [%clk 0:07:27] } 21. Rfe1 { [%eval 13.44] [%clk 0:08:26] } 21...
Qxe1+ $6 { [%eval #6] [%clk 0:07:20] } 22. Rxe1+ { [%eval #5] [%clk 0:08:26] }
1-0"
Rated Rapid game,https://lichess.org/wTwEXEvP,2024.08.01,-,tonychess333,SlagjanCago,1-0,2024.08.01,08:45:35,1566,1544,,,C41,Philidor Defense,600+0,Normal,"1. e4 { [%clk 0:10:00] } 1... e5 { [%clk 0:10:00] } 2. Nf3 { [%clk 0:09:58] }
2... d6 { [%clk 0:09:54] } 3. c3 { [%clk 0:09:31] } 3... g6 { [%clk 0:09:53] }
4. d4 { [%clk 0:09:17] } 4... exd4 { [%clk 0:09:49] } 5. cxd4
{ [%clk 0:09:14] } 5... Bg7 { [%clk 0:09:48] } 6. Be2 { [%clk 0:09:06] } 6...
Nf6 { [%clk 0:09:44] } 7. e5 { [%clk 0:08:59] } 7... dxe5 { [%clk 0:09:43] } 8.
dxe5 { [%clk 0:08:58] } 8... Nfd7 { [%clk 0:09:39] } 9. e6 { [%clk 0:08:41] }
9... fxe6 { [%clk 0:09:35] } 10. O-O { [%clk 0:08:37] } 10... O-O
{ [%clk 0:09:33] } 11. Ng5 { [%clk 0:08:28] } 11... Ne5 { [%clk 0:09:24] } 12.
h3 { [%clk 0:07:59] } 12... b6 { [%clk 0:09:18] } 13. Nc3 { [%clk 0:07:52] }
13... Qf6 { [%clk 0:09:16] } 14. Bg4 { [%clk 0:07:42] } 14... Nbc6
{ [%clk 0:09:13] } 15. Be3 { [%clk 0:06:52] } 15... Nxg4 { [%clk 0:09:07] } 16.
Qxg4 { [%clk 0:06:48] } 16... Bb7 { [%clk 0:09:05] } 17. Nxe6
{ [%clk 0:06:39] } 17... Rf7 { [%clk 0:09:01] } 18. Nxc7 { [%clk 0:06:27] }
18... Rxc7 { [%clk 0:08:42] } 19. h4 { [%clk 0:05:48] } 19... Ne5
{ [%clk 0:08:35] } 20. Qg3 { [%clk 0:05:36] } 20... Rf8 { [%clk 0:08:18] } 21.
h5 { [%clk 0:05:22] } 21... Rcf7 { [%clk 0:08:07] } 22. hxg6 { [%clk 0:05:18] }
22... Nxg6 { [%clk 0:08:05] } 23. Rad1 { [%clk 0:04:35] } 23... Nh4
{ [%clk 0:08:01] } 24. f3 { [%clk 0:04:02] } 24... Qh6 { [%clk 0:07:49] } 25.
Bxh6 { [%clk 0:03:56] } 1-0"
Rated Rapid game,https://lichess.org/HOrMjdLH,2024.08.01,-,knighttheman,houcin8866,0-1,2024.08.01,08:45:35,1658,1568,,,C21,Center Game,600+0,Normal,"1. e4 { [%clk 0:10:00] } 1... e5 { [%clk 0:10:00] } 2. d4 { [%clk 0:09:59] }
2... exd4 { [%clk 0:09:59] } 3. Qxd4 { [%clk 0:09:58] } 3... d6
{ [%clk 0:09:55] } 4. Nf3 { [%clk 0:09:53] } 4... Nc6 { [%clk 0:09:52] } 5. Bb5
{ [%clk 0:09:49] } 5... Bd7 { [%clk 0:09:49] } 6. Bxc6 { [%clk 0:09:43] } 6...
Bxc6 { [%clk 0:09:47] } 7. O-O { [%clk 0:09:42] } 7... Nf6 { [%clk 0:09:45] }
8. Re1 { [%clk 0:09:41] } 8... Be7 { [%clk 0:09:42] } 9. e5 { [%clk 0:09:37] }
9... Bxf3 { [%clk 0:09:40] } 10. exf6 { [%clk 0:09:33] } 10... gxf6
{ [%clk 0:09:37] } 11. Qf4 { [%clk 0:09:28] } 11... Bc6 { [%clk 0:09:28] } 12.
Qxf6 { [%clk 0:09:25] } 12... Rf8 { [%clk 0:09:27] } 13. Bh6 { [%clk 0:09:18] }
13... Rg8 { [%clk 0:09:18] } 14. g3 { [%clk 0:09:13] } 14... Qd7
{ [%clk 0:09:15] } 15. Nc3 { [%clk 0:09:02] } 15... O-O-O { [%clk 0:09:11] }
16. Rxe7 { [%clk 0:08:57] } 16... Qh3 { [%clk 0:09:09] } 17. Ne4
{ [%clk 0:08:48] } 17... Rg6 { [%clk 0:09:04] } 18. Qf4 { [%clk 0:08:42] }
18... Rxh6 { [%clk 0:08:56] } 19. f3 { [%clk 0:08:06] } 19... Qxh2+
{ [%clk 0:08:53] } 20. Kf1 { [%clk 0:08:02] } 20... Qh1+ { [%clk 0:08:44] } 21.
Ke2 { [%clk 0:08:02] } 21... Rh2+ { [%clk 0:08:42] } 22. Nf2 { [%clk 0:07:54] }
22... Qxa1 { [%clk 0:08:36] } 23. g4 { [%clk 0:07:48] } 23... Bb5+
{ [%clk 0:08:10] } 24. c4 { [%clk 0:07:38] } 24... Qxb2+ { [%clk 0:08:06] } 0-1"
Rated Rapid game,https://lichess.org/pjBrZn8O,2024.08.01,-,Dondorward,amanilyias4188,1/2-1/2,2024.08.01,08:45:35,1494,1500,,,B10,Caro-Kann Defense,600+0,Normal,"1. e4 { [%clk 0:10:00] } 1... c6 { [%clk 0:10:00] } 2. Nc3 { [%clk 0:09:56] }
2... d5 { [%clk 0:09:59] } 3. exd5 { [%clk 0:09:55] } 3... cxd5
{ [%clk 0:09:59] } 4. d4 { [%clk 0:09:53] } 4... Nc6 { [%clk 0:09:57] } 5. Nf3
{ [%clk 0:09:51] } 5... e6 { [%clk 0:09:57] } 6. Bb5 { [%clk 0:09:49] } 6... a6
{ [%clk 0:09:55] } 7. Bxc6+ { [%clk 0:09:48] } 7... bxc6 { [%clk 0:09:55] } 8.
O-O { [%clk 0:09:45] } 8... Nf6 { [%clk 0:09:54] } 9. Re1 { [%clk 0:09:42] }
9... Bd6 { [%clk 0:09:50] } 10. Bg5 { [%clk 0:09:37] } 10... O-O
{ [%clk 0:09:48] } 11. Ne5 { [%clk 0:09:32] } 11... h6 { [%clk 0:09:45] } 12.
Bxf6 { [%clk 0:09:29] } 12... Qxf6 { [%clk 0:09:43] } 13. Nxc6
{ [%clk 0:09:29] } 13... Bb7 { [%clk 0:09:41] } 14. Ne5 { [%clk 0:09:11] }
14... Bxe5 { [%clk 0:09:31] } 15. Rxe5 { [%clk 0:09:04] } 15... Qg6
{ [%clk 0:09:27] } 16. Qd3 { [%clk 0:08:50] } 16... Qxd3 { [%clk 0:09:24] } 17.
cxd3 { [%clk 0:08:45] } 17... Rab8 { [%clk 0:09:23] } 18. b3 { [%clk 0:08:39] }
18... Bc6 { [%clk 0:09:21] } 19. Re3 { [%clk 0:08:24] } 19... Rb4
{ [%clk 0:09:19] } 20. Ne2 { [%clk 0:08:18] } 20... Bb5 { [%clk 0:09:16] } 21.
Rc1 { [%clk 0:08:14] } 21... Bd7 { [%clk 0:09:11] } 22. f4 { [%clk 0:08:10] }
22... Rc8 { [%clk 0:09:02] } 23. Rxc8+ { [%clk 0:08:08] } 23... Bxc8
{ [%clk 0:09:02] } 24. Kf2 { [%clk 0:07:58] } 24... Kf8 { [%clk 0:09:00] } 25.
Kf3 { [%clk 0:07:51] } 25... a5 { [%clk 0:08:59] } 26. g4 { [%clk 0:07:47] }
26... a4 { [%clk 0:08:58] } 27. bxa4 { [%clk 0:07:44] } 27... Rxa4
{ [%clk 0:08:58] } 28. Nc3 { [%clk 0:07:39] } 28... Rxd4 { [%clk 0:08:57] } 29.
a4 { [%clk 0:07:33] } 29... Bb7 { [%clk 0:08:51] } 30. Nb5 { [%clk 0:07:30] }
30... Rb4 { [%clk 0:08:47] } 31. Nd6 { [%clk 0:07:27] } 31... Ba8
{ [%clk 0:08:43] } 32. Kg3 { [%clk 0:07:18] } 32... Rxa4 { [%clk 0:08:40] } 33.
f5 { [%clk 0:07:12] } 33... Ke7 { [%clk 0:08:25] } 34. Nb5 { [%clk 0:07:05] }
34... d4 { [%clk 0:08:21] } 35. Re1 { [%clk 0:07:01] } 35... Bc6
{ [%clk 0:08:19] } 36. Rb1 { [%clk 0:06:45] } 36... Bxb5 { [%clk 0:08:16] } 37.
Rxb5 { [%clk 0:06:43] } 37... Ra3 { [%clk 0:08:15] } 38. fxe6
{ [%clk 0:06:40] } 38... fxe6 { [%clk 0:08:13] } 39. Rb7+ { [%clk 0:06:37] }
39... Kf6 { [%clk 0:08:11] } 40. Kf4 { [%clk 0:06:34] } 40... Rxd3
{ [%clk 0:08:10] } 41. h4 { [%clk 0:06:32] } 41... Rd1 { [%clk 0:08:08] } 42.
g5+ { [%clk 0:06:30] } 42... hxg5+ { [%clk 0:08:06] } 43. hxg5+
{ [%clk 0:06:28] } 43... Kg6 { [%clk 0:08:04] } 44. Rd7 { [%clk 0:06:20] }
44... d3 { [%clk 0:08:01] } 45. Ke3 { [%clk 0:06:18] } 45... Re1+
{ [%clk 0:07:57] } 46. Kd2 { [%clk 0:06:16] } 46... Re5 { [%clk 0:07:53] } 47.
Kxd3 { [%clk 0:06:12] } 47... Rxg5 { [%clk 0:07:51] } 48. Rd6
{ [%clk 0:06:08] } 48... Kf7 { [%clk 0:07:47] } 49. Ke4 { [%clk 0:06:04] }
49... Rg1 { [%clk 0:07:42] } 50. Rd7+ { [%clk 0:06:02] } 50... Kf6
{ [%clk 0:07:41] } 51. Rd2 { [%clk 0:05:57] } 51... Re1+ { [%clk 0:07:38] } 52.
Kf3 { [%clk 0:05:55] } 52... e5 { [%clk 0:07:36] } 53. Rf2 { [%clk 0:05:53] }
53... Ra1 { [%clk 0:07:28] } 54. Ke4+ { [%clk 0:05:50] } 54... Ke6
{ [%clk 0:07:27] } 55. Rg2 { [%clk 0:05:47] } 55... Ra4+ { [%clk 0:07:21] } 56.
Ke3 { [%clk 0:05:44] } 56... Ra3+ { [%clk 0:07:20] } 57. Ke4 { [%clk 0:05:42] }
57... Ra7 { [%clk 0:07:17] } 58. Rg6+ { [%clk 0:05:38] } 58... Kf7
{ [%clk 0:07:13] } 59. Rg5 { [%clk 0:05:36] } 59... Kf6 { [%clk 0:07:01] } 60.
Rf5+ { [%clk 0:05:33] } 60... Kg6 { [%clk 0:06:49] } 61. Rxe5
{ [%clk 0:05:31] } 61... Ra4+ { [%clk 0:06:48] } 62. Kf3 { [%clk 0:05:29] }
62... Ra1 { [%clk 0:06:44] } 63. Re6+ { [%clk 0:05:26] } 63... Kf5
{ [%clk 0:06:41] } 64. Re7 { [%clk 0:05:24] } 64... Kf6 { [%clk 0:06:40] } 65.
Re2 { [%clk 0:05:21] } 65... Rf1+ { [%clk 0:06:38] } 66. Kg2 { [%clk 0:05:19] }
66... Ra1 { [%clk 0:06:32] } 67. Rf2+ { [%clk 0:05:17] } 67... Kg6
{ [%clk 0:06:30] } 68. Kg3 { [%clk 0:05:14] } 68... Kh5 { [%clk 0:06:25] } 69.
Rh2+ { [%clk 0:05:12] } 69... Kg5 { [%clk 0:06:23] } 70. Rg2 { [%clk 0:05:11] }
70... g6 { [%clk 0:06:18] } 71. Kh3+ { [%clk 0:05:09] } 71... Kh5
{ [%clk 0:06:15] } 72. Rh2 { [%clk 0:05:04] } 72... g5 { [%clk 0:06:05] } 73.
Kg3+ { [%clk 0:05:01] } 73... Kg6 { [%clk 0:06:04] } 74. Kg4 { [%clk 0:04:59] }
74... Ra4+ { [%clk 0:06:02] } 75. Kg3 { [%clk 0:04:57] } 75... g4
{ [%clk 0:05:54] } 76. Rh4 { [%clk 0:04:54] } 76... Kg5 { [%clk 0:05:52] } 77.
Rh8 { [%clk 0:04:50] } 77... Ra3+ { [%clk 0:05:48] } 78. Kg2 { [%clk 0:04:49] }
78... Kf4 { [%clk 0:05:44] } 79. Rf8+ { [%clk 0:04:46] } 79... Kg5
{ [%clk 0:05:42] } 80. Rg8+ { [%clk 0:04:44] } 80... Kh5 { [%clk 0:05:40] } 81.
Rh8+ { [%clk 0:04:42] } 81... Kg6 { [%clk 0:05:39] } 82. Rf8 { [%clk 0:04:41] }
82... Kh5 { [%clk 0:05:28] } 83. Rh8+ { [%clk 0:04:38] } 83... Kg5
{ [%clk 0:05:26] } 84. Rg8+ { [%clk 0:04:37] } 84... Kf5 { [%clk 0:05:19] } 85.
Rf8+ { [%clk 0:04:34] } 85... Ke4 { [%clk 0:05:17] } 86. Rg8 { [%clk 0:04:32] }
86... Kf4 { [%clk 0:05:06] } 87. Rf8+ { [%clk 0:04:30] } 87... Ke4
{ [%clk 0:05:05] } 88. Rg8 { [%clk 0:04:27] } 88... g3 { [%clk 0:05:00] } 89.
Rxg3 { [%clk 0:04:25] } 89... Ra2+ { [%clk 0:05:00] } 90. Kh3
{ [%clk 0:04:23] } 90... Kf4 { [%clk 0:04:56] } 91. Rg4+ { [%clk 0:04:21] }
91... Kf5 { [%clk 0:04:54] } 92. Rg2 { [%clk 0:04:19] } 92... Ra8
{ [%clk 0:04:47] } 93. Kh2 { [%clk 0:04:17] } 93... Kf4 { [%clk 0:04:45] } 94.
Rf2+ { [%clk 0:04:15] } 94... Ke3 { [%clk 0:04:43] } 95. Rg2 { [%clk 0:04:13] }
95... Kf3 { [%clk 0:04:41] } 96. Rg3+ { [%clk 0:04:12] } 96... Kf2
{ [%clk 0:04:38] } 97. Rg2+ { [%clk 0:04:10] } 97... Kf1 { [%clk 0:04:36] } 98.
Rg1+ { [%clk 0:04:09] } 98... Kf2 { [%clk 0:04:36] } 99. Rg2+
{ [%clk 0:04:07] } 99... Ke3 { [%clk 0:04:35] } 100. Rg3+ { [%clk 0:04:06] }
100... Kf4 { [%clk 0:04:33] } 101. Rg2 { [%clk 0:04:02] } 101... Rh8+
{ [%clk 0:04:29] } 102. Kg1 { [%clk 0:04:00] } 102... Kf3 { [%clk 0:04:26] }
103. Rf2+ { [%clk 0:03:58] } 103... Ke3 { [%clk 0:04:21] } 104. Rh2
{ [%clk 0:03:56] } 104... Ra8 { [%clk 0:04:17] } 105. Rh3+ { [%clk 0:03:52] }
105... Kf4 { [%clk 0:04:15] } 106. Rh2 { [%clk 0:03:47] } 106... Kg3
{ [%clk 0:04:12] } 107. Rg2+ { [%clk 0:03:46] } 107... Kh3 { [%clk 0:04:10] }
108. Rh2+ { [%clk 0:03:44] } 108... Kg3 { [%clk 0:04:09] } 109. Rg2+
{ [%clk 0:03:43] } 109... Kh4 { [%clk 0:04:08] } 110. Rh2+ { [%clk 0:03:41] }
110... Kg4 { [%clk 0:04:06] } 111. Rg2+ { [%clk 0:03:40] } 111... Kf4
{ [%clk 0:04:03] } 112. Rf2+ { [%clk 0:03:38] } 112... Ke3 { [%clk 0:04:03] }
113. Rg2 { [%clk 0:03:34] } 113... Ra1+ { [%clk 0:03:55] } 114. Kh2
{ [%clk 0:03:32] } 114... Ra8 { [%clk 0:03:54] } 115. Kg1 { [%clk 0:03:29] }
115... Ra1+ { [%clk 0:03:51] } 116. Kh2 { [%clk 0:03:27] } 116... Rf1
{ [%clk 0:03:47] } 117. Rg3+ { [%clk 0:03:24] } 117... Ke4 { [%clk 0:03:45] }
118. Kg2 { [%clk 0:03:23] } 118... Rf8 { [%clk 0:03:31] } 119. Rg4+
{ [%clk 0:03:19] } 119... Kd3 { [%clk 0:03:28] } 120. Rg3+ { [%clk 0:03:18] }
120... Ke2 { [%clk 0:03:27] } 121. Kh3 { [%clk 0:03:12] } 121... Rh8+
{ [%clk 0:03:25] } 122. Kg4 { [%clk 0:03:10] } 122... Rg8+ { [%clk 0:03:24] }
123. Kh3 { [%clk 0:03:08] } 123... Rxg3+ { [%clk 0:03:22] } 124. Kxg3
{ [%clk 0:03:07] } 1/2-1/2"
Rated Rapid game,https://lichess.org/hZBX2vJG,2024.08.01,-,rohitshah84,PAQUERA123,0-1,2024.08.01,08:45:42,1263,1244,,,B00,Nimzowitsch Defense,600+0,Time forfeit,"1. e4 { [%clk 0:10:00] } 1... Nc6 { [%clk 0:10:00] } 2. Bd3 { [%clk 0:09:57] }
2... e5 { [%clk 0:09:56] } 3. h3 { [%clk 0:09:55] } 3... Bc5 { [%clk 0:09:53] }
4. Nf3 { [%clk 0:09:50] } 4... Nf6 { [%clk 0:09:51] } 5. Nc3 { [%clk 0:09:43] }
5... Nd4 { [%clk 0:09:49] } 6. Nxd4 { [%clk 0:09:39] } 6... Bxd4
{ [%clk 0:09:49] } 7. Qe2 { [%clk 0:09:35] } 7... O-O { [%clk 0:09:46] } 8. Nb5
{ [%clk 0:09:30] } 8... d5 { [%clk 0:09:41] } 9. Nxd4 { [%clk 0:09:28] } 9...
exd4 { [%clk 0:09:39] } 10. O-O { [%clk 0:09:24] } 10... c5 { [%clk 0:09:36] }
11. exd5 { [%clk 0:09:21] } 11... Nxd5 { [%clk 0:09:32] } 12. Be4
{ [%clk 0:09:13] } 12... Nb4 { [%clk 0:09:27] } 13. a3 { [%clk 0:09:06] } 13...
Nd5 { [%clk 0:09:18] } 14. Qc4 { [%clk 0:09:03] } 14... Be6 { [%clk 0:08:45] }
15. d3 { [%clk 0:08:48] } 15... Nf4 { [%clk 0:08:40] } 16. Bxf4
{ [%clk 0:08:45] } 16... Bxc4 { [%clk 0:08:36] } 17. dxc4 { [%clk 0:08:43] }
17... Qb6 { [%clk 0:08:26] } 18. Rab1 { [%clk 0:08:24] } 18... Rae8
{ [%clk 0:08:12] } 19. Bd3 { [%clk 0:08:15] } 19... Qf6 { [%clk 0:07:57] } 20.
g3 { [%clk 0:07:51] } 20... a6 { [%clk 0:07:52] } 21. a4 { [%clk 0:07:00] }
21... b5 { [%clk 0:07:17] } 22. axb5 { [%clk 0:06:55] } 22... axb5
{ [%clk 0:07:17] } 23. cxb5 { [%clk 0:06:54] } 23... Qb6 { [%clk 0:07:13] } 24.
c4 { [%clk 0:06:52] } 24... Re6 { [%clk 0:07:07] } 25. Bf5 { [%clk 0:06:38] }
25... Rf6 { [%clk 0:07:00] } 26. Be4 { [%clk 0:06:31] } 26... Re8
{ [%clk 0:06:57] } 27. f3 { [%clk 0:06:25] } 27... Qa5 { [%clk 0:06:51] } 28.
b3 { [%clk 0:06:19] } 28... h6 { [%clk 0:06:40] } 29. Bd6 { [%clk 0:06:15] }
29... Rxe4 { [%clk 0:06:35] } 30. fxe4 { [%clk 0:06:11] } 30... Rxd6
{ [%clk 0:06:31] } 31. e5 { [%clk 0:06:06] } 31... Re6 { [%clk 0:06:27] } 32.
Rfe1 { [%clk 0:06:03] } 32... d3 { [%clk 0:06:20] } 33. Rb2 { [%clk 0:05:29] }
33... Qxe1+ { [%clk 0:06:16] } 0-1"
Rated Rapid game,https://lichess.org/A46VXWbZ,2024.08.01,-,Osmania64,hzodQQ,0-1,2024.08.01,08:45:42,1443,1457,,,C30,King's Gambit Declined: Queen's Knight Defense,600+0,Normal,"1. e4 { [%clk 0:10:00] } 1... e5 { [%clk 0:10:00] } 2. f4 { [%clk 0:09:59] }
2... Nc6 { [%clk 0:09:57] } 3. Nf3 { [%clk 0:09:58] } 3... d6
{ [%clk 0:09:51] } 4. d4 { [%clk 0:09:52] } 4... Bg4 { [%clk 0:09:47] } 5. dxe5
{ [%clk 0:09:47] } 5... Nxe5 { [%clk 0:09:43] } 6. fxe5 { [%clk 0:09:43] } 6...
Bxf3 { [%clk 0:09:24] } 7. Qxf3 { [%clk 0:09:22] } 7... dxe5 { [%clk 0:09:23] }
8. Nc3 { [%clk 0:09:20] } 8... Nf6 { [%clk 0:09:21] } 9. Be3 { [%clk 0:09:12] }
9... Bb4 { [%clk 0:09:12] } 10. Rd1 { [%clk 0:09:09] } 10... Qe7
{ [%clk 0:09:08] } 11. a3 { [%clk 0:08:48] } 11... Bxc3+ { [%clk 0:08:59] } 12.
bxc3 { [%clk 0:08:45] } 12... Qxa3 { [%clk 0:08:59] } 13. Bc4
{ [%clk 0:08:29] } 13... Qxc3+ { [%clk 0:08:49] } 14. Rd2 { [%clk 0:07:59] }
14... Qxc4 { [%clk 0:08:35] } 15. Bg5 { [%clk 0:07:42] } 15... Qxe4+
{ [%clk 0:08:17] } 16. Re2 { [%clk 0:07:33] } 16... Qxf3 { [%clk 0:07:59] } 17.
gxf3 { [%clk 0:07:31] } 17... O-O-O { [%clk 0:07:52] } 18. O-O
{ [%clk 0:07:27] } 18... h6 { [%clk 0:07:49] } 19. Be3 { [%clk 0:07:24] } 19...
e4 { [%clk 0:07:47] } 20. Bxa7 { [%clk 0:07:21] } 20... exf3 { [%clk 0:07:44] }
21. Rxf3 { [%clk 0:07:20] } 21... Rd1+ { [%clk 0:07:39] } 22. Rf1
{ [%clk 0:07:11] } 22... Rxf1+ { [%clk 0:07:38] } 23. Kxf1 { [%clk 0:07:09] }
23... b6 { [%clk 0:07:37] } 24. Re7 { [%clk 0:07:02] } 24... Ng4
{ [%clk 0:07:32] } 25. Rxf7 { [%clk 0:06:47] } 25... Nxh2+ { [%clk 0:07:28] }
26. Kg2 { [%clk 0:06:44] } 26... Ng4 { [%clk 0:07:25] } 27. Rf4
{ [%clk 0:06:42] } 27... Ne3+ { [%clk 0:07:24] } 28. Kf2 { [%clk 0:06:39] }
28... Nxc2 { [%clk 0:07:22] } 29. Rc4 { [%clk 0:06:38] } 29... Rf8+
{ [%clk 0:07:14] } 30. Kg3 { [%clk 0:06:32] } 30... Ne3 { [%clk 0:07:09] } 31.
Rc3 { [%clk 0:06:26] } 31... Nf5+ { [%clk 0:07:06] } 32. Kg4 { [%clk 0:06:23] }
32... g5 { [%clk 0:07:04] } 33. Bxb6 { [%clk 0:06:21] } 33... Ne3+
{ [%clk 0:06:55] } 34. Kh5 { [%clk 0:06:14] } 34... Nd5 { [%clk 0:06:49] } 35.
Rxc7+ { [%clk 0:06:04] } 35... Nxc7 { [%clk 0:06:48] } 36. Bxc7
{ [%clk 0:06:02] } 36... Kxc7 { [%clk 0:06:47] } 37. Kxh6 { [%clk 0:06:01] }
37... Rg8 { [%clk 0:06:46] } 38. Kh5 { [%clk 0:06:00] } 38... g4
{ [%clk 0:06:45] } 39. Kh4 { [%clk 0:06:00] } 39... g3 { [%clk 0:06:45] } 40.
Kh3 { [%clk 0:05:59] } 40... g2 { [%clk 0:06:44] } 41. Kh2 { [%clk 0:05:57] }
41... g1=R { [%clk 0:06:28] } 42. Kh3 { [%clk 0:05:55] } 42... Rh1#
{ [%clk 0:06:28] } 0-1"
Rated Rapid game,https://lichess.org/s2DdeUOJ,2024.08.01,-,Mae77,chungdauda,1-0,2024.08.01,08:45:42,1775,1779,,,D00,Queen's Pawn Game,600+0,Normal,"1. d4 { [%clk 0:10:00] } 1... d5 { [%clk 0:10:00] } 2. e3 { [%clk 0:09:59] }
2... e6 { [%clk 0:09:57] } 3. f4 { [%clk 0:09:58] } 3... c5 { [%clk 0:09:55] }
4. Nf3 { [%clk 0:09:58] } 4... Nc6 { [%clk 0:09:52] } 5. c3 { [%clk 0:09:57] }
5... c4 { [%clk 0:09:40] } 6. Be2 { [%clk 0:09:55] } 6... Be7
{ [%clk 0:09:37] } 7. O-O { [%clk 0:09:53] } 7... Nf6 { [%clk 0:09:29] } 8. Ne5
{ [%clk 0:09:49] } 8... O-O { [%clk 0:08:42] } 9. Bf3 { [%clk 0:09:46] } 9...
a5 { [%clk 0:08:24] } 10. Nd2 { [%clk 0:09:44] } 10... b5 { [%clk 0:08:19] }
11. Nxc6 { [%clk 0:09:41] } 11... Qc7 { [%clk 0:08:07] } 12. Nxe7+
{ [%clk 0:09:37] } 12... Qxe7 { [%clk 0:08:01] } 13. e4 { [%clk 0:09:16] }
13... Bb7 { [%clk 0:07:53] } 14. e5 { [%clk 0:09:14] } 14... Ne4
{ [%clk 0:07:50] } 15. Qe1 { [%clk 0:08:49] } 15... f5 { [%clk 0:07:27] } 16.
exf6 { [%clk 0:08:39] } 16... Qxf6 { [%clk 0:07:17] } 17. Bxe4
{ [%clk 0:08:13] } 17... dxe4 { [%clk 0:07:15] } 18. Nxe4 { [%clk 0:08:11] }
18... Bxe4 { [%clk 0:07:11] } 19. Qxe4 { [%clk 0:08:10] } 19... Qh4
{ [%clk 0:07:01] } 1-0"
Rated Rapid game,https://lichess.org/Llfq6eIW,2024.08.01,-,RJ1765,ogmleco,1-0,2024.08.01,08:45:42,1209,1194,,,C25,Vienna Game,600+0,Normal,"1. e4 { [%eval 0.15] [%clk 0:10:00] } 1... e5 { [%eval 0.21] [%clk 0:10:00] }
2. Nc3 { [%eval 0.1] [%clk 0:09:55] } 2... c6 { [%eval 0.63] [%clk 0:09:54] }
3. Nf3 { [%eval 0.55] [%clk 0:09:52] } 3... Qf6 $2
{ [%eval 1.94] [%clk 0:09:52] } 4. Bc4 $6 { [%eval 1.02] [%clk 0:09:29] } 4...
Bc5 { [%eval 1.42] [%clk 0:09:46] } 5. O-O { [%eval 1.35] [%clk 0:09:15] } 5...
d6 { [%eval 1.98] [%clk 0:09:16] } 6. d3 $2 { [%eval 0.65] [%clk 0:09:07] }
6... h6 { [%eval 0.69] [%clk 0:09:13] } 7. Be3 $6
{ [%eval 0.08] [%clk 0:08:57] } 7... Bb6 $6 { [%eval 0.75] [%clk 0:09:05] } 8.
Bxb6 $6 { [%eval -0.05] [%clk 0:08:53] } 8... axb6
{ [%eval 0.01] [%clk 0:09:03] } 9. d4 { [%eval 0.02] [%clk 0:08:48] } 9... b5
{ [%eval 0.16] [%clk 0:08:55] } 10. dxe5 { [%eval 0.13] [%clk 0:08:39] } 10...
dxe5 { [%eval 0.13] [%clk 0:08:41] } 11. Bd3 { [%eval -0.35] [%clk 0:06:59] }
11... Bg4 { [%eval -0.33] [%clk 0:08:22] } 12. h3
{ [%eval -0.58] [%clk 0:06:50] } 12... Be6 $6 { [%eval 0.28] [%clk 0:08:09] }
13. a4 { [%eval 0.3] [%clk 0:06:37] } 13... b4 { [%eval 0.65] [%clk 0:07:47] }
14. Ne2 { [%eval 0.75] [%clk 0:06:28] } 14... Qg6 $2
{ [%eval 3.51] [%clk 0:07:24] } 15. Nxe5 { [%eval 3.6] [%clk 0:06:19] } 15...
Qg5 { [%eval 3.73] [%clk 0:07:09] } 16. Nf3 { [%eval 3.04] [%clk 0:06:11] }
16... Qg6 $4 { [%eval 6.61] [%clk 0:07:08] } 17. e5
{ [%eval 6.47] [%clk 0:06:01] } 17... Qh5 { [%eval 8.0] [%clk 0:06:39] } 18.
Nf4 { [%eval 8.44] [%clk 0:05:52] } 1-0"
Rated Rapid game,https://lichess.org/2CZfYesW,2024.08.01,-,Chessmaster_1500,lsea17,1-0,2024.08.01,08:45:42,1871,1847,,,C44,Scotch Game: Lolli Variation,600+0,Normal,"1. e4 { [%clk 0:10:00] } 1... e5 { [%clk 0:10:00] } 2. Nf3 { [%clk 0:09:59] }
2... Nc6 { [%clk 0:10:00] } 3. d4 { [%clk 0:09:58] } 3... exd4
{ [%clk 0:09:57] } 4. Nxd4 { [%clk 0:09:58] } 4... Nxd4 { [%clk 0:09:57] } 5.
Qxd4 { [%clk 0:09:57] } 5... Qf6 { [%clk 0:09:56] } 6. e5 { [%clk 0:09:51] }
6... Qg6 { [%clk 0:09:55] } 7. c3 { [%clk 0:09:34] } 7... Ne7
{ [%clk 0:09:52] } 8. Nd2 { [%clk 0:09:19] } 8... Nc6 { [%clk 0:09:44] } 9. Qe3
{ [%clk 0:09:04] } 9... Be7 { [%clk 0:09:39] } 10. Rg1 { [%clk 0:08:36] } 10...
O-O { [%clk 0:09:29] } 11. Bd3 { [%clk 0:08:25] } 11... Qg5 { [%clk 0:09:27] }
12. Qxg5 { [%clk 0:08:18] } 12... Bxg5 { [%clk 0:09:26] } 13. Nf3
{ [%clk 0:08:17] } 13... Bxc1 { [%clk 0:09:19] } 14. Rxc1 { [%clk 0:08:13] }
14... Re8 { [%clk 0:09:15] } 15. Kd2 { [%clk 0:08:03] } 15... d6
{ [%clk 0:09:05] } 16. exd6 { [%clk 0:07:57] } 16... cxd6 { [%clk 0:09:03] }
17. Bb5 { [%clk 0:07:50] } 17... Bd7 { [%clk 0:09:01] } 18. Rge1
{ [%clk 0:07:45] } 18... a6 { [%clk 0:08:59] } 19. Bd3 { [%clk 0:07:24] } 19...
Ne5 { [%clk 0:08:55] } 20. Nxe5 { [%clk 0:07:19] } 20... Rxe5
{ [%clk 0:08:54] } 21. Rxe5 { [%clk 0:07:17] } 21... dxe5 { [%clk 0:08:53] }
22. Re1 { [%clk 0:07:11] } 22... f6 { [%clk 0:08:52] } 23. Bc4+
{ [%clk 0:07:04] } 23... Kf8 { [%clk 0:08:48] } 24. Bd5 { [%clk 0:07:00] }
24... Bc6 { [%clk 0:08:42] } 25. Bxc6 { [%clk 0:06:59] } 25... bxc6
{ [%clk 0:08:41] } 26. b4 { [%clk 0:06:50] } 26... Ke7 { [%clk 0:08:38] } 27.
Ke3 { [%clk 0:06:45] } 27... Rd8 { [%clk 0:08:36] } 28. Re2 { [%clk 0:06:41] }
28... Ke6 { [%clk 0:08:34] } 29. a4 { [%clk 0:06:35] } 29... Rd1
{ [%clk 0:08:27] } 30. Rd2 { [%clk 0:06:23] } 30... Rxd2 { [%clk 0:08:26] } 31.
Kxd2 { [%clk 0:06:22] } 31... Kd5 { [%clk 0:08:25] } 32. Kd3 { [%clk 0:06:21] }
32... f5 { [%clk 0:08:22] } 33. c4+ { [%clk 0:06:19] } 33... Kd6
{ [%clk 0:08:19] } 34. f3 { [%clk 0:06:17] } 34... g5 { [%clk 0:08:17] } 35. g3
{ [%clk 0:06:05] } 35... h5 { [%clk 0:08:15] } 36. h3 { [%clk 0:05:36] } 36...
g4 { [%clk 0:08:09] } 37. hxg4 { [%clk 0:05:30] } 37... hxg4 { [%clk 0:08:08] }
38. fxg4 { [%clk 0:05:24] } 38... fxg4 { [%clk 0:08:08] } 39. Ke4
{ [%clk 0:05:23] } 39... Ke6 { [%clk 0:08:06] } 40. b5 { [%clk 0:05:10] } 40...
cxb5 { [%clk 0:08:01] } 41. cxb5 { [%clk 0:05:06] } 41... axb5
{ [%clk 0:07:59] } 42. axb5 { [%clk 0:05:05] } 42... Kd6 { [%clk 0:07:59] } 43.
b6 { [%clk 0:05:03] } 43... Kc6 { [%clk 0:07:58] } 44. Kxe5 { [%clk 0:05:00] }
44... Kxb6 { [%clk 0:07:57] } 45. Kf5 { [%clk 0:04:56] } 1-0"
Rated Rapid game,https://lichess.org/2GJj78oO,2024.08.01,-,danmateescu,idarik85,1-0,2024.08.01,08:45:42,1750,1713,,,C50,Italian Game,600+0,Normal,"1. e4 { [%clk 0:10:00] } 1... e5 { [%clk 0:10:00] } 2. Nf3 { [%clk 0:09:58] }
2... Nc6 { [%clk 0:09:59] } 3. Bc4 { [%clk 0:09:55] } 3... g6
{ [%clk 0:09:59] } 4. d3 { [%clk 0:09:53] } 4... Bg7 { [%clk 0:09:58] } 5. Ng5
{ [%clk 0:09:49] } 5... d5 { [%clk 0:09:55] } 6. Bxd5 { [%clk 0:09:42] } 6...
Nh6 { [%clk 0:09:46] } 7. Qf3 { [%clk 0:09:28] } 7... Qe7 { [%clk 0:09:36] } 8.
h3 { [%clk 0:09:06] } 8... Nd4 { [%clk 0:09:33] } 9. Qd1 { [%clk 0:08:56] }
9... c6 { [%clk 0:09:24] } 10. Bb3 { [%clk 0:08:52] } 10... Nxb3
{ [%clk 0:09:22] } 11. cxb3 { [%clk 0:08:49] } 11... f6 { [%clk 0:09:14] } 12.
Nf3 { [%clk 0:08:43] } 12... f5 { [%clk 0:09:13] } 13. Bg5 { [%clk 0:08:34] }
13... Bf6 { [%clk 0:09:10] } 14. Bxh6 { [%clk 0:08:31] } 1-0"
Rated Rapid game,https://lichess.org/NMhr0KS8,2024.08.01,-,vladimirbelyh,dilip1111,0-1,2024.08.01,08:45:42,1942,1921,,,D43,Semi-Slav Defense,600+0,Normal,"1. d4 { [%clk 0:10:00] } 1... d5 { [%clk 0:10:00] } 2. c4 { [%clk 0:09:58] }
2... c6 { [%clk 0:09:58] } 3. Nc3 { [%clk 0:09:55] } 3... Nf6
{ [%clk 0:09:57] } 4. Nf3 { [%clk 0:09:51] } 4... e6 { [%clk 0:09:56] } 5. a3
{ [%clk 0:09:47] } 5... Be7 { [%clk 0:09:54] } 6. Bg5 { [%clk 0:09:42] } 6...
O-O { [%clk 0:09:52] } 7. Bxf6 { [%clk 0:09:34] } 7... Bxf6 { [%clk 0:09:51] }
8. e4 { [%clk 0:09:30] } 8... dxe4 { [%clk 0:09:49] } 9. Nxe4
{ [%clk 0:09:28] } 9... Nd7 { [%clk 0:09:48] } 10. Nxf6+ { [%clk 0:09:20] }
10... Nxf6 { [%clk 0:09:47] } 11. Ne5 { [%clk 0:09:13] } 11... Qc7
{ [%clk 0:09:19] } 12. Bd3 { [%clk 0:09:00] } 12... b6 { [%clk 0:09:15] } 13.
O-O { [%clk 0:08:57] } 13... Bb7 { [%clk 0:09:13] } 14. f4 { [%clk 0:08:48] }
14... Rad8 { [%clk 0:09:10] } 15. b4 { [%clk 0:08:33] } 15... c5
{ [%clk 0:09:03] } 16. bxc5 { [%clk 0:08:21] } 16... bxc5 { [%clk 0:09:02] }
17. Nf3 { [%clk 0:08:06] } 17... cxd4 { [%clk 0:08:58] } 18. Nxd4
{ [%clk 0:07:58] } 18... Qc5 { [%clk 0:08:48] } 19. Kh1 { [%clk 0:07:21] }
19... Qxd4 { [%clk 0:08:46] } 20. Bc2 { [%clk 0:06:58] } 20... Qxd1
{ [%clk 0:08:27] } 21. Raxd1 { [%clk 0:06:50] } 21... Ng4 { [%clk 0:08:14] }
22. Kg1 { [%clk 0:06:19] } 22... Ne3 { [%clk 0:08:06] } 23. Rxd8
{ [%clk 0:06:16] } 23... Rxd8 { [%clk 0:08:04] } 24. Rc1 { [%clk 0:06:12] }
24... Rd2 { [%clk 0:07:52] } 0-1"
Rated Rapid game,https://lichess.org/eP3Ixl2Q,2024.08.01,-,Firuze_23,musdogan,1-0,2024.08.01,08:45:42,1915,1882,,,D00,Blackmar-Diemer Gambit: Blackmar Gambit,600+0,Normal,"1. d4 { [%clk 0:10:00] } 1... d5 { [%clk 0:10:00] } 2. e4 { [%clk 0:09:59] }
2... dxe4 { [%clk 0:09:56] } 3. f3 { [%clk 0:09:59] } 3... exf3
{ [%clk 0:09:55] } 4. Qxf3 { [%clk 0:09:59] } 4... Qxd4 { [%clk 0:09:47] } 5.
Nc3 { [%clk 0:09:59] } 5... Bg4 { [%clk 0:09:37] } 6. Qxb7 { [%clk 0:09:58] }
6... e6 { [%clk 0:08:42] } 7. Qxa8 { [%clk 0:09:55] } 7... Bc5
{ [%clk 0:08:39] } 8. Qxb8+ { [%clk 0:09:53] } 8... Kd7 { [%clk 0:08:38] } 9.
Bb5+ { [%clk 0:09:06] } 9... c6 { [%clk 0:08:17] } 10. Qb7+ { [%clk 0:09:01] }
10... Kd6 { [%clk 0:08:16] } 11. Bf4+ { [%clk 0:08:57] } 11... e5
{ [%clk 0:08:08] } 12. Qxc6+ { [%clk 0:08:54] } 12... Ke7 { [%clk 0:08:05] }
13. Nd5+ { [%clk 0:08:41] } 13... Kf8 { [%clk 0:07:39] } 14. Qa8+
{ [%clk 0:08:36] } 1-0"
Rated Rapid game,https://lichess.org/NvD0FfCc,2024.08.01,-,fina_josk,who_away,1-0,2024.08.01,08:45:42,1232,1224,,,A00,Van't Kruijs Opening,600+0,Normal,"1. e3 { [%clk 0:10:00] } 1... c6 { [%clk 0:10:00] } 2. d4 { [%clk 0:09:54] }
2... d5 { [%clk 0:09:58] } 3. Nf3 { [%clk 0:09:52] } 3... Bg4
{ [%clk 0:09:56] } 4. Be2 { [%clk 0:09:51] } 4... c5 { [%clk 0:09:52] } 5. O-O
{ [%clk 0:09:41] } 5... Nc6 { [%clk 0:09:48] } 6. Ne5 { [%clk 0:09:39] } 6...
Bxe2 { [%clk 0:09:43] } 7. Qxe2 { [%clk 0:09:32] } 7... e6 { [%clk 0:09:40] }
8. Nxf7 { [%clk 0:09:26] } 8... Kxf7 { [%clk 0:09:37] } 9. Qf3+
{ [%clk 0:09:25] } 9... Nf6 { [%clk 0:09:35] } 10. Nc3 { [%clk 0:09:23] } 10...
cxd4 { [%clk 0:09:32] } 11. exd4 { [%clk 0:09:17] } 11... Nxd4
{ [%clk 0:09:30] } 12. Qd3 { [%clk 0:09:10] } 12... Bc5 { [%clk 0:09:19] } 13.
Nb5 { [%clk 0:09:04] } 13... Nxb5 { [%clk 0:09:09] } 14. Qxb5
{ [%clk 0:09:03] } 14... Qc7 { [%clk 0:09:07] } 15. Be3 { [%clk 0:08:57] }
15... Bxe3 { [%clk 0:09:04] } 16. fxe3 { [%clk 0:08:54] } 16... Rac8
{ [%clk 0:09:02] } 17. c3 { [%clk 0:08:52] } 17... Ke7 { [%clk 0:08:51] } 18.
Qb4+ { [%clk 0:08:44] } 18... Qc5 { [%clk 0:08:49] } 19. Qxb7+
{ [%clk 0:08:41] } 19... Rc7 { [%clk 0:08:46] } 20. Qb3 { [%clk 0:08:35] }
20... Rf8 { [%clk 0:08:44] } 21. Qc2 { [%clk 0:08:32] } 21... Ne4
{ [%clk 0:08:34] } 22. Qe2 { [%clk 0:08:28] } 22... Qc4 { [%clk 0:08:17] } 23.
Qg4 { [%clk 0:08:19] } 23... Rxf1+ { [%clk 0:08:13] } 24. Rxf1
{ [%clk 0:08:13] } 24... Kd6 { [%clk 0:08:04] } 25. Qf4+ { [%clk 0:08:10] }
25... Kc5 { [%clk 0:07:56] } 26. Qxc7+ { [%clk 0:08:07] } 26... Kb5
{ [%clk 0:07:53] } 27. Qd7+ { [%clk 0:07:59] } 27... Qc6 { [%clk 0:07:46] } 28.
a4+ { [%clk 0:07:53] } 28... Kb6 { [%clk 0:07:41] } 29. Qxg7 { [%clk 0:07:46] }
29... Qxa4 { [%clk 0:07:33] } 30. Qe7 { [%clk 0:07:21] } 30... Nd2
{ [%clk 0:07:12] } 31. Qxe6+ { [%clk 0:07:18] } 31... Kc5 { [%clk 0:07:11] }
32. b4+ { [%clk 0:07:13] } 32... Kc4 { [%clk 0:07:09] } 33. Rf4+
{ [%clk 0:07:11] } 33... Kxc3 { [%clk 0:07:03] } 34. Qe5+ { [%clk 0:07:02] }
34... Kb3 { [%clk 0:06:49] } 35. Qxd5+ { [%clk 0:06:55] } 35... Kc2
{ [%clk 0:06:33] } 36. Qc5+ { [%clk 0:06:31] } 36... Kd1 { [%clk 0:06:07] } 37.
Qd4 { [%clk 0:06:12] } 37... Ke2 { [%clk 0:05:56] } 38. Rf2+ { [%clk 0:05:55] }
38... Ke1 { [%clk 0:05:45] } 39. Qxd2# { [%clk 0:05:54] } 1-0"
Rated Rapid game,https://lichess.org/FTvSA0fs,2024.08.01,-,Benjify922,panchorojo27,0-1,2024.08.01,08:45:42,1459,1502,,,C41,Philidor Defense,600+0,Normal,"1. e4 { [%clk 0:10:00] } 1... e5 { [%clk 0:10:00] } 2. Nf3 { [%clk 0:09:53] }
2... d6 { [%clk 0:09:58] } 3. Nc3 { [%clk 0:09:47] } 3... a6 { [%clk 0:09:57] }
4. Be2 { [%clk 0:09:44] } 4... h6 { [%clk 0:09:55] } 5. O-O { [%clk 0:09:43] }
5... Nf6 { [%clk 0:09:53] } 6. d3 { [%clk 0:09:37] } 6... Nc6
{ [%clk 0:09:53] } 7. a3 { [%clk 0:09:34] } 7... b5 { [%clk 0:09:53] } 8. b4
{ [%clk 0:09:31] } 8... Bb7 { [%clk 0:09:51] } 9. Be3 { [%clk 0:09:26] } 9...
Be7 { [%clk 0:09:48] } 10. Nd5 { [%clk 0:09:01] } 10... Nxd5 { [%clk 0:09:38] }
11. exd5 { [%clk 0:08:59] } 11... Nd4 { [%clk 0:09:32] } 12. Nxd4
{ [%clk 0:08:55] } 12... exd4 { [%clk 0:09:29] } 13. Bf3 { [%clk 0:08:53] }
13... dxe3 { [%clk 0:09:25] } 14. fxe3 { [%clk 0:08:50] } 14... Bf6
{ [%clk 0:09:24] } 15. d4 { [%clk 0:08:21] } 15... O-O { [%clk 0:09:21] } 16.
c3 { [%clk 0:08:17] } 16... Bg5 { [%clk 0:09:19] } 17. Re1 { [%clk 0:08:14] }
17... f5 { [%clk 0:09:17] } 18. e4 { [%clk 0:08:02] } 18... fxe4
{ [%clk 0:09:12] } 19. Bxe4 { [%clk 0:08:01] } 19... Qd7 { [%clk 0:09:04] } 20.
Qh5 { [%clk 0:07:50] } 20... Qf7 { [%clk 0:08:49] } 21. Qxf7+
{ [%clk 0:07:07] } 21... Rxf7 { [%clk 0:08:46] } 22. c4 { [%clk 0:06:59] }
22... bxc4 { [%clk 0:08:32] } 23. Bf3 { [%clk 0:06:54] } 23... Raf8
{ [%clk 0:08:29] } 24. a4 { [%clk 0:06:48] } 24... c3 { [%clk 0:08:24] } 25. b5
{ [%clk 0:06:45] } 25... a5 { [%clk 0:08:20] } 26. h4 { [%clk 0:06:35] } 26...
Bd2 { [%clk 0:08:16] } 27. Re2 { [%clk 0:06:30] } 27... Rf4 { [%clk 0:08:11] }
28. Ra2 { [%clk 0:06:01] } 28... Rxh4 { [%clk 0:08:05] } 29. Raxd2
{ [%clk 0:05:56] } 29... cxd2 { [%clk 0:08:03] } 30. Rxd2 { [%clk 0:05:53] }
30... Rhf4 { [%clk 0:07:57] } 0-1"
Rated Rapid game,https://lichess.org/nNJci3TS,2024.08.01,-,klim1997511,Mparakam,0-1,2024.08.01,08:45:42,1696,1665,,,C00,French Defense: Knight Variation,600+0,Normal,"1. e4 { [%clk 0:10:00] } 1... e6 { [%clk 0:10:00] } 2. Nf3 { [%clk 0:09:59] }
2... d5 { [%clk 0:09:59] } 3. exd5 { [%clk 0:09:56] } 3... exd5
{ [%clk 0:09:58] } 4. d4 { [%clk 0:09:56] } 4... Bd6 { [%clk 0:09:57] } 5. Nc3
{ [%clk 0:09:54] } 5... Ne7 { [%clk 0:09:54] } 6. Bb5+ { [%clk 0:09:53] } 6...
c6 { [%clk 0:09:52] } 7. Ba4 { [%clk 0:09:52] } 7... Bf5 { [%clk 0:09:49] } 8.
O-O { [%clk 0:09:50] } 8... O-O { [%clk 0:09:48] } 9. Re1 { [%clk 0:09:49] }
9... Nd7 { [%clk 0:09:32] } 10. Bg5 { [%clk 0:09:46] } 10... f6
{ [%clk 0:09:28] } 11. Bh4 { [%clk 0:09:45] } 11... Nb6 { [%clk 0:09:26] } 12.
Bb3 { [%clk 0:09:42] } 12... Ng6 { [%clk 0:09:14] } 13. Bg3 { [%clk 0:09:40] }
13... Bxg3 { [%clk 0:09:10] } 14. hxg3 { [%clk 0:09:39] } 14... Qd7
{ [%clk 0:09:01] } 15. Qd2 { [%clk 0:09:32] } 15... Rfe8 { [%clk 0:08:53] } 16.
Ne2 { [%clk 0:09:29] } 16... Be4 { [%clk 0:08:50] } 17. c3 { [%clk 0:09:27] }
17... f5 { [%clk 0:08:46] } 18. Bc2 { [%clk 0:09:24] } 18... Nc4
{ [%clk 0:08:37] } 19. Qc1 { [%clk 0:09:21] } 19... Ne7 { [%clk 0:08:16] } 20.
b3 { [%clk 0:09:03] } 20... Nd6 { [%clk 0:07:57] } 21. Ne5 { [%clk 0:09:01] }
21... Qe6 { [%clk 0:07:46] } 22. Nf4 { [%clk 0:08:59] } 22... Qh6
{ [%clk 0:07:25] } 23. Bxe4 { [%clk 0:08:54] } 23... fxe4 { [%clk 0:07:20] }
24. Ne2 { [%clk 0:08:48] } 24... Qe6 { [%clk 0:06:17] } 25. Nf4
{ [%clk 0:08:45] } 25... Qh6 { [%clk 0:06:07] } 26. c4 { [%clk 0:08:40] } 26...
Ng6 { [%clk 0:06:01] } 27. Nfxg6 { [%clk 0:08:35] } 27... hxg6
{ [%clk 0:05:57] } 28. cxd5 { [%clk 0:08:32] } 28... cxd5 { [%clk 0:05:51] }
29. Qc5 { [%clk 0:08:27] } 29... g5 { [%clk 0:04:35] } 30. Qxd5+
{ [%clk 0:08:23] } 30... Re6 { [%clk 0:04:25] } 31. Rac1 { [%clk 0:07:59] }
31... Rf8 { [%clk 0:03:52] } 32. Nc4 { [%clk 0:07:53] } 32... Nxc4
{ [%clk 0:03:41] } 33. bxc4 { [%clk 0:07:50] } 33... Qf6 { [%clk 0:03:37] } 34.
Rc2 { [%clk 0:07:47] } 34... Kh8 { [%clk 0:03:32] } 35. Rxe4 { [%clk 0:07:45] }
35... Rd6 { [%clk 0:03:12] } 36. Qxb7 { [%clk 0:07:40] } 36... Rxd4
{ [%clk 0:03:06] } 37. Rxd4 { [%clk 0:07:38] } 37... Qxd4 { [%clk 0:03:04] }
38. Qe7 { [%clk 0:07:30] } 38... Rf6 { [%clk 0:02:26] } 39. Qe8+
{ [%clk 0:07:23] } 39... Kh7 { [%clk 0:02:22] } 40. Qe2 { [%clk 0:07:21] }
40... Qa1+ { [%clk 0:02:07] } 41. Kh2 { [%clk 0:07:18] } 41... Rh6+
{ [%clk 0:02:02] } 0-1"
Rated Rapid game,https://lichess.org/rIbPiXTI,2024.08.01,-,MikachevMA,vickmod,0-1,2024.08.01,08:45:43,1620,1612,,,C00,French Defense: Steinitz Attack,600+0,Normal,"1. e4 { [%clk 0:10:00] } 1... e6 { [%clk 0:10:00] } 2. e5 { [%clk 0:09:59] }
2... d6 { [%clk 0:09:59] } 3. d4 { [%clk 0:09:58] } 3... dxe5
{ [%clk 0:09:58] } 4. dxe5 { [%clk 0:09:57] } 4... Qxd1+ { [%clk 0:09:56] } 5.
Kxd1 { [%clk 0:09:57] } 5... Nc6 { [%clk 0:09:55] } 6. Bb5 { [%clk 0:09:55] }
6... Bd7 { [%clk 0:09:54] } 7. Bxc6 { [%clk 0:09:54] } 7... Bxc6
{ [%clk 0:09:53] } 8. f3 { [%clk 0:09:54] } 8... Ne7 { [%clk 0:09:51] } 9. Nc3
{ [%clk 0:09:53] } 9... Ng6 { [%clk 0:09:50] } 10. Bf4 { [%clk 0:09:47] } 10...
Nxf4 { [%clk 0:09:49] } 11. Nge2 { [%clk 0:09:46] } 11... Nxg2
{ [%clk 0:09:43] } 12. Kd2 { [%clk 0:09:41] } 12... Rd8+ { [%clk 0:09:42] } 13.
Kc1 { [%clk 0:09:37] } 13... Ne3 { [%clk 0:09:41] } 14. a3 { [%clk 0:09:31] }
14... g6 { [%clk 0:09:36] } 15. b4 { [%clk 0:09:29] } 15... Bh6
{ [%clk 0:09:34] } 16. Kb2 { [%clk 0:09:27] } 16... Nc4+ { [%clk 0:09:30] } 17.
Kb3 { [%clk 0:09:23] } 17... Nd2+ { [%clk 0:09:29] } 18. Ka2 { [%clk 0:09:21] }
18... Nxf3 { [%clk 0:09:28] } 19. Raf1 { [%clk 0:09:17] } 19... Nxe5
{ [%clk 0:09:27] } 20. b5 { [%clk 0:09:14] } 20... Bxh1 { [%clk 0:09:25] } 21.
Rxh1 { [%clk 0:09:11] } 21... Rd2 { [%clk 0:09:22] } 22. Kb2 { [%clk 0:09:04] }
22... Nc4+ { [%clk 0:09:20] } 23. Ka2 { [%clk 0:09:01] } 23... Rxc2+
{ [%clk 0:09:18] } 24. Kb3 { [%clk 0:09:00] } 24... Ne3 { [%clk 0:09:16] } 25.
Re1 { [%clk 0:08:51] } 25... Rd2 { [%clk 0:09:14] } 26. a4 { [%clk 0:08:46] }
26... Ke7 { [%clk 0:09:11] } 27. a5 { [%clk 0:08:45] } 27... Rhd8
{ [%clk 0:09:10] } 28. a6 { [%clk 0:08:41] } 28... b6 { [%clk 0:09:08] } 29.
Ne4 { [%clk 0:08:39] } 29... R2d3+ { [%clk 0:09:05] } 30. N2c3
{ [%clk 0:08:36] } 30... Nd5 { [%clk 0:08:58] } 31. Rc1 { [%clk 0:08:25] }
31... Nxc3 { [%clk 0:08:56] } 32. Rxc3 { [%clk 0:08:23] } 32... Rxc3+
{ [%clk 0:08:54] } 0-1"
Rated Rapid game,https://lichess.org/iKs6UuqQ,2024.08.01,-,Dimstrong,ESMIEU,0-1,2024.08.01,08:45:38,1482,1481,,,B20,Sicilian Defense: Bowdler Attack,600+0,Normal,"1. e4 { [%clk 0:10:00] } 1... c5 { [%clk 0:10:00] } 2. Bc4 { [%clk 0:09:35] }
2... e6 { [%clk 0:09:58] } 3. Nf3 { [%clk 0:09:29] } 3... a6 { [%clk 0:09:50] }
4. c3 { [%clk 0:09:29] } 4... b5 { [%clk 0:09:43] } 5. Be2 { [%clk 0:09:09] }
5... Bb7 { [%clk 0:09:38] } 6. d3 { [%clk 0:09:03] } 6... Nc6
{ [%clk 0:09:24] } 7. Be3 { [%clk 0:08:55] } 7... d5 { [%clk 0:09:16] } 8. exd5
{ [%clk 0:08:38] } 8... exd5 { [%clk 0:09:13] } 9. O-O { [%clk 0:08:34] } 9...
Nf6 { [%clk 0:09:02] } 10. h3 { [%clk 0:08:31] } 10... Bd6 { [%clk 0:08:54] }
11. Bg5 { [%clk 0:08:29] } 11... O-O { [%clk 0:08:50] } 12. d4
{ [%clk 0:07:17] } 12... Re8 { [%clk 0:08:31] } 13. Re1 { [%clk 0:07:00] }
13... c4 { [%clk 0:08:00] } 14. a3 { [%clk 0:06:42] } 14... Bc7
{ [%clk 0:07:47] } 15. Bf1 { [%clk 0:06:13] } 15... Qd6 { [%clk 0:07:34] } 16.
Qd2 { [%clk 0:05:52] } 16... Ne4 { [%clk 0:07:25] } 17. Rc1 { [%clk 0:04:32] }
17... Nxd2 { [%clk 0:07:13] } 0-1"
Rated Rapid game,https://lichess.org/0Ta24hXq,2024.08.01,-,MrDyyy,DINOSILENT,0-1,2024.08.01,08:45:38,2134,2169,,,D02,Queen's Pawn Game: London System,600+0,Normal,"1. d4 { [%eval 0.16] [%clk 0:10:00] } 1... Nf6 { [%eval 0.17] [%clk 0:10:00] }
2. Bf4 { [%eval 0.05] [%clk 0:09:59] } 2... d5 { [%eval 0.17] [%clk 0:09:57] }
3. Nf3 { [%eval 0.0] [%clk 0:09:57] } 3... Bf5 { [%eval 0.16] [%clk 0:09:56] }
4. Nbd2 { [%eval 0.14] [%clk 0:09:54] } 4... e6 { [%eval 0.2] [%clk 0:09:55] }
5. a3 { [%eval -0.13] [%clk 0:09:52] } 5... c5 { [%eval -0.1] [%clk 0:09:53] }
6. c3 { [%eval -0.25] [%clk 0:09:49] } 6... Be7
{ [%eval -0.17] [%clk 0:09:46] } 7. e3 { [%eval -0.21] [%clk 0:09:48] } 7...
O-O { [%eval -0.08] [%clk 0:09:44] } 8. Nh4 { [%eval -0.23] [%clk 0:09:38] }
8... Bg4 { [%eval -0.16] [%clk 0:09:40] } 9. f3 $2
{ [%eval -1.62] [%clk 0:09:33] } 9... Bh5 { [%eval -1.58] [%clk 0:09:38] } 10.
g4 $6 { [%eval -2.45] [%clk 0:09:31] } 10... Nfd7 $2
{ [%eval -0.28] [%clk 0:09:35] } 11. gxh5 $2 { [%eval -1.54] [%clk 0:09:11] }
11... Bxh4+ { [%eval -1.51] [%clk 0:09:31] } 12. Bg3
{ [%eval -1.44] [%clk 0:09:09] } 12... Nc6 $2 { [%eval -0.37] [%clk 0:09:24] }
13. Qe2 { [%eval -0.43] [%clk 0:09:00] } 13... Qg5
{ [%eval -0.03] [%clk 0:09:14] } 14. O-O-O $6 { [%eval -0.94] [%clk 0:08:31] }
14... Qxh5 { [%eval -0.82] [%clk 0:09:07] } 15. Bg2 $6
{ [%eval -1.8] [%clk 0:08:26] } 15... Rfc8 { [%eval -1.63] [%clk 0:08:55] } 16.
Bxh4 { [%eval -2.21] [%clk 0:08:14] } 16... Qxh4
{ [%eval -2.09] [%clk 0:08:52] } 17. e4 $2 { [%eval -4.59] [%clk 0:08:13] }
17... cxd4 { [%eval -4.46] [%clk 0:08:49] } 18. exd5
{ [%eval -4.56] [%clk 0:08:06] } 18... dxc3 $2 { [%eval -3.1] [%clk 0:08:46] }
19. bxc3 $2 { [%eval -4.85] [%clk 0:08:05] } 19... Nd8 $2
{ [%eval -3.59] [%clk 0:08:31] } 20. dxe6 { [%eval -4.11] [%clk 0:08:03] }
20... Nxe6 { [%eval -4.17] [%clk 0:08:29] } 21. Kb2 $2
{ [%eval -5.4] [%clk 0:08:01] } 21... Nf4 { [%eval -5.27] [%clk 0:08:06] } 22.
Qb5 { [%eval -5.08] [%clk 0:07:45] } 22... Rc6 { [%eval -4.68] [%clk 0:07:28] }
23. Bf1 { [%eval -5.77] [%clk 0:07:42] } 23... Rb6
{ [%eval -5.63] [%clk 0:07:24] } 0-1"
Rated Rapid game,https://lichess.org/EIp2rx8S,2024.08.01,-,Mpobole06,Voara,1-0,2024.08.01,08:45:38,1814,1782,,,C20,King's Pawn Game: Leonardis Variation,600+0,Normal,"1. e4 { [%clk 0:10:00] } 1... e5 { [%clk 0:10:00] } 2. d3 { [%clk 0:09:59] }
2... Bc5 { [%clk 0:09:59] } 3. Nf3 { [%clk 0:09:57] } 3... Nf6
{ [%clk 0:09:59] } 4. h3 { [%clk 0:09:56] } 4... d6 { [%clk 0:09:57] } 5. a3
{ [%clk 0:09:55] } 5... Be6 { [%clk 0:09:57] } 6. Nc3 { [%clk 0:09:53] } 6...
a6 { [%clk 0:09:56] } 7. Be2 { [%clk 0:09:49] } 7... Qd7 { [%clk 0:09:54] } 8.
Bd2 { [%clk 0:09:47] } 8... Nc6 { [%clk 0:09:53] } 9. Nh2 { [%clk 0:09:41] }
9... Nd4 { [%clk 0:09:46] } 10. Bg5 { [%clk 0:09:38] } 10... Nxe2
{ [%clk 0:09:35] } 11. Qxe2 { [%clk 0:09:36] } 11... h6 { [%clk 0:09:28] } 12.
Bxf6 { [%clk 0:09:33] } 12... gxf6 { [%clk 0:09:27] } 13. Qf3
{ [%clk 0:09:30] } 13... f5 { [%clk 0:09:24] } 14. exf5 { [%clk 0:09:24] }
14... Bxf5 { [%clk 0:09:23] } 15. Ne4 { [%clk 0:09:21] } 15... Bb6
{ [%clk 0:09:14] } 16. Nf6+ { [%clk 0:09:19] } 1-0"
Rated Rapid game,https://lichess.org/94SbQBnC,2024.08.01,-,Joanpo,younes_al19,1-0,2024.08.01,08:45:38,2211,2185,,,D00,Queen's Pawn Game: Accelerated London System,600+0,Normal,"1. d4 { [%eval 0.16] [%clk 0:10:00] } 1... d5 { [%eval 0.23] [%clk 0:10:00] }
2. Bf4 { [%eval 0.02] [%clk 0:09:59] } 2... e6 { [%eval 0.1] [%clk 0:09:57] }
3. e3 { [%eval 0.1] [%clk 0:09:57] } 3... Nf6 { [%eval 0.06] [%clk 0:09:56] }
4. Nf3 { [%eval 0.08] [%clk 0:09:56] } 4... Bd6 { [%eval 0.1] [%clk 0:09:54] }
5. Bg3 { [%eval 0.11] [%clk 0:09:55] } 5... Nbd7
{ [%eval 0.33] [%clk 0:09:47] } 6. Bd3 { [%eval 0.06] [%clk 0:09:53] } 6...
Bxg3 { [%eval 0.0] [%clk 0:09:44] } 7. hxg3 { [%eval 0.03] [%clk 0:09:52] }
7... c5 { [%eval -0.01] [%clk 0:09:41] } 8. c3 { [%eval -0.05] [%clk 0:09:50] }
8... h6 { [%eval 0.11] [%clk 0:09:29] } 9. Nbd2
{ [%eval -0.02] [%clk 0:09:46] } 9... O-O $6 { [%eval 0.75] [%clk 0:09:26] }
10. e4 $2 { [%eval -0.43] [%clk 0:09:41] } 10... dxe4
{ [%eval -0.21] [%clk 0:09:21] } 11. Nxe4 { [%eval -0.23] [%clk 0:09:40] }
11... Nxe4 { [%eval -0.17] [%clk 0:09:19] } 12. Bxe4
{ [%eval -0.13] [%clk 0:09:39] } 12... Nf6 { [%eval -0.21] [%clk 0:09:19] } 13.
Bc2 { [%eval -0.34] [%clk 0:09:35] } 13... Qa5 { [%eval -0.03] [%clk 0:09:12] }
14. Qd2 { [%eval -0.05] [%clk 0:09:25] } 14... Rd8 $2
{ [%eval 2.08] [%clk 0:08:37] } 15. Rxh6 { [%eval 2.09] [%clk 0:09:09] } 15...
cxd4 { [%eval 2.02] [%clk 0:07:23] } 16. Rxf6 $4
{ [%eval -4.04] [%clk 0:08:56] } 16... gxf6 $4 { [%eval -0.56] [%clk 0:07:15] }
17. Qh6 $6 { [%eval -1.2] [%clk 0:08:51] } 17... dxc3 $4
{ [%eval #4] [%clk 0:07:04] } 18. Bh7+ { [%eval #3] [%clk 0:08:47] } 1-0"
Rated Rapid game,https://lichess.org/yCvb9C8f,2024.08.01,-,NIroza8,VP-DinhQuangThuong,1-0,2024.08.01,08:45:38,1459,1474,,,B23,Sicilian Defense: Closed,600+0,Normal,"1. e4 { [%clk 0:10:00] } 1... c5 { [%clk 0:10:00] } 2. Nc3 { [%clk 0:09:59] }
2... g6 { [%clk 0:09:54] } 3. Nf3 { [%clk 0:09:57] } 3... Bg7
{ [%clk 0:09:53] } 4. Bb5 { [%clk 0:09:52] } 4... a6 { [%clk 0:09:47] } 5. Bc4
{ [%clk 0:09:48] } 5... e6 { [%clk 0:09:36] } 6. O-O { [%clk 0:09:46] } 6... b5
{ [%clk 0:09:31] } 7. Be2 { [%clk 0:09:44] } 7... Ne7 { [%clk 0:09:25] } 8. d4
{ [%clk 0:09:42] } 8... Qc7 { [%clk 0:09:18] } 9. g3 { [%clk 0:09:33] } 9...
Bb7 { [%clk 0:09:16] } 10. Bf4 { [%clk 0:09:29] } 10... Qc8 { [%clk 0:09:09] }
11. dxc5 { [%clk 0:09:14] } 11... Qxc5 { [%clk 0:09:02] } 12. Be3
{ [%clk 0:09:11] } 12... Qc8 { [%clk 0:08:59] } 13. e5 { [%clk 0:09:04] } 13...
d5 { [%clk 0:08:51] } 14. exd6 { [%clk 0:08:59] } 14... Nf5 { [%clk 0:08:30] }
15. Bb6 { [%clk 0:08:33] } 15... O-O { [%clk 0:08:23] } 16. a4
{ [%clk 0:08:09] } 16... Nd7 { [%clk 0:08:17] } 17. Be3 { [%clk 0:07:56] }
17... Nxe3 { [%clk 0:08:13] } 18. fxe3 { [%clk 0:07:55] } 18... Bxc3
{ [%clk 0:08:09] } 19. bxc3 { [%clk 0:07:53] } 19... Qxc3 { [%clk 0:08:07] }
20. axb5 { [%clk 0:07:51] } 20... Qxe3+ { [%clk 0:08:00] } 21. Kg2
{ [%clk 0:07:46] } 21... axb5 { [%clk 0:07:55] } 22. Rxa8 { [%clk 0:07:44] }
22... Bxa8 { [%clk 0:07:53] } 23. Bxb5 { [%clk 0:07:41] } 23... Qa7
{ [%clk 0:07:38] } 24. c4 { [%clk 0:07:16] } 24... Nc5 { [%clk 0:07:35] } 25.
d7 { [%clk 0:06:52] } 25... Rd8 { [%clk 0:07:30] } 26. Kh3 { [%clk 0:06:43] }
26... Nxd7 { [%clk 0:07:19] } 27. Bxd7 { [%clk 0:06:35] } 27... Rxd7
{ [%clk 0:07:18] } 28. Qc1 { [%clk 0:06:26] } 28... Qc5 { [%clk 0:07:00] } 29.
Ng5 { [%clk 0:06:16] } 29... h6 { [%clk 0:06:21] } 30. Nf3 { [%clk 0:06:02] }
30... Qh5+ { [%clk 0:06:13] } 31. Nh4 { [%clk 0:05:56] } 31... g5
{ [%clk 0:06:08] } 32. Qa1 { [%clk 0:05:32] } 32... Qg4+ { [%clk 0:06:04] } 33.
Kxg4 { [%clk 0:05:23] } 1-0"
Rated Rapid game,https://lichess.org/7eFbvbjM,2024.08.01,-,tramputin,sjags,0-1,2024.08.01,08:45:38,1350,1346,,,B02,Alekhine Defense: Normal Variation,600+0,Normal,"1. e4 { [%clk 0:10:00] } 1... Nf6 { [%clk 0:10:00] } 2. e5 { [%clk 0:09:58] }
2... Nd5 { [%clk 0:09:58] } 3. Bc4 { [%clk 0:09:56] } 3... Nb6
{ [%clk 0:09:56] } 4. Bb3 { [%clk 0:09:52] } 4... d6 { [%clk 0:09:53] } 5. Nf3
{ [%clk 0:09:48] } 5... Nc6 { [%clk 0:09:50] } 6. exd6 { [%clk 0:09:46] } 6...
cxd6 { [%clk 0:09:46] } 7. Qe2 { [%clk 0:09:42] } 7... g6 { [%clk 0:09:38] } 8.
O-O { [%clk 0:09:38] } 8... Bg7 { [%clk 0:09:35] } 9. Re1 { [%clk 0:09:35] }
9... O-O { [%clk 0:09:28] } 10. d3 { [%clk 0:09:18] } 10... Bg4
{ [%clk 0:09:12] } 11. Qe4 { [%clk 0:09:07] } 11... Bf5 { [%clk 0:08:27] } 12.
Qf4 { [%clk 0:08:55] } 12... e5 { [%clk 0:08:13] } 13. Qg5 { [%clk 0:08:47] }
13... Qxg5 { [%clk 0:08:09] } 14. Nxg5 { [%clk 0:08:46] } 14... Nd4
{ [%clk 0:07:46] } 15. Nc3 { [%clk 0:08:17] } 15... Nxb3 { [%clk 0:07:33] } 16.
cxb3 { [%clk 0:08:15] } 16... Bxd3 { [%clk 0:07:30] } 17. Be3
{ [%clk 0:08:03] } 17... d5 { [%clk 0:07:19] } 18. Bc5 { [%clk 0:07:57] } 18...
Rfe8 { [%clk 0:07:08] } 19. Bxb6 { [%clk 0:07:53] } 19... axb6
{ [%clk 0:07:06] } 20. Nxd5 { [%clk 0:07:52] } 20... e4 { [%clk 0:06:52] } 21.
Nxb6 { [%clk 0:07:45] } 21... Rac8 { [%clk 0:06:44] } 22. Nd5
{ [%clk 0:07:41] } 22... Bxb2 { [%clk 0:06:31] } 23. Rad1 { [%clk 0:07:29] }
23... Bc3 { [%clk 0:06:17] } 24. Nxc3 { [%clk 0:07:23] } 24... Rxc3
{ [%clk 0:06:14] } 25. Rd2 { [%clk 0:07:18] } 25... f5 { [%clk 0:05:57] } 26.
g3 { [%clk 0:07:09] } 26... h6 { [%clk 0:04:09] } 27. Nh3 { [%clk 0:07:07] }
27... Bb5 { [%clk 0:03:57] } 28. Rd5 { [%clk 0:06:57] } 28... Bc6
{ [%clk 0:03:45] } 29. Ra5 { [%clk 0:06:48] } 29... Kf7 { [%clk 0:03:43] } 30.
Nf4 { [%clk 0:06:46] } 30... e3 { [%clk 0:03:35] } 31. fxe3 { [%clk 0:06:43] }
31... Rexe3 { [%clk 0:03:33] } 32. Rxe3 { [%clk 0:06:41] } 32... Rxe3
{ [%clk 0:03:31] } 33. Kf2 { [%clk 0:06:40] } 33... Rf3+ { [%clk 0:03:28] } 34.
Kg1 { [%clk 0:06:38] } 34... Rc3 { [%clk 0:03:21] } 35. Ne2 { [%clk 0:06:30] }
35... Rc2 { [%clk 0:03:16] } 36. Nd4 { [%clk 0:06:21] } 36... Rg2+
{ [%clk 0:03:11] } 37. Kf1 { [%clk 0:06:17] } 37... Rxh2 { [%clk 0:03:04] } 38.
Nxc6 { [%clk 0:06:16] } 38... bxc6 { [%clk 0:03:02] } 39. Ra7+
{ [%clk 0:06:15] } 39... Kf6 { [%clk 0:03:01] } 40. Kg1 { [%clk 0:06:12] }
40... Rc2 { [%clk 0:02:53] } 41. Ra6 { [%clk 0:06:09] } 41... Kg5
{ [%clk 0:02:51] } 42. a4 { [%clk 0:06:07] } 42... Kg4 { [%clk 0:02:50] } 43.
b4 { [%clk 0:05:57] } 43... Kxg3 { [%clk 0:02:49] } 44. b5 { [%clk 0:05:56] }
44... Rc1# { [%clk 0:02:47] } 0-1"
Rated Rapid game,https://lichess.org/zDdgV5d7,2024.08.01,-,sumitkc,MOYBOXER,0-1,2024.08.01,08:45:38,1759,1743,,,A40,Englund Gambit,600+0,Normal,"1. d4 { [%clk 0:10:00] } 1... e5 { [%clk 0:10:00] } 2. dxe5 { [%clk 0:09:59] }
2... Bc5 { [%clk 0:09:43] } 3. Nf3 { [%clk 0:09:56] } 3... d6
{ [%clk 0:09:38] } 4. exd6 { [%clk 0:09:52] } 4... Ne7 { [%clk 0:09:28] } 5. e3
{ [%clk 0:09:48] } 5... Bxd6 { [%clk 0:09:24] } 6. Nc3 { [%clk 0:09:40] } 6...
Nbc6 { [%clk 0:09:20] } 7. Bb5 { [%clk 0:09:37] } 7... a6 { [%clk 0:09:17] } 8.
Bxc6+ { [%clk 0:09:36] } 8... Nxc6 { [%clk 0:09:15] } 9. Ne4 { [%clk 0:09:29] }
9... O-O { [%clk 0:08:39] } 10. Nxd6 { [%clk 0:09:27] } 10... cxd6
{ [%clk 0:08:34] } 11. O-O { [%clk 0:09:21] } 11... Bg4 { [%clk 0:08:29] } 12.
b3 { [%clk 0:09:10] } 12... Ne5 { [%clk 0:07:30] } 13. Bb2 { [%clk 0:09:04] }
13... Nxf3+ { [%clk 0:06:48] } 14. gxf3 { [%clk 0:09:00] } 14... Bh3
{ [%clk 0:06:45] } 15. Kh1 { [%clk 0:08:55] } 15... Bxf1 { [%clk 0:06:41] } 16.
Qxf1 { [%clk 0:08:53] } 16... Rc8 { [%clk 0:06:30] } 17. c4 { [%clk 0:08:50] }
17... d5 { [%clk 0:06:21] } 18. cxd5 { [%clk 0:08:46] } 18... Qxd5
{ [%clk 0:06:19] } 19. Qg2 { [%clk 0:08:44] } 19... g6 { [%clk 0:06:12] } 20.
f4 { [%clk 0:08:20] } 20... Qd2 { [%clk 0:05:57] } 21. Bd4 { [%clk 0:08:15] }
21... b5 { [%clk 0:05:40] } 22. Kg1 { [%clk 0:07:34] } 22... Rc2
{ [%clk 0:04:44] } 23. Rf1 { [%clk 0:07:31] } 23... Rxa2 { [%clk 0:04:37] } 24.
Qg5 { [%clk 0:07:30] } 24... f6 { [%clk 0:04:16] } 25. Bxf6 { [%clk 0:07:29] }
25... Rxf6 { [%clk 0:04:10] } 26. Qxf6 { [%clk 0:07:29] } 26... Qd7
{ [%clk 0:03:59] } 27. Rc1 { [%clk 0:07:11] } 27... Qg4+ { [%clk 0:02:59] } 28.
Kf1 { [%clk 0:07:09] } 28... Qe2+ { [%clk 0:02:55] } 0-1"
Rated Rapid game,https://lichess.org/dDlW1NiX,2024.08.01,-,DanTebbutt,jhaymac-29dingalan,1-0,2024.08.01,08:45:38,2130,2099,,,B03,"Alekhine Defense: Four Pawns Attack, Fianchetto Variation",600+0,Normal,"1. e4 { [%eval 0.15] [%clk 0:10:00] } 1... Nf6 { [%eval 0.53] [%clk 0:10:00] }
2. e5 { [%eval 0.5] [%clk 0:09:59] } 2... Nd5 { [%eval 0.63] [%clk 0:09:58] }
3. c4 { [%eval 0.53] [%clk 0:09:57] } 3... Nb6 { [%eval 0.52] [%clk 0:09:57] }
4. d4 { [%eval 0.6] [%clk 0:09:56] } 4... d6 { [%eval 0.63] [%clk 0:09:56] } 5.
f4 { [%eval 0.56] [%clk 0:09:55] } 5... g6 { [%eval 0.79] [%clk 0:09:30] } 6.
Nf3 { [%eval 0.4] [%clk 0:09:50] } 6... Bg7 { [%eval 0.51] [%clk 0:09:28] } 7.
Be3 { [%eval 0.0] [%clk 0:09:45] } 7... Bf5 $6 { [%eval 0.92] [%clk 0:09:24] }
8. Be2 { [%eval 0.45] [%clk 0:09:41] } 8... O-O $6
{ [%eval 1.44] [%clk 0:09:22] } 9. O-O { [%eval 1.04] [%clk 0:09:39] } 9...
N8d7 { [%eval 1.46] [%clk 0:09:20] } 10. b4 $6 { [%eval 0.85] [%clk 0:09:32] }
10... dxe5 { [%eval 0.87] [%clk 0:09:18] } 11. dxe5
{ [%eval 0.82] [%clk 0:09:25] } 11... c6 $6 { [%eval 1.72] [%clk 0:09:11] } 12.
Nbd2 $2 { [%eval 0.72] [%clk 0:09:05] } 12... Qc7 $6
{ [%eval 1.68] [%clk 0:08:48] } 13. Rc1 $6 { [%eval 1.03] [%clk 0:09:01] }
13... Rad8 $6 { [%eval 1.94] [%clk 0:08:44] } 14. Qb3 $2
{ [%eval 0.83] [%clk 0:08:55] } 14... h6 $2 { [%eval 2.33] [%clk 0:08:23] } 15.
Nd4 { [%eval 2.49] [%clk 0:08:52] } 15... Be6 $2
{ [%eval 4.27] [%clk 0:08:13] } 16. Nxe6 { [%eval 4.14] [%clk 0:08:48] } 16...
fxe6 { [%eval 4.1] [%clk 0:08:12] } 17. Rf3 { [%eval 3.66] [%clk 0:08:39] }
17... Kh7 { [%eval 4.25] [%clk 0:08:09] } 18. Rg3
{ [%eval 3.78] [%clk 0:08:35] } 18... Rf7 $2 { [%eval 4.8] [%clk 0:07:50] } 19.
Qc2 { [%eval 4.74] [%clk 0:08:16] } 19... Nf8 { [%eval 4.62] [%clk 0:07:40] }
20. Bd3 { [%eval 4.68] [%clk 0:08:06] } 20... Rxd3
{ [%eval 4.73] [%clk 0:07:38] } 21. Qxd3 { [%eval 4.77] [%clk 0:08:06] } 21...
Nbd7 { [%eval 4.57] [%clk 0:07:27] } 22. Nf3 { [%eval 4.57] [%clk 0:07:59] }
22... b6 { [%eval 5.54] [%clk 0:07:24] } 23. Nh4
{ [%eval 5.48] [%clk 0:07:57] } 23... c5 { [%eval 5.89] [%clk 0:07:13] } 24.
Nxg6 { [%eval 5.94] [%clk 0:07:52] } 24... Nxg6 { [%eval 6.17] [%clk 0:07:11] }
25. Qxg6+ { [%eval 6.16] [%clk 0:07:50] } 25... Kh8 $4
{ [%eval #3] [%clk 0:07:10] } 1-0"
Rated Rapid game,https://lichess.org/aomODV3C,2024.08.01,-,ovi_vamshi,kjabsohe,1-0,2024.08.01,08:45:38,906,1041,,,A00,Van't Kruijs Opening,600+0,Normal,"1. e3 { [%clk 0:10:00] } 1... d5 { [%clk 0:10:00] } 2. Nc3 { [%clk 0:09:58] }
2... e6 { [%clk 0:09:59] } 3. Nf3 { [%clk 0:09:55] } 3... Nc6
{ [%clk 0:09:58] } 4. Bb5 { [%clk 0:09:54] } 4... Bd7 { [%clk 0:09:56] } 5.
Bxc6 { [%clk 0:09:53] } 5... Bxc6 { [%clk 0:09:55] } 6. O-O { [%clk 0:09:51] }
6... h6 { [%clk 0:09:52] } 7. g3 { [%clk 0:09:49] } 7... Nf6 { [%clk 0:09:50] }
8. b3 { [%clk 0:09:48] } 8... d4 { [%clk 0:09:43] } 9. exd4 { [%clk 0:09:46] }
9... Bxf3 { [%clk 0:09:41] } 10. Qxf3 { [%clk 0:09:37] } 10... c6
{ [%clk 0:09:37] } 11. Ne4 { [%clk 0:09:30] } 11... Qd5 { [%clk 0:09:31] } 12.
d3 { [%clk 0:09:14] } 12... Nd7 { [%clk 0:09:18] } 13. c4 { [%clk 0:09:12] }
13... Qxd4 { [%clk 0:09:04] } 14. Bb2 { [%clk 0:09:10] } 14... Qxb2
{ [%clk 0:09:02] } 15. d4 { [%clk 0:08:55] } 15... Qxd4 { [%clk 0:09:00] } 16.
Rfd1 { [%clk 0:08:51] } 16... Qe5 { [%clk 0:08:52] } 17. Rd2 { [%clk 0:08:47] }
17... Rd8 { [%clk 0:08:47] } 18. Rad1 { [%clk 0:08:44] } 18... Be7
{ [%clk 0:08:38] } 19. Qg4 { [%clk 0:08:28] } 19... O-O { [%clk 0:08:00] } 20.
Rxd7 { [%clk 0:08:12] } 20... Rxd7 { [%clk 0:07:47] } 21. Rxd7
{ [%clk 0:08:09] } 21... Re8 { [%clk 0:07:25] } 22. Rxb7 { [%clk 0:07:58] }
22... Qa1+ { [%clk 0:07:23] } 23. Kg2 { [%clk 0:07:55] } 23... Qxa2
{ [%clk 0:07:21] } 24. Nc3 { [%clk 0:07:41] } 24... Qc2 { [%clk 0:07:12] } 25.
Ne2 { [%clk 0:07:21] } 25... f5 { [%clk 0:06:29] } 26. Qg6 { [%clk 0:07:10] }
26... Kf8 { [%clk 0:06:11] } 27. Nf4 { [%clk 0:07:04] } 27... Qe4+
{ [%clk 0:06:06] } 28. Kg1 { [%clk 0:06:53] } 28... Qe5 { [%clk 0:05:59] } 29.
Nh5 { [%clk 0:06:41] } 29... Qe1+ { [%clk 0:05:47] } 30. Kg2 { [%clk 0:06:36] }
30... Qe4+ { [%clk 0:05:43] } 31. Kh3 { [%clk 0:06:32] } 31... Qe5
{ [%clk 0:05:12] } 32. Rxa7 { [%clk 0:06:22] } 32... Bg5 { [%clk 0:05:03] } 33.
Qf7# { [%clk 0:06:05] } 1-0"
Rated Rapid game,https://lichess.org/ix5tnFIR,2024.08.01,-,Calebboy03,Dead_Max,0-1,2024.08.01,08:45:38,1076,1189,,,B20,Sicilian Defense: Bowdler Attack,600+0,Normal,"1. e4 { [%clk 0:10:00] } 1... c5 { [%clk 0:10:00] } 2. Bc4 { [%clk 0:09:55] }
2... Nc6 { [%clk 0:09:58] } 3. c3 { [%clk 0:09:53] } 3... e5 { [%clk 0:09:56] }
4. Qf3 { [%clk 0:09:52] } 4... f6 { [%clk 0:09:54] } 5. a3 { [%clk 0:09:42] }
5... Nge7 { [%clk 0:09:52] } 6. b4 { [%clk 0:09:39] } 6... a6
{ [%clk 0:09:51] } 7. bxc5 { [%clk 0:09:30] } 7... b5 { [%clk 0:09:50] } 8. Bb3
{ [%clk 0:09:25] } 8... Bb7 { [%clk 0:09:47] } 9. Qh5+ { [%clk 0:08:57] } 9...
Ng6 { [%clk 0:09:45] } 10. Ne2 { [%clk 0:08:15] } 10... Bxc5 { [%clk 0:09:41] }
11. Qh4 { [%clk 0:08:07] } 11... Nxh4 { [%clk 0:09:32] } 0-1"
Rated Rapid game,https://lichess.org/RgLMfNRf,2024.08.01,-,Harry140218,Huzzleqwizt,1-0,2024.08.01,08:45:38,1492,1539,,,B20,Sicilian Defense: Bowdler Attack,600+0,Normal,"1. e4 { [%clk 0:10:00] } 1... c5 { [%clk 0:10:00] } 2. Bc4 { [%clk 0:09:58] }
2... e6 { [%clk 0:09:59] } 3. d3 { [%clk 0:09:56] } 3... d5 { [%clk 0:09:58] }
4. exd5 { [%clk 0:09:54] } 4... exd5 { [%clk 0:09:58] } 5. Bb3
{ [%clk 0:09:53] } 5... Nf6 { [%clk 0:09:51] } 6. h3 { [%clk 0:09:50] } 6...
Bf5 { [%clk 0:09:20] } 7. Nf3 { [%clk 0:09:45] } 7... Qe7+ { [%clk 0:09:07] }
8. Qe2 { [%clk 0:09:25] } 8... Qxe2+ { [%clk 0:09:05] } 9. Kxe2
{ [%clk 0:09:23] } 9... b5 { [%clk 0:08:51] } 10. a3 { [%clk 0:09:12] } 10...
c4 { [%clk 0:08:49] } 11. dxc4 { [%clk 0:09:09] } 11... dxc4 { [%clk 0:08:44] }
12. Ba2 { [%clk 0:09:06] } 12... Bxc2 { [%clk 0:08:41] } 13. Nc3
{ [%clk 0:08:54] } 13... Bd3+ { [%clk 0:08:34] } 14. Kd2 { [%clk 0:08:34] }
14... Bc5 { [%clk 0:08:29] } 15. Re1+ { [%clk 0:08:26] } 15... Be7
{ [%clk 0:08:27] } 16. Nxb5 { [%clk 0:08:21] } 16... Ne4+ { [%clk 0:08:09] }
17. Ke3 { [%clk 0:08:09] } 17... Bc5+ { [%clk 0:07:59] } 18. Kf4
{ [%clk 0:08:06] } 18... O-O { [%clk 0:07:38] } 19. Rxe4 { [%clk 0:08:00] }
19... Bxe4 { [%clk 0:07:36] } 20. Kxe4 { [%clk 0:07:58] } 20... Re8+
{ [%clk 0:07:30] } 21. Ne5 { [%clk 0:07:38] } 21... f6 { [%clk 0:07:07] } 22.
Bxc4+ { [%clk 0:07:15] } 22... Kh8 { [%clk 0:06:57] } 23. Nc7
{ [%clk 0:07:01] } 23... Rxe5+ { [%clk 0:06:55] } 24. Kf3 { [%clk 0:06:29] }
24... Rf5+ { [%clk 0:06:39] } 25. Ke2 { [%clk 0:06:23] } 25... Rxf2+
{ [%clk 0:06:34] } 26. Kd3 { [%clk 0:06:21] } 26... Nc6 { [%clk 0:06:10] } 27.
Nxa8 { [%clk 0:06:18] } 27... Ne5+ { [%clk 0:06:08] } 28. Kc3
{ [%clk 0:06:11] } 28... Nxc4 { [%clk 0:05:29] } 29. Kxc4 { [%clk 0:06:08] }
29... Rc2+ { [%clk 0:05:28] } 30. Kb5 { [%clk 0:05:56] } 30... Bd4
{ [%clk 0:05:16] } 31. Rb1 { [%clk 0:05:48] } 31... Rc5+ { [%clk 0:05:11] } 32.
Ka6 { [%clk 0:05:36] } 32... Rc6+ { [%clk 0:04:49] } 33. Kb7 { [%clk 0:05:33] }
33... Re6 { [%clk 0:04:29] } 34. Nc7 { [%clk 0:05:17] } 34... Rb6+
{ [%clk 0:04:18] } 35. Kc8 { [%clk 0:05:11] } 35... Rc6 { [%clk 0:04:09] } 36.
Bf4 { [%clk 0:05:00] } 36... Bb6 { [%clk 0:03:47] } 37. Rd1 { [%clk 0:04:52] }
37... h6 { [%clk 0:03:23] } 38. b4 { [%clk 0:04:35] } 38... Bxc7
{ [%clk 0:03:13] } 39. Bxc7 { [%clk 0:04:33] } 39... Rc2 { [%clk 0:03:08] } 40.
Rd3 { [%clk 0:04:18] } 40... Rxg2 { [%clk 0:02:52] } 41. Kb7 { [%clk 0:04:15] }
41... Rc2 { [%clk 0:02:43] } 42. Bb8 { [%clk 0:04:00] } 42... a5
{ [%clk 0:02:32] } 43. b5 { [%clk 0:03:55] } 43... Rb2 { [%clk 0:02:17] } 44.
Ka6 { [%clk 0:03:50] } 44... a4 { [%clk 0:02:12] } 45. b6 { [%clk 0:03:44] }
45... Rc2 { [%clk 0:02:00] } 46. b7 { [%clk 0:03:27] } 46... Rc6+
{ [%clk 0:01:55] } 47. Ka7 { [%clk 0:03:24] } 47... Rc5 { [%clk 0:01:38] } 48.
Bd6 { [%clk 0:03:18] } 48... Ra5+ { [%clk 0:01:26] } 49. Kb6 { [%clk 0:03:15] }
1-0"
Rated Rapid game,https://lichess.org/7jFYWbni,2024.08.01,-,kayakinz,EmuL,1-0,2024.08.01,08:45:38,2032,1947,,,B50,"Sicilian Defense: Delayed Alapin Variation, with d6",600+0,Normal,"1. e4 { [%clk 0:10:00] } 1... c5 { [%clk 0:10:00] } 2. Nf3 { [%clk 0:09:40] }
2... d6 { [%clk 0:09:58] } 3. c3 { [%clk 0:09:37] } 3... Nf6 { [%clk 0:09:53] }
4. e5 { [%clk 0:09:34] } 4... Ng4 { [%clk 0:09:30] } 5. exd6 { [%clk 0:09:29] }
5... exd6 { [%clk 0:09:28] } 6. d4 { [%clk 0:09:25] } 6... Be7
{ [%clk 0:09:01] } 7. dxc5 { [%clk 0:09:19] } 7... dxc5 { [%clk 0:08:58] } 8.
Bb5+ { [%clk 0:09:12] } 8... Nc6 { [%clk 0:08:54] } 9. Bxc6+ { [%clk 0:09:09] }
9... bxc6 { [%clk 0:08:53] } 10. Qa4 { [%clk 0:09:02] } 10... Qb6
{ [%clk 0:08:43] } 11. O-O { [%clk 0:08:37] } 11... O-O { [%clk 0:08:40] } 12.
Na3 { [%clk 0:07:15] } 12... Ba6 { [%clk 0:08:06] } 13. Re1 { [%clk 0:07:09] }
13... c4 { [%clk 0:07:31] } 14. Nd4 { [%clk 0:05:54] } 14... Bc5
{ [%clk 0:06:54] } 15. h3 { [%clk 0:05:38] } 15... Nf6 { [%clk 0:06:22] } 16.
Nxc4 { [%clk 0:05:23] } 16... Bxc4 { [%clk 0:05:29] } 17. Qxc4
{ [%clk 0:05:19] } 17... Rad8 { [%clk 0:05:08] } 18. Be3 { [%clk 0:05:07] }
18... Nd5 { [%clk 0:04:37] } 19. Bg5 { [%clk 0:04:45] } 19... Rd6
{ [%clk 0:04:04] } 20. b4 { [%clk 0:04:13] } 20... Bxd4 { [%clk 0:03:41] } 21.
cxd4 { [%clk 0:04:13] } 21... Qxb4 { [%clk 0:03:26] } 22. Qxb4
{ [%clk 0:04:08] } 22... Nxb4 { [%clk 0:03:18] } 23. Be7 { [%clk 0:04:07] }
23... Nc2 { [%clk 0:03:14] } 24. Bxd6 { [%clk 0:04:03] } 24... Nxe1
{ [%clk 0:03:09] } 25. Bxf8 { [%clk 0:03:58] } 1-0"
Rated Rapid game,https://lichess.org/y5KmHyrv,2024.08.01,-,Depinder,vagesh1997,0-1,2024.08.01,08:45:46,1536,1528,,,A40,Horwitz Defense,600+0,Normal,"1. d4 { [%clk 0:10:00] } 1... e6 { [%clk 0:10:00] } 2. Nf3 { [%clk 0:09:57] }
2... d5 { [%clk 0:09:57] } 3. a3 { [%clk 0:09:51] } 3... c5 { [%clk 0:09:55] }
4. Bg5 { [%clk 0:09:44] } 4... Be7 { [%clk 0:09:52] } 5. Bxe7
{ [%clk 0:09:42] } 5... Qxe7 { [%clk 0:09:50] } 6. Ne5 { [%clk 0:09:41] } 6...
cxd4 { [%clk 0:09:47] } 7. Qxd4 { [%clk 0:09:38] } 7... Nc6 { [%clk 0:09:40] }
8. Nxc6 { [%clk 0:09:36] } 8... bxc6 { [%clk 0:09:40] } 9. Qxg7
{ [%clk 0:09:34] } 9... Qf6 { [%clk 0:09:37] } 10. Qxf6 { [%clk 0:09:28] }
10... Nxf6 { [%clk 0:09:37] } 11. g3 { [%clk 0:09:19] } 11... O-O
{ [%clk 0:09:27] } 12. Bg2 { [%clk 0:09:17] } 12... e5 { [%clk 0:09:22] } 13.
c3 { [%clk 0:09:09] } 13... e4 { [%clk 0:09:21] } 14. Nd2 { [%clk 0:09:06] }
14... Ng4 { [%clk 0:09:18] } 15. O-O { [%clk 0:08:54] } 15... f5
{ [%clk 0:09:16] } 16. f3 { [%clk 0:08:37] } 16... Ne3 { [%clk 0:09:11] } 17.
Rfc1 { [%clk 0:08:28] } 17... Ba6 { [%clk 0:09:05] } 18. Kf2 { [%clk 0:08:17] }
18... Nc4 { [%clk 0:08:47] } 19. Nxc4 { [%clk 0:08:14] } 19... Bxc4
{ [%clk 0:08:47] } 20. b4 { [%clk 0:07:52] } 20... f4 { [%clk 0:08:43] } 21. e3
{ [%clk 0:07:37] } 21... fxe3+ { [%clk 0:08:26] } 22. Kxe3 { [%clk 0:07:35] }
22... Bd3 { [%clk 0:08:13] } 23. fxe4 { [%clk 0:07:09] } 23... Bxe4
{ [%clk 0:08:05] } 24. Bxe4 { [%clk 0:07:05] } 24... dxe4 { [%clk 0:08:03] }
25. Rf1 { [%clk 0:06:55] } 25... Rfe8 { [%clk 0:07:57] } 26. Rf4
{ [%clk 0:06:52] } 26... a5 { [%clk 0:07:47] } 27. a4 { [%clk 0:06:45] } 27...
axb4 { [%clk 0:07:45] } 28. cxb4 { [%clk 0:06:44] } 28... Re6
{ [%clk 0:07:37] } 29. Rxe4 { [%clk 0:06:41] } 29... Rxe4+ { [%clk 0:07:36] }
30. Kxe4 { [%clk 0:06:40] } 30... Re8+ { [%clk 0:07:35] } 31. Kf3
{ [%clk 0:06:37] } 31... Rf8+ { [%clk 0:07:34] } 32. Kg2 { [%clk 0:06:35] }
32... Re8 { [%clk 0:07:30] } 33. Ra2 { [%clk 0:06:20] } 33... Re4
{ [%clk 0:07:28] } 34. b5 { [%clk 0:06:18] } 34... c5 { [%clk 0:07:27] } 35. b6
{ [%clk 0:06:12] } 35... Rb4 { [%clk 0:07:26] } 36. a5 { [%clk 0:06:08] } 36...
c4 { [%clk 0:07:23] } 37. Kf2 { [%clk 0:05:55] } 37... c3 { [%clk 0:07:21] }
38. Ke2 { [%clk 0:05:53] } 38... Rb2+ { [%clk 0:07:20] } 39. Rxb2
{ [%clk 0:05:50] } 39... cxb2 { [%clk 0:07:20] } 0-1"
Rated Rapid game,https://lichess.org/Z1QnqWy6,2024.08.01,-,sir_lekhnath1,warung_catur_bangil,0-1,2024.08.01,08:45:46,2067,2049,,,B06,Modern Defense,600+0,Normal,"1. e4 { [%clk 0:10:00] } 1... g6 { [%clk 0:10:00] } 2. Nc3 { [%clk 0:10:00] }
2... d6 { [%clk 0:09:58] } 3. Nf3 { [%clk 0:10:00] } 3... a6 { [%clk 0:09:56] }
4. d4 { [%clk 0:09:59] } 4... Bg7 { [%clk 0:09:55] } 5. h4 { [%clk 0:09:58] }
5... Nf6 { [%clk 0:09:53] } 6. Bd3 { [%clk 0:09:58] } 6... Bg4
{ [%clk 0:09:43] } 7. Bg5 { [%clk 0:09:50] } 7... Nc6 { [%clk 0:09:40] } 8. Be2
{ [%clk 0:09:45] } 8... h6 { [%clk 0:09:33] } 9. Bf4 { [%clk 0:09:43] } 9...
Nh5 { [%clk 0:09:21] } 10. Bh2 { [%clk 0:09:41] } 10... Bxf3 { [%clk 0:09:11] }
11. Bxf3 { [%clk 0:09:35] } 11... Nxd4 { [%clk 0:09:08] } 12. Bxh5
{ [%clk 0:09:33] } 12... gxh5 { [%clk 0:09:06] } 13. O-O { [%clk 0:09:16] }
13... e6 { [%clk 0:08:42] } 14. Qxh5 { [%clk 0:09:11] } 14... Nxc2
{ [%clk 0:08:40] } 15. Rac1 { [%clk 0:09:09] } 15... Nd4 { [%clk 0:08:37] } 16.
f4 { [%clk 0:09:01] } 16... Qe7 { [%clk 0:08:20] } 17. f5 { [%clk 0:08:49] }
17... O-O-O { [%clk 0:08:13] } 18. fxe6 { [%clk 0:08:46] } 18... fxe6
{ [%clk 0:08:04] } 19. Rf7 { [%clk 0:08:37] } 19... Qe8 { [%clk 0:08:02] } 20.
Rcf1 { [%clk 0:08:27] } 20... Nc6 { [%clk 0:07:21] } 21. Qg6 { [%clk 0:08:21] }
21... Bd4+ { [%clk 0:07:12] } 22. Kh1 { [%clk 0:08:19] } 22... Ne5
{ [%clk 0:06:24] } 23. Bxe5 { [%clk 0:08:17] } 23... Bxe5 { [%clk 0:06:22] }
24. Qg4 { [%clk 0:07:54] } 24... Kb8 { [%clk 0:06:17] } 25. Qf3
{ [%clk 0:07:46] } 25... Rg8 { [%clk 0:06:04] } 26. g4 { [%clk 0:07:29] } 26...
Qc6 { [%clk 0:05:13] } 27. a3 { [%clk 0:07:14] } 27... Qc4 { [%clk 0:04:49] }
28. h5 { [%clk 0:07:04] } 28... d5 { [%clk 0:04:36] } 29. exd5
{ [%clk 0:07:02] } 29... Rxg4 { [%clk 0:04:26] } 30. d6 { [%clk 0:05:18] }
30... Rh4+ { [%clk 0:04:10] } 31. Kg1 { [%clk 0:05:14] } 31... Bd4+
{ [%clk 0:03:58] } 32. Kg2 { [%clk 0:05:12] } 32... Rg8+ { [%clk 0:03:52] } 33.
Qg3 { [%clk 0:04:53] } 33... Rxg3+ { [%clk 0:03:45] } 34. Kxg3
{ [%clk 0:04:51] } 34... Be5+ { [%clk 0:03:39] } 35. Kg2 { [%clk 0:04:41] }
35... Qg4+ { [%clk 0:03:29] } 36. Kf2 { [%clk 0:04:39] } 36... Bg3+
{ [%clk 0:03:28] } 37. Kg2 { [%clk 0:04:33] } 37... Be1# { [%clk 0:03:24] } 0-1"
Rated Rapid game,https://lichess.org/JWTCPvIR,2024.08.01,-,fkrusenstern,tiger55sh,1-0,2024.08.01,08:45:46,1733,1737,,,C44,Scotch Game,600+0,Normal,"1. e4 { [%clk 0:10:00] } 1... e5 { [%clk 0:10:00] } 2. Nf3 { [%clk 0:09:58] }
2... Nc6 { [%clk 0:09:59] } 3. d4 { [%clk 0:09:56] } 3... f6 { [%clk 0:09:55] }
4. d5 { [%clk 0:09:54] } 4... Nce7 { [%clk 0:09:50] } 5. Nc3 { [%clk 0:09:39] }
5... c6 { [%clk 0:09:42] } 6. d6 { [%clk 0:09:30] } 6... Ng6 { [%clk 0:09:40] }
7. Bc4 { [%clk 0:09:25] } 7... b5 { [%clk 0:09:33] } 8. Bxg8 { [%clk 0:09:23] }
8... Rxg8 { [%clk 0:09:31] } 9. O-O { [%clk 0:09:19] } 9... Bb7
{ [%clk 0:09:23] } 10. Be3 { [%clk 0:09:12] } 10... Qb8 { [%clk 0:09:18] } 11.
Bc5 { [%clk 0:09:09] } 11... Nf4 { [%clk 0:07:56] } 12. Ne2 { [%clk 0:08:58] }
12... Nxe2+ { [%clk 0:07:54] } 13. Qxe2 { [%clk 0:08:57] } 13... g5
{ [%clk 0:07:51] } 14. Rfd1 { [%clk 0:08:51] } 14... a6 { [%clk 0:07:42] } 15.
b4 { [%clk 0:08:49] } 15... h5 { [%clk 0:07:36] } 16. h3 { [%clk 0:08:46] }
16... g4 { [%clk 0:07:34] } 17. hxg4 { [%clk 0:08:41] } 17... hxg4
{ [%clk 0:07:32] } 18. Nh4 { [%clk 0:08:39] } 18... g3 { [%clk 0:07:22] } 19.
Qh5+ { [%clk 0:08:30] } 19... Kd8 { [%clk 0:07:12] } 20. fxg3
{ [%clk 0:08:20] } 20... a5 { [%clk 0:06:48] } 21. Qf7 { [%clk 0:08:11] } 21...
Ba6 { [%clk 0:06:30] } 22. Qxg8 { [%clk 0:08:03] } 22... Kc8 { [%clk 0:06:29] }
23. Qxf8+ { [%clk 0:08:01] } 23... Kb7 { [%clk 0:06:27] } 24. Qxb8+
{ [%clk 0:07:55] } 24... Rxb8 { [%clk 0:06:26] } 25. bxa5 { [%clk 0:07:51] }
1-0"
Rated Rapid game,https://lichess.org/VSG65Y3V,2024.08.01,-,leOn-SeAl9,MASTER-VMG,0-1,2024.08.01,08:45:46,2023,2028,,,A03,Bird Opening: Dutch Variation,600+0,Normal,"1. f4 { [%clk 0:10:00] } 1... d5 { [%clk 0:10:00] } 2. Nf3 { [%clk 0:09:58] }
2... Bg4 { [%clk 0:09:58] } 3. e3 { [%clk 0:09:56] } 3... e6 { [%clk 0:09:57] }
4. Be2 { [%clk 0:09:55] } 4... Bd6 { [%clk 0:09:40] } 5. O-O { [%clk 0:09:53] }
5... Ne7 { [%clk 0:09:38] } 6. b3 { [%clk 0:09:46] } 6... c5 { [%clk 0:09:28] }
7. Bb2 { [%clk 0:09:45] } 7... f6 { [%clk 0:09:09] } 8. Nc3 { [%clk 0:09:36] }
8... a6 { [%clk 0:09:02] } 9. a4 { [%clk 0:08:51] } 9... O-O { [%clk 0:09:00] }
10. Nh4 { [%clk 0:08:35] } 10... Bxe2 { [%clk 0:08:51] } 11. Nxe2
{ [%clk 0:08:33] } 11... Nbc6 { [%clk 0:08:49] } 12. Ng3 { [%clk 0:08:27] }
12... Qc7 { [%clk 0:08:18] } 13. Qg4 { [%clk 0:08:18] } 13... d4
{ [%clk 0:07:55] } 14. Qxe6+ { [%clk 0:08:14] } 14... Rf7 { [%clk 0:07:33] }
15. Ne4 { [%clk 0:08:05] } 15... Rd8 { [%clk 0:07:01] } 16. Nf5
{ [%clk 0:07:57] } 16... Nxf5 { [%clk 0:06:51] } 17. Qxf5 { [%clk 0:07:55] }
17... Bf8 { [%clk 0:06:08] } 18. Rac1 { [%clk 0:07:44] } 18... Ne7
{ [%clk 0:06:01] } 19. Qh3 { [%clk 0:07:41] } 19... dxe3 { [%clk 0:05:46] } 20.
dxe3 { [%clk 0:07:39] } 20... Nd5 { [%clk 0:05:43] } 21. Rce1
{ [%clk 0:07:29] } 21... Qe7 { [%clk 0:05:26] } 22. Nc3 { [%clk 0:07:21] }
22... Nb4 { [%clk 0:05:09] } 23. Re2 { [%clk 0:07:18] } 23... Qc7
{ [%clk 0:04:29] } 24. e4 { [%clk 0:07:13] } 24... c4 { [%clk 0:04:18] } 25.
Qf3 { [%clk 0:06:45] } 25... Qb6+ { [%clk 0:04:01] } 26. Kh1 { [%clk 0:06:41] }
26... Qc5 { [%clk 0:03:46] } 27. Ba3 { [%clk 0:06:27] } 27... Qd4
{ [%clk 0:03:13] } 28. Bxb4 { [%clk 0:06:20] } 28... Bxb4 { [%clk 0:03:10] }
29. Nd5 { [%clk 0:06:19] } 29... Bc5 { [%clk 0:02:33] } 30. c3
{ [%clk 0:06:13] } 30... Qd3 { [%clk 0:02:13] } 31. Qxd3 { [%clk 0:06:03] }
31... cxd3 { [%clk 0:02:11] } 32. Rd2 { [%clk 0:06:02] } 32... Re7
{ [%clk 0:02:02] } 33. Re1 { [%clk 0:06:00] } 33... Rxd5 { [%clk 0:01:58] } 0-1"
Rated Rapid game,https://lichess.org/2QJXMmGU,2024.08.01,-,manojkumardeva,LuckyLukeRP,0-1,2024.08.01,08:45:46,1706,1609,,,D31,Queen's Gambit Declined: Queen's Knight Variation,600+0,Normal,"1. d4 { [%clk 0:10:00] } 1... d5 { [%clk 0:10:00] } 2. c4 { [%clk 0:09:58] }
2... e6 { [%clk 0:09:59] } 3. Nc3 { [%clk 0:09:57] } 3... Nc6
{ [%clk 0:09:58] } 4. cxd5 { [%clk 0:09:56] } 4... exd5 { [%clk 0:09:56] } 5.
Bf4 { [%clk 0:09:45] } 5... Bb4 { [%clk 0:09:55] } 6. e3 { [%clk 0:09:39] }
6... Bxc3+ { [%clk 0:09:53] } 7. bxc3 { [%clk 0:09:38] } 7... Bf5
{ [%clk 0:09:53] } 8. Bb5 { [%clk 0:09:36] } 8... a6 { [%clk 0:09:49] } 9. Ba4
{ [%clk 0:09:34] } 9... h6 { [%clk 0:09:45] } 10. Ne2 { [%clk 0:09:32] } 10...
Nf6 { [%clk 0:09:43] } 11. O-O { [%clk 0:09:29] } 11... O-O { [%clk 0:09:42] }
12. Bb3 { [%clk 0:09:25] } 12... Na5 { [%clk 0:09:37] } 13. Ng3
{ [%clk 0:09:11] } 13... Bg6 { [%clk 0:09:33] } 14. Bc2 { [%clk 0:09:04] }
14... Bxc2 { [%clk 0:09:31] } 15. Qxc2 { [%clk 0:09:03] } 15... Nc4
{ [%clk 0:09:29] } 16. Rfe1 { [%clk 0:08:54] } 16... Re8 { [%clk 0:09:27] } 17.
Rab1 { [%clk 0:07:53] } 17... Rb8 { [%clk 0:09:06] } 18. e4 { [%clk 0:07:24] }
18... Na3 { [%clk 0:09:03] } 19. Qd3 { [%clk 0:07:01] } 19... Nxb1
{ [%clk 0:09:02] } 20. Rxb1 { [%clk 0:06:59] } 20... dxe4 { [%clk 0:08:59] }
21. Qc4 { [%clk 0:06:55] } 21... Nd5 { [%clk 0:08:37] } 22. Re1
{ [%clk 0:05:41] } 22... Nxf4 { [%clk 0:08:16] } 0-1"
Rated Rapid game,https://lichess.org/yy0OeOm6,2024.08.01,-,Fernanda_Mejia,Pepe54,1-0,2024.08.01,08:45:46,1849,1790,,,A40,Englund Gambit Declined: Reversed Alekhine,600+0,Normal,"1. d4 { [%clk 0:10:00] } 1... e5 { [%clk 0:10:00] } 2. Nf3 { [%clk 0:10:00] }
2... exd4 { [%clk 0:09:57] } 3. Nxd4 { [%clk 0:09:59] } 3... Qf6
{ [%clk 0:09:42] } 4. e3 { [%clk 0:09:56] } 4... Bb4+ { [%clk 0:09:30] } 5. c3
{ [%clk 0:09:54] } 5... Bc5 { [%clk 0:09:26] } 6. Bd3 { [%clk 0:09:53] } 6...
Nc6 { [%clk 0:09:12] } 7. Nd2 { [%clk 0:09:50] } 7... d6 { [%clk 0:09:05] } 8.
O-O { [%clk 0:09:46] } 8... d5 { [%clk 0:08:34] } 9. Re1 { [%clk 0:09:39] }
9... Nge7 { [%clk 0:08:31] } 10. e4 { [%clk 0:09:37] } 10... O-O
{ [%clk 0:08:25] } 11. exd5 { [%clk 0:09:18] } 11... Nxd5 { [%clk 0:08:22] }
12. Nxc6 { [%clk 0:09:16] } 12... Qxc6 { [%clk 0:08:11] } 13. Qh5
{ [%clk 0:09:09] } 13... Qf6 { [%clk 0:07:56] } 14. Qxh7# { [%clk 0:09:07] }
1-0"
Rated Rapid game,https://lichess.org/FFEmPV8f,2024.08.01,-,Guntherschatz,BudiDotID123,1-0,2024.08.01,08:45:46,971,1060,,,A00,Van't Kruijs Opening,600+0,Normal,"1. e3 { [%clk 0:10:00] } 1... e5 { [%clk 0:10:00] } 2. c3 { [%clk 0:09:54] }
2... f5 { [%clk 0:09:59] } 3. g3 { [%clk 0:09:33] } 3... Nf6 { [%clk 0:09:53] }
4. Bd3 { [%clk 0:09:03] } 4... d6 { [%clk 0:09:50] } 5. Bb5+ { [%clk 0:08:53] }
5... c6 { [%clk 0:09:47] } 6. Bc4 { [%clk 0:08:45] } 6... d5 { [%clk 0:09:45] }
7. Bb3 { [%clk 0:08:20] } 7... Bc5 { [%clk 0:09:40] } 8. d4 { [%clk 0:07:43] }
8... exd4 { [%clk 0:09:33] } 9. cxd4 { [%clk 0:07:34] } 9... Bb6
{ [%clk 0:09:02] } 10. Bc2 { [%clk 0:07:23] } 10... O-O { [%clk 0:08:56] } 11.
Nf3 { [%clk 0:07:14] } 11... Ne4 { [%clk 0:08:48] } 12. Ne5 { [%clk 0:06:35] }
12... Nd7 { [%clk 0:08:19] } 13. f4 { [%clk 0:06:12] } 13... Nxe5
{ [%clk 0:08:05] } 14. dxe5 { [%clk 0:06:02] } 14... d4 { [%clk 0:07:31] } 15.
Qf3 { [%clk 0:05:28] } 15... dxe3 { [%clk 0:07:21] } 16. Bxe3
{ [%clk 0:05:22] } 16... Ba5+ { [%clk 0:07:10] } 17. Ke2 { [%clk 0:04:49] }
17... Qb6 { [%clk 0:06:43] } 18. Bxb6 { [%clk 0:04:25] } 1-0"
Rated Rapid game,https://lichess.org/f2g8FsON,2024.08.01,-,slebrave,vamsigogikar,0-1,2024.08.01,08:45:46,1229,1223,,,C00,French Defense: Knight Variation,600+0,Normal,"1. e4 { [%clk 0:10:00] } 1... e6 { [%clk 0:10:00] } 2. Nf3 { [%clk 0:09:59] }
2... b6 { [%clk 0:09:59] } 3. Bc4 { [%clk 0:09:58] } 3... Bb7
{ [%clk 0:09:59] } 4. d3 { [%clk 0:09:54] } 4... Nf6 { [%clk 0:09:58] } 5. Nc3
{ [%clk 0:09:52] } 5... d5 { [%clk 0:09:57] } 6. e5 { [%clk 0:09:50] } 6...
dxc4 { [%clk 0:09:51] } 7. exf6 { [%clk 0:09:49] } 7... Qxf6 { [%clk 0:09:50] }
8. O-O { [%clk 0:09:39] } 8... cxd3 { [%clk 0:09:47] } 9. Bg5
{ [%clk 0:09:16] } 9... Qg6 { [%clk 0:09:30] } 10. cxd3 { [%clk 0:08:57] }
10... h6 { [%clk 0:09:22] } 11. Bf4 { [%clk 0:08:47] } 11... Bd6
{ [%clk 0:09:13] } 12. Bxd6 { [%clk 0:08:33] } 12... cxd6 { [%clk 0:09:12] }
13. Re1 { [%clk 0:08:27] } 13... Ba6 { [%clk 0:09:05] } 14. Nd5
{ [%clk 0:08:19] } 14... Kd7 { [%clk 0:08:54] } 15. Qa4+ { [%clk 0:08:04] }
15... b5 { [%clk 0:08:50] } 16. Qxa6 { [%clk 0:08:02] } 16... Nxa6
{ [%clk 0:08:48] } 17. Nf4 { [%clk 0:07:55] } 17... Qf6 { [%clk 0:08:35] } 18.
Nh5 { [%clk 0:07:46] } 18... Qxb2 { [%clk 0:08:25] } 19. Rab1
{ [%clk 0:07:23] } 19... Qc3 { [%clk 0:08:14] } 20. Rec1 { [%clk 0:07:15] }
20... Qxd3 { [%clk 0:08:04] } 21. Ne5+ { [%clk 0:07:05] } 21... dxe5
{ [%clk 0:07:52] } 22. Rd1 { [%clk 0:07:03] } 22... Qxd1+ { [%clk 0:07:49] }
23. Rxd1+ { [%clk 0:07:01] } 23... Ke7 { [%clk 0:07:48] } 24. Nxg7
{ [%clk 0:06:57] } 24... Rhd8 { [%clk 0:07:40] } 25. Re1 { [%clk 0:06:47] }
25... Nc5 { [%clk 0:07:35] } 26. Nh5 { [%clk 0:06:39] } 26... Nd3
{ [%clk 0:07:33] } 27. Rd1 { [%clk 0:06:33] } 27... e4 { [%clk 0:07:31] } 28.
Ng3 { [%clk 0:06:29] } 28... f5 { [%clk 0:07:29] } 29. Rb1 { [%clk 0:06:20] }
29... a6 { [%clk 0:07:27] } 0-1"
Rated Rapid game,https://lichess.org/iOVFxnMz,2024.08.01,-,tomczykp,yusif_69,1-0,2024.08.01,08:45:46,1218,1222,,,B00,Owen Defense,600+0,Normal,"1. e4 { [%clk 0:10:00] } 1... b6 { [%clk 0:10:00] } 2. Bc4 { [%clk 0:09:58] }
2... Bb7 { [%clk 0:10:00] } 3. d3 { [%clk 0:09:52] } 3... h6 { [%clk 0:09:55] }
4. Nf3 { [%clk 0:09:50] } 4... c6 { [%clk 0:09:34] } 5. O-O { [%clk 0:09:48] }
5... b5 { [%clk 0:09:28] } 6. Ne5 { [%clk 0:09:33] } 6... d5 { [%clk 0:09:13] }
7. Bb3 { [%clk 0:09:26] } 7... Nd7 { [%clk 0:08:48] } 8. Bf4 { [%clk 0:08:57] }
8... g5 { [%clk 0:08:44] } 9. Qh5 { [%clk 0:08:46] } 9... Nxe5
{ [%clk 0:08:24] } 10. Bxe5 { [%clk 0:08:44] } 10... Rh7 { [%clk 0:08:08] } 11.
f4 { [%clk 0:08:39] } 11... e6 { [%clk 0:07:29] } 12. fxg5 { [%clk 0:08:33] }
12... Qxg5 { [%clk 0:07:26] } 13. Qxf7+ { [%clk 0:08:30] } 13... Rxf7
{ [%clk 0:07:16] } 14. Nc3 { [%clk 0:08:07] } 14... Bc5+ { [%clk 0:07:10] } 15.
d4 { [%clk 0:08:01] } 15... Rxf1+ { [%clk 0:07:01] } 16. Rxf1
{ [%clk 0:07:59] } 16... Bxd4+ { [%clk 0:06:58] } 17. Bxd4 { [%clk 0:07:48] }
17... O-O-O { [%clk 0:06:58] } 18. a4 { [%clk 0:07:23] } 18... b4
{ [%clk 0:06:50] } 19. Ne2 { [%clk 0:06:56] } 19... Qf5 { [%clk 0:06:47] } 20.
Ng3 { [%clk 0:06:53] } 20... Qxf1+ { [%clk 0:06:33] } 21. Nxf1
{ [%clk 0:06:40] } 21... Rf8 { [%clk 0:06:32] } 22. Nd2 { [%clk 0:06:29] }
22... Nf6 { [%clk 0:06:29] } 23. e5 { [%clk 0:06:23] } 23... Nh5
{ [%clk 0:06:20] } 24. Bxa7 { [%clk 0:06:22] } 24... Nf4 { [%clk 0:06:15] } 25.
h3 { [%clk 0:05:48] } 25... Ne2+ { [%clk 0:06:09] } 26. Kh2 { [%clk 0:05:46] }
26... Nd4 { [%clk 0:06:02] } 27. Bxd4 { [%clk 0:05:43] } 27... Rf2
{ [%clk 0:05:53] } 28. Bxf2 { [%clk 0:05:41] } 28... Ba6 { [%clk 0:05:50] } 29.
Be3 { [%clk 0:05:23] } 29... h5 { [%clk 0:05:44] } 30. Bc5 { [%clk 0:04:58] }
30... Be2 { [%clk 0:05:36] } 31. Bxb4 { [%clk 0:04:53] } 31... Kb7
{ [%clk 0:05:29] } 32. c4 { [%clk 0:04:46] } 32... d4 { [%clk 0:05:19] } 33.
Ne4 { [%clk 0:04:30] } 33... Bd3 { [%clk 0:04:54] } 34. Ng3 { [%clk 0:04:23] }
34... Bg6 { [%clk 0:04:47] } 35. Bd1 { [%clk 0:04:16] } 35... h4
{ [%clk 0:04:43] } 36. Nf1 { [%clk 0:04:07] } 36... Bd3 { [%clk 0:04:40] } 37.
Nd2 { [%clk 0:04:02] } 37... Kb6 { [%clk 0:04:09] } 38. Nf3 { [%clk 0:04:00] }
38... Bxc4 { [%clk 0:04:04] } 39. Nxd4 { [%clk 0:03:53] } 39... c5
{ [%clk 0:04:01] } 40. Bc3 { [%clk 0:03:38] } 40... cxd4 { [%clk 0:03:32] } 41.
Bxd4+ { [%clk 0:03:35] } 41... Ka5 { [%clk 0:03:29] } 42. Bf2
{ [%clk 0:03:27] } 42... Kb4 { [%clk 0:03:17] } 43. Bxh4 { [%clk 0:03:25] }
43... Bd5 { [%clk 0:02:58] } 44. g4 { [%clk 0:03:23] } 44... Be4
{ [%clk 0:02:49] } 45. g5 { [%clk 0:03:21] } 45... Ka5 { [%clk 0:02:41] } 46.
Bf2 { [%clk 0:03:16] } 46... Bg6 { [%clk 0:02:32] } 47. h4 { [%clk 0:03:13] }
47... Be4 { [%clk 0:02:24] } 48. h5 { [%clk 0:03:10] } 48... Kb4
{ [%clk 0:02:22] } 49. g6 { [%clk 0:03:08] } 49... Bc6 { [%clk 0:02:15] } 50.
g7 { [%clk 0:03:04] } 50... Bxa4 { [%clk 0:02:12] } 51. g8=Q { [%clk 0:03:02] }
51... Bxd1 { [%clk 0:02:07] } 52. h6 { [%clk 0:03:00] } 52... Bc2
{ [%clk 0:02:04] } 53. Qc8 { [%clk 0:02:52] } 53... Kb3 { [%clk 0:01:57] } 54.
Qxe6+ { [%clk 0:02:47] } 54... Kxb2 { [%clk 0:01:54] } 55. Qb6+
{ [%clk 0:02:41] } 55... Kc1 { [%clk 0:01:52] } 56. e6 { [%clk 0:02:39] } 56...
Bg6 { [%clk 0:01:48] } 57. e7 { [%clk 0:02:36] } 57... Bf7 { [%clk 0:01:44] }
58. h7 { [%clk 0:02:34] } 58... Kd1 { [%clk 0:01:37] } 59. h8=Q
{ [%clk 0:02:32] } 59... Bh5 { [%clk 0:01:27] } 60. Qxh5+ { [%clk 0:02:29] }
60... Kd2 { [%clk 0:01:23] } 61. e8=Q { [%clk 0:02:27] } 61... Kd3
{ [%clk 0:01:15] } 62. Qee3+ { [%clk 0:02:25] } 62... Kc4 { [%clk 0:01:13] }
63. Qbd4# { [%clk 0:02:18] } 1-0"
Rated Rapid game,https://lichess.org/Y9m31x1B,2024.08.01,-,stellapolare,Niksgod,0-1,2024.08.01,08:45:50,945,922,,,B01,Scandinavian Defense,600+0,Normal,"1. e4 { [%clk 0:10:00] } 1... d5 { [%clk 0:10:00] } 2. Nc3 { [%clk 0:09:55] }
2... d4 { [%clk 0:09:58] } 3. Nce2 { [%clk 0:09:52] } 3... Nc6
{ [%clk 0:09:54] } 4. c3 { [%clk 0:09:47] } 4... Bg4 { [%clk 0:09:48] } 5. f3
{ [%clk 0:09:45] } 5... Bh5 { [%clk 0:09:42] } 6. cxd4 { [%clk 0:09:43] } 6...
Nxd4 { [%clk 0:09:36] } 7. Nxd4 { [%clk 0:09:39] } 7... Qxd4 { [%clk 0:09:34] }
8. Qc2 { [%clk 0:09:29] } 8... e5 { [%clk 0:09:30] } 9. Qxc7 { [%clk 0:09:23] }
9... Be7 { [%clk 0:09:10] } 10. Qxb7 { [%clk 0:09:20] } 10... Rd8
{ [%clk 0:09:06] } 11. Bb5+ { [%clk 0:09:10] } 11... Kf8 { [%clk 0:08:57] } 12.
Ne2 { [%clk 0:08:56] } 12... Qc5 { [%clk 0:08:43] } 13. b4 { [%clk 0:08:24] }
13... Qxb4 { [%clk 0:08:34] } 14. Qxa7 { [%clk 0:08:15] } 14... Qxb5
{ [%clk 0:08:30] } 15. Qa8 { [%clk 0:08:10] } 15... Rxa8 { [%clk 0:08:27] } 16.
d3 { [%clk 0:07:58] } 16... Ra4 { [%clk 0:08:11] } 17. Nc3 { [%clk 0:07:51] }
17... Qa5 { [%clk 0:07:57] } 18. Bd2 { [%clk 0:07:25] } 18... Ra3
{ [%clk 0:07:52] } 19. Nb1 { [%clk 0:07:14] } 19... Bb4 { [%clk 0:07:43] } 20.
Nxa3 { [%clk 0:07:01] } 20... Qxa3 { [%clk 0:07:41] } 21. Bxb4+
{ [%clk 0:06:57] } 21... Qxb4+ { [%clk 0:07:38] } 22. Kf2 { [%clk 0:06:56] }
22... Nf6 { [%clk 0:07:35] } 23. Rhb1 { [%clk 0:06:54] } 23... Qd2+
{ [%clk 0:07:30] } 24. Kg3 { [%clk 0:06:52] } 24... Qxd3 { [%clk 0:07:24] } 25.
Rb8+ { [%clk 0:06:50] } 25... Ke7 { [%clk 0:07:21] } 26. Rxh8
{ [%clk 0:06:48] } 26... Qe3 { [%clk 0:07:11] } 27. Rc8 { [%clk 0:06:40] }
27... Qf4+ { [%clk 0:07:09] } 28. Kf2 { [%clk 0:06:38] } 28... Nxe4+
{ [%clk 0:07:03] } 29. Ke2 { [%clk 0:06:30] } 29... Nd6 { [%clk 0:06:55] } 30.
Rc3 { [%clk 0:06:25] } 30... Qxh2 { [%clk 0:06:49] } 31. Kf2 { [%clk 0:06:22] }
31... f5 { [%clk 0:06:36] } 32. Rc7+ { [%clk 0:06:17] } 32... Ke6
{ [%clk 0:06:32] } 33. Rxg7 { [%clk 0:06:13] } 33... f4 { [%clk 0:06:27] } 34.
Rxh7 { [%clk 0:06:09] } 34... Qg3+ { [%clk 0:06:24] } 35. Kg1
{ [%clk 0:06:03] } 35... Bxf3 { [%clk 0:06:19] } 36. Rh3 { [%clk 0:05:55] }
36... Qxg2# { [%clk 0:06:17] } 0-1"
Rated Rapid game,https://lichess.org/O71NaPc7,2024.08.01,-,Carokanntplaylich,yusifragb,1-0,2024.08.01,08:45:53,1988,1978,,,C45,Scotch Game: Potter Variation,600+0,Normal,"1. e4 { [%clk 0:10:00] } 1... e5 { [%clk 0:10:00] } 2. Nf3 { [%clk 0:09:59] }
2... Nc6 { [%clk 0:09:59] } 3. d4 { [%clk 0:09:58] } 3... exd4
{ [%clk 0:09:57] } 4. Nxd4 { [%clk 0:09:57] } 4... Bc5 { [%clk 0:09:56] } 5.
Nb3 { [%clk 0:09:56] } 5... Bb6 { [%clk 0:09:55] } 6. Nc3 { [%clk 0:09:55] }
6... d6 { [%clk 0:09:52] } 7. Qe2 { [%clk 0:09:55] } 7... a6 { [%clk 0:09:48] }
8. Be3 { [%clk 0:09:51] } 8... Bxe3 { [%clk 0:09:46] } 9. Qxe3
{ [%clk 0:09:50] } 9... Nf6 { [%clk 0:09:45] } 10. f3 { [%clk 0:09:48] } 10...
O-O { [%clk 0:09:42] } 11. O-O-O { [%clk 0:09:43] } 11... Ne5
{ [%clk 0:09:41] } 12. g4 { [%clk 0:09:36] } 12... b5 { [%clk 0:09:31] } 13.
Be2 { [%clk 0:09:30] } 13... b4 { [%clk 0:09:27] } 14. Nd5 { [%clk 0:09:25] }
14... Nxd5 { [%clk 0:09:24] } 15. Rxd5 { [%clk 0:09:19] } 15... c6
{ [%clk 0:09:21] } 16. Rdd1 { [%clk 0:09:10] } 16... a5 { [%clk 0:09:18] } 17.
h4 { [%clk 0:08:44] } 17... a4 { [%clk 0:09:16] } 18. Nd4 { [%clk 0:08:38] }
18... c5 { [%clk 0:08:23] } 19. Nb5 { [%clk 0:08:32] } 19... Qb6
{ [%clk 0:08:07] } 20. Rxd6 { [%clk 0:08:26] } 20... Qb8 { [%clk 0:08:03] } 21.
Qxc5 { [%clk 0:08:02] } 21... Nd7 { [%clk 0:07:58] } 22. Qc7 { [%clk 0:07:48] }
22... Qxc7 { [%clk 0:07:48] } 23. Nxc7 { [%clk 0:07:47] } 23... Ra7
{ [%clk 0:07:42] } 24. Nd5 { [%clk 0:07:38] } 24... Ne5 { [%clk 0:07:19] } 25.
Nxb4 { [%clk 0:07:29] } 25... a3 { [%clk 0:07:05] } 26. b3 { [%clk 0:07:17] }
26... Be6 { [%clk 0:07:02] } 27. Nc6 { [%clk 0:07:04] } 27... Nxc6
{ [%clk 0:07:00] } 28. Rxc6 { [%clk 0:07:03] } 28... Rd8 { [%clk 0:06:55] } 29.
Rd1 { [%clk 0:07:00] } 1-0"
Rated Rapid game,https://lichess.org/ZuxC5s0F,2024.08.01,-,Langhouse,salo6008,0-1,2024.08.01,08:45:54,1503,1506,,,C50,Italian Game: Rousseau Gambit,600+0,Normal,"1. e4 { [%clk 0:10:00] } 1... e5 { [%clk 0:10:00] } 2. Nf3 { [%clk 0:09:57] }
2... Nc6 { [%clk 0:09:56] } 3. Bc4 { [%clk 0:09:50] } 3... f5
{ [%clk 0:09:51] } 4. exf5 { [%clk 0:09:36] } 4... e4 { [%clk 0:09:46] } 5. Ng1
{ [%clk 0:09:31] } 5... d5 { [%clk 0:09:39] } 6. Bb5 { [%clk 0:09:27] } 6...
Bxf5 { [%clk 0:09:34] } 7. d3 { [%clk 0:09:25] } 7... Qe7 { [%clk 0:09:14] } 8.
Nc3 { [%clk 0:09:20] } 8... exd3+ { [%clk 0:09:00] } 9. Kd2 { [%clk 0:09:10] }
9... Qg5+ { [%clk 0:08:46] } 10. Ke1 { [%clk 0:09:01] } 10... Qxg2
{ [%clk 0:08:41] } 11. Qf3 { [%clk 0:09:00] } 11... Qxf3 { [%clk 0:08:36] } 12.
Nxf3 { [%clk 0:08:59] } 12... dxc2 { [%clk 0:08:31] } 13. Nxd5
{ [%clk 0:08:58] } 13... O-O-O { [%clk 0:08:24] } 14. Nb4 { [%clk 0:08:45] }
0-1"
Rated Rapid game,https://lichess.org/vI4fJDHF,2024.08.01,-,Max24680,ptjim0126,1-0,2024.08.01,08:45:54,1032,1011,,,A40,Englund Gambit,600+0,Normal,"1. d4 { [%clk 0:10:00] } 1... e5 { [%clk 0:10:00] } 2. c3 { [%clk 0:09:57] }
2... exd4 { [%clk 0:09:55] } 3. cxd4 { [%clk 0:09:55] } 3... Nc6
{ [%clk 0:09:54] } 4. Nc3 { [%clk 0:09:51] } 4... Nxd4 { [%clk 0:09:48] } 5.
Qxd4 { [%clk 0:09:48] } 5... Nf6 { [%clk 0:09:44] } 6. Nf3 { [%clk 0:09:47] }
6... d6 { [%clk 0:09:40] } 7. Be3 { [%clk 0:09:41] } 7... Be7
{ [%clk 0:09:37] } 8. O-O-O { [%clk 0:09:36] } 8... O-O { [%clk 0:09:35] } 9.
Qd3 { [%clk 0:09:28] } 9... c5 { [%clk 0:09:31] } 10. g3 { [%clk 0:09:19] }
10... Qa5 { [%clk 0:09:24] } 11. g4 { [%clk 0:09:14] } 11... Bxg4
{ [%clk 0:09:11] } 12. Rg1 { [%clk 0:09:05] } 12... Be6 { [%clk 0:09:03] } 13.
Bh6 { [%clk 0:08:55] } 13... Bxa2 { [%clk 0:08:45] } 14. Rxg7+
{ [%clk 0:08:50] } 14... Kh8 { [%clk 0:08:43] } 15. Rg2 { [%clk 0:08:18] }
15... Bb3 { [%clk 0:08:35] } 16. Rd2 { [%clk 0:08:01] } 16... Qa1+
{ [%clk 0:08:12] } 17. Nb1 { [%clk 0:07:56] } 17... Ba2 { [%clk 0:08:01] } 18.
Bxf8 { [%clk 0:07:51] } 18... Bxb1 { [%clk 0:07:56] } 19. Qxb1
{ [%clk 0:07:50] } 19... Qxb1+ { [%clk 0:07:52] } 20. Kxb1 { [%clk 0:07:48] }
20... Rxf8 { [%clk 0:07:49] } 21. Rd1 { [%clk 0:07:39] } 21... b5
{ [%clk 0:07:35] } 22. Nh4 { [%clk 0:07:31] } 22... Nd5 { [%clk 0:07:25] } 23.
e4 { [%clk 0:07:29] } 23... Bxh4 { [%clk 0:07:15] } 24. exd5 { [%clk 0:07:22] }
24... Rb8 { [%clk 0:07:09] } 25. Rg4 { [%clk 0:07:06] } 25... Bf6
{ [%clk 0:07:05] } 26. Rd3 { [%clk 0:07:00] } 26... c4 { [%clk 0:07:01] } 27.
Rf3 { [%clk 0:06:53] } 27... Bg7 { [%clk 0:06:46] } 28. Rxf7 { [%clk 0:06:49] }
1-0"
Rated Rapid game,https://lichess.org/Ezc22Ppd,2024.08.01,-,FPatrocinio,abhishek_0222,1-0,2024.08.01,08:45:54,1307,1247,,,D00,Queen's Pawn Game: Accelerated London System,600+0,Normal,"1. d4 { [%clk 0:10:00] } 1... d5 { [%clk 0:10:00] } 2. Bf4 { [%clk 0:09:59] }
2... Nc6 { [%clk 0:09:05] } 3. Nf3 { [%clk 0:09:54] } 3... e6
{ [%clk 0:09:00] } 4. e3 { [%clk 0:09:51] } 4... f5 { [%clk 0:08:57] } 5. Bb5
{ [%clk 0:09:46] } 5... Bb4+ { [%clk 0:08:41] } 6. c3 { [%clk 0:09:43] } 6...
Bd6 { [%clk 0:08:39] } 7. Bxd6 { [%clk 0:09:34] } 7... Qxd6 { [%clk 0:08:38] }
8. O-O { [%clk 0:09:29] } 8... f4 { [%clk 0:08:33] } 9. exf4 { [%clk 0:09:02] }
9... Qxf4 { [%clk 0:08:17] } 10. g3 { [%clk 0:09:00] } 10... Qf5
{ [%clk 0:08:00] } 11. Bxc6+ { [%clk 0:08:44] } 11... bxc6 { [%clk 0:07:56] }
12. Ne5 { [%clk 0:08:33] } 12... Ba6 { [%clk 0:07:42] } 13. Re1
{ [%clk 0:07:10] } 13... Nf6 { [%clk 0:07:06] } 14. Nxc6 { [%clk 0:06:54] }
14... Ne4 { [%clk 0:06:54] } 15. Rxe4 { [%clk 0:05:55] } 15... Qxe4
{ [%clk 0:06:33] } 16. Nd2 { [%clk 0:05:36] } 16... Qf5 { [%clk 0:06:20] } 17.
Nb4 { [%clk 0:05:08] } 17... Bb5 { [%clk 0:06:11] } 18. Qb3 { [%clk 0:04:32] }
18... Rf8 { [%clk 0:05:19] } 19. Rf1 { [%clk 0:02:58] } 19... Bxf1
{ [%clk 0:05:07] } 20. Qa4+ { [%clk 0:02:38] } 20... Kd8 { [%clk 0:04:50] } 21.
Nc6+ { [%clk 0:02:25] } 21... Ke8 { [%clk 0:04:30] } 22. Ne5+
{ [%clk 0:01:50] } 22... Kd8 { [%clk 0:04:23] } 23. Qd7# { [%clk 0:01:43] } 1-0"
Rated Rapid game,https://lichess.org/nO7NwveS,2024.08.01,-,mahddee,KayJunior,1-0,2024.08.01,08:45:54,1884,1800,,,C60,Ruy Lopez,600+0,Normal,"1. e4 { [%clk 0:10:00] } 1... e5 { [%clk 0:10:00] } 2. Nf3 { [%clk 0:09:59] }
2... Nc6 { [%clk 0:09:59] } 3. Bb5 { [%clk 0:09:56] } 3... Qf6
{ [%clk 0:09:54] } 4. O-O { [%clk 0:09:51] } 4... Nd4 { [%clk 0:09:50] } 5.
Nxd4 { [%clk 0:09:42] } 5... exd4 { [%clk 0:09:48] } 6. h3 { [%clk 0:09:35] }
6... c6 { [%clk 0:09:47] } 7. Ba4 { [%clk 0:09:32] } 7... Bd6
{ [%clk 0:09:45] } 8. d3 { [%clk 0:09:28] } 8... Ne7 { [%clk 0:09:41] } 9. Nd2
{ [%clk 0:08:55] } 9... b5 { [%clk 0:09:39] } 10. Bb3 { [%clk 0:08:53] } 10...
Bb7 { [%clk 0:09:38] } 11. Qf3 { [%clk 0:08:40] } 11... Be5 { [%clk 0:09:26] }
12. Re1 { [%clk 0:08:33] } 12... O-O { [%clk 0:09:24] } 13. Qxf6
{ [%clk 0:08:29] } 13... Bxf6 { [%clk 0:09:23] } 14. e5 { [%clk 0:08:27] }
14... Bg5 { [%clk 0:09:15] } 15. Ne4 { [%clk 0:08:13] } 15... Bh6
{ [%clk 0:09:06] } 16. Bxh6 { [%clk 0:08:10] } 16... gxh6 { [%clk 0:09:05] }
17. Nf6+ { [%clk 0:08:08] } 17... Kg7 { [%clk 0:09:03] } 18. Nxd7
{ [%clk 0:08:07] } 18... Rfd8 { [%clk 0:08:54] } 19. Nc5 { [%clk 0:08:04] }
19... Bc8 { [%clk 0:08:53] } 20. e6 { [%clk 0:07:59] } 20... f6
{ [%clk 0:08:49] } 21. Re2 { [%clk 0:07:40] } 21... Rg8 { [%clk 0:08:46] } 22.
Rae1 { [%clk 0:07:33] } 22... Kf8 { [%clk 0:08:37] } 23. Nd7+
{ [%clk 0:07:26] } 23... Bxd7 { [%clk 0:08:22] } 24. exd7 { [%clk 0:07:25] }
24... Nd5 { [%clk 0:08:20] } 25. Re8+ { [%clk 0:07:19] } 25... Kf7
{ [%clk 0:08:17] } 26. Rxa8 { [%clk 0:07:08] } 26... Rxa8 { [%clk 0:08:15] }
27. c4 { [%clk 0:07:02] } 27... bxc4 { [%clk 0:08:02] } 28. dxc4
{ [%clk 0:07:01] } 28... Ne7 { [%clk 0:07:52] } 29. c5+ { [%clk 0:06:59] }
29... Nd5 { [%clk 0:07:51] } 30. Re4 { [%clk 0:06:52] } 30... f5
{ [%clk 0:07:49] } 31. Rxd4 { [%clk 0:06:49] } 31... Kf6 { [%clk 0:07:47] } 32.
Bxd5 { [%clk 0:06:48] } 32... cxd5 { [%clk 0:07:45] } 33. Rxd5
{ [%clk 0:06:48] } 33... Ke6 { [%clk 0:07:44] } 34. Rd6+ { [%clk 0:06:41] }
34... Ke7 { [%clk 0:07:42] } 35. Rd5 { [%clk 0:06:37] } 35... f4
{ [%clk 0:07:36] } 36. c6 { [%clk 0:06:35] } 36... Rd8 { [%clk 0:04:57] } 37.
c7 { [%clk 0:06:27] } 37... Rxd7 { [%clk 0:04:54] } 38. c8=Q { [%clk 0:06:26] }
38... Rxd5 { [%clk 0:04:53] } 39. Qc7+ { [%clk 0:06:21] } 39... Ke6
{ [%clk 0:04:52] } 40. Qxf4 { [%clk 0:06:19] } 40... Rf5 { [%clk 0:04:51] } 41.
Qxh6+ { [%clk 0:06:17] } 41... Rf6 { [%clk 0:04:50] } 42. Qxh7
{ [%clk 0:06:15] } 42... Rf7 { [%clk 0:04:49] } 43. Qe4+ { [%clk 0:06:12] }
43... Kf6 { [%clk 0:04:47] } 44. g4 { [%clk 0:06:11] } 44... Re7
{ [%clk 0:04:46] } 45. Qf5+ { [%clk 0:06:10] } 45... Kg7 { [%clk 0:04:44] } 46.
f4 { [%clk 0:06:09] } 46... Rf7 { [%clk 0:04:41] } 47. Qg5+ { [%clk 0:06:08] }
47... Kf8 { [%clk 0:04:39] } 48. Qd8+ { [%clk 0:06:03] } 48... Kg7
{ [%clk 0:04:38] } 49. f5 { [%clk 0:05:58] } 49... Rf8 { [%clk 0:04:38] } 50.
Qe7+ { [%clk 0:05:50] } 50... Rf7 { [%clk 0:04:35] } 51. Qe5+
{ [%clk 0:05:46] } 51... Kg8 { [%clk 0:04:34] } 52. g5 { [%clk 0:05:44] } 52...
a5 { [%clk 0:04:33] } 53. f6 { [%clk 0:05:38] } 53... a4 { [%clk 0:04:25] } 54.
g6 { [%clk 0:05:37] } 54... Ra7 { [%clk 0:04:19] } 55. Qe8# { [%clk 0:05:35] }
1-0"
Rated Rapid game,https://lichess.org/aUNYJ0ge,2024.08.01,-,Ahmeddema,manoj-prince21,0-1,2024.08.01,08:45:54,1958,1943,,,A46,Indian Defense: Wade-Tartakower Defense,600+0,Normal,"1. d4 { [%clk 0:10:00] } 1... Nf6 { [%clk 0:10:00] } 2. Nf3 { [%clk 0:09:58] }
2... d6 { [%clk 0:09:58] } 3. e3 { [%clk 0:09:56] } 3... g6 { [%clk 0:09:56] }
4. c4 { [%clk 0:09:55] } 4... Bg7 { [%clk 0:09:55] } 5. Nc3 { [%clk 0:09:52] }
5... O-O { [%clk 0:09:54] } 6. b3 { [%clk 0:09:50] } 6... c6 { [%clk 0:09:53] }
7. Bb2 { [%clk 0:09:48] } 7... Nbd7 { [%clk 0:09:52] } 8. Be2
{ [%clk 0:09:46] } 8... e5 { [%clk 0:09:51] } 9. O-O { [%clk 0:09:34] } 9... h6
{ [%clk 0:09:46] } 10. Nd2 { [%clk 0:09:23] } 10... Re8 { [%clk 0:09:42] } 11.
Nde4 { [%clk 0:09:20] } 11... Nxe4 { [%clk 0:09:37] } 12. Nxe4
{ [%clk 0:09:18] } 12... Nb6 { [%clk 0:09:36] } 13. Bf3 { [%clk 0:09:12] }
13... d5 { [%clk 0:09:32] } 14. cxd5 { [%clk 0:09:09] } 14... cxd5
{ [%clk 0:09:31] } 15. Ng3 { [%clk 0:08:29] } 15... e4 { [%clk 0:09:29] } 16.
Be2 { [%clk 0:08:26] } 16... f5 { [%clk 0:09:26] } 17. Bb5 { [%clk 0:07:42] }
17... Rf8 { [%clk 0:09:24] } 18. Ba3 { [%clk 0:07:33] } 18... Rf7
{ [%clk 0:09:22] } 19. Ne2 { [%clk 0:07:30] } 19... g5 { [%clk 0:09:20] } 20.
Nc3 { [%clk 0:07:18] } 20... a6 { [%clk 0:09:18] } 21. Be2 { [%clk 0:07:15] }
21... Be6 { [%clk 0:09:15] } 22. Rc1 { [%clk 0:07:09] } 22... Nd7
{ [%clk 0:09:13] } 23. Na4 { [%clk 0:07:03] } 23... b5 { [%clk 0:09:12] } 24.
Nc5 { [%clk 0:07:00] } 24... Nxc5 { [%clk 0:09:09] } 25. Bxc5
{ [%clk 0:06:58] } 25... Qa5 { [%clk 0:09:02] } 26. Bh5 { [%clk 0:06:45] }
26... Rb7 { [%clk 0:08:57] } 27. a3 { [%clk 0:06:42] } 27... Qd8
{ [%clk 0:08:49] } 28. b4 { [%clk 0:06:32] } 28... g4 { [%clk 0:08:48] } 29. f3
{ [%clk 0:06:26] } 29... gxf3 { [%clk 0:08:45] } 30. gxf3 { [%clk 0:06:23] }
30... Qg5+ { [%clk 0:08:43] } 31. Kh1 { [%clk 0:06:21] } 31... Qxh5
{ [%clk 0:08:42] } 32. Rg1 { [%clk 0:06:14] } 32... Kh7 { [%clk 0:08:40] } 33.
Rc2 { [%clk 0:06:05] } 33... Qxf3+ { [%clk 0:08:37] } 34. Qxf3
{ [%clk 0:06:02] } 34... exf3 { [%clk 0:08:36] } 35. Rf2 { [%clk 0:06:00] }
35... Rd8 { [%clk 0:08:21] } 36. Rxf3 { [%clk 0:05:58] } 36... Rdd7
{ [%clk 0:08:20] } 37. Ra1 { [%clk 0:05:39] } 37... Rf7 { [%clk 0:08:14] } 38.
a4 { [%clk 0:05:36] } 38... bxa4 { [%clk 0:08:12] } 39. Rxa4 { [%clk 0:05:33] }
39... h5 { [%clk 0:08:05] } 40. Rxa6 { [%clk 0:05:30] } 40... Bd7
{ [%clk 0:08:00] } 41. Rd6 { [%clk 0:05:22] } 41... Bb5 { [%clk 0:07:57] } 42.
Kg1 { [%clk 0:05:14] } 42... Bd3 { [%clk 0:07:53] } 43. Kf2 { [%clk 0:05:12] }
43... Be4 { [%clk 0:07:52] } 44. Rg3 { [%clk 0:05:08] } 44... f4
{ [%clk 0:07:46] } 45. Rg5 { [%clk 0:04:50] } 45... fxe3+ { [%clk 0:07:41] }
46. Kxe3 { [%clk 0:04:48] } 46... Rf3+ { [%clk 0:07:38] } 47. Ke2
{ [%clk 0:04:46] } 47... Rh3 { [%clk 0:07:37] } 48. Kf2 { [%clk 0:04:25] }
48... Rxh2+ { [%clk 0:07:35] } 49. Kg3 { [%clk 0:04:23] } 49... Rg2+
{ [%clk 0:07:33] } 50. Kf4 { [%clk 0:04:22] } 50... Rxg5 { [%clk 0:07:32] } 51.
Kxg5 { [%clk 0:04:20] } 51... Rf7 { [%clk 0:07:25] } 52. Kxh5
{ [%clk 0:04:17] } 52... Bf6 { [%clk 0:07:15] } 53. b5 { [%clk 0:04:06] } 53...
Bf3# { [%clk 0:07:14] } 0-1"
Rated Rapid game,https://lichess.org/eADEan1b,2024.08.01,-,sergeygr,BegginerKing7,0-1,2024.08.01,08:45:54,1503,1458,,,C50,Italian Game: Rosentreter Gambit,600+0,Normal,"1. e4 { [%clk 0:10:00] } 1... e5 { [%clk 0:10:00] } 2. Nf3 { [%clk 0:09:59] }
2... Nc6 { [%clk 0:09:54] } 3. Bc4 { [%clk 0:09:58] } 3... Bc5
{ [%clk 0:09:50] } 4. d4 { [%clk 0:09:46] } 4... Bxd4 { [%clk 0:09:20] } 5. Ng5
{ [%clk 0:09:39] } 5... Qf6 { [%clk 0:09:01] } 6. Bxf7+ { [%clk 0:09:30] } 6...
Kf8 { [%clk 0:08:59] } 7. O-O { [%clk 0:09:26] } 7... h6 { [%clk 0:08:57] } 8.
Bxg8 { [%clk 0:09:18] } 8... Kxg8 { [%clk 0:08:53] } 9. Nf3 { [%clk 0:09:12] }
9... Kh7 { [%clk 0:08:48] } 10. c3 { [%clk 0:09:09] } 10... Bc5
{ [%clk 0:08:42] } 11. Be3 { [%clk 0:09:05] } 11... Bb6 { [%clk 0:08:39] } 12.
Nbd2 { [%clk 0:08:37] } 12... d6 { [%clk 0:08:28] } 13. Nc4 { [%clk 0:08:32] }
13... Bg4 { [%clk 0:08:24] } 14. Nxb6 { [%clk 0:08:21] } 14... axb6
{ [%clk 0:08:21] } 15. h3 { [%clk 0:08:12] } 15... Bh5 { [%clk 0:08:14] } 16.
g4 { [%clk 0:07:59] } 16... Bf7 { [%clk 0:08:07] } 17. b3 { [%clk 0:07:40] }
17... h5 { [%clk 0:07:59] } 18. Nh2 { [%clk 0:07:28] } 18... Kg8
{ [%clk 0:07:39] } 19. g5 { [%clk 0:07:20] } 19... Qe6 { [%clk 0:07:29] } 20.
f3 { [%clk 0:06:31] } 20... Qxh3 { [%clk 0:07:24] } 21. Qe2 { [%clk 0:06:18] }
21... Qg3+ { [%clk 0:07:12] } 22. Qg2 { [%clk 0:06:08] } 22... Qxg2+
{ [%clk 0:07:10] } 23. Kxg2 { [%clk 0:06:07] } 23... h4 { [%clk 0:07:06] } 24.
Ng4 { [%clk 0:06:00] } 24... Kf8 { [%clk 0:06:58] } 25. f4 { [%clk 0:05:39] }
25... Kg8 { [%clk 0:06:42] } 26. f5 { [%clk 0:05:35] } 26... Ne7
{ [%clk 0:06:32] } 27. f6 { [%clk 0:05:27] } 27... Ng6 { [%clk 0:06:30] } 28.
fxg7 { [%clk 0:05:12] } 28... Kxg7 { [%clk 0:06:27] } 29. Nf6
{ [%clk 0:04:27] } 29... Be6 { [%clk 0:05:37] } 30. c4 { [%clk 0:04:09] } 30...
Ra5 { [%clk 0:05:24] } 31. Nd5 { [%clk 0:03:56] } 31... Bxd5 { [%clk 0:05:16] }
32. exd5 { [%clk 0:03:53] } 32... b5 { [%clk 0:05:14] } 33. Rf2
{ [%clk 0:03:39] } 33... bxc4 { [%clk 0:05:11] } 34. bxc4 { [%clk 0:03:37] }
34... Ra4 { [%clk 0:05:04] } 35. Rb1 { [%clk 0:03:07] } 35... Rxc4
{ [%clk 0:04:57] } 36. Rxb7 { [%clk 0:03:04] } 36... Rg4+ { [%clk 0:04:54] }
37. Kh2 { [%clk 0:02:43] } 37... Nf4 { [%clk 0:04:32] } 38. Rxc7+
{ [%clk 0:02:36] } 38... Kg6 { [%clk 0:04:28] } 39. Rd7 { [%clk 0:02:27] }
39... Kxg5 { [%clk 0:04:26] } 40. Rxd6 { [%clk 0:02:24] } 40... h3
{ [%clk 0:04:23] } 41. a4 { [%clk 0:01:56] } 41... Rg2+ { [%clk 0:04:18] } 42.
Rxg2+ { [%clk 0:01:48] } 42... hxg2+ { [%clk 0:04:16] } 43. Kg3
{ [%clk 0:01:42] } 43... Rh3+ { [%clk 0:04:09] } 44. Kf2 { [%clk 0:01:26] }
44... Rxe3 { [%clk 0:04:05] } 45. Rd8 { [%clk 0:01:16] } 45... Re2+
{ [%clk 0:04:01] } 46. Kg1 { [%clk 0:01:14] } 46... Re1+ { [%clk 0:03:58] } 0-1"
Rated Rapid game,https://lichess.org/IDCVyXVl,2024.08.01,-,Botyinho,Mahrandc,0-1,2024.08.01,08:45:54,1399,1425,,,B30,Sicilian Defense: Old Sicilian,600+0,Normal,"1. e4 { [%clk 0:10:00] } 1... c5 { [%clk 0:10:00] } 2. Nf3 { [%clk 0:09:59] }
2... Nc6 { [%clk 0:09:59] } 3. Bc4 { [%clk 0:09:58] } 3... e6
{ [%clk 0:09:59] } 4. d4 { [%clk 0:09:57] } 4... cxd4 { [%clk 0:09:49] } 5.
Nxd4 { [%clk 0:09:56] } 5... Nge7 { [%clk 0:09:36] } 6. Nxc6 { [%clk 0:09:53] }
6... Nxc6 { [%clk 0:09:35] } 7. Nc3 { [%clk 0:09:49] } 7... Bb4
{ [%clk 0:09:31] } 8. a3 { [%clk 0:09:48] } 8... Bc5 { [%clk 0:09:27] } 9. b4
{ [%clk 0:09:44] } 9... Bb6 { [%clk 0:09:23] } 10. Qd6 { [%clk 0:09:20] } 10...
Bxf2+ { [%clk 0:09:15] } 11. Kxf2 { [%clk 0:09:18] } 11... Qf6+
{ [%clk 0:09:14] } 12. Kg1 { [%clk 0:08:40] } 12... Qxc3 { [%clk 0:09:02] } 13.
g3 { [%clk 0:07:21] } 13... Qxa1 { [%clk 0:08:55] } 14. Kg2 { [%clk 0:07:18] }
14... Qd4 { [%clk 0:08:44] } 0-1"
Rated Rapid game,https://lichess.org/2LrqkiYg,2024.08.01,-,raskolnikow21,MarkKh2016,0-1,2024.08.01,08:45:54,1036,1107,,,C20,King's Pawn Game: Napoleon Attack,600+0,Normal,"1. e4 { [%clk 0:10:00] } 1... e5 { [%clk 0:10:00] } 2. Qf3 { [%clk 0:09:58] }
2... Nc6 { [%clk 0:09:59] } 3. Bc4 { [%clk 0:09:53] } 3... Nf6
{ [%clk 0:09:50] } 4. Bb3 { [%clk 0:09:35] } 4... Nd4 { [%clk 0:09:45] } 5. Qd3
{ [%clk 0:08:58] } 5... Nxb3 { [%clk 0:09:38] } 6. Qxb3 { [%clk 0:08:48] } 6...
Nxe4 { [%clk 0:09:35] } 7. Qe3 { [%clk 0:08:34] } 7... Nf6 { [%clk 0:09:18] }
8. Qxe5+ { [%clk 0:08:32] } 8... Qe7 { [%clk 0:09:15] } 9. Nf3
{ [%clk 0:08:24] } 9... d6 { [%clk 0:09:07] } 10. Qe3 { [%clk 0:08:09] } 10...
Qxe3+ { [%clk 0:09:02] } 11. dxe3 { [%clk 0:07:55] } 11... Bg4
{ [%clk 0:08:55] } 12. Ng5 { [%clk 0:07:50] } 12... h6 { [%clk 0:08:48] } 13.
Nf3 { [%clk 0:07:02] } 13... Bxf3 { [%clk 0:08:40] } 14. gxf3
{ [%clk 0:07:00] } 14... O-O-O { [%clk 0:08:38] } 15. e4 { [%clk 0:06:54] }
15... d5 { [%clk 0:08:34] } 16. e5 { [%clk 0:06:50] } 16... Nd7
{ [%clk 0:08:31] } 17. f4 { [%clk 0:06:48] } 17... Re8 { [%clk 0:08:27] } 18.
O-O { [%clk 0:06:42] } 18... f6 { [%clk 0:08:15] } 19. Re1 { [%clk 0:06:20] }
19... fxe5 { [%clk 0:08:10] } 20. fxe5 { [%clk 0:06:18] } 20... Rxe5
{ [%clk 0:08:08] } 21. Rxe5 { [%clk 0:06:13] } 21... Nxe5 { [%clk 0:08:04] }
22. Nd2 { [%clk 0:05:58] } 22... Bb4 { [%clk 0:07:56] } 23. c3
{ [%clk 0:05:54] } 23... Bc5 { [%clk 0:07:54] } 24. b4 { [%clk 0:05:52] } 24...
Bb6 { [%clk 0:07:51] } 25. a4 { [%clk 0:05:37] } 25... a6 { [%clk 0:07:43] }
26. a5 { [%clk 0:05:35] } 26... Ba7 { [%clk 0:07:39] } 27. Bb2
{ [%clk 0:05:23] } 27... Nd3 { [%clk 0:07:32] } 28. Rb1 { [%clk 0:05:04] }
28... Bxf2+ { [%clk 0:07:27] } 29. Kf1 { [%clk 0:04:51] } 29... Be3
{ [%clk 0:07:21] } 30. Ke2 { [%clk 0:04:16] } 30... Bxd2 { [%clk 0:07:18] } 31.
Kxd3 { [%clk 0:04:14] } 31... Bg5 { [%clk 0:07:14] } 32. Re1 { [%clk 0:04:08] }
32... Rf8 { [%clk 0:07:04] } 33. Re5 { [%clk 0:03:59] } 33... Rf2
{ [%clk 0:06:56] } 34. Re8+ { [%clk 0:03:51] } 34... Kd7 { [%clk 0:06:52] } 35.
Re2 { [%clk 0:03:34] } 35... Rf3+ { [%clk 0:06:41] } 36. Kc2 { [%clk 0:03:20] }
36... Kc6 { [%clk 0:06:30] } 37. Re6+ { [%clk 0:02:45] } 37... Kd7
{ [%clk 0:06:24] } 38. Re5 { [%clk 0:02:39] } 38... Rf2+ { [%clk 0:06:20] } 39.
Kb3 { [%clk 0:02:34] } 39... Rxh2 { [%clk 0:06:16] } 40. Rxd5+
{ [%clk 0:02:32] } 40... Kc6 { [%clk 0:06:13] } 41. c4 { [%clk 0:02:30] } 41...
Rh3+ { [%clk 0:06:07] } 42. Ka2 { [%clk 0:02:24] } 42... Rh2 { [%clk 0:05:47] }
43. Rc5+ { [%clk 0:02:22] } 43... Kd7 { [%clk 0:05:44] } 44. Ka3
{ [%clk 0:02:17] } 44... Bf4 { [%clk 0:05:29] } 45. Bxg7 { [%clk 0:02:15] }
45... Bc1+ { [%clk 0:05:21] } 46. Bb2 { [%clk 0:02:07] } 46... Bxb2+
{ [%clk 0:05:18] } 47. Kb3 { [%clk 0:02:02] } 47... h5 { [%clk 0:05:10] } 48.
b5 { [%clk 0:01:59] } 48... Bd4 { [%clk 0:05:06] } 49. Rd5+ { [%clk 0:01:57] }
49... Kc8 { [%clk 0:05:02] } 50. Rxd4 { [%clk 0:01:55] } 50... axb5
{ [%clk 0:04:59] } 51. cxb5 { [%clk 0:01:53] } 51... Rh3+ { [%clk 0:04:52] }
52. Kc4 { [%clk 0:01:51] } 52... Rh1 { [%clk 0:04:47] } 53. Kc5
{ [%clk 0:01:49] } 53... Rc1+ { [%clk 0:04:45] } 54. Rc4 { [%clk 0:01:47] }
54... Rxc4+ { [%clk 0:04:41] } 55. Kxc4 { [%clk 0:01:46] } 55... h4
{ [%clk 0:04:40] } 56. Kc5 { [%clk 0:01:45] } 56... h3 { [%clk 0:04:39] } 57.
a6 { [%clk 0:01:40] } 57... bxa6 { [%clk 0:04:37] } 58. bxa6 { [%clk 0:01:39] }
58... Kb8 { [%clk 0:04:33] } 59. Kc6 { [%clk 0:01:38] } 59... h2
{ [%clk 0:04:30] } 60. Kd7 { [%clk 0:01:34] } 60... h1=Q { [%clk 0:04:26] } 0-1"
Rated Rapid game,https://lichess.org/JZ9klh1S,2024.08.01,-,DimaBorNov,gioelesciuto21,1-0,2024.08.01,08:45:54,1052,1173,,,C69,"Ruy Lopez: Exchange Variation, King's Bishop Variation",600+0,Normal,"1. e4 { [%clk 0:10:00] } 1... e5 { [%clk 0:10:00] } 2. Nf3 { [%clk 0:09:57] }
2... Nc6 { [%clk 0:09:40] } 3. Bb5 { [%clk 0:09:53] } 3... a6
{ [%clk 0:09:38] } 4. Bxc6 { [%clk 0:09:51] } 4... dxc6 { [%clk 0:09:36] } 5.
O-O { [%clk 0:09:49] } 5... Bd6 { [%clk 0:09:17] } 6. d4 { [%clk 0:09:48] }
6... exd4 { [%clk 0:08:59] } 7. Qxd4 { [%clk 0:09:48] } 7... Nf6
{ [%clk 0:08:57] } 8. e5 { [%clk 0:09:44] } 8... c5 { [%clk 0:08:44] } 9. Qc3
{ [%clk 0:09:29] } 9... Ne4 { [%clk 0:08:36] } 10. Qe3 { [%clk 0:09:23] } 10...
Bxe5 { [%clk 0:08:15] } 11. Qxe4 { [%clk 0:09:17] } 11... Qe7
{ [%clk 0:08:04] } 12. Qxe5 { [%clk 0:09:12] } 1-0"
Rated Rapid game,https://lichess.org/Mf0p9YTG,2024.08.01,-,namland,pyitpyit,1-0,2024.08.01,08:45:54,1659,1744,,,B01,Scandinavian Defense,600+0,Normal,"1. e4 { [%clk 0:10:00] } 1... d5 { [%clk 0:10:00] } 2. exd5 { [%clk 0:09:55] }
2... e6 { [%clk 0:09:57] } 3. Nf3 { [%clk 0:09:50] } 3... exd5
{ [%clk 0:09:54] } 4. d4 { [%clk 0:09:46] } 4... Bg4 { [%clk 0:09:50] } 5. Nc3
{ [%clk 0:09:31] } 5... Nc6 { [%clk 0:09:48] } 6. Be3 { [%clk 0:09:27] } 6...
Bb4 { [%clk 0:09:45] } 7. a3 { [%clk 0:09:25] } 7... Bxc3+ { [%clk 0:09:39] }
8. bxc3 { [%clk 0:09:23] } 8... Qe7 { [%clk 0:09:39] } 9. Bb5
{ [%clk 0:09:02] } 9... Nf6 { [%clk 0:09:34] } 10. O-O { [%clk 0:09:00] } 10...
Ne4 { [%clk 0:09:32] } 11. Qd3 { [%clk 0:08:30] } 11... O-O { [%clk 0:09:29] }
12. Ng5 { [%clk 0:08:23] } 12... Nxg5 { [%clk 0:09:18] } 13. f3
{ [%clk 0:08:17] } 13... Bh5 { [%clk 0:09:12] } 14. h4 { [%clk 0:08:09] } 14...
Nxf3+ { [%clk 0:08:48] } 15. gxf3 { [%clk 0:07:44] } 15... Qxh4
{ [%clk 0:08:46] } 16. Bf2 { [%clk 0:07:12] } 16... Qh3 { [%clk 0:08:39] } 17.
Bxc6 { [%clk 0:06:44] } 17... Bxf3 { [%clk 0:08:37] } 18. Qxf3
{ [%clk 0:06:15] } 18... Qxf3 { [%clk 0:08:28] } 19. Bb5 { [%clk 0:06:09] }
19... c6 { [%clk 0:08:22] } 20. Bd3 { [%clk 0:06:06] } 20... Rae8
{ [%clk 0:08:19] } 21. Be1 { [%clk 0:05:44] } 21... Qg4+ { [%clk 0:07:40] } 22.
Kh2 { [%clk 0:05:34] } 22... h5 { [%clk 0:07:38] } 23. Rg1 { [%clk 0:05:05] }
23... Qf4+ { [%clk 0:07:27] } 24. Bg3 { [%clk 0:04:59] } 24... Qd2+
{ [%clk 0:07:17] } 25. Kh3 { [%clk 0:04:40] } 25... Qxc3 { [%clk 0:07:15] } 26.
Be5 { [%clk 0:04:15] } 26... g5 { [%clk 0:07:08] } 27. Rxg5# { [%clk 0:04:09] }
1-0"
Rated Rapid tournament https://lichess.org/tournament/DsgKQQdY,https://lichess.org/ogBySrJZ,2024.08.01,-,tedy_bear,KalaHitam_BTC74,1-0,2024.08.01,08:45:49,1705,1902,,,B00,King's Pawn Game,600+0,Abandoned,1. e4 { [%clk 0:10:00] } 1-0
Rated Rapid tournament https://lichess.org/tournament/DsgKQQdY,https://lichess.org/8fvKNEEc,2024.08.01,-,salyam,Markizio87,0-1,2024.08.01,08:45:49,2245,1991,,,B01,Scandinavian Defense: Mieses-Kotroc Variation,600+0,Normal,"1. e4 { [%eval 0.15] [%clk 0:05:00] } 1... d5 { [%eval 0.54] [%clk 0:10:00] }
2. exd5 { [%eval 0.48] [%clk 0:04:57] } 2... Qxd5
{ [%eval 0.45] [%clk 0:10:00] } 3. Nc3 { [%eval 0.55] [%clk 0:04:54] } 3...
Qe5+ { [%eval 0.75] [%clk 0:09:58] } 4. Nge2 { [%eval 0.48] [%clk 0:04:52] }
4... Nc6 { [%eval 0.96] [%clk 0:09:56] } 5. d4 { [%eval 1.36] [%clk 0:04:47] }
5... Qa5 { [%eval 1.94] [%clk 0:09:53] } 6. d5 { [%eval 1.61] [%clk 0:04:42] }
6... Nb4 { [%eval 2.09] [%clk 0:09:35] } 7. a3 { [%eval 1.98] [%clk 0:04:39] }
7... Bf5 $4 { [%eval 5.12] [%clk 0:08:56] } 8. Nd4
{ [%eval 5.01] [%clk 0:04:29] } 8... Nxd5 { [%eval 4.84] [%clk 0:08:12] } 9.
Nxf5 $4 { [%eval -0.39] [%clk 0:04:24] } 9... Nxc3
{ [%eval -0.44] [%clk 0:08:09] } 10. bxc3 { [%eval -0.6] [%clk 0:04:23] } 10...
Qxf5 { [%eval -0.65] [%clk 0:07:51] } 11. Bd3 { [%eval -1.07] [%clk 0:04:17] }
11... Qe5+ { [%eval -1.07] [%clk 0:07:40] } 12. Kf1
{ [%eval -0.99] [%clk 0:04:15] } 12... e6 { [%eval -1.12] [%clk 0:07:14] } 13.
Rb1 { [%eval -0.66] [%clk 0:04:11] } 13... Bc5 $6
{ [%eval 0.15] [%clk 0:07:05] } 14. Rxb7 { [%eval -0.09] [%clk 0:04:04] } 14...
Bb6 { [%eval -0.04] [%clk 0:06:59] } 15. Qf3 { [%eval 0.13] [%clk 0:04:00] }
15... Rd8 { [%eval 0.3] [%clk 0:06:27] } 16. Qc6+ $6
{ [%eval -0.32] [%clk 0:03:57] } 16... Kf8 { [%eval -0.27] [%clk 0:06:02] } 17.
Be3 { [%eval -0.21] [%clk 0:03:45] } 17... Ne7 { [%eval -0.1] [%clk 0:05:28] }
18. Qf3 $2 { [%eval -1.39] [%clk 0:03:32] } 18... Qxc3
{ [%eval -1.41] [%clk 0:05:03] } 19. Bxb6 $6 { [%eval -2.07] [%clk 0:03:25] }
19... axb6 { [%eval -1.85] [%clk 0:04:51] } 20. Ke2 $2
{ [%eval -4.08] [%clk 0:03:23] } 20... Nc6 $2 { [%eval -2.61] [%clk 0:04:30] }
0-1"
Rated Rapid tournament https://lichess.org/tournament/DsgKQQdY,https://lichess.org/JUuD0A8L,2024.08.01,-,Vladimir_1970-01,Kukushonok,1-0,2024.08.01,08:45:49,1974,1956,,,D80,Grünfeld Defense: Stockholm Variation,600+0,Normal,"1. d4 { [%clk 0:10:00] } 1... Nf6 { [%clk 0:10:00] } 2. c4 { [%clk 0:09:58] }
2... g6 { [%clk 0:09:59] } 3. Nc3 { [%clk 0:09:57] } 3... d5 { [%clk 0:09:59] }
4. Bg5 { [%clk 0:09:55] } 4... Bg7 { [%clk 0:09:57] } 5. e3 { [%clk 0:09:53] }
5... O-O { [%clk 0:09:56] } 6. Nf3 { [%clk 0:09:52] } 6... c5
{ [%clk 0:09:56] } 7. dxc5 { [%clk 0:09:47] } 7... Qa5 { [%clk 0:08:46] } 8.
Rc1 { [%clk 0:09:05] } 8... Qxc5 { [%clk 0:07:48] } 9. Be2 { [%clk 0:09:00] }
9... Nc6 { [%clk 0:07:36] } 10. O-O { [%clk 0:08:50] } 10... Rd8
{ [%clk 0:07:32] } 11. a3 { [%clk 0:08:37] } 11... dxc4 { [%clk 0:07:30] } 12.
Qc2 { [%clk 0:08:28] } 12... Bf5 { [%clk 0:07:22] } 13. Qa4 { [%clk 0:08:10] }
13... Bd3 { [%clk 0:06:46] } 14. Bxd3 { [%clk 0:07:47] } 14... Rxd3
{ [%clk 0:06:44] } 15. Nb5 { [%clk 0:07:14] } 15... a6 { [%clk 0:05:28] } 16.
Nbd4 { [%clk 0:07:11] } 16... b5 { [%clk 0:05:07] } 17. Qc2 { [%clk 0:06:58] }
17... Ne4 { [%clk 0:04:49] } 18. Nxc6 { [%clk 0:06:27] } 18... Nxg5
{ [%clk 0:04:22] } 19. Ncd4 { [%clk 0:06:00] } 19... Nxf3+ { [%clk 0:04:14] }
20. Nxf3 { [%clk 0:05:57] } 20... Rad8 { [%clk 0:04:09] } 21. h3
{ [%clk 0:05:45] } 21... e5 { [%clk 0:03:34] } 22. Rfd1 { [%clk 0:05:25] }
22... e4 { [%clk 0:03:31] } 23. Rxd3 { [%clk 0:05:11] } 23... Rxd3
{ [%clk 0:03:06] } 24. Ne1 { [%clk 0:04:51] } 24... Rb3 { [%clk 0:02:57] } 25.
Qxe4 { [%clk 0:04:27] } 25... Bxb2 { [%clk 0:02:50] } 26. Rd1
{ [%clk 0:04:10] } 26... Bf6 { [%clk 0:02:41] } 27. Qa8+ { [%clk 0:04:04] }
27... Kg7 { [%clk 0:02:37] } 28. Qxa6 { [%clk 0:04:02] } 28... Rxa3
{ [%clk 0:02:36] } 29. Qb7 { [%clk 0:03:43] } 29... b4 { [%clk 0:02:31] } 30.
Rd7 { [%clk 0:03:34] } 30... Ra1 { [%clk 0:02:17] } 31. Rxf7+
{ [%clk 0:03:26] } 31... Kh6 { [%clk 0:02:16] } 32. Rxh7+ { [%clk 0:03:19] }
32... Kg5 { [%clk 0:02:15] } 33. h4+ { [%clk 0:03:03] } 33... Kf5
{ [%clk 0:02:07] } 34. Qd7+ { [%clk 0:02:47] } 34... Ke5 { [%clk 0:01:52] } 35.
Qe8+ { [%clk 0:02:13] } 35... Kf5 { [%clk 0:01:17] } 36. Qd7+
{ [%clk 0:02:07] } 36... Ke4 { [%clk 0:01:11] } 37. Qg4+ { [%clk 0:01:55] }
37... Ke5 { [%clk 0:01:06] } 38. f4+ { [%clk 0:01:24] } 38... Kd5
{ [%clk 0:00:41] } 39. Qd7+ { [%clk 0:01:16] } 39... Qd6 { [%clk 0:00:37] } 40.
Qb7+ { [%clk 0:01:14] } 40... Ke6 { [%clk 0:00:27] } 41. Qe4+
{ [%clk 0:01:09] } 41... Be5 { [%clk 0:00:24] } 42. Qxc4+ { [%clk 0:01:03] }
42... Kf5 { [%clk 0:00:16] } 43. Rf7+ { [%clk 0:00:55] } 43... Bf6
{ [%clk 0:00:16] } 44. e4+ { [%clk 0:00:37] } 44... Kg4 { [%clk 0:00:13] } 45.
Qe2+ { [%clk 0:00:30] } 45... Kxf4 { [%clk 0:00:13] } 46. Qf3+
{ [%clk 0:00:27] } 46... Ke5 { [%clk 0:00:11] } 47. Qg3+ { [%clk 0:00:18] }
47... Ke6 { [%clk 0:00:11] } 48. Rxf6+ { [%clk 0:00:16] } 48... Kxf6
{ [%clk 0:00:07] } 49. Qxd6+ { [%clk 0:00:15] } 49... Kg7 { [%clk 0:00:07] }
50. Kf2 { [%clk 0:00:13] } 50... Ra2+ { [%clk 0:00:04] } 51. Kf3
{ [%clk 0:00:12] } 1-0"
Rated Rapid tournament https://lichess.org/tournament/DsgKQQdY,https://lichess.org/JONv9cSR,2024.08.01,-,MarkiSk,slippery88,0-1,2024.08.01,08:45:49,1840,2067,,,E30,Nimzo-Indian Defense: Leningrad Variation,600+0,Normal,"1. c4 { [%clk 0:10:00] } 1... Nf6 { [%clk 0:10:00] } 2. Nc3 { [%clk 0:09:58] }
2... e6 { [%clk 0:09:57] } 3. d4 { [%clk 0:09:53] } 3... Bb4 { [%clk 0:09:54] }
4. Bg5 { [%clk 0:09:39] } 4... h6 { [%clk 0:09:50] } 5. Bh4 { [%clk 0:09:34] }
5... c5 { [%clk 0:09:01] } 6. a3 { [%clk 0:09:22] } 6... cxd4
{ [%clk 0:08:46] } 7. Qxd4 { [%clk 0:09:17] } 7... Bxc3+ { [%clk 0:08:20] } 8.
Qxc3 { [%clk 0:09:10] } 8... Nc6 { [%clk 0:08:19] } 9. e4 { [%clk 0:08:30] }
9... e5 { [%clk 0:08:13] } 10. Nf3 { [%clk 0:07:40] } 10... d6
{ [%clk 0:08:06] } 11. O-O-O { [%clk 0:07:34] } 11... Qe7 { [%clk 0:08:04] }
12. b4 { [%clk 0:07:23] } 12... a6 { [%clk 0:07:49] } 13. Qd3
{ [%clk 0:06:45] } 13... Bg4 { [%clk 0:07:15] } 14. Qxd6 { [%clk 0:06:24] }
14... Bxf3 { [%clk 0:07:09] } 15. gxf3 { [%clk 0:06:19] } 15... Nd4
{ [%clk 0:06:56] } 16. Qxe7+ { [%clk 0:06:00] } 16... Kxe7 { [%clk 0:06:55] }
17. Rd3 { [%clk 0:05:49] } 17... Rac8 { [%clk 0:06:51] } 18. Rc3
{ [%clk 0:05:40] } 18... Rhe8 { [%clk 0:06:36] } 19. a4 { [%clk 0:05:34] }
19... Rc6 { [%clk 0:06:29] } 20. Rg1 { [%clk 0:05:29] } 20... g5
{ [%clk 0:06:19] } 21. Bg3 { [%clk 0:05:26] } 21... Ke6 { [%clk 0:06:17] } 22.
c5 { [%clk 0:05:21] } 22... h5 { [%clk 0:06:04] } 23. Bc4+ { [%clk 0:05:16] }
23... Ke7 { [%clk 0:05:56] } 24. Bxe5 { [%clk 0:05:09] } 24... Ne6
{ [%clk 0:05:05] } 25. Bxf6+ { [%clk 0:04:56] } 25... Kxf6 { [%clk 0:05:04] }
26. Bxe6 { [%clk 0:04:47] } 26... Rexe6 { [%clk 0:05:01] } 27. Rd3
{ [%clk 0:04:41] } 27... Re7 { [%clk 0:04:59] } 28. Rd5 { [%clk 0:04:37] }
28... Re5 { [%clk 0:04:39] } 29. Rd7 { [%clk 0:04:28] } 29... b6
{ [%clk 0:04:35] } 30. Rd6+ { [%clk 0:04:17] } 30... Rxd6 { [%clk 0:04:34] }
31. cxd6 { [%clk 0:04:16] } 31... Ke6 { [%clk 0:04:32] } 32. Rd1
{ [%clk 0:04:11] } 32... Kd7 { [%clk 0:04:29] } 33. Kc2 { [%clk 0:04:08] }
33... a5 { [%clk 0:04:22] } 34. b5 { [%clk 0:04:05] } 34... Rc5+
{ [%clk 0:04:21] } 35. Kb3 { [%clk 0:04:01] } 35... f6 { [%clk 0:04:16] } 36.
h3 { [%clk 0:03:45] } 36... h4 { [%clk 0:04:15] } 37. Rd3 { [%clk 0:03:15] }
37... Rc1 { [%clk 0:04:09] } 38. Rd5 { [%clk 0:03:09] } 38... Rf1
{ [%clk 0:04:04] } 39. Rf5 { [%clk 0:03:07] } 39... Kxd6 { [%clk 0:03:49] } 40.
Rxf6+ { [%clk 0:03:02] } 40... Kc7 { [%clk 0:03:47] } 41. e5 { [%clk 0:02:51] }
41... Rxf2 { [%clk 0:03:46] } 42. Rf7+ { [%clk 0:02:45] } 42... Kd8
{ [%clk 0:03:44] } 43. Kc4 { [%clk 0:02:40] } 43... Rc2+ { [%clk 0:03:41] } 44.
Kd5 { [%clk 0:02:38] } 44... Rc5+ { [%clk 0:03:40] } 45. Kd6 { [%clk 0:02:36] }
45... Ke8 { [%clk 0:03:38] } 46. e6 { [%clk 0:02:31] } 46... Rc4
{ [%clk 0:03:21] } 47. Rb7 { [%clk 0:02:12] } 47... Rd4+ { [%clk 0:03:13] } 48.
Ke5 { [%clk 0:02:09] } 48... Rxa4 { [%clk 0:03:10] } 49. Rxb6
{ [%clk 0:02:03] } 49... Rb4 { [%clk 0:03:08] } 50. Kf6 { [%clk 0:01:53] }
50... Rf4+ { [%clk 0:03:05] } 51. Kxg5 { [%clk 0:01:52] } 51... Rxf3
{ [%clk 0:03:04] } 52. Rb8+ { [%clk 0:01:50] } 52... Ke7 { [%clk 0:03:03] } 53.
Rb6 { [%clk 0:01:47] } 53... Rxh3 { [%clk 0:02:59] } 54. Rc6 { [%clk 0:01:45] }
54... Rb3 { [%clk 0:02:52] } 55. b6 { [%clk 0:01:42] } 55... a4
{ [%clk 0:02:51] } 56. Rc7+ { [%clk 0:01:39] } 56... Kxe6 { [%clk 0:02:49] }
57. b7 { [%clk 0:01:38] } 57... Kd6 { [%clk 0:02:48] } 58. Rh7
{ [%clk 0:01:35] } 58... h3 { [%clk 0:02:40] } 59. Kg4 { [%clk 0:01:33] } 59...
h2 { [%clk 0:02:34] } 60. Rxh2 { [%clk 0:01:30] } 60... Rxb7 { [%clk 0:02:32] }
61. Ra2 { [%clk 0:01:29] } 61... Rb4+ { [%clk 0:02:29] } 62. Kf3
{ [%clk 0:01:28] } 62... Kc5 { [%clk 0:02:29] } 63. Ke3 { [%clk 0:01:27] }
63... Kc4 { [%clk 0:02:28] } 64. Ra3 { [%clk 0:01:23] } 64... Rb3+
{ [%clk 0:02:25] } 65. Rxb3 { [%clk 0:01:20] } 65... Kxb3 { [%clk 0:02:25] }
66. Kd2 { [%clk 0:01:20] } 66... Kb2 { [%clk 0:02:24] } 0-1"
Rated Rapid tournament https://lichess.org/tournament/DsgKQQdY,https://lichess.org/NGSP2Swm,2024.08.01,-,svb2,pepevive,1-0,2024.08.01,08:45:49,2052,1516,,,A40,English Defense,600+0,Normal,"1. d4 { [%clk 0:10:00] } 1... b6 { [%clk 0:10:00] } 2. e4 { [%clk 0:09:54] }
2... Bb7 { [%clk 0:09:59] } 3. Bd3 { [%clk 0:09:53] } 3... g6
{ [%clk 0:09:56] } 4. f4 { [%clk 0:09:48] } 4... Bg7 { [%clk 0:09:54] } 5. Nf3
{ [%clk 0:09:46] } 5... e6 { [%clk 0:09:53] } 6. c3 { [%clk 0:09:45] } 6... Ne7
{ [%clk 0:09:51] } 7. O-O { [%clk 0:09:43] } 7... O-O { [%clk 0:09:49] } 8. Be3
{ [%clk 0:09:41] } 8... Nbc6 { [%clk 0:09:47] } 9. Nbd2 { [%clk 0:09:39] } 9...
Rc8 { [%clk 0:09:30] } 10. Qe1 { [%clk 0:09:37] } 10... f5 { [%clk 0:09:22] }
11. e5 { [%clk 0:09:31] } 11... Nd5 { [%clk 0:09:08] } 12. Rc1
{ [%clk 0:09:29] } 12... Nxf4 { [%clk 0:09:05] } 13. Bxf4 { [%clk 0:09:24] }
13... Ne7 { [%clk 0:08:50] } 14. Bg5 { [%clk 0:09:21] } 14... h6
{ [%clk 0:08:39] } 15. Bxe7 { [%clk 0:08:57] } 15... Qxe7 { [%clk 0:08:36] }
16. Nh4 { [%clk 0:08:54] } 16... Qg5 { [%clk 0:08:25] } 17. Ndf3
{ [%clk 0:08:47] } 17... Qe7 { [%clk 0:08:07] } 18. Nxg6 { [%clk 0:08:45] }
18... Qf7 { [%clk 0:07:46] } 19. Nxf8 { [%clk 0:08:43] } 19... Rxf8
{ [%clk 0:07:43] } 20. Qh4 { [%clk 0:08:37] } 20... d6 { [%clk 0:07:26] } 21.
Rce1 { [%clk 0:08:31] } 21... d5 { [%clk 0:07:13] } 22. g4 { [%clk 0:08:20] }
22... Kh8 { [%clk 0:07:02] } 23. gxf5 { [%clk 0:08:06] } 23... exf5
{ [%clk 0:06:54] } 24. Kh1 { [%clk 0:07:45] } 24... Qg6 { [%clk 0:06:43] } 25.
Rg1 { [%clk 0:07:42] } 25... Qf7 { [%clk 0:06:21] } 26. Qh3 { [%clk 0:07:08] }
26... Bc8 { [%clk 0:06:18] } 27. Nh4 { [%clk 0:07:02] } 27... f4
{ [%clk 0:05:49] } 28. Qg2 { [%clk 0:06:52] } 28... Rg8 { [%clk 0:05:19] } 29.
Ng6+ { [%clk 0:06:43] } 29... Qxg6 { [%clk 0:05:13] } 30. Qxg6
{ [%clk 0:06:40] } 30... f3 { [%clk 0:05:05] } 31. Qh7# { [%clk 0:06:33] } 1-0"
Rated Rapid tournament https://lichess.org/tournament/DsgKQQdY,https://lichess.org/w4XQvbW2,2024.08.01,-,Hannut,give_me_a_win,1/2-1/2,2024.08.01,08:45:49,1927,2205,,,B48,"Sicilian Defense: Taimanov Variation, Bastrikov Variation, English Attack",600+0,Normal,"1. e4 { [%eval 0.15] [%clk 0:05:00] } 1... c5 { [%eval 0.25] [%clk 0:10:00] }
2. Nf3 { [%eval 0.22] [%clk 0:04:58] } 2... e6 { [%eval 0.28] [%clk 0:09:59] }
3. Nc3 { [%eval 0.37] [%clk 0:04:57] } 3... Nc6 { [%eval 0.33] [%clk 0:09:57] }
4. d4 { [%eval 0.32] [%clk 0:04:56] } 4... cxd4 { [%eval 0.48] [%clk 0:09:56] }
5. Nxd4 { [%eval 0.24] [%clk 0:04:56] } 5... Qc7
{ [%eval 0.35] [%clk 0:09:55] } 6. Be3 { [%eval 0.31] [%clk 0:04:54] } 6... a6
{ [%eval 0.34] [%clk 0:09:53] } 7. Qd2 { [%eval 0.25] [%clk 0:04:53] } 7... Nf6
{ [%eval 0.21] [%clk 0:09:49] } 8. O-O-O { [%eval 0.41] [%clk 0:04:51] } 8...
b5 { [%eval 0.63] [%clk 0:09:48] } 9. a3 $2 { [%eval -0.5] [%clk 0:04:50] }
9... Bb7 { [%eval -0.55] [%clk 0:09:47] } 10. f3
{ [%eval -0.62] [%clk 0:04:37] } 10... Rc8 { [%eval -0.09] [%clk 0:09:46] } 11.
g4 { [%eval -0.5] [%clk 0:04:29] } 11... b4 { [%eval -0.56] [%clk 0:09:42] }
12. axb4 { [%eval -0.68] [%clk 0:04:27] } 12... Bxb4
{ [%eval -0.77] [%clk 0:09:34] } 13. g5 { [%eval -0.7] [%clk 0:04:22] } 13...
Ng8 $2 { [%eval 1.47] [%clk 0:09:29] } 14. h4 $6
{ [%eval 0.49] [%clk 0:04:18] } 14... Nge7 { [%eval 0.53] [%clk 0:09:19] } 15.
h5 { [%eval 0.62] [%clk 0:04:10] } 15... d5 { [%eval 0.36] [%clk 0:09:17] } 16.
Nxc6 { [%eval 0.45] [%clk 0:03:55] } 16... Qxc6 $2
{ [%eval 1.63] [%clk 0:09:14] } 17. Bd4 { [%eval 1.52] [%clk 0:03:38] } 17...
O-O $2 { [%eval 3.84] [%clk 0:09:04] } 18. g6 $2 { [%eval 1.9] [%clk 0:03:29] }
18... fxg6 { [%eval 2.23] [%clk 0:09:03] } 19. hxg6
{ [%eval 1.98] [%clk 0:03:27] } 19... Nxg6 { [%eval 1.79] [%clk 0:09:02] } 20.
Qg5 $2 { [%eval -0.41] [%clk 0:03:15] } 20... e5
{ [%eval -0.81] [%clk 0:08:34] } 21. Bxe5 { [%eval -1.32] [%clk 0:02:25] }
21... Nxe5 { [%eval -1.14] [%clk 0:08:31] } 22. Qxe5
{ [%eval -1.23] [%clk 0:02:24] } 22... dxe4 { [%eval -0.71] [%clk 0:08:30] }
23. Bh3 $2 { [%eval -1.9] [%clk 0:02:10] } 23... Rce8
{ [%eval -1.46] [%clk 0:08:17] } 24. Qh5 { [%eval -1.56] [%clk 0:01:45] } 24...
Bxc3 $2 { [%eval -0.51] [%clk 0:08:11] } 25. bxc3 $2
{ [%eval -2.97] [%clk 0:01:44] } 25... h6 { [%eval -2.98] [%clk 0:07:53] } 26.
Bd7 { [%eval -3.32] [%clk 0:01:25] } 26... Qxc3
{ [%eval -3.33] [%clk 0:07:43] } 27. Bxe8 { [%eval -3.21] [%clk 0:00:39] }
27... e3 { [%eval -3.2] [%clk 0:07:32] } 28. Kb1
{ [%eval -2.49] [%clk 0:00:25] } 28... Rf4 $2 { [%eval 0.0] [%clk 0:07:09] }
29. Ba4 { [%eval 0.0] [%clk 0:00:09] } 29... Rb4+
{ [%eval 0.0] [%clk 0:05:57] } 30. Bb3+ { [%eval 0.0] [%clk 0:00:06] } 30...
Rxb3+ { [%eval 0.0] [%clk 0:05:55] } 31. cxb3 { [%eval 0.0] [%clk 0:00:05] }
31... Qxb3+ { [%eval 0.0] [%clk 0:05:54] } 32. Ka1
{ [%eval 0.0] [%clk 0:00:04] } 32... Qa3+ { [%eval 0.0] [%clk 0:05:47] } 33.
Kb1 { [%eval 0.0] [%clk 0:00:03] } 33... Qb3+ { [%eval 0.0] [%clk 0:05:42] }
34. Ka1 { [%eval 0.0] [%clk 0:00:03] } 34... Qc3+
{ [%eval 0.0] [%clk 0:05:37] } 35. Kb1 { [%eval 0.0] [%clk 0:00:01] } 35...
Qb3+ { [%eval 0.0] [%clk 0:05:35] } 1/2-1/2"
Rated Rapid tournament https://lichess.org/tournament/DsgKQQdY,https://lichess.org/u4opeYBx,2024.08.01,-,GrafA1,JHOCAPA,1-0,2024.08.01,08:45:49,1875,1595,,,D20,Queen's Gambit Accepted,600+0,Normal,"1. d4 { [%clk 0:05:00] } 1... d5 { [%clk 0:10:00] } 2. c4 { [%clk 0:04:59] }
2... dxc4 { [%clk 0:09:58] } 3. Nc3 { [%clk 0:04:58] } 3... Nf6
{ [%clk 0:09:55] } 4. e4 { [%clk 0:04:58] } 4... e6 { [%clk 0:09:52] } 5. Bxc4
{ [%clk 0:04:57] } 5... g6 { [%clk 0:09:50] } 6. Nf3 { [%clk 0:04:56] } 6...
Bg7 { [%clk 0:09:49] } 7. O-O { [%clk 0:04:55] } 7... O-O { [%clk 0:09:47] } 8.
Bg5 { [%clk 0:04:50] } 8... h6 { [%clk 0:09:44] } 9. Bh4 { [%clk 0:04:48] }
9... Qe8 { [%clk 0:09:39] } 10. Qb3 { [%clk 0:04:42] } 10... Bd7
{ [%clk 0:09:35] } 11. Rad1 { [%clk 0:04:41] } 11... Nc6 { [%clk 0:09:33] } 12.
Rfe1 { [%clk 0:04:32] } 12... Na5 { [%clk 0:09:32] } 13. Qb4 { [%clk 0:04:25] }
13... Nxc4 { [%clk 0:09:29] } 14. Qxc4 { [%clk 0:04:23] } 14... c6
{ [%clk 0:09:28] } 15. d5 { [%clk 0:02:48] } 15... cxd5 { [%clk 0:09:22] } 16.
exd5 { [%clk 0:02:44] } 16... Rc8 { [%clk 0:09:08] } 17. Qb3 { [%clk 0:02:40] }
17... b6 { [%clk 0:09:06] } 18. Ne5 { [%clk 0:02:28] } 18... Qd8
{ [%clk 0:08:56] } 19. dxe6 { [%clk 0:02:25] } 19... fxe6 { [%clk 0:08:53] }
20. Bxf6 { [%clk 0:02:17] } 20... Bxf6 { [%clk 0:08:51] } 21. Nxd7
{ [%clk 0:02:16] } 21... Qe7 { [%clk 0:08:47] } 22. Nxf8 { [%clk 0:02:11] }
22... Rxf8 { [%clk 0:08:45] } 23. Rxe6 { [%clk 0:02:10] } 23... Qc5
{ [%clk 0:08:35] } 24. Rxf6+ { [%clk 0:02:06] } 1-0"
Rated Rapid tournament https://lichess.org/tournament/DsgKQQdY,https://lichess.org/hDwm32re,2024.08.01,-,Rex47,Maximilian020316,1-0,2024.08.01,08:45:49,1721,1148,,,B00,King's Pawn Game,600+0,Abandoned,1. e4 { [%clk 0:10:00] } 1-0
Rated Rapid game,https://lichess.org/78AU6ezA,2024.08.01,-,hrach3,mf_korkmaz,1-0,2024.08.01,08:45:49,1740,1736,,,C44,Scotch Game: Lolli Variation,600+0,Normal,"1. e4 { [%clk 0:10:00] } 1... e5 { [%clk 0:10:00] } 2. Nf3 { [%clk 0:09:59] }
2... Nc6 { [%clk 0:09:59] } 3. d4 { [%clk 0:09:59] } 3... exd4
{ [%clk 0:09:56] } 4. Nxd4 { [%clk 0:09:59] } 4... Nxd4 { [%clk 0:09:55] } 5.
Qxd4 { [%clk 0:09:58] } 5... Bd6 { [%clk 0:09:51] } 6. Bc4 { [%clk 0:09:56] }
6... a6 { [%clk 0:09:45] } 7. O-O { [%clk 0:09:56] } 7... Qe7
{ [%clk 0:09:37] } 8. Qxg7 { [%clk 0:09:51] } 8... Be5 { [%clk 0:09:28] } 9.
Qh6 { [%clk 0:09:33] } 9... d6 { [%clk 0:08:35] } 10. Qe3 { [%clk 0:09:22] }
10... c5 { [%clk 0:08:29] } 11. Nc3 { [%clk 0:09:18] } 11... Be6
{ [%clk 0:08:26] } 12. Bxe6 { [%clk 0:09:14] } 12... fxe6 { [%clk 0:08:23] }
13. Re1 { [%clk 0:09:10] } 13... O-O-O { [%clk 0:08:21] } 14. Qe2
{ [%clk 0:08:56] } 14... Nf6 { [%clk 0:08:18] } 15. Bg5 { [%clk 0:08:51] }
15... Rhg8 { [%clk 0:08:11] } 16. Qg4 { [%clk 0:08:08] } 16... Nxg4
{ [%clk 0:07:56] } 17. Bxe7 { [%clk 0:08:07] } 17... Bxh2+ { [%clk 0:07:49] }
18. Kf1 { [%clk 0:08:02] } 18... Rd7 { [%clk 0:07:34] } 19. Bh4
{ [%clk 0:07:39] } 19... Rf7 { [%clk 0:07:32] } 20. Rad1 { [%clk 0:07:29] }
20... Bf4 { [%clk 0:07:25] } 21. Rd3 { [%clk 0:06:54] } 21... Be3
{ [%clk 0:07:08] } 22. Rexe3 { [%clk 0:06:11] } 22... Nxe3+ { [%clk 0:07:06] }
23. Rxe3 { [%clk 0:06:11] } 23... Rfg7 { [%clk 0:06:41] } 24. Bg3
{ [%clk 0:06:02] } 24... Kd7 { [%clk 0:06:31] } 25. Rd3 { [%clk 0:05:47] }
25... e5 { [%clk 0:06:17] } 26. Bxe5 { [%clk 0:05:27] } 26... Rxg2
{ [%clk 0:06:09] } 27. Bg3 { [%clk 0:05:14] } 27... R2xg3 { [%clk 0:05:45] }
28. Rxg3 { [%clk 0:04:57] } 28... Rh8 { [%clk 0:05:31] } 29. Ke2
{ [%clk 0:04:37] } 29... h5 { [%clk 0:05:30] } 30. Rh3 { [%clk 0:04:29] } 30...
Ke6 { [%clk 0:05:27] } 31. Nd5 { [%clk 0:04:25] } 31... Ke5 { [%clk 0:05:18] }
32. Rh4 { [%clk 0:04:06] } 32... c4 { [%clk 0:05:13] } 33. Ke3
{ [%clk 0:03:59] } 33... b5 { [%clk 0:05:10] } 34. Nf4 { [%clk 0:03:55] } 34...
Kf6 { [%clk 0:04:49] } 35. Nxh5+ { [%clk 0:03:48] } 35... Kg5
{ [%clk 0:04:48] } 36. Rh2 { [%clk 0:03:06] } 36... Rxh5 { [%clk 0:04:25] } 37.
f4+ { [%clk 0:03:00] } 37... Kg4 { [%clk 0:04:15] } 38. Rxh5 { [%clk 0:02:59] }
38... Kxh5 { [%clk 0:04:14] } 39. Kd4 { [%clk 0:02:57] } 39... Kg6
{ [%clk 0:04:10] } 40. Kd5 { [%clk 0:02:52] } 40... Kf7 { [%clk 0:04:07] } 41.
Kxd6 { [%clk 0:02:51] } 41... Kf6 { [%clk 0:04:06] } 42. e5+ { [%clk 0:02:48] }
42... Kf5 { [%clk 0:04:03] } 1-0"
Rated Rapid game,https://lichess.org/OFvl79WL,2024.08.01,-,EBFOX2487,Koyomi_Araragi_1997,1-0,2024.08.01,08:45:49,1444,1447,,,A84,Dutch Defense: Normal Variation,600+0,Normal,"1. d4 { [%eval 0.16] [%clk 0:10:00] } 1... f5 { [%eval 0.5] [%clk 0:10:00] } 2.
c4 { [%eval 0.49] [%clk 0:09:59] } 2... Nf6 { [%eval 0.53] [%clk 0:09:59] } 3.
Nf3 { [%eval 0.45] [%clk 0:09:57] } 3... c6 { [%eval 0.57] [%clk 0:09:56] } 4.
Bf4 { [%eval 0.42] [%clk 0:09:53] } 4... d5 { [%eval 0.89] [%clk 0:09:47] } 5.
e3 { [%eval 0.9] [%clk 0:09:49] } 5... e6 { [%eval 0.97] [%clk 0:09:45] } 6.
Nc3 { [%eval 0.86] [%clk 0:09:47] } 6... Be7 { [%eval 0.92] [%clk 0:09:30] } 7.
Bd3 { [%eval 0.96] [%clk 0:09:43] } 7... O-O { [%eval 0.9] [%clk 0:09:27] } 8.
O-O { [%eval 1.09] [%clk 0:09:41] } 8... Nh5 { [%eval 1.03] [%clk 0:09:09] } 9.
Re1 { [%eval 1.05] [%clk 0:09:14] } 9... Nxf4 $6
{ [%eval 1.78] [%clk 0:09:07] } 10. exf4 { [%eval 1.64] [%clk 0:09:13] } 10...
Rf6 { [%eval 1.89] [%clk 0:08:51] } 11. Ng5 { [%eval 1.59] [%clk 0:09:10] }
11... Nd7 $2 { [%eval 3.94] [%clk 0:08:23] } 12. Nxe6
{ [%eval 3.81] [%clk 0:09:03] } 12... Qb6 { [%eval 4.46] [%clk 0:07:50] } 13.
Qh5 $2 { [%eval 2.95] [%clk 0:08:36] } 13... Nf8
{ [%eval 3.03] [%clk 0:07:32] } 14. Bxf5 $4 { [%eval -2.6] [%clk 0:08:02] }
14... Nxe6 $4 { [%eval 4.46] [%clk 0:07:24] } 15. Qxh7+
{ [%eval 4.32] [%clk 0:07:57] } 15... Kf7 { [%eval 5.16] [%clk 0:07:07] } 16.
Qh5+ { [%eval 4.4] [%clk 0:07:39] } 16... Kg8 { [%eval 4.16] [%clk 0:06:59] }
17. Bh7+ $2 { [%eval 1.73] [%clk 0:07:32] } 17... Kf8
{ [%eval 1.58] [%clk 0:06:55] } 18. Bf5 $2 { [%eval 0.18] [%clk 0:07:23] }
18... Nxf4 $2 { [%eval 2.54] [%clk 0:06:46] } 19. Qh8+
{ [%eval 2.25] [%clk 0:07:19] } 19... Kf7 { [%eval 2.27] [%clk 0:06:39] } 20.
Bxc8 $4 { [%eval -1.81] [%clk 0:07:10] } 20... Qxd4 $4
{ [%eval 3.02] [%clk 0:06:17] } 21. cxd5 { [%eval 2.98] [%clk 0:06:55] } 21...
Nxg2 $2 { [%eval 5.55] [%clk 0:06:08] } 22. Kxg2 $4
{ [%eval #-4] [%clk 0:06:38] } 22... Qxf2+ { [%eval #-3] [%clk 0:06:04] } 23.
Kh3 { [%eval #-2] [%clk 0:06:36] } 23... Rh6+ { [%eval #-2] [%clk 0:05:55] }
24. Qxh6 { [%eval #-1] [%clk 0:06:31] } 24... gxh6 $4
{ [%eval 6.05] [%clk 0:04:20] } 25. Rf1 { [%eval 5.89] [%clk 0:06:26] } 25...
Qxf1+ { [%eval 6.19] [%clk 0:04:15] } 26. Rxf1+ { [%eval 6.14] [%clk 0:06:24] }
26... Ke8 { [%eval 8.25] [%clk 0:04:12] } 27. Bxb7
{ [%eval 8.33] [%clk 0:06:19] } 27... Rb8 { [%eval 7.99] [%clk 0:04:08] } 28.
Bxc6+ { [%eval 6.79] [%clk 0:06:18] } 28... Kd8 { [%eval 6.73] [%clk 0:04:07] }
29. b3 { [%eval 6.35] [%clk 0:06:12] } 29... Bb4
{ [%eval 6.51] [%clk 0:04:03] } 30. Na4 { [%eval 5.91] [%clk 0:06:09] } 30...
Kc7 { [%eval 6.61] [%clk 0:03:56] } 31. Rf7+ { [%eval 6.56] [%clk 0:06:02] }
31... Kd6 { [%eval 6.41] [%clk 0:03:54] } 32. Rd7+
{ [%eval 5.95] [%clk 0:05:58] } 32... Ke5 { [%eval 5.99] [%clk 0:03:53] } 33.
Rxa7 { [%eval 5.46] [%clk 0:05:53] } 33... Kd4 { [%eval 6.08] [%clk 0:03:47] }
34. Rh7 { [%eval 5.64] [%clk 0:05:45] } 34... Kd3
{ [%eval 5.69] [%clk 0:03:44] } 35. Rxh6 { [%eval 5.82] [%clk 0:05:39] } 35...
Kc2 { [%eval 5.69] [%clk 0:03:42] } 36. Rg6 { [%eval 5.53] [%clk 0:05:35] }
36... Kb1 { [%eval 5.72] [%clk 0:03:41] } 37. Rg2
{ [%eval 5.66] [%clk 0:05:33] } 37... Rh8+ { [%eval 5.81] [%clk 0:03:31] } 38.
Kg3 { [%eval 5.54] [%clk 0:05:29] } 38... Bd6+ { [%eval 5.53] [%clk 0:03:26] }
39. Kf3 { [%eval 5.83] [%clk 0:05:24] } 39... Rf8+
{ [%eval 6.78] [%clk 0:03:24] } 40. Ke4 { [%eval 6.57] [%clk 0:05:21] } 40...
Rf4+ { [%eval 6.9] [%clk 0:03:16] } 41. Kd3 { [%eval 6.38] [%clk 0:05:19] }
41... Rf3+ { [%eval 6.91] [%clk 0:03:12] } 42. Kc4
{ [%eval 6.93] [%clk 0:05:17] } 42... Rf4+ { [%eval 6.83] [%clk 0:03:08] } 43.
Kb5 { [%eval 6.83] [%clk 0:05:16] } 43... Rb4+ { [%eval 6.89] [%clk 0:03:01] }
44. Ka6 { [%eval 6.87] [%clk 0:05:10] } 44... Rh4
{ [%eval 7.24] [%clk 0:02:38] } 45. Nc3+ { [%eval 7.13] [%clk 0:05:08] } 45...
Kc1 { [%eval 7.16] [%clk 0:02:33] } 46. a4 { [%eval 7.02] [%clk 0:04:57] }
46... Bb4 { [%eval 9.0] [%clk 0:02:05] } 47. Na2+
{ [%eval 8.78] [%clk 0:04:52] } 47... Kb1 { [%eval 9.13] [%clk 0:02:00] } 48.
Nxb4 { [%eval 8.82] [%clk 0:04:51] } 48... Rxb4 { [%eval 8.57] [%clk 0:01:57] }
49. Rd2 { [%eval 8.06] [%clk 0:04:47] } 49... Rxb3
{ [%eval 11.43] [%clk 0:01:53] } 50. d6 { [%eval 10.84] [%clk 0:04:46] } 50...
Rb8 { [%eval 12.03] [%clk 0:01:46] } 51. d7 { [%eval 11.66] [%clk 0:04:43] }
51... Rd8 { [%eval 11.09] [%clk 0:01:43] } 52. Kb7
{ [%eval #10] [%clk 0:04:42] } 52... Kc1 { [%eval #10] [%clk 0:01:41] } 53. Kc7
{ [%eval #9] [%clk 0:04:35] } 53... Kxd2 { [%eval #9] [%clk 0:01:35] } 54. Kxd8
{ [%eval #17] [%clk 0:04:34] } 1-0"
Rated Rapid game,https://lichess.org/UlfDUPva,2024.08.01,-,BUTCHERYILMAZ,jalllluuuu,1-0,2024.08.01,08:45:49,1114,1105,,,A45,Indian Defense: Pawn Push Variation,600+0,Time forfeit,"1. d4 { [%eval 0.16] [%clk 0:10:00] } 1... Nf6 { [%eval 0.17] [%clk 0:10:00] }
2. d5 { [%eval -0.22] [%clk 0:09:57] } 2... d6 { [%eval 0.17] [%clk 0:09:58] }
3. Nc3 { [%eval 0.0] [%clk 0:09:52] } 3... e6 { [%eval 0.25] [%clk 0:09:55] }
4. e4 { [%eval 0.15] [%clk 0:09:49] } 4... exd5 { [%eval 0.28] [%clk 0:09:50] }
5. Nxd5 { [%eval 0.08] [%clk 0:09:47] } 5... Nxd5
{ [%eval 0.14] [%clk 0:09:43] } 6. exd5 { [%eval 0.07] [%clk 0:09:44] } 6...
Nd7 { [%eval -0.03] [%clk 0:09:26] } 7. Qe2+ { [%eval -0.1] [%clk 0:09:41] }
7... Ne5 $2 { [%eval 2.75] [%clk 0:09:23] } 8. Nf3 $2
{ [%eval 0.19] [%clk 0:09:32] } 8... Bg4 { [%eval 0.33] [%clk 0:09:11] } 9. c4
$2 { [%eval -1.12] [%clk 0:09:29] } 9... Qf6 { [%eval -1.03] [%clk 0:09:04] }
10. Bg5 $2 { [%eval -3.07] [%clk 0:09:23] } 10... Qe6 $4
{ [%eval 6.9] [%clk 0:08:50] } 11. O-O-O $4 { [%eval 0.22] [%clk 0:09:16] }
11... f6 $4 { [%eval 6.06] [%clk 0:08:26] } 12. Bf4 $4
{ [%eval 0.51] [%clk 0:09:05] } 12... Qd7 { [%eval 0.53] [%clk 0:08:24] } 13.
Re1 { [%eval 0.37] [%clk 0:09:01] } 13... O-O-O { [%eval 0.33] [%clk 0:08:20] }
14. Qc2 { [%eval -0.04] [%clk 0:08:50] } 14... Bf5 $6
{ [%eval 0.56] [%clk 0:08:04] } 15. Qb3 { [%eval 0.56] [%clk 0:08:45] } 15...
Nd3+ $4 { [%eval 5.89] [%clk 0:07:56] } 16. Bxd3
{ [%eval 5.86] [%clk 0:08:39] } 16... Bxd3 { [%eval 5.81] [%clk 0:07:55] } 17.
Qxd3 { [%eval 5.81] [%clk 0:08:35] } 17... Qa4 { [%eval 6.14] [%clk 0:07:50] }
18. b3 { [%eval 5.52] [%clk 0:08:32] } 18... Qxa2
{ [%eval 5.47] [%clk 0:07:47] } 19. Qc3 { [%eval 4.89] [%clk 0:08:18] } 19...
c6 { [%eval 5.26] [%clk 0:07:38] } 20. dxc6 { [%eval 4.48] [%clk 0:08:15] }
20... bxc6 { [%eval 5.15] [%clk 0:07:34] } 21. Nd4
{ [%eval 4.85] [%clk 0:08:03] } 21... d5 { [%eval 5.43] [%clk 0:07:29] } 22.
Nxc6 $2 { [%eval 3.21] [%clk 0:08:01] } 22... Rd6 $4
{ [%eval 11.12] [%clk 0:07:26] } 23. Re8+ { [%eval 9.25] [%clk 0:07:52] } 23...
Rd8 $2 { [%eval #7] [%clk 0:07:23] } 24. Rxd8+ { [%eval #6] [%clk 0:07:48] }
1-0"
Rated Rapid game,https://lichess.org/T8ZyoJ2W,2024.08.01,-,Ararat2023,darsh1214,1-0,2024.08.01,08:45:49,1669,1612,,,A00,Hungarian Opening,600+0,Normal,"1. g3 { [%clk 0:10:00] } 1... e5 { [%clk 0:10:00] } 2. Bg2 { [%clk 0:09:59] }
2... d5 { [%clk 0:09:58] } 3. d3 { [%clk 0:09:55] } 3... Nf6 { [%clk 0:09:55] }
4. c3 { [%clk 0:09:54] } 4... Be6 { [%clk 0:09:47] } 5. Qb3 { [%clk 0:09:52] }
5... b6 { [%clk 0:09:23] } 6. Bg5 { [%clk 0:09:45] } 6... Be7
{ [%clk 0:09:05] } 7. Qa4+ { [%clk 0:09:28] } 7... Nbd7 { [%clk 0:08:51] } 8.
Bxf6 { [%clk 0:09:08] } 8... Bxf6 { [%clk 0:08:48] } 9. Qb5 { [%clk 0:09:03] }
9... d4 { [%clk 0:08:15] } 10. Bxa8 { [%clk 0:08:57] } 10... Qxa8
{ [%clk 0:08:15] } 11. f3 { [%clk 0:08:48] } 11... O-O { [%clk 0:08:11] } 12.
c4 { [%clk 0:08:37] } 12... a6 { [%clk 0:08:03] } 13. Qa4 { [%clk 0:08:32] }
13... b5 { [%clk 0:07:45] } 14. cxb5 { [%clk 0:08:29] } 14... axb5
{ [%clk 0:07:45] } 15. Qxb5 { [%clk 0:08:25] } 15... Rb8 { [%clk 0:07:42] } 16.
Qxb8+ { [%clk 0:07:56] } 16... Qxb8 { [%clk 0:07:40] } 17. b3
{ [%clk 0:07:55] } 17... Qb4+ { [%clk 0:07:37] } 18. Nd2 { [%clk 0:07:51] }
18... Qc3 { [%clk 0:07:35] } 19. Rd1 { [%clk 0:07:44] } 19... Bg5
{ [%clk 0:07:29] } 20. h4 { [%clk 0:07:35] } 20... Bxd2+ { [%clk 0:07:26] } 21.
Rxd2 { [%clk 0:07:34] } 21... Qa1+ { [%clk 0:07:23] } 22. Kf2
{ [%clk 0:07:28] } 22... Qc3 { [%clk 0:07:06] } 23. Rd1 { [%clk 0:07:17] }
23... Nf6 { [%clk 0:06:52] } 24. Nh3 { [%clk 0:07:15] } 24... Nd5
{ [%clk 0:06:41] } 25. Rc1 { [%clk 0:07:09] } 25... Qa5 { [%clk 0:06:24] } 26.
a4 { [%clk 0:07:08] } 26... Nb4 { [%clk 0:06:07] } 27. Ng5 { [%clk 0:07:03] }
27... Bf5 { [%clk 0:06:04] } 28. g4 { [%clk 0:06:55] } 28... Bxd3
{ [%clk 0:06:01] } 29. exd3 { [%clk 0:06:35] } 29... Nxd3+ { [%clk 0:06:01] }
30. Kg3 { [%clk 0:06:34] } 30... Nxc1 { [%clk 0:05:59] } 31. Rxc1
{ [%clk 0:06:33] } 31... h6 { [%clk 0:05:50] } 32. Ne4 { [%clk 0:06:26] } 32...
Kf8 { [%clk 0:05:33] } 33. g5 { [%clk 0:06:21] } 33... hxg5 { [%clk 0:05:30] }
34. Nxg5 { [%clk 0:06:18] } 34... Qd2 { [%clk 0:05:14] } 35. Rxc7
{ [%clk 0:06:13] } 35... Qf4+ { [%clk 0:05:04] } 36. Kh3 { [%clk 0:06:07] }
36... d3 { [%clk 0:04:58] } 37. Rc8+ { [%clk 0:05:47] } 37... Ke7
{ [%clk 0:04:45] } 38. Rc7+ { [%clk 0:05:42] } 38... Kd6 { [%clk 0:04:23] } 39.
Rxf7 { [%clk 0:05:35] } 39... d2 { [%clk 0:04:17] } 40. Rxf4 { [%clk 0:05:28] }
40... d1=Q { [%clk 0:03:46] } 41. Rf7 { [%clk 0:05:08] } 41... Qf1+
{ [%clk 0:03:38] } 42. Kg4 { [%clk 0:05:06] } 42... Qg2+ { [%clk 0:03:24] } 43.
Kh5 { [%clk 0:05:05] } 43... Qc2 { [%clk 0:03:10] } 44. Rxg7 { [%clk 0:04:55] }
44... Qxb3 { [%clk 0:03:06] } 45. a5 { [%clk 0:04:46] } 45... Qb4
{ [%clk 0:02:43] } 46. a6 { [%clk 0:04:39] } 46... Qb8 { [%clk 0:01:51] } 47.
a7 { [%clk 0:04:31] } 47... Qe8+ { [%clk 0:01:49] } 48. Kg4 { [%clk 0:03:50] }
48... Qc8+ { [%clk 0:01:41] } 49. Kh5 { [%clk 0:03:42] } 49... Qe8+
{ [%clk 0:01:37] } 50. Nf7+ { [%clk 0:03:13] } 50... Kc6 { [%clk 0:01:24] } 51.
Rg6+ { [%clk 0:03:01] } 51... Kb7 { [%clk 0:01:19] } 52. Nd6+
{ [%clk 0:02:54] } 52... Kxa7 { [%clk 0:01:14] } 53. Nxe8 { [%clk 0:02:52] }
1-0"
Rated Rapid game,https://lichess.org/eUFKYmFP,2024.08.01,-,Joshua_5,ahmadahmadahmad,1-0,2024.08.01,08:45:49,1898,1811,,,B20,Sicilian Defense: Bowdler Attack,600+0,Time forfeit,"1. e4 { [%clk 0:10:00] } 1... c5 { [%clk 0:10:00] } 2. Bc4 { [%clk 0:09:59] }
2... e6 { [%clk 0:09:59] } 3. Qf3 { [%clk 0:09:58] } 3... Nc6
{ [%clk 0:09:55] } 4. Ne2 { [%clk 0:09:55] } 4... Ne5 { [%clk 0:09:51] } 5. Qb3
{ [%clk 0:09:53] } 5... a6 { [%clk 0:09:36] } 6. d4 { [%clk 0:09:51] } 6...
cxd4 { [%clk 0:09:34] } 7. Nxd4 { [%clk 0:09:50] } 7... b5 { [%clk 0:09:32] }
8. Bd3 { [%clk 0:09:48] } 8... Nf6 { [%clk 0:09:24] } 9. Bg5 { [%clk 0:09:46] }
9... Be7 { [%clk 0:09:21] } 10. Nd2 { [%clk 0:09:43] } 10... O-O
{ [%clk 0:09:18] } 11. f4 { [%clk 0:09:40] } 11... Nxd3+ { [%clk 0:09:14] } 12.
cxd3 { [%clk 0:09:40] } 12... Bb7 { [%clk 0:09:11] } 13. h4 { [%clk 0:09:18] }
13... Qb6 { [%clk 0:09:05] } 14. N2f3 { [%clk 0:09:12] } 14... Bc5
{ [%clk 0:08:56] } 15. Bxf6 { [%clk 0:09:07] } 15... gxf6 { [%clk 0:08:53] }
16. Ne2 { [%clk 0:08:54] } 16... Bf2+ { [%clk 0:08:31] } 17. Kf1
{ [%clk 0:08:52] } 17... Bc5 { [%clk 0:08:23] } 18. Rh3 { [%clk 0:08:45] }
18... Kh8 { [%clk 0:08:15] } 19. Qc3 { [%clk 0:08:40] } 19... Be7
{ [%clk 0:08:04] } 20. h5 { [%clk 0:07:41] } 20... Rac8 { [%clk 0:08:02] } 21.
Qd2 { [%clk 0:07:36] } 21... a5 { [%clk 0:07:57] } 22. a3 { [%clk 0:07:11] }
22... Rc7 { [%clk 0:07:37] } 23. Qe1 { [%clk 0:07:03] } 23... Rg8
{ [%clk 0:07:20] } 24. Qh4 { [%clk 0:06:56] } 24... d6 { [%clk 0:07:15] } 25.
Rg3 { [%clk 0:06:54] } 25... Rcc8 { [%clk 0:07:06] } 26. e5 { [%clk 0:06:37] }
26... Rxg3 { [%clk 0:06:55] } 27. Nxg3 { [%clk 0:06:35] } 27... Qd8
{ [%clk 0:06:45] } 28. exd6 { [%clk 0:05:40] } 28... Qxd6 { [%clk 0:06:19] }
29. Ne1 { [%clk 0:04:58] } 1-0"
Rated Rapid game,https://lichess.org/fghKgsn2,2024.08.01,-,niusbakti,TheRockfish_GiaPhuoc,0-1,2024.08.01,08:45:49,1734,1722,,,C24,Bishop's Opening: Berlin Defense,600+0,Normal,"1. e4 { [%eval 0.15] [%clk 0:10:00] } 1... e5 { [%eval 0.21] [%clk 0:10:00] }
2. Bc4 { [%eval 0.05] [%clk 0:09:57] } 2... Nf6 { [%eval 0.08] [%clk 0:09:58] }
3. d3 { [%eval 0.0] [%clk 0:09:53] } 3... Nc6 { [%eval 0.14] [%clk 0:09:51] }
4. c3 { [%eval -0.29] [%clk 0:09:49] } 4... d6 $6
{ [%eval 0.3] [%clk 0:09:45] } 5. Qf3 $6 { [%eval -0.29] [%clk 0:09:44] } 5...
Bg4 { [%eval -0.4] [%clk 0:09:39] } 6. Qg3 { [%eval -0.42] [%clk 0:09:39] }
6... Qd7 { [%eval -0.42] [%clk 0:09:25] } 7. h3 { [%eval -0.4] [%clk 0:09:37] }
7... Be6 { [%eval -0.48] [%clk 0:09:20] } 8. Na3 $2
{ [%eval -1.85] [%clk 0:09:31] } 8... d5 { [%eval -1.85] [%clk 0:08:46] } 9.
exd5 { [%eval -1.8] [%clk 0:09:25] } 9... Bxd5 { [%eval -1.82] [%clk 0:08:42] }
10. Nf3 $2 { [%eval -3.2] [%clk 0:09:11] } 10... e4 $2
{ [%eval -0.21] [%clk 0:07:56] } 11. dxe4 $2 { [%eval -2.38] [%clk 0:08:55] }
11... Bxc4 $2 { [%eval -0.24] [%clk 0:07:28] } 12. Nxc4
{ [%eval -0.28] [%clk 0:08:45] } 12... Nxe4 { [%eval -0.28] [%clk 0:07:20] }
13. Qf4 { [%eval -0.28] [%clk 0:08:19] } 13... Nf6 $6
{ [%eval 0.46] [%clk 0:06:30] } 14. Nfe5 { [%eval 0.0] [%clk 0:08:00] } 14...
Nxe5 { [%eval -0.07] [%clk 0:06:25] } 15. Nxe5 { [%eval -0.06] [%clk 0:07:57] }
15... Qe6 { [%eval 0.21] [%clk 0:06:05] } 16. O-O
{ [%eval 0.15] [%clk 0:07:54] } 16... Bd6 { [%eval 0.64] [%clk 0:05:48] } 17.
Qa4+ { [%eval 0.43] [%clk 0:07:44] } 17... Nd7 $2
{ [%eval 2.31] [%clk 0:05:13] } 18. Nxd7 { [%eval 2.28] [%clk 0:06:34] } 18...
Qxd7 { [%eval 2.2] [%clk 0:05:09] } 19. Re1+ { [%eval 2.28] [%clk 0:06:24] }
19... Kd8 { [%eval 1.98] [%clk 0:05:03] } 20. Bg5+ $2
{ [%eval 0.0] [%clk 0:06:17] } 20... f6 { [%eval -0.03] [%clk 0:04:57] } 21.
Qxd7+ { [%eval -0.01] [%clk 0:06:04] } 21... Kxd7
{ [%eval -0.04] [%clk 0:04:57] } 22. Be3 { [%eval 0.0] [%clk 0:06:01] } 22...
Rae8 { [%eval -0.01] [%clk 0:04:48] } 23. Rad1 { [%eval -0.02] [%clk 0:05:45] }
23... b6 { [%eval -0.01] [%clk 0:04:25] } 24. c4
{ [%eval -0.04] [%clk 0:05:43] } 24... Kc6 { [%eval -0.08] [%clk 0:04:09] } 25.
b4 $2 { [%eval -2.98] [%clk 0:05:40] } 25... Bxb4
{ [%eval -2.96] [%clk 0:04:00] } 26. Re2 { [%eval -2.9] [%clk 0:05:32] } 26...
Bc5 { [%eval -2.92] [%clk 0:03:54] } 27. Rdd2 { [%eval -3.46] [%clk 0:05:02] }
27... Bxe3 { [%eval -3.23] [%clk 0:03:44] } 28. fxe3
{ [%eval -3.53] [%clk 0:04:59] } 28... Re4 { [%eval -3.39] [%clk 0:03:33] } 29.
Rc2 { [%eval -3.56] [%clk 0:04:54] } 29... Rhe8
{ [%eval -3.71] [%clk 0:03:31] } 30. Kf2 { [%eval -3.57] [%clk 0:04:51] } 30...
Kc5 { [%eval -3.49] [%clk 0:03:28] } 31. Rcd2 { [%eval -3.73] [%clk 0:04:12] }
31... R8e7 { [%eval -3.15] [%clk 0:03:06] } 32. Rd3 $2
{ [%eval -4.31] [%clk 0:03:26] } 32... Kxc4 { [%eval -4.21] [%clk 0:02:59] }
33. Rdd2 { [%eval -4.58] [%clk 0:03:18] } 33... a5
{ [%eval -4.53] [%clk 0:02:44] } 34. Rc2+ { [%eval -4.6] [%clk 0:03:16] } 34...
Kb5 { [%eval -4.44] [%clk 0:02:43] } 35. Rb2+ { [%eval -4.54] [%clk 0:03:14] }
35... Ka6 { [%eval -4.41] [%clk 0:02:40] } 36. Rec2
{ [%eval -4.55] [%clk 0:03:09] } 36... Rxe3 { [%eval -4.32] [%clk 0:02:23] }
37. Kg1 { [%eval -5.2] [%clk 0:03:05] } 37... c5
{ [%eval -5.06] [%clk 0:02:07] } 38. Rd2 { [%eval -5.14] [%clk 0:02:56] } 38...
R3e4 { [%eval -5.12] [%clk 0:01:57] } 39. Rd6 { [%eval -5.22] [%clk 0:02:51] }
39... Rb4 { [%eval -5.45] [%clk 0:01:56] } 40. Rbd2
{ [%eval -5.48] [%clk 0:02:45] } 40... Kb5 { [%eval -5.47] [%clk 0:01:53] } 41.
Kh2 { [%eval -5.56] [%clk 0:02:38] } 41... Ka4 { [%eval -5.51] [%clk 0:01:47] }
42. Rd8 { [%eval -5.78] [%clk 0:02:24] } 42... Ka3
{ [%eval -5.6] [%clk 0:01:44] } 43. R8d3+ { [%eval -5.65] [%clk 0:02:18] }
43... Ka4 { [%eval -5.64] [%clk 0:01:41] } 44. Rd8
{ [%eval -5.78] [%clk 0:02:14] } 44... Ree4 { [%eval -5.32] [%clk 0:01:36] }
45. R8d7 { [%eval -5.53] [%clk 0:02:09] } 45... Red4
{ [%eval -5.5] [%clk 0:01:32] } 46. R7xd4 { [%eval -6.28] [%clk 0:02:01] }
46... Rxd4 { [%eval -6.21] [%clk 0:01:31] } 47. Rf2
{ [%eval -6.49] [%clk 0:01:56] } 47... Ka3 { [%eval -6.43] [%clk 0:01:29] } 48.
g3 { [%eval -6.74] [%clk 0:01:50] } 48... c4 { [%eval -6.59] [%clk 0:01:21] }
49. h4 { [%eval -6.74] [%clk 0:01:46] } 49... b5
{ [%eval -6.48] [%clk 0:01:19] } 50. Kh3 { [%eval -7.02] [%clk 0:01:44] } 50...
a4 { [%eval -6.83] [%clk 0:01:18] } 51. g4 { [%eval -6.98] [%clk 0:01:40] }
51... b4 { [%eval -6.9] [%clk 0:01:17] } 52. h5
{ [%eval -7.04] [%clk 0:01:38] } 52... b3 { [%eval -6.86] [%clk 0:01:16] } 53.
axb3 { [%eval -6.88] [%clk 0:01:33] } 53... cxb3
{ [%eval -6.86] [%clk 0:01:16] } 54. Rf3 { [%eval -6.93] [%clk 0:01:29] } 54...
Ka2 { [%eval -6.96] [%clk 0:01:14] } 55. Rf2+ { [%eval -6.82] [%clk 0:01:22] }
55... b2 { [%eval -8.3] [%clk 0:01:13] } 56. Kg3
{ [%eval -15.76] [%clk 0:01:20] } 56... Ka1 { [%eval -8.14] [%clk 0:01:12] }
57. Kh4 $2 { [%eval #-6] [%clk 0:01:17] } 57... b1=Q
{ [%eval #-5] [%clk 0:01:11] } 58. Rh2 { [%eval #-3] [%clk 0:01:12] } 58...
Qe1+ { [%eval #-2] [%clk 0:01:06] } 59. Kh3 { [%eval #-2] [%clk 0:01:09] }
59... Rd3+ { [%eval #-1] [%clk 0:01:04] } 60. Kg2
{ [%eval #-1] [%clk 0:01:07] } 60... Qg3+ { [%eval #-2] [%clk 0:01:03] } 61.
Kh1 { [%eval #-1] [%clk 0:01:05] } 61... Rd1# { [%clk 0:01:02] } 0-1"
Rated Rapid game,https://lichess.org/zSHdH2WA,2024.08.01,-,josehombre66,JJFalcon_1,1-0,2024.08.01,08:45:49,1392,1424,,,D00,Queen's Pawn Game: Accelerated London System,600+0,Normal,"1. d4 { [%clk 0:10:00] } 1... d5 { [%clk 0:10:00] } 2. Bf4 { [%clk 0:09:59] }
2... Bf5 { [%clk 0:09:59] } 3. Nc3 { [%clk 0:09:58] } 3... e6
{ [%clk 0:09:57] } 4. Nb5 { [%clk 0:09:57] } 4... c6 { [%clk 0:09:53] } 5. Nc7+
{ [%clk 0:09:54] } 5... Ke7 { [%clk 0:09:48] } 6. Nxa8 { [%clk 0:09:53] } 6...
Na6 { [%clk 0:09:46] } 7. Nc7 { [%clk 0:09:43] } 7... Nxc7 { [%clk 0:09:44] }
8. Bxc7 { [%clk 0:09:42] } 8... Qxc7 { [%clk 0:09:43] } 9. e3
{ [%clk 0:09:42] } 9... Nf6 { [%clk 0:09:40] } 10. Nf3 { [%clk 0:09:36] } 10...
h6 { [%clk 0:09:36] } 11. Ne5 { [%clk 0:09:34] } 11... Ke8 { [%clk 0:09:31] }
12. Bd3 { [%clk 0:09:29] } 12... Bxd3 { [%clk 0:09:26] } 13. Nxd3
{ [%clk 0:09:26] } 13... Bd6 { [%clk 0:09:26] } 14. h3 { [%clk 0:09:13] } 14...
b6 { [%clk 0:09:23] } 15. Qf3 { [%clk 0:09:06] } 15... a5 { [%clk 0:09:17] }
16. Nf4 { [%clk 0:09:01] } 16... Bxf4 { [%clk 0:09:13] } 17. exf4
{ [%clk 0:08:58] } 17... b5 { [%clk 0:09:03] } 18. f5 { [%clk 0:08:55] } 18...
a4 { [%clk 0:08:59] } 19. fxe6 { [%clk 0:08:54] } 19... fxe6 { [%clk 0:08:56] }
20. Qg3 { [%clk 0:08:49] } 20... Kf7 { [%clk 0:08:52] } 21. Qxc7+
{ [%clk 0:08:46] } 1-0"
Rated Rapid game,https://lichess.org/I8qfsJLH,2024.08.01,-,Harley84,waterwater1,1-0,2024.08.01,08:45:49,802,820,,,A00,Van't Kruijs Opening,600+0,Normal,"1. e3 { [%clk 0:10:00] } 1... c6 { [%clk 0:10:00] } 2. Qf3 { [%clk 0:09:58] }
2... d5 { [%clk 0:09:56] } 3. Nc3 { [%clk 0:09:53] } 3... Nf6
{ [%clk 0:09:51] } 4. Nge2 { [%clk 0:09:49] } 4... Bg4 { [%clk 0:09:49] } 5.
Qg3 { [%clk 0:09:37] } 5... e6 { [%clk 0:09:06] } 6. b3 { [%clk 0:09:16] } 6...
c5 { [%clk 0:08:42] } 7. d3 { [%clk 0:08:29] } 7... b5 { [%clk 0:08:38] } 8.
Nxb5 { [%clk 0:08:21] } 8... d4 { [%clk 0:08:05] } 9. exd4 { [%clk 0:08:10] }
9... cxd4 { [%clk 0:07:59] } 10. Bb2 { [%clk 0:07:36] } 10... Bb4+
{ [%clk 0:07:40] } 11. Kd1 { [%clk 0:07:27] } 11... Nc6 { [%clk 0:07:12] } 12.
Kc1 { [%clk 0:06:39] } 12... Nh5 { [%clk 0:06:57] } 13. Qxg4 { [%clk 0:06:31] }
13... g6 { [%clk 0:06:43] } 14. g3 { [%clk 0:05:26] } 14... f5
{ [%clk 0:06:38] } 15. Qh4 { [%clk 0:05:04] } 15... Qxh4 { [%clk 0:06:22] } 16.
gxh4 { [%clk 0:05:03] } 16... Rb8 { [%clk 0:06:09] } 17. Nd6+
{ [%clk 0:04:58] } 17... Ke7 { [%clk 0:06:05] } 18. Nc4 { [%clk 0:04:50] }
18... e5 { [%clk 0:05:55] } 19. f4 { [%clk 0:04:41] } 19... Rhc8
{ [%clk 0:05:54] } 20. fxe5 { [%clk 0:04:36] } 20... Ke6 { [%clk 0:05:47] } 21.
Bxd4 { [%clk 0:04:02] } 21... Rd8 { [%clk 0:05:26] } 22. Bb2 { [%clk 0:03:48] }
22... Nxe5 { [%clk 0:05:22] } 23. Bxe5 { [%clk 0:03:17] } 23... Rd5
{ [%clk 0:05:08] } 24. Bxb8 { [%clk 0:03:10] } 1-0"
Rated Rapid game,https://lichess.org/3Kdci8vi,2024.08.01,-,martinasenov,Sania95,1-0,2024.08.01,08:45:49,2132,2005,,,A00,Grob Opening,600+0,Normal,"1. g4 { [%clk 0:10:00] } 1... e5 { [%clk 0:10:00] } 2. Bg2 { [%clk 0:08:57] }
2... d5 { [%clk 0:09:34] } 3. h3 { [%clk 0:08:54] } 3... f5 { [%clk 0:09:28] }
4. g5 { [%clk 0:08:52] } 4... Qxg5 { [%clk 0:09:27] } 5. Bxd5
{ [%clk 0:08:49] } 5... Nc6 { [%clk 0:09:22] } 6. d4 { [%clk 0:08:41] } 6... e4
{ [%clk 0:09:17] } 7. Bxg5 { [%clk 0:08:34] } 1-0"
Rated Rapid game,https://lichess.org/PjS1Uabc,2024.08.01,-,sumeetpanda,cempjake,1-0,2024.08.01,08:45:49,1471,1533,,,C42,Russian Game: Three Knights Game,600+0,Normal,"1. e4 { [%clk 0:10:00] } 1... e5 { [%clk 0:10:00] } 2. Nf3 { [%clk 0:09:58] }
2... Nf6 { [%clk 0:09:58] } 3. Nc3 { [%clk 0:09:56] } 3... Bc5
{ [%clk 0:09:54] } 4. h3 { [%clk 0:09:53] } 4... O-O { [%clk 0:09:24] } 5. Nxe5
{ [%clk 0:09:49] } 5... d6 { [%clk 0:09:13] } 6. Nf3 { [%clk 0:09:30] } 6...
Nc6 { [%clk 0:09:02] } 7. Bc4 { [%clk 0:09:25] } 7... h6 { [%clk 0:08:58] } 8.
O-O { [%clk 0:09:22] } 8... Bxh3 { [%clk 0:08:58] } 9. gxh3 { [%clk 0:09:15] }
9... Ng4 { [%clk 0:08:58] } 10. hxg4 { [%clk 0:09:07] } 10... h5
{ [%clk 0:08:52] } 11. d4 { [%clk 0:08:45] } 11... hxg4 { [%clk 0:08:49] } 12.
dxc5 { [%clk 0:08:36] } 12... gxf3 { [%clk 0:08:42] } 13. Qxf3
{ [%clk 0:08:31] } 13... Ne5 { [%clk 0:08:40] } 14. Qg2 { [%clk 0:08:15] }
14... Qh4 { [%clk 0:08:36] } 15. Bg5 { [%clk 0:08:08] } 15... Nf3+
{ [%clk 0:08:30] } 16. Qxf3 { [%clk 0:07:59] } 16... Qxg5+ { [%clk 0:08:30] }
17. Qg2 { [%clk 0:07:51] } 17... Qxc5 { [%clk 0:08:29] } 18. Bd3
{ [%clk 0:07:45] } 18... Qh5 { [%clk 0:06:54] } 19. Nd5 { [%clk 0:07:23] }
19... Rae8 { [%clk 0:06:43] } 20. Nxc7 { [%clk 0:07:01] } 20... Re5
{ [%clk 0:06:37] } 21. f4 { [%clk 0:06:46] } 21... Rc5 { [%clk 0:06:32] } 22.
Nb5 { [%clk 0:06:35] } 22... g5 { [%clk 0:06:15] } 23. Nxd6 { [%clk 0:06:18] }
23... Rd8 { [%clk 0:05:50] } 24. Nf5 { [%clk 0:06:04] } 24... Rc6
{ [%clk 0:05:38] } 25. Ne7+ { [%clk 0:05:57] } 25... Kf8 { [%clk 0:05:36] } 26.
Nxc6 { [%clk 0:05:56] } 26... gxf4 { [%clk 0:05:35] } 27. Nxd8
{ [%clk 0:05:52] } 1-0"
Rated Rapid game,https://lichess.org/7inlSsk7,2024.08.01,-,jojuangil,ArtemZobenko,1-0,2024.08.01,08:45:54,1602,1594,,,B90,Sicilian Defense: Najdorf Variation,600+0,Normal,"1. e4 { [%clk 0:10:00] } 1... c5 { [%clk 0:10:00] } 2. Nf3 { [%clk 0:09:58] }
2... d6 { [%clk 0:09:59] } 3. d4 { [%clk 0:09:57] } 3... cxd4
{ [%clk 0:09:59] } 4. Nxd4 { [%clk 0:09:56] } 4... Nf6 { [%clk 0:09:57] } 5.
Nc3 { [%clk 0:09:54] } 5... a6 { [%clk 0:09:57] } 6. Bd3 { [%clk 0:09:52] }
6... g6 { [%clk 0:09:55] } 7. O-O { [%clk 0:09:50] } 7... Bg7
{ [%clk 0:09:53] } 8. Bf4 { [%clk 0:09:40] } 8... Nc6 { [%clk 0:09:49] } 9. e5
{ [%clk 0:09:38] } 9... dxe5 { [%clk 0:09:45] } 10. Nxc6 { [%clk 0:09:31] }
10... bxc6 { [%clk 0:09:41] } 11. Bxe5 { [%clk 0:09:30] } 11... Bb7
{ [%clk 0:09:37] } 12. Qf3 { [%clk 0:09:17] } 12... Qc8 { [%clk 0:09:27] } 13.
Bxf6 { [%clk 0:09:07] } 13... Bxf6 { [%clk 0:09:23] } 14. Rfe1
{ [%clk 0:09:05] } 14... c5 { [%clk 0:09:17] } 15. Qxf6 { [%clk 0:09:03] }
15... O-O { [%clk 0:08:56] } 16. Qxe7 { [%clk 0:08:57] } 16... Qg4
{ [%clk 0:08:49] } 17. Be4 { [%clk 0:08:44] } 17... Rfe8 { [%clk 0:08:48] } 18.
Qxb7 { [%clk 0:08:40] } 1-0"
Rated Rapid game,https://lichess.org/uWctQJ00,2024.08.01,-,Liberal007,AcerahNi_186,1-0,2024.08.01,08:45:54,1573,1585,,,A01,Nimzo-Larsen Attack: Modern Variation,600+0,Normal,"1. e3 { [%clk 0:10:00] } 1... e5 { [%clk 0:10:00] } 2. b3 { [%clk 0:09:59] }
2... Nc6 { [%clk 0:09:59] } 3. Bb2 { [%clk 0:09:57] } 3... Bd6
{ [%clk 0:09:58] } 4. Qg4 { [%clk 0:09:55] } 4... Qe7 { [%clk 0:09:57] } 5.
Qxg7 { [%clk 0:09:53] } 5... Qf6 { [%clk 0:09:38] } 6. Qg4 { [%clk 0:09:21] }
6... Nh6 { [%clk 0:09:33] } 7. Qg3 { [%clk 0:09:13] } 7... Rg8
{ [%clk 0:09:10] } 8. Qh3 { [%clk 0:09:05] } 8... Rg5 { [%clk 0:08:44] } 9. Na3
{ [%clk 0:08:58] } 9... Bxa3 { [%clk 0:08:41] } 10. Bxa3 { [%clk 0:08:56] }
10... d6 { [%clk 0:08:41] } 11. Qf3 { [%clk 0:08:49] } 11... Qxf3
{ [%clk 0:08:37] } 12. Nxf3 { [%clk 0:08:48] } 12... Rg8 { [%clk 0:08:28] } 13.
g3 { [%clk 0:08:46] } 13... Bg4 { [%clk 0:08:25] } 14. Nh4 { [%clk 0:08:44] }
14... O-O-O { [%clk 0:08:21] } 15. Bg2 { [%clk 0:08:42] } 15... Nf5
{ [%clk 0:08:18] } 16. Nxf5 { [%clk 0:08:36] } 16... Bxf5 { [%clk 0:08:18] }
17. O-O { [%clk 0:08:29] } 17... Bxc2 { [%clk 0:08:16] } 18. Bb2
{ [%clk 0:08:23] } 18... f6 { [%clk 0:07:59] } 19. Rfc1 { [%clk 0:08:17] }
19... Nb4 { [%clk 0:07:42] } 20. a3 { [%clk 0:08:10] } 20... d5
{ [%clk 0:07:32] } 21. axb4 { [%clk 0:08:01] } 21... Bxb3 { [%clk 0:07:28] }
22. Rxa7 { [%clk 0:07:43] } 22... Kd7 { [%clk 0:07:27] } 23. Rxb7
{ [%clk 0:07:39] } 23... Rb8 { [%clk 0:07:21] } 24. Rbxc7+ { [%clk 0:07:37] }
24... Kd6 { [%clk 0:07:17] } 25. R1c6# { [%clk 0:07:25] } 1-0"
Rated Rapid game,https://lichess.org/FF9vt577,2024.08.01,-,Boltar72,samad-is-tank,0-1,2024.08.01,08:45:57,1640,1741,,,C23,Bishop's Opening,600+0,Normal,"1. e4 { [%clk 0:10:00] } 1... e5 { [%clk 0:10:00] } 2. Bc4 { [%clk 0:09:59] }
2... Nc6 { [%clk 0:10:00] } 3. d3 { [%clk 0:09:57] } 3... Nf6
{ [%clk 0:09:59] } 4. a3 { [%clk 0:09:56] } 4... Bc5 { [%clk 0:09:59] } 5. Bg5
{ [%clk 0:09:55] } 5... d6 { [%clk 0:09:57] } 6. Bxf6 { [%clk 0:09:54] } 6...
Qxf6 { [%clk 0:09:56] } 7. Nf3 { [%clk 0:09:53] } 7... Nd4 { [%clk 0:09:53] }
8. Nbd2 { [%clk 0:09:48] } 8... Bg4 { [%clk 0:09:50] } 9. c3 { [%clk 0:09:45] }
9... Nxf3+ { [%clk 0:09:48] } 10. gxf3 { [%clk 0:09:44] } 10... Bh5
{ [%clk 0:09:36] } 11. Ke2 { [%clk 0:09:40] } 11... g5 { [%clk 0:09:32] } 12.
h3 { [%clk 0:09:37] } 12... g4 { [%clk 0:09:28] } 13. hxg4 { [%clk 0:09:36] }
13... Bxg4 { [%clk 0:09:26] } 14. Qg1 { [%clk 0:09:33] } 14... Be6
{ [%clk 0:09:12] } 15. Bxe6 { [%clk 0:09:23] } 15... fxe6 { [%clk 0:09:12] }
16. Qh2 { [%clk 0:09:02] } 16... O-O-O { [%clk 0:09:02] } 17. Qh4
{ [%clk 0:08:54] } 17... Qf7 { [%clk 0:08:51] } 18. Rag1 { [%clk 0:08:50] }
18... Rhf8 { [%clk 0:08:48] } 19. Rg3 { [%clk 0:08:48] } 19... Qf4
{ [%clk 0:08:42] } 20. Qxh7 { [%clk 0:08:34] } 20... Bxf2 { [%clk 0:08:39] }
21. Kxf2 { [%clk 0:08:27] } 21... Qxd2+ { [%clk 0:08:36] } 22. Kg1
{ [%clk 0:08:26] } 22... Qe3+ { [%clk 0:08:27] } 23. Kg2 { [%clk 0:08:24] }
23... Qe2+ { [%clk 0:08:25] } 24. Kg1 { [%clk 0:08:20] } 24... Qe1+
{ [%clk 0:08:24] } 25. Kg2 { [%clk 0:08:18] } 25... Qe2+ { [%clk 0:08:17] } 26.
Kg1 { [%clk 0:08:17] } 26... Rxf3 { [%clk 0:08:05] } 27. Rxf3
{ [%clk 0:08:16] } 27... Qxf3 { [%clk 0:08:03] } 28. Qg7 { [%clk 0:08:04] }
28... Qe3+ { [%clk 0:07:57] } 29. Kg2 { [%clk 0:08:02] } 29... Qe2+
{ [%clk 0:07:51] } 30. Kg1 { [%clk 0:07:59] } 30... Qxb2 { [%clk 0:07:48] } 31.
Rh7 { [%clk 0:07:57] } 31... Qxc3 { [%clk 0:07:46] } 32. Kg2 { [%clk 0:07:47] }
32... Qd2+ { [%clk 0:07:07] } 33. Kg1 { [%clk 0:07:46] } 33... Qd1+
{ [%clk 0:07:05] } 34. Kg2 { [%clk 0:07:45] } 34... Qe2+ { [%clk 0:07:00] } 35.
Kg1 { [%clk 0:07:44] } 35... Qe3+ { [%clk 0:06:55] } 36. Kg2 { [%clk 0:07:43] }
36... Qc5 { [%clk 0:06:51] } 37. a4 { [%clk 0:07:37] } 37... Qc6
{ [%clk 0:06:46] } 38. Qf7 { [%clk 0:07:33] } 38... Qd7 { [%clk 0:06:44] } 39.
Qg6 { [%clk 0:07:28] } 39... Qxa4 { [%clk 0:06:29] } 40. Qxe6+
{ [%clk 0:07:27] } 40... Kb8 { [%clk 0:06:27] } 41. Rg7 { [%clk 0:07:14] }
41... Qc2+ { [%clk 0:06:21] } 42. Kg1 { [%clk 0:07:11] } 42... Qd1+
{ [%clk 0:06:19] } 43. Kg2 { [%clk 0:07:10] } 43... Qe2+ { [%clk 0:06:18] } 44.
Kg1 { [%clk 0:07:09] } 44... Qxd3 { [%clk 0:06:15] } 45. Qe7 { [%clk 0:07:06] }
45... Qe3+ { [%clk 0:06:07] } 46. Kg2 { [%clk 0:07:03] } 46... Qxe4+
{ [%clk 0:06:01] } 47. Kg1 { [%clk 0:07:02] } 47... Rc8 { [%clk 0:05:55] } 48.
Qd7 { [%clk 0:06:56] } 48... Qc6 { [%clk 0:05:49] } 49. Qe7 { [%clk 0:06:51] }
49... a5 { [%clk 0:05:45] } 50. Rg2 { [%clk 0:06:48] } 50... a4
{ [%clk 0:05:41] } 51. Qf7 { [%clk 0:06:45] } 51... Qc5+ { [%clk 0:05:29] } 52.
Kf1 { [%clk 0:06:41] } 52... a3 { [%clk 0:05:23] } 53. Qa2 { [%clk 0:06:36] }
53... Qc1+ { [%clk 0:05:15] } 54. Ke2 { [%clk 0:06:33] } 54... Qb2+
{ [%clk 0:05:13] } 55. Kd3 { [%clk 0:06:31] } 55... Qxa2 { [%clk 0:05:08] } 56.
Rxa2 { [%clk 0:06:29] } 56... Rf8 { [%clk 0:05:07] } 57. Kc4 { [%clk 0:06:26] }
57... Rf3 { [%clk 0:05:04] } 58. Kd5 { [%clk 0:06:24] } 58... b5
{ [%clk 0:05:01] } 59. Kc6 { [%clk 0:06:22] } 59... b4 { [%clk 0:04:59] } 60.
Kb5 { [%clk 0:06:16] } 60... b3 { [%clk 0:04:57] } 61. Rxa3 { [%clk 0:06:15] }
61... b2 { [%clk 0:04:56] } 62. Rxf3 { [%clk 0:06:13] } 62... b1=Q+
{ [%clk 0:04:54] } 63. Kc4 { [%clk 0:06:07] } 63... Qe4+ { [%clk 0:04:51] } 0-1"
Rated Rapid game,https://lichess.org/0Rbg6MTE,2024.08.01,-,ExileFromNoxus,vaidee_g,1-0,2024.08.01,08:45:57,1565,1639,,,C50,Italian Game: Anti-Fried Liver Defense,600+0,Normal,"1. e4 { [%clk 0:10:00] } 1... e5 { [%clk 0:10:00] } 2. Nf3 { [%clk 0:09:55] }
2... Nc6 { [%clk 0:09:57] } 3. Bc4 { [%clk 0:09:54] } 3... h6
{ [%clk 0:09:50] } 4. c3 { [%clk 0:09:52] } 4... d6 { [%clk 0:09:38] } 5. d4
{ [%clk 0:09:49] } 5... exd4 { [%clk 0:09:10] } 6. cxd4 { [%clk 0:09:48] } 6...
Bg4 { [%clk 0:09:03] } 7. Be3 { [%clk 0:09:41] } 7... Nf6 { [%clk 0:08:42] } 8.
O-O { [%clk 0:09:36] } 8... Be7 { [%clk 0:08:32] } 9. Nc3 { [%clk 0:09:34] }
9... O-O { [%clk 0:08:30] } 10. e5 { [%clk 0:09:22] } 10... dxe5
{ [%clk 0:08:24] } 11. dxe5 { [%clk 0:09:22] } 11... Nd7 { [%clk 0:08:11] } 12.
Be2 { [%clk 0:08:50] } 12... Qc8 { [%clk 0:07:12] } 13. Nd4 { [%clk 0:08:29] }
13... Bxe2 { [%clk 0:07:01] } 14. Ndxe2 { [%clk 0:08:19] } 14... Ncxe5
{ [%clk 0:06:57] } 15. Bd4 { [%clk 0:08:14] } 15... Bf6 { [%clk 0:06:47] } 16.
Nd5 { [%clk 0:08:08] } 16... Bg5 { [%clk 0:06:20] } 17. Nec3 { [%clk 0:07:55] }
17... c5 { [%clk 0:06:04] } 18. Bxe5 { [%clk 0:07:51] } 18... Nxe5
{ [%clk 0:06:02] } 19. f4 { [%clk 0:07:41] } 19... Nc4 { [%clk 0:05:03] } 20.
fxg5 { [%clk 0:07:37] } 20... hxg5 { [%clk 0:05:01] } 21. Ne7+
{ [%clk 0:07:35] } 21... Kh8 { [%clk 0:04:57] } 22. Nxc8 { [%clk 0:07:35] }
22... Ne3 { [%clk 0:04:50] } 23. Qh5+ { [%clk 0:07:32] } 23... Kg8
{ [%clk 0:04:47] } 24. Ne7# { [%clk 0:07:32] } 1-0"
Rated Rapid game,https://lichess.org/z8XyzzV5,2024.08.01,-,debe123,rajivmashru,0-1,2024.08.01,08:45:57,1742,1785,,,C30,King's Gambit Declined: Queen's Knight Defense,600+0,Normal,"1. e4 { [%clk 0:10:00] } 1... e5 { [%clk 0:10:00] } 2. f4 { [%clk 0:09:58] }
2... Nc6 { [%clk 0:09:58] } 3. Nf3 { [%clk 0:09:57] } 3... Bd6
{ [%clk 0:09:56] } 4. Bc4 { [%clk 0:09:54] } 4... Nf6 { [%clk 0:09:55] } 5. Nc3
{ [%clk 0:09:48] } 5... O-O { [%clk 0:09:52] } 6. fxe5 { [%clk 0:09:43] } 6...
Nxe5 { [%clk 0:09:49] } 7. Bb3 { [%clk 0:09:38] } 7... Nxf3+ { [%clk 0:09:43] }
8. Qxf3 { [%clk 0:09:34] } 8... c6 { [%clk 0:09:41] } 9. O-O { [%clk 0:09:33] }
9... Bc7 { [%clk 0:09:39] } 10. d4 { [%clk 0:09:31] } 10... d5
{ [%clk 0:09:37] } 11. e5 { [%clk 0:09:30] } 11... Nd7 { [%clk 0:09:13] } 12.
Qg3 { [%clk 0:09:25] } 12... Bb6 { [%clk 0:09:10] } 13. Ne2 { [%clk 0:09:16] }
13... c5 { [%clk 0:09:07] } 14. Bh6 { [%clk 0:08:43] } 14... g6
{ [%clk 0:09:02] } 15. Bxf8 { [%clk 0:08:17] } 15... Nxf8 { [%clk 0:08:57] }
16. c3 { [%clk 0:08:15] } 16... Ne6 { [%clk 0:08:45] } 17. Nf4
{ [%clk 0:07:47] } 17... cxd4 { [%clk 0:08:39] } 18. Bxd5 { [%clk 0:07:03] }
18... d3+ { [%clk 0:08:31] } 19. Kh1 { [%clk 0:06:59] } 19... Nxf4
{ [%clk 0:08:29] } 20. Bxf7+ { [%clk 0:06:49] } 20... Kg7 { [%clk 0:08:19] }
21. Qxf4 { [%clk 0:06:47] } 21... Bf5 { [%clk 0:08:12] } 22. Bb3
{ [%clk 0:06:35] } 22... Qe7 { [%clk 0:08:02] } 23. Qg3 { [%clk 0:06:29] }
23... Kh8 { [%clk 0:07:55] } 24. Rae1 { [%clk 0:06:03] } 24... Bc7
{ [%clk 0:07:54] } 25. e6 { [%clk 0:05:58] } 25... Bxg3 { [%clk 0:07:49] } 26.
hxg3 { [%clk 0:05:15] } 26... Rd8 { [%clk 0:07:42] } 27. Rd1 { [%clk 0:05:09] }
27... Bg4 { [%clk 0:07:35] } 28. Rxd3 { [%clk 0:04:50] } 28... Rxd3
{ [%clk 0:07:31] } 29. Rf7 { [%clk 0:04:44] } 29... Qd6 { [%clk 0:07:14] } 30.
e7 { [%clk 0:04:34] } 30... Re3 { [%clk 0:06:22] } 31. Rf8+ { [%clk 0:04:21] }
31... Kg7 { [%clk 0:06:18] } 32. e8=N+ { [%clk 0:04:07] } 32... Rxe8
{ [%clk 0:06:14] } 33. Rxe8 { [%clk 0:04:06] } 33... Qxg3 { [%clk 0:06:11] }
34. Rg8+ { [%clk 0:04:03] } 34... Kh6 { [%clk 0:06:09] } 35. Rh8
{ [%clk 0:03:56] } 35... Qe1+ { [%clk 0:05:54] } 36. Kh2 { [%clk 0:03:54] }
36... Qe5+ { [%clk 0:05:53] } 37. Kg1 { [%clk 0:03:50] } 37... Qxh8
{ [%clk 0:05:51] } 0-1"
Rated Rapid game,https://lichess.org/BioQJ2Xc,2024.08.01,-,Octipus,vatrogasac1970,1-0,2024.08.01,08:45:57,2235,2247,,,D37,Queen's Gambit Declined: Three Knights Variation,600+0,Time forfeit,"1. d4 { [%clk 0:10:00] } 1... d5 { [%clk 0:10:00] } 2. c4 { [%clk 0:09:58] }
2... e6 { [%clk 0:09:58] } 3. Nf3 { [%clk 0:09:56] } 3... Nf6
{ [%clk 0:09:56] } 4. Nc3 { [%clk 0:09:54] } 4... Be7 { [%clk 0:09:54] } 5. Bg5
{ [%clk 0:09:51] } 5... a6 { [%clk 0:09:48] } 6. e3 { [%clk 0:09:48] } 6... O-O
{ [%clk 0:09:46] } 7. cxd5 { [%clk 0:09:46] } 7... exd5 { [%clk 0:09:43] } 8.
Bd3 { [%clk 0:09:44] } 8... Nc6 { [%clk 0:09:34] } 9. h3 { [%clk 0:09:35] }
9... h6 { [%clk 0:09:21] } 10. Bh4 { [%clk 0:09:26] } 10... Re8
{ [%clk 0:09:20] } 11. O-O { [%clk 0:09:24] } 11... Bf8 { [%clk 0:09:18] } 12.
a3 { [%clk 0:09:19] } 12... Qd6 { [%clk 0:09:14] } 13. Nd2 { [%clk 0:08:54] }
13... Ne4 { [%clk 0:07:55] } 14. Ndxe4 { [%clk 0:08:41] } 14... dxe4
{ [%clk 0:07:51] } 15. Nxe4 { [%clk 0:08:29] } 15... Qd5 { [%clk 0:07:30] } 16.
Nc3 { [%clk 0:08:25] } 16... Qd6 { [%clk 0:07:07] } 17. Bg3 { [%clk 0:08:22] }
17... Qd8 { [%clk 0:06:59] } 18. b4 { [%clk 0:08:12] } 18... Ne7
{ [%clk 0:06:57] } 19. Rc1 { [%clk 0:08:06] } 19... c6 { [%clk 0:06:54] } 20.
a4 { [%clk 0:07:54] } 20... Nf5 { [%clk 0:06:52] } 21. Bxf5 { [%clk 0:07:45] }
21... Bxf5 { [%clk 0:06:49] } 22. b5 { [%clk 0:07:43] } 22... axb5
{ [%clk 0:06:46] } 23. axb5 { [%clk 0:07:43] } 23... cxb5 { [%clk 0:06:25] }
24. Nxb5 { [%clk 0:07:43] } 24... Ra2 { [%clk 0:06:16] } 25. Nc7
{ [%clk 0:07:31] } 25... Re7 { [%clk 0:05:50] } 26. Qb3 { [%clk 0:07:25] }
26... Ra5 { [%clk 0:05:33] } 27. Qxb7 { [%clk 0:07:19] } 27... Be4
{ [%clk 0:05:28] } 28. Qb6 { [%clk 0:07:13] } 28... Rg5 { [%clk 0:05:12] } 29.
Na6 { [%clk 0:06:38] } 29... Qxb6 { [%clk 0:05:06] } 30. Nc5 { [%clk 0:06:00] }
30... Ba8 { [%clk 0:04:48] } 31. Rb1 { [%clk 0:05:53] } 31... Qc6
{ [%clk 0:04:45] } 32. e4 { [%clk 0:05:52] } 32... Rxc5 { [%clk 0:04:38] } 33.
dxc5 { [%clk 0:05:48] } 33... Qxe4 { [%clk 0:04:37] } 34. f3 { [%clk 0:05:48] }
34... Qc2 { [%clk 0:04:23] } 35. Bd6 { [%clk 0:05:45] } 35... Re2
{ [%clk 0:04:19] } 36. Rb8 { [%clk 0:05:38] } 36... Rxg2+ { [%clk 0:04:13] }
37. Kh1 { [%clk 0:05:38] } 37... Bxf3 { [%clk 0:03:51] } 38. Rxf3
{ [%clk 0:05:17] } 38... Re2 { [%clk 0:03:45] } 39. Rxf8+ { [%clk 0:05:14] }
39... Kh7 { [%clk 0:03:43] } 40. R8xf7 { [%clk 0:05:10] } 40... Qe4
{ [%clk 0:03:31] } 41. Rf4 { [%clk 0:05:01] } 41... Qc6 { [%clk 0:03:20] } 42.
Kg1 { [%clk 0:04:51] } 42... Qb5 { [%clk 0:03:01] } 43. Rf2 { [%clk 0:04:43] }
43... Re1+ { [%clk 0:02:53] } 44. Rf1 { [%clk 0:04:42] } 44... Re3
{ [%clk 0:02:44] } 45. R1f3 { [%clk 0:04:36] } 45... Re6 { [%clk 0:02:41] } 46.
Kh2 { [%clk 0:04:27] } 46... h5 { [%clk 0:02:33] } 47. h4 { [%clk 0:04:16] }
47... Rg6 { [%clk 0:02:17] } 48. Rg3 { [%clk 0:03:54] } 48... Qe2+
{ [%clk 0:02:09] } 49. Kh3 { [%clk 0:03:52] } 49... Re6 { [%clk 0:01:53] } 50.
Rf7 { [%clk 0:03:29] } 50... Rg6 { [%clk 0:01:42] } 51. Rxg6 { [%clk 0:03:20] }
51... Kxg6 { [%clk 0:01:41] } 52. Rf4 { [%clk 0:03:19] } 52... Qe1
{ [%clk 0:01:34] } 53. Kg2 { [%clk 0:03:15] } 53... Kh7 { [%clk 0:01:24] } 54.
Kf3 { [%clk 0:03:10] } 54... g6 { [%clk 0:01:22] } 55. Kg2 { [%clk 0:03:08] }
55... Kg7 { [%clk 0:01:18] } 56. Kh2 { [%clk 0:03:05] } 56... Qd2+
{ [%clk 0:01:15] } 57. Kh3 { [%clk 0:03:03] } 57... Qe3+ { [%clk 0:01:11] } 58.
Kg2 { [%clk 0:03:00] } 58... g5 { [%clk 0:01:04] } 59. hxg5 { [%clk 0:02:53] }
59... Kg6 { [%clk 0:01:02] } 60. Rf6+ { [%clk 0:02:42] } 60... Kg7
{ [%clk 0:00:56] } 61. Rf4 { [%clk 0:02:27] } 61... h4 { [%clk 0:00:47] } 62.
Rxh4 { [%clk 0:02:22] } 62... Qxg5+ { [%clk 0:00:45] } 63. Kh3
{ [%clk 0:02:16] } 63... Qe3+ { [%clk 0:00:40] } 64. Kg2 { [%clk 0:02:07] }
64... Qg5+ { [%clk 0:00:37] } 65. Bg3 { [%clk 0:02:06] } 65... Qxc5
{ [%clk 0:00:35] } 66. Rg4+ { [%clk 0:02:04] } 66... Kf6 { [%clk 0:00:33] } 67.
Rf4+ { [%clk 0:02:02] } 67... Kg5 { [%clk 0:00:32] } 68. Rf1 { [%clk 0:01:56] }
68... Qc2+ { [%clk 0:00:30] } 69. Kh3 { [%clk 0:01:46] } 69... Qh7+
{ [%clk 0:00:27] } 70. Kg2 { [%clk 0:01:44] } 70... Qc2+ { [%clk 0:00:25] } 71.
Rf2 { [%clk 0:01:41] } 71... Qc6+ { [%clk 0:00:23] } 72. Kh3 { [%clk 0:01:35] }
72... Qe6+ { [%clk 0:00:22] } 73. Kh2 { [%clk 0:01:29] } 73... Qe4
{ [%clk 0:00:17] } 74. Rg2 { [%clk 0:00:50] } 74... Qh7+ { [%clk 0:00:12] } 75.
Kg1 { [%clk 0:00:48] } 75... Kf5 { [%clk 0:00:09] } 76. Be1 { [%clk 0:00:44] }
76... Ke4 { [%clk 0:00:08] } 77. Re2+ { [%clk 0:00:41] } 77... Kf3
{ [%clk 0:00:07] } 78. Rf2+ { [%clk 0:00:40] } 78... Ke3 { [%clk 0:00:06] } 79.
Bd2+ { [%clk 0:00:35] } 79... Kd3 { [%clk 0:00:05] } 80. Bf4 { [%clk 0:00:35] }
80... Qg6+ { [%clk 0:00:03] } 81. Kf1 { [%clk 0:00:33] } 81... Qf5
{ [%clk 0:00:02] } 82. Rd2+ { [%clk 0:00:27] } 82... Ke4 { [%clk 0:00:00] } 83.
Re2+ { [%clk 0:00:24] } 1-0"
Rated Rapid game,https://lichess.org/yvwAE77t,2024.08.01,-,monisodiol07,Mr_Becket,1-0,2024.08.01,08:45:57,1427,1415,,,A40,Horwitz Defense,600+0,Normal,"1. d4 { [%clk 0:10:00] } 1... e6 { [%clk 0:10:00] } 2. a3 { [%clk 0:09:57] }
2... d5 { [%clk 0:09:30] } 3. Nd2 { [%clk 0:09:51] } 3... g6 { [%clk 0:09:25] }
4. Ngf3 { [%clk 0:09:49] } 4... Bg7 { [%clk 0:09:20] } 5. c3 { [%clk 0:09:46] }
5... Nf6 { [%clk 0:09:19] } 6. g3 { [%clk 0:09:32] } 6... O-O
{ [%clk 0:09:17] } 7. Bg2 { [%clk 0:09:30] } 7... Nc6 { [%clk 0:09:07] } 8. Qa4
{ [%clk 0:09:20] } 8... Ne7 { [%clk 0:09:04] } 9. Qd1 { [%clk 0:09:16] } 9...
a6 { [%clk 0:08:43] } 10. O-O { [%clk 0:09:13] } 10... b5 { [%clk 0:08:35] }
11. Nb3 { [%clk 0:09:07] } 11... c6 { [%clk 0:08:32] } 12. Nc5
{ [%clk 0:09:05] } 12... Re8 { [%clk 0:08:24] } 13. Ne5 { [%clk 0:08:47] }
13... Nf5 { [%clk 0:08:14] } 14. Nf3 { [%clk 0:08:41] } 14... e5
{ [%clk 0:08:03] } 15. dxe5 { [%clk 0:08:36] } 15... Ne4 { [%clk 0:08:02] } 16.
Nxe4 { [%clk 0:08:34] } 16... dxe4 { [%clk 0:08:00] } 17. Qxd8
{ [%clk 0:08:31] } 17... Rxd8 { [%clk 0:07:59] } 18. Nd4 { [%clk 0:08:19] }
18... Bb7 { [%clk 0:07:50] } 19. Nxf5 { [%clk 0:08:15] } 19... gxf5
{ [%clk 0:07:48] } 20. Bg5 { [%clk 0:08:13] } 20... Rd5 { [%clk 0:07:35] } 21.
Bf6 { [%clk 0:08:11] } 21... Bxf6 { [%clk 0:07:31] } 22. exf6
{ [%clk 0:08:09] } 22... Rd6 { [%clk 0:07:27] } 23. e3 { [%clk 0:08:05] } 23...
Rxf6 { [%clk 0:07:26] } 24. Rad1 { [%clk 0:08:03] } 24... c5 { [%clk 0:07:24] }
25. Rd2 { [%clk 0:08:01] } 25... b4 { [%clk 0:07:23] } 26. axb4
{ [%clk 0:07:58] } 26... cxb4 { [%clk 0:07:23] } 27. cxb4 { [%clk 0:07:57] }
27... Rb6 { [%clk 0:07:21] } 28. Rd4 { [%clk 0:07:56] } 28... a5
{ [%clk 0:07:19] } 29. Ra1 { [%clk 0:07:54] } 29... axb4 { [%clk 0:07:16] } 30.
Rxa8+ { [%clk 0:07:51] } 30... Bxa8 { [%clk 0:07:15] } 31. Rd8+
{ [%clk 0:07:50] } 31... Kg7 { [%clk 0:07:13] } 32. Rxa8 { [%clk 0:07:48] }
32... Rd6 { [%clk 0:07:12] } 33. Ra1 { [%clk 0:07:42] } 33... Rd2
{ [%clk 0:07:10] } 34. Rb1 { [%clk 0:07:39] } 34... h5 { [%clk 0:07:09] } 35.
h4 { [%clk 0:07:36] } 35... Kg6 { [%clk 0:07:08] } 36. b3 { [%clk 0:07:28] }
36... Kf6 { [%clk 0:07:00] } 37. Kf1 { [%clk 0:07:26] } 37... Ke5
{ [%clk 0:06:57] } 38. Ke1 { [%clk 0:07:24] } 38... Rd3 { [%clk 0:06:53] } 39.
Bf1 { [%clk 0:07:21] } 39... Rc3 { [%clk 0:06:50] } 40. Bc4 { [%clk 0:07:19] }
40... f6 { [%clk 0:06:42] } 41. Rd1 { [%clk 0:07:13] } 1-0"
Rated Rapid game,https://lichess.org/Y4OzJLKD,2024.08.01,-,ARIJ_RAdaSlav,Chuletavelazco,1-0,2024.08.01,08:45:57,1523,1534,,,A13,English Opening: Agincourt Defense,600+0,Normal,"1. c4 { [%eval 0.12] [%clk 0:10:00] } 1... e6 { [%eval 0.25] [%clk 0:10:00] }
2. d4 { [%eval 0.17] [%clk 0:09:57] } 2... d6 { [%eval 0.57] [%clk 0:09:56] }
3. Nc3 { [%eval 0.52] [%clk 0:09:55] } 3... Nf6 { [%eval 0.77] [%clk 0:09:50] }
4. g3 { [%eval 0.58] [%clk 0:09:52] } 4... Nc6 { [%eval 0.76] [%clk 0:09:47] }
5. Bg2 { [%eval 0.6] [%clk 0:09:49] } 5... Bd7 { [%eval 0.87] [%clk 0:09:39] }
6. Bg5 { [%eval 0.5] [%clk 0:09:47] } 6... Be7 { [%eval 0.61] [%clk 0:09:36] }
7. e4 $2 { [%eval -0.49] [%clk 0:09:44] } 7... h6 $2
{ [%eval 0.7] [%clk 0:09:33] } 8. Be3 { [%eval 0.8] [%clk 0:09:37] } 8... e5
{ [%eval 0.83] [%clk 0:09:25] } 9. d5 { [%eval 0.87] [%clk 0:09:35] } 9... Nd4
{ [%eval 1.31] [%clk 0:09:19] } 10. Bxd4 { [%eval 1.33] [%clk 0:09:31] } 10...
exd4 { [%eval 1.3] [%clk 0:09:18] } 11. Qxd4 { [%eval 1.33] [%clk 0:09:30] }
11... O-O { [%eval 1.3] [%clk 0:09:09] } 12. Nge2
{ [%eval 1.17] [%clk 0:09:16] } 12... Re8 { [%eval 1.35] [%clk 0:09:05] } 13.
f4 $6 { [%eval 0.61] [%clk 0:08:48] } 13... Bg4 $6
{ [%eval 1.35] [%clk 0:08:48] } 14. h3 { [%eval 1.07] [%clk 0:08:44] } 14...
Bxe2 { [%eval 1.04] [%clk 0:08:46] } 15. Nxe2 { [%eval 0.71] [%clk 0:08:41] }
15... Nh7 $6 { [%eval 1.61] [%clk 0:08:40] } 16. g4 $2
{ [%eval 0.23] [%clk 0:08:37] } 16... Bf6 { [%eval 0.38] [%clk 0:08:36] } 17.
e5 $2 { [%eval -2.61] [%clk 0:08:31] } 17... dxe5
{ [%eval -2.64] [%clk 0:08:33] } 18. Qe4 $2 { [%eval -4.32] [%clk 0:08:24] }
18... exf4 { [%eval -4.43] [%clk 0:08:24] } 19. Qxf4
{ [%eval -4.42] [%clk 0:08:20] } 19... Qe7 { [%eval -4.43] [%clk 0:08:11] } 20.
Qd2 { [%eval -4.34] [%clk 0:08:07] } 20... Bg5 { [%eval -4.27] [%clk 0:08:03] }
21. Qc2 { [%eval -4.66] [%clk 0:08:02] } 21... Qe3
{ [%eval -4.99] [%clk 0:07:40] } 22. h4 { [%eval -5.06] [%clk 0:07:48] } 22...
Qd2+ $4 { [%eval 4.57] [%clk 0:07:31] } 23. Qxd2
{ [%eval 4.61] [%clk 0:07:45] } 23... Bxd2+ { [%eval 4.63] [%clk 0:07:28] } 24.
Kxd2 { [%eval 4.62] [%clk 0:07:45] } 24... Nf6 { [%eval 4.66] [%clk 0:07:23] }
25. g5 { [%eval 4.51] [%clk 0:07:42] } 25... hxg5
{ [%eval 4.63] [%clk 0:07:20] } 26. hxg5 { [%eval 4.57] [%clk 0:07:41] } 26...
Nh7 { [%eval 4.67] [%clk 0:07:10] } 27. Rh3 { [%eval 3.89] [%clk 0:07:22] }
27... Nxg5 { [%eval 3.94] [%clk 0:07:06] } 28. Rh5
{ [%eval 3.81] [%clk 0:07:20] } 28... f6 { [%eval 3.79] [%clk 0:07:03] } 29.
Rah1 { [%eval 3.58] [%clk 0:07:16] } 29... Kf7 { [%eval 3.6] [%clk 0:06:59] }
30. d6 { [%eval 3.61] [%clk 0:07:12] } 30... Rad8 $2
{ [%eval 4.73] [%clk 0:06:53] } 31. Bd5+ { [%eval 4.55] [%clk 0:07:09] } 31...
Kg6 { [%eval 4.7] [%clk 0:06:49] } 32. Nf4+ { [%eval 4.51] [%clk 0:07:08] }
32... Kf5 { [%eval 4.35] [%clk 0:06:46] } 33. Rf1
{ [%eval 4.12] [%clk 0:06:59] } 33... Kg4 $2 { [%eval 5.31] [%clk 0:06:40] }
34. c5 $2 { [%eval 3.82] [%clk 0:06:25] } 34... cxd6
{ [%eval 3.75] [%clk 0:06:37] } 35. Rhh1 { [%eval 3.66] [%clk 0:06:02] } 35...
dxc5 { [%eval 3.62] [%clk 0:06:30] } 36. Rhg1+ { [%eval 3.4] [%clk 0:05:50] }
36... Kh4 $6 { [%eval 4.39] [%clk 0:06:25] } 37. Kc3
{ [%eval 3.97] [%clk 0:05:42] } 37... Re3+ { [%eval 4.13] [%clk 0:06:07] } 38.
Kc4 { [%eval 3.84] [%clk 0:05:38] } 38... b6 $2 { [%eval 6.28] [%clk 0:05:53] }
39. Rh1+ $4 { [%eval 3.21] [%clk 0:05:26] } 39... Kg3 $4
{ [%eval #2] [%clk 0:05:47] } 40. Nh5+ { [%eval #1] [%clk 0:05:10] } 40... Kg4
{ [%eval #1] [%clk 0:05:42] } 41. Rf4# { [%clk 0:04:59] } 1-0"
Rated Rapid game,https://lichess.org/uYkhpqdM,2024.08.01,-,Gopi2017,El_Republic,0-1,2024.08.01,08:45:57,1271,1274,,,B23,"Sicilian Defense: Closed, Traditional",600+0,Normal,"1. e4 { [%clk 0:10:00] } 1... c5 { [%clk 0:10:00] } 2. Nc3 { [%clk 0:10:00] }
2... Nc6 { [%clk 0:09:58] } 3. Bc4 { [%clk 0:09:59] } 3... a6
{ [%clk 0:09:56] } 4. d3 { [%clk 0:09:58] } 4... e6 { [%clk 0:09:55] } 5. a4
{ [%clk 0:09:56] } 5... Nge7 { [%clk 0:09:53] } 6. h3 { [%clk 0:09:54] } 6...
d5 { [%clk 0:09:52] } 7. exd5 { [%clk 0:09:52] } 7... exd5 { [%clk 0:09:52] }
8. Ba2 { [%clk 0:09:47] } 8... d4 { [%clk 0:09:45] } 9. Ne4 { [%clk 0:09:42] }
9... g6 { [%clk 0:09:39] } 10. Nxc5 { [%clk 0:09:41] } 10... Nf5
{ [%clk 0:09:32] } 11. Qf3 { [%clk 0:09:32] } 11... Bxc5 { [%clk 0:09:27] } 12.
Ne2 { [%clk 0:09:23] } 12... Nb4 { [%clk 0:09:23] } 13. Bc4 { [%clk 0:09:17] }
13... Nxc2+ { [%clk 0:09:18] } 0-1"
Rated Rapid game,https://lichess.org/M1db0Tl7,2024.08.01,-,us03385,Adoric,1-0,2024.08.01,08:45:57,1365,1376,,,B08,Pirc Defense: Classical Variation,600+0,Normal,"1. e4 { [%clk 0:10:00] } 1... Nf6 { [%clk 0:10:00] } 2. Nc3 { [%clk 0:09:58] }
2... d6 { [%clk 0:09:56] } 3. Nf3 { [%clk 0:09:56] } 3... g6 { [%clk 0:09:55] }
4. d4 { [%clk 0:09:52] } 4... Bg7 { [%clk 0:09:52] } 5. e5 { [%clk 0:09:50] }
5... dxe5 { [%clk 0:09:51] } 6. dxe5 { [%clk 0:09:48] } 6... Nh5
{ [%clk 0:09:31] } 7. Qxd8+ { [%clk 0:09:46] } 7... Kxd8 { [%clk 0:09:29] } 8.
Bc4 { [%clk 0:09:40] } 8... Be6 { [%clk 0:09:16] } 9. Bxe6 { [%clk 0:09:30] }
9... fxe6 { [%clk 0:09:15] } 10. O-O { [%clk 0:09:29] } 10... Nc6
{ [%clk 0:09:14] } 11. Be3 { [%clk 0:09:11] } 11... Nxe5 { [%clk 0:09:04] } 12.
Ng5 { [%clk 0:08:58] } 12... Nc4 { [%clk 0:08:44] } 13. Nf7+ { [%clk 0:08:53] }
13... Kd7 { [%clk 0:08:40] } 14. Nxh8 { [%clk 0:08:52] } 14... Rxh8
{ [%clk 0:08:38] } 15. Bxa7 { [%clk 0:08:48] } 1-0"
Rated Rapid game,https://lichess.org/XO5kZDFK,2024.08.01,-,Moltschanow,Abosaid_14,1-0,2024.08.01,08:45:57,1277,1361,,,B00,Nimzowitsch Defense,600+0,Normal,"1. e4 { [%clk 0:10:00] } 1... Nc6 { [%clk 0:10:00] } 2. g3 { [%clk 0:09:47] }
2... e5 { [%clk 0:09:58] } 3. Bg2 { [%clk 0:09:46] } 3... Bc5
{ [%clk 0:09:55] } 4. d3 { [%clk 0:09:34] } 4... h6 { [%clk 0:09:53] } 5. Qe2
{ [%clk 0:09:30] } 5... a6 { [%clk 0:09:49] } 6. Be3 { [%clk 0:09:24] } 6...
Bxe3 { [%clk 0:09:47] } 7. Qxe3 { [%clk 0:09:23] } 7... Qg5 { [%clk 0:09:38] }
8. Qxg5 { [%clk 0:09:17] } 8... hxg5 { [%clk 0:09:36] } 9. h3
{ [%clk 0:09:16] } 9... d6 { [%clk 0:09:35] } 10. Nf3 { [%clk 0:09:15] } 10...
Bd7 { [%clk 0:09:26] } 11. Nxg5 { [%clk 0:09:13] } 11... Be6 { [%clk 0:09:13] }
12. Nd2 { [%clk 0:09:07] } 12... O-O-O { [%clk 0:09:04] } 13. c4
{ [%clk 0:09:00] } 13... Nd4 { [%clk 0:09:01] } 14. a4 { [%clk 0:08:42] } 14...
Nc2+ { [%clk 0:08:59] } 15. Ke2 { [%clk 0:08:36] } 15... Nxa1
{ [%clk 0:08:57] } 16. Rxa1 { [%clk 0:08:35] } 16... Rh5 { [%clk 0:08:46] } 17.
h4 { [%clk 0:08:32] } 17... Bg4+ { [%clk 0:08:38] } 18. Bf3 { [%clk 0:08:29] }
18... Bxf3+ { [%clk 0:08:36] } 19. Ndxf3 { [%clk 0:08:26] } 19... Rd7
{ [%clk 0:08:34] } 20. b4 { [%clk 0:08:16] } 20... Ne7 { [%clk 0:08:30] } 21.
b5 { [%clk 0:08:15] } 21... a5 { [%clk 0:08:24] } 22. d4 { [%clk 0:08:06] }
22... Ng6 { [%clk 0:08:07] } 23. c5 { [%clk 0:07:53] } 23... exd4
{ [%clk 0:07:59] } 24. c6 { [%clk 0:07:45] } 24... bxc6 { [%clk 0:07:54] } 25.
bxc6 { [%clk 0:07:43] } 25... d3+ { [%clk 0:07:51] } 26. Kxd3
{ [%clk 0:07:40] } 26... Re7 { [%clk 0:07:44] } 27. Rb1 { [%clk 0:07:33] }
27... Ne5+ { [%clk 0:07:34] } 28. Nxe5 { [%clk 0:07:21] } 28... dxe5
{ [%clk 0:07:31] } 29. Rb5 { [%clk 0:07:18] } 29... f6 { [%clk 0:07:21] } 30.
Nf3 { [%clk 0:07:12] } 30... Re6 { [%clk 0:07:13] } 31. Rxa5 { [%clk 0:07:07] }
31... Rxc6 { [%clk 0:07:07] } 32. Ra8+ { [%clk 0:07:02] } 32... Kb7
{ [%clk 0:07:05] } 33. Rg8 { [%clk 0:06:56] } 33... Rh7 { [%clk 0:06:45] } 34.
g4 { [%clk 0:06:43] } 34... g6 { [%clk 0:06:43] } 35. Rxg6 { [%clk 0:06:40] }
35... Rd7+ { [%clk 0:06:40] } 36. Ke2 { [%clk 0:06:31] } 36... Ra6
{ [%clk 0:06:37] } 37. h5 { [%clk 0:06:13] } 37... Rxa4 { [%clk 0:06:34] } 38.
Rxf6 { [%clk 0:06:09] } 38... Rxe4+ { [%clk 0:06:29] } 39. Kf1
{ [%clk 0:06:01] } 39... Rxg4 { [%clk 0:06:25] } 40. Nxe5 { [%clk 0:05:53] }
40... Rh7 { [%clk 0:06:15] } 41. Nxg4 { [%clk 0:05:48] } 41... Rxh5
{ [%clk 0:06:13] } 42. f3 { [%clk 0:05:31] } 42... Rh1+ { [%clk 0:06:09] } 43.
Kf2 { [%clk 0:05:28] } 1-0"
Rated Rapid game,https://lichess.org/TQNsoMP9,2024.08.01,-,Saroyenovkian,Anuragbelsare20,1-0,2024.08.01,08:45:57,1047,939,,,C41,Philidor Defense,600+0,Normal,"1. e4 { [%clk 0:10:00] } 1... e5 { [%clk 0:10:00] } 2. Nf3 { [%clk 0:10:00] }
2... d6 { [%clk 0:09:59] } 3. Nc3 { [%clk 0:09:59] } 3... Nc6
{ [%clk 0:09:58] } 4. Bb5 { [%clk 0:09:57] } 4... Nf6 { [%clk 0:09:57] } 5. Nd5
{ [%clk 0:09:54] } 5... Bd7 { [%clk 0:09:43] } 6. d3 { [%clk 0:09:50] } 6... a6
{ [%clk 0:09:36] } 7. Bc4 { [%clk 0:09:37] } 7... Nd4 { [%clk 0:09:14] } 8. Ng5
{ [%clk 0:09:34] } 8... Be7 { [%clk 0:08:59] } 9. Be3 { [%clk 0:09:17] } 9...
Bg4 { [%clk 0:08:45] } 10. Nxf7 { [%clk 0:09:10] } 10... Kxf7
{ [%clk 0:08:35] } 11. Nxf6+ { [%clk 0:08:25] } 11... Kxf6 { [%clk 0:08:26] }
12. Qxg4 { [%clk 0:08:16] } 12... Nxc2+ { [%clk 0:08:09] } 13. Kd2
{ [%clk 0:08:15] } 13... Nxa1 { [%clk 0:08:02] } 14. Qf5# { [%clk 0:08:14] }
1-0"
Rated Rapid game,https://lichess.org/KqbW5xY7,2024.08.01,-,x118vop,yamaguch,1-0,2024.08.01,08:45:57,1470,1287,,,C41,Philidor Defense,600+0,Normal,"1. e4 { [%clk 0:10:00] } 1... e5 { [%clk 0:10:00] } 2. Nf3 { [%clk 0:09:58] }
2... d6 { [%clk 0:09:58] } 3. d3 { [%clk 0:09:51] } 3... Nf6 { [%clk 0:09:57] }
4. Be2 { [%clk 0:09:49] } 4... Bg4 { [%clk 0:09:56] } 5. h3 { [%clk 0:09:46] }
5... Bxf3 { [%clk 0:09:55] } 6. Bxf3 { [%clk 0:09:45] } 6... Be7
{ [%clk 0:09:54] } 7. Bg5 { [%clk 0:09:42] } 7... Nc6 { [%clk 0:09:53] } 8. c3
{ [%clk 0:09:39] } 8... O-O { [%clk 0:09:51] } 9. Nd2 { [%clk 0:09:38] } 9...
h6 { [%clk 0:09:48] } 10. Bh4 { [%clk 0:09:35] } 10... Nxe4 { [%clk 0:09:47] }
11. Bxe7 { [%clk 0:09:31] } 11... Qxe7 { [%clk 0:09:46] } 12. Bxe4
{ [%clk 0:09:29] } 12... d5 { [%clk 0:09:45] } 13. Bxd5 { [%clk 0:09:25] }
13... e4 { [%clk 0:09:43] } 14. dxe4 { [%clk 0:09:22] } 14... Ne5
{ [%clk 0:09:36] } 15. f3 { [%clk 0:08:26] } 15... c6 { [%clk 0:09:33] } 16.
Bb3 { [%clk 0:08:21] } 16... Nd3+ { [%clk 0:09:32] } 17. Ke2 { [%clk 0:08:12] }
17... Nf4+ { [%clk 0:09:31] } 18. Kf2 { [%clk 0:07:56] } 18... Qc5+
{ [%clk 0:09:29] } 19. Kf1 { [%clk 0:07:49] } 19... Qg5 { [%clk 0:09:05] } 20.
Rh2 { [%clk 0:07:37] } 20... Qg3 { [%clk 0:08:56] } 21. Kg1 { [%clk 0:07:33] }
21... Nxh3+ { [%clk 0:08:51] } 22. Rxh3 { [%clk 0:07:18] } 1-0"
Rated Rapid game,https://lichess.org/mI0E8BdX,2024.08.01,-,g_karpus,survive2029,1-0,2024.08.01,08:46:00,1129,1003,,,C00,Rat Defense: Small Center Defense,600+0,Normal,"1. d4 { [%clk 0:10:00] } 1... e6 { [%clk 0:10:00] } 2. e4 { [%clk 0:09:55] }
2... d6 { [%clk 0:10:00] } 3. e5 { [%clk 0:09:51] } 3... Nf6 { [%clk 0:10:00] }
4. Nf3 { [%clk 0:09:41] } 4... dxe5 { [%clk 0:09:53] } 5. Nxe5
{ [%clk 0:09:36] } 5... Ne4 { [%clk 0:09:41] } 6. Qe2 { [%clk 0:09:21] } 6...
Nf6 { [%clk 0:09:10] } 7. Be3 { [%clk 0:09:18] } 7... Bd6 { [%clk 0:09:02] } 8.
a3 { [%clk 0:09:13] } 8... O-O { [%clk 0:08:54] } 9. Nd2 { [%clk 0:09:11] }
9... b6 { [%clk 0:08:35] } 10. O-O-O { [%clk 0:09:08] } 10... Nbd7
{ [%clk 0:07:55] } 11. f4 { [%clk 0:09:04] } 11... Nd5 { [%clk 0:07:46] } 12.
g4 { [%clk 0:08:56] } 12... Nxe3 { [%clk 0:07:44] } 13. Qxe3 { [%clk 0:08:48] }
13... Nxe5 { [%clk 0:07:27] } 14. dxe5 { [%clk 0:08:36] } 14... Bc5
{ [%clk 0:07:21] } 15. Qe4 { [%clk 0:08:31] } 15... Bd7 { [%clk 0:06:59] } 16.
h4 { [%clk 0:08:22] } 16... g6 { [%clk 0:06:53] } 17. Bd3 { [%clk 0:08:10] }
17... f5 { [%clk 0:06:40] } 18. gxf5 { [%clk 0:08:02] } 18... gxf5
{ [%clk 0:06:22] } 19. Qg2+ { [%clk 0:07:57] } 19... Kh8 { [%clk 0:06:18] } 20.
h5 { [%clk 0:07:38] } 20... Rg8 { [%clk 0:06:16] } 21. Qh2 { [%clk 0:07:21] }
21... Be8 { [%clk 0:05:59] } 22. h6 { [%clk 0:07:19] } 22... a6
{ [%clk 0:05:37] } 23. Kb1 { [%clk 0:07:13] } 23... b5 { [%clk 0:05:31] } 24.
Rdg1 { [%clk 0:06:56] } 24... Rxg1+ { [%clk 0:05:22] } 25. Qxg1
{ [%clk 0:06:51] } 25... Bc6 { [%clk 0:05:12] } 26. Qg7# { [%clk 0:06:47] } 1-0"
Rated Rapid game,https://lichess.org/HW8wOG7k,2024.08.01,-,JFK_is_AFK,Ant99,0-1,2024.08.01,08:46:00,2117,2067,,,B09,"Pirc Defense: Austrian Attack, Kurajica Variation",600+0,Normal,"1. d4 { [%eval 0.16] [%clk 0:10:00] } 1... g6 { [%eval 0.44] [%clk 0:10:00] }
2. Nc3 { [%eval 0.4] [%clk 0:09:57] } 2... Nf6 { [%eval 0.5] [%clk 0:09:58] }
3. e4 { [%eval 0.53] [%clk 0:09:55] } 3... Bg7 $6
{ [%eval 1.16] [%clk 0:09:57] } 4. f4 $6 { [%eval 0.51] [%clk 0:09:48] } 4...
O-O { [%eval 0.91] [%clk 0:09:55] } 5. Nf3 { [%eval 0.55] [%clk 0:09:48] } 5...
d6 { [%eval 0.43] [%clk 0:09:46] } 6. Be3 { [%eval 0.26] [%clk 0:09:40] } 6...
Nbd7 { [%eval 0.22] [%clk 0:09:33] } 7. Qd2 { [%eval 0.26] [%clk 0:09:35] }
7... Re8 $6 { [%eval 0.84] [%clk 0:09:31] } 8. h3
{ [%eval 0.58] [%clk 0:09:27] } 8... e5 { [%eval 0.63] [%clk 0:09:14] } 9. Bc4
$4 { [%eval -2.85] [%clk 0:09:24] } 9... exd4 { [%eval -2.74] [%clk 0:09:11] }
10. Nxd4 { [%eval -2.85] [%clk 0:09:09] } 10... Nxe4
{ [%eval -2.91] [%clk 0:09:07] } 11. Nxe4 { [%eval -2.96] [%clk 0:09:08] }
11... Rxe4 { [%eval -2.81] [%clk 0:09:02] } 12. O-O-O
{ [%eval -3.18] [%clk 0:09:08] } 12... Nc5 $2 { [%eval -1.17] [%clk 0:08:48] }
13. Nf3 $4 { [%eval -5.38] [%clk 0:08:48] } 13... Rxc4
{ [%eval -5.12] [%clk 0:08:40] } 14. Qd5 { [%eval -6.42] [%clk 0:08:43] } 14...
Be6 { [%eval -5.68] [%clk 0:08:26] } 0-1"
Rated Rapid game,https://lichess.org/RFzUoy1U,2024.08.01,-,Axmedovichkuyada,Levi_90,1-0,2024.08.01,08:46:00,1903,1905,,,D00,Queen's Pawn Game: Mason Attack,600+0,Time forfeit,"1. d4 { [%clk 0:10:00] } 1... d5 { [%clk 0:10:00] } 2. f4 { [%clk 0:09:56] }
2... Nf6 { [%clk 0:09:58] } 3. e3 { [%clk 0:09:55] } 3... Nc6
{ [%clk 0:09:55] } 4. Nf3 { [%clk 0:09:53] } 4... Bf5 { [%clk 0:09:53] } 5. c3
{ [%clk 0:09:51] } 5... e6 { [%clk 0:09:51] } 6. Bd3 { [%clk 0:09:49] } 6...
Ne4 { [%clk 0:09:42] } 7. O-O { [%clk 0:09:45] } 7... h5 { [%clk 0:09:39] } 8.
Ne5 { [%clk 0:09:40] } 8... Nxe5 { [%clk 0:09:37] } 9. fxe5 { [%clk 0:09:37] }
9... h4 { [%clk 0:09:31] } 10. Qc2 { [%clk 0:09:15] } 10... Qg5
{ [%clk 0:09:29] } 11. Nd2 { [%clk 0:08:56] } 11... h3 { [%clk 0:09:24] } 12.
Nxe4 { [%clk 0:08:42] } 12... dxe4 { [%clk 0:09:18] } 13. Bxe4
{ [%clk 0:08:37] } 13... Bxe4 { [%clk 0:09:14] } 14. Qxe4 { [%clk 0:08:34] }
14... Rh6 { [%clk 0:09:08] } 15. Qxb7 { [%clk 0:08:14] } 15... Rd8
{ [%clk 0:09:00] } 16. b3 { [%clk 0:07:58] } 1-0"
Rated Rapid game,https://lichess.org/1Z44M222,2024.08.01,-,Milan222,BasmacH45,0-1,2024.08.01,08:46:00,1339,1263,,,A40,Englund Gambit Complex: Hartlaub-Charlick Gambit,600+0,Normal,"1. d4 { [%clk 0:10:00] } 1... e5 { [%clk 0:10:00] } 2. dxe5 { [%clk 0:09:56] }
2... d6 { [%clk 0:09:59] } 3. exd6 { [%clk 0:09:51] } 3... Bxd6
{ [%clk 0:09:57] } 4. Nc3 { [%clk 0:09:45] } 4... Nf6 { [%clk 0:09:54] } 5. e3
{ [%clk 0:09:41] } 5... a5 { [%clk 0:09:41] } 6. Be2 { [%clk 0:09:38] } 6...
Bd7 { [%clk 0:09:33] } 7. Nf3 { [%clk 0:09:37] } 7... b5 { [%clk 0:09:31] } 8.
O-O { [%clk 0:09:35] } 8... b4 { [%clk 0:09:27] } 9. Nb5 { [%clk 0:09:29] }
9... Bxb5 { [%clk 0:09:14] } 10. Bxb5+ { [%clk 0:09:27] } 10... c6
{ [%clk 0:09:10] } 11. Ba4 { [%clk 0:08:46] } 11... O-O { [%clk 0:09:07] } 12.
Bd2 { [%clk 0:08:31] } 12... Ne4 { [%clk 0:08:52] } 13. Be1 { [%clk 0:08:21] }
13... Qc7 { [%clk 0:08:34] } 14. c3 { [%clk 0:08:06] } 14... h6
{ [%clk 0:08:16] } 15. Bc2 { [%clk 0:07:44] } 15... Ng5 { [%clk 0:08:09] } 16.
Nxg5 { [%clk 0:07:27] } 16... Rd8 { [%clk 0:08:05] } 17. Nf3 { [%clk 0:06:41] }
17... Bxh2+ { [%clk 0:08:02] } 0-1"
Rated Rapid game,https://lichess.org/k3aLII1C,2024.08.01,-,Jeka1943,wilkes-barre,1-0,2024.08.01,08:46:00,1712,1709,,,C47,Four Knights Game: Italian Variation,600+0,Normal,"1. e4 { [%clk 0:10:00] } 1... e5 { [%clk 0:10:00] } 2. Nf3 { [%clk 0:09:58] }
2... Nc6 { [%clk 0:09:59] } 3. Bc4 { [%clk 0:09:55] } 3... Nf6
{ [%clk 0:09:58] } 4. Nc3 { [%clk 0:09:52] } 4... Nxe4 { [%clk 0:09:55] } 5.
Nxe4 { [%clk 0:09:50] } 5... d5 { [%clk 0:09:55] } 6. Bd3 { [%clk 0:09:24] }
6... dxe4 { [%clk 0:09:42] } 7. Bxe4 { [%clk 0:09:21] } 7... Bg4
{ [%clk 0:09:35] } 8. d3 { [%clk 0:09:18] } 8... f5 { [%clk 0:09:27] } 9. Bxc6+
{ [%clk 0:09:10] } 9... bxc6 { [%clk 0:09:25] } 10. h3 { [%clk 0:09:09] } 10...
e4 { [%clk 0:09:23] } 11. hxg4 { [%clk 0:09:06] } 11... exf3 { [%clk 0:09:22] }
12. Qxf3 { [%clk 0:09:05] } 12... Qe7+ { [%clk 0:09:10] } 13. Qe3
{ [%clk 0:08:59] } 13... fxg4 { [%clk 0:09:08] } 14. Qxe7+ { [%clk 0:08:58] }
14... Bxe7 { [%clk 0:09:07] } 15. Bf4 { [%clk 0:08:54] } 15... O-O
{ [%clk 0:09:02] } 16. g3 { [%clk 0:08:45] } 16... Rab8 { [%clk 0:08:40] } 17.
O-O-O { [%clk 0:08:24] } 17... Bf6 { [%clk 0:08:19] } 18. b3 { [%clk 0:08:22] }
18... Rb7 { [%clk 0:08:12] } 19. Rde1 { [%clk 0:08:12] } 19... a5
{ [%clk 0:08:10] } 20. a4 { [%clk 0:08:10] } 20... c5 { [%clk 0:08:06] } 21.
Re4 { [%clk 0:08:07] } 21... Bd4 { [%clk 0:08:02] } 22. Rh4 { [%clk 0:07:57] }
22... g5 { [%clk 0:07:31] } 23. Bxg5 { [%clk 0:07:52] } 23... Rxf2
{ [%clk 0:07:29] } 24. Rhxg4 { [%clk 0:07:48] } 24... Bc3 { [%clk 0:07:24] }
1-0"
Rated Rapid game,https://lichess.org/qGOr1gti,2024.08.01,-,rankosah,Orazbek1943,1-0,2024.08.01,08:46:00,1966,1947,,,E34,"Nimzo-Indian Defense: Classical Variation, Noa Variation",600+0,Time forfeit,"1. d4 { [%clk 0:10:00] } 1... e6 { [%clk 0:10:00] } 2. c4 { [%clk 0:09:57] }
2... Nf6 { [%clk 0:09:58] } 3. Nc3 { [%clk 0:09:55] } 3... Bb4
{ [%clk 0:09:56] } 4. Qc2 { [%clk 0:09:51] } 4... d5 { [%clk 0:09:55] } 5. Bg5
{ [%clk 0:09:44] } 5... Nbd7 { [%clk 0:09:45] } 6. cxd5 { [%clk 0:09:41] } 6...
Bxc3+ { [%clk 0:09:36] } 7. bxc3 { [%clk 0:09:37] } 7... exd5
{ [%clk 0:09:34] } 8. Nf3 { [%clk 0:09:29] } 8... O-O { [%clk 0:09:25] } 9. e3
{ [%clk 0:09:27] } 9... h6 { [%clk 0:08:53] } 10. Bf4 { [%clk 0:09:23] } 10...
Ne4 { [%clk 0:08:46] } 11. Bd3 { [%clk 0:09:14] } 11... f5 { [%clk 0:08:44] }
12. O-O { [%clk 0:09:09] } 12... c6 { [%clk 0:08:42] } 13. c4
{ [%clk 0:09:06] } 13... Ndf6 { [%clk 0:08:38] } 14. Ne5 { [%clk 0:08:59] }
14... Be6 { [%clk 0:08:24] } 15. f3 { [%clk 0:08:55] } 15... Nd6
{ [%clk 0:08:13] } 16. c5 { [%clk 0:08:33] } 16... Nf7 { [%clk 0:08:09] } 17.
Ng6 { [%clk 0:08:17] } 17... Re8 { [%clk 0:08:04] } 18. Rab1 { [%clk 0:08:06] }
18... Nh5 { [%clk 0:07:59] } 19. Rxb7 { [%clk 0:07:35] } 19... Nxf4
{ [%clk 0:07:55] } 20. Nxf4 { [%clk 0:07:24] } 20... g5 { [%clk 0:07:41] } 21.
Nxe6 { [%clk 0:07:14] } 21... Rxe6 { [%clk 0:07:40] } 22. Bxf5
{ [%clk 0:07:05] } 22... Rxe3 { [%clk 0:07:37] } 23. Bh7+ { [%clk 0:06:43] }
23... Kh8 { [%clk 0:07:20] } 24. Rxf7 { [%clk 0:06:34] } 24... Qe8
{ [%clk 0:07:15] } 25. Bg6 { [%clk 0:06:18] } 1-0"
Rated Rapid game,https://lichess.org/LsdDwdNK,2024.08.01,-,Berkcanli07,IndianCallCentre,0-1,2024.08.01,08:46:00,2146,2146,,,B49,"Sicilian Defense: Taimanov Variation, Bastrikov Variation",600+0,Normal,"1. e4 { [%eval 0.15] [%clk 0:10:00] } 1... c5 { [%eval 0.25] [%clk 0:10:00] }
2. Nf3 { [%eval 0.22] [%clk 0:09:57] } 2... e6 { [%eval 0.28] [%clk 0:09:58] }
3. Nc3 { [%eval 0.37] [%clk 0:09:54] } 3... Nc6 { [%eval 0.33] [%clk 0:09:50] }
4. d4 { [%eval 0.32] [%clk 0:09:52] } 4... cxd4 { [%eval 0.48] [%clk 0:09:50] }
5. Nxd4 { [%eval 0.24] [%clk 0:09:52] } 5... Qc7
{ [%eval 0.35] [%clk 0:09:49] } 6. Be3 { [%eval 0.31] [%clk 0:09:50] } 6... a6
{ [%eval 0.34] [%clk 0:09:47] } 7. Be2 { [%eval 0.17] [%clk 0:09:48] } 7... b5
{ [%eval 0.23] [%clk 0:09:46] } 8. a3 { [%eval 0.0] [%clk 0:09:47] } 8... Bb7
{ [%eval -0.03] [%clk 0:09:45] } 9. O-O { [%eval -0.22] [%clk 0:09:45] } 9...
Rc8 { [%eval 0.23] [%clk 0:09:42] } 10. Qd2 { [%eval -0.14] [%clk 0:09:40] }
10... d6 $2 { [%eval 1.56] [%clk 0:09:27] } 11. Rad1 $2
{ [%eval 0.14] [%clk 0:09:35] } 11... Nf6 { [%eval 0.19] [%clk 0:09:24] } 12.
f4 { [%eval 0.0] [%clk 0:09:33] } 12... Be7 { [%eval 0.0] [%clk 0:09:03] } 13.
Bf3 { [%eval -0.12] [%clk 0:09:14] } 13... h5 { [%eval 0.29] [%clk 0:08:57] }
14. Nxc6 { [%eval 0.16] [%clk 0:09:10] } 14... Bxc6
{ [%eval 0.23] [%clk 0:08:49] } 15. e5 $6 { [%eval -0.75] [%clk 0:09:09] }
15... Bxf3 { [%eval -0.62] [%clk 0:08:11] } 16. exf6 $6
{ [%eval -1.31] [%clk 0:08:32] } 16... Bxd1 { [%eval -1.04] [%clk 0:08:03] }
17. fxe7 $2 { [%eval -3.19] [%clk 0:07:56] } 17... Bg4
{ [%eval -3.22] [%clk 0:07:56] } 18. h3 { [%eval -3.1] [%clk 0:07:48] } 18...
Bf5 { [%eval -3.34] [%clk 0:07:53] } 19. Re1 { [%eval -3.67] [%clk 0:07:43] }
19... Qxe7 { [%eval -3.72] [%clk 0:06:58] } 20. Bd4
{ [%eval -3.76] [%clk 0:07:40] } 20... O-O { [%eval -3.71] [%clk 0:06:47] } 21.
Nd5 { [%eval -3.83] [%clk 0:07:37] } 21... Qb7 { [%eval -3.74] [%clk 0:06:42] }
22. Nf6+ { [%eval -4.35] [%clk 0:07:30] } 22... gxf6
{ [%eval -4.86] [%clk 0:06:29] } 23. Qe3 $2 { [%eval -7.38] [%clk 0:07:27] }
23... Rxc2 { [%eval -7.15] [%clk 0:05:50] } 24. Qg3+
{ [%eval -8.43] [%clk 0:07:25] } 24... Kh7 { [%eval -8.37] [%clk 0:05:44] } 25.
Bxf6 { [%eval -8.02] [%clk 0:07:24] } 25... Rg8
{ [%eval -7.92] [%clk 0:05:17] } 26. Bg5 { [%eval -7.82] [%clk 0:07:22] } 26...
f6 { [%eval -7.32] [%clk 0:04:26] } 27. Rxe6 { [%eval -9.24] [%clk 0:07:14] }
27... Bxe6 { [%eval -7.71] [%clk 0:04:16] } 28. Qd3+
{ [%eval -7.36] [%clk 0:07:11] } 28... Rg6 { [%eval -7.33] [%clk 0:03:41] } 29.
f5 $2 { [%eval #-1] [%clk 0:07:02] } 29... Qxg2# { [%clk 0:03:37] } 0-1"
Rated Rapid game,https://lichess.org/g09gNppd,2024.08.01,-,kabayo56,manu_betz,1-0,2024.08.01,08:46:00,1928,1906,,,B20,Sicilian Defense: Wing Gambit,600+0,Normal,"1. e4 { [%clk 0:10:00] } 1... c5 { [%clk 0:10:00] } 2. b4 { [%clk 0:09:58] }
2... e6 { [%clk 0:09:47] } 3. bxc5 { [%clk 0:09:55] } 3... Bxc5
{ [%clk 0:09:46] } 4. d4 { [%clk 0:09:53] } 4... Bb6 { [%clk 0:09:34] } 5. c3
{ [%clk 0:09:48] } 5... Nf6 { [%clk 0:09:15] } 6. Bd3 { [%clk 0:09:44] } 6...
O-O { [%clk 0:09:08] } 7. Nf3 { [%clk 0:09:41] } 7... h6 { [%clk 0:09:06] } 8.
Bd2 { [%clk 0:09:36] } 8... d6 { [%clk 0:09:04] } 9. Qc1 { [%clk 0:09:33] }
9... Nh7 { [%clk 0:08:33] } 10. e5 { [%clk 0:09:09] } 10... f5
{ [%clk 0:08:29] } 11. exf6 { [%clk 0:08:57] } 11... Rxf6 { [%clk 0:08:26] }
12. Qc2 { [%clk 0:08:41] } 12... Nf8 { [%clk 0:08:20] } 13. O-O
{ [%clk 0:08:21] } 13... e5 { [%clk 0:08:13] } 14. dxe5 { [%clk 0:08:12] }
14... dxe5 { [%clk 0:08:03] } 15. Nxe5 { [%clk 0:08:09] } 15... Nbd7
{ [%clk 0:07:25] } 16. Ng4 { [%clk 0:08:03] } 16... Rd6 { [%clk 0:07:12] } 17.
Bf4 { [%clk 0:07:51] } 17... Re6 { [%clk 0:06:40] } 18. Bc4 { [%clk 0:07:45] }
18... Qh4 { [%clk 0:06:26] } 19. Bxe6+ { [%clk 0:07:41] } 19... Nxe6
{ [%clk 0:06:25] } 20. Nxh6+ { [%clk 0:06:59] } 20... gxh6 { [%clk 0:06:20] }
21. Qg6+ { [%clk 0:06:53] } 21... Ng7 { [%clk 0:06:04] } 22. Bxh6
{ [%clk 0:06:24] } 22... Qe7 { [%clk 0:05:58] } 23. Nd2 { [%clk 0:05:57] }
23... Qf7 { [%clk 0:05:54] } 24. Qg3 { [%clk 0:05:44] } 24... Nf6
{ [%clk 0:05:41] } 25. Be3 { [%clk 0:05:05] } 25... Bc7 { [%clk 0:05:35] } 26.
Qg5 { [%clk 0:04:39] } 26... Nh7 { [%clk 0:05:19] } 27. Qc5 { [%clk 0:04:13] }
27... b6 { [%clk 0:05:13] } 28. Qc6 { [%clk 0:04:03] } 28... Rb8
{ [%clk 0:05:02] } 29. Bd4 { [%clk 0:03:33] } 29... Bb7 { [%clk 0:04:59] } 30.
Qa4 { [%clk 0:03:26] } 30... Qg6 { [%clk 0:04:25] } 31. g3 { [%clk 0:03:16] }
31... Bc6 { [%clk 0:04:23] } 32. Qxa7 { [%clk 0:03:00] } 32... Qh5
{ [%clk 0:04:20] } 33. Qxc7 { [%clk 0:02:42] } 33... Qe8 { [%clk 0:03:55] } 34.
Qxg7# { [%clk 0:02:28] } 1-0"
Rated Rapid tournament https://lichess.org/tournament/hfavrWA4,https://lichess.org/BnYHnGdV,2024.08.01,-,ChistyakovStepan,ramil62,1-0,2024.08.01,08:46:01,1463,1388,,,B18,"Caro-Kann Defense: Classical Variation, Main Line",600+0,Normal,"1. e4 { [%eval 0.15] [%clk 0:10:00] } 1... c6 { [%eval 0.26] [%clk 0:10:00] }
2. d4 { [%eval 0.28] [%clk 0:09:57] } 2... d5 { [%eval 0.3] [%clk 0:09:56] } 3.
Nc3 { [%eval 0.28] [%clk 0:09:55] } 3... dxe4 { [%eval 0.34] [%clk 0:09:50] }
4. Nxe4 { [%eval 0.28] [%clk 0:09:55] } 4... Bf5
{ [%eval 0.21] [%clk 0:09:45] } 5. Ng3 { [%eval 0.14] [%clk 0:09:53] } 5... Bg6
{ [%eval 0.16] [%clk 0:09:43] } 6. h4 { [%eval 0.33] [%clk 0:09:52] } 6... h5
{ [%eval 0.88] [%clk 0:09:42] } 7. Nf3 { [%eval 0.51] [%clk 0:09:50] } 7... Nf6
$2 { [%eval 1.8] [%clk 0:09:36] } 8. Ne5 { [%eval 2.09] [%clk 0:09:49] } 8...
Bh7 { [%eval 2.2] [%clk 0:09:25] } 9. Bd3 $6 { [%eval 1.29] [%clk 0:09:47] }
9... Bxd3 { [%eval 1.22] [%clk 0:09:22] } 10. Qxd3
{ [%eval 1.02] [%clk 0:09:47] } 10... e6 { [%eval 1.01] [%clk 0:09:18] } 11.
Bg5 { [%eval 1.12] [%clk 0:09:42] } 11... Be7 { [%eval 1.56] [%clk 0:09:15] }
12. Bxf6 $2 { [%eval 0.03] [%clk 0:09:27] } 12... Bxf6 $6
{ [%eval 0.58] [%clk 0:09:12] } 13. Qe4 $6 { [%eval -0.06] [%clk 0:09:24] }
13... Bxh4 $4 { [%eval 4.59] [%clk 0:08:54] } 14. Qxh4
{ [%eval 4.56] [%clk 0:09:20] } 14... Qxh4 { [%eval 5.18] [%clk 0:08:52] } 15.
Rxh4 { [%eval 5.08] [%clk 0:09:20] } 15... Nd7 { [%eval 5.13] [%clk 0:08:47] }
16. Nxd7 { [%eval 5.09] [%clk 0:09:17] } 16... Kxd7
{ [%eval 5.1] [%clk 0:08:46] } 17. Rxh5 { [%eval 5.03] [%clk 0:09:16] } 17...
Rhg8 { [%eval 5.07] [%clk 0:08:42] } 18. O-O-O { [%eval 5.11] [%clk 0:09:11] }
18... g6 { [%eval 5.14] [%clk 0:08:39] } 19. Rh7
{ [%eval 5.15] [%clk 0:09:09] } 19... Rgf8 { [%eval 5.63] [%clk 0:08:34] } 20.
Ne4 { [%eval 5.59] [%clk 0:09:06] } 20... Ke7 { [%eval 5.63] [%clk 0:08:27] }
21. Nc5 { [%eval 5.62] [%clk 0:09:00] } 21... Rab8
{ [%eval 5.97] [%clk 0:08:17] } 22. c4 { [%eval 5.38] [%clk 0:08:49] } 22... b5
{ [%eval 6.22] [%clk 0:08:12] } 23. cxb5 { [%eval 5.24] [%clk 0:08:44] } 23...
Rxb5 { [%eval 5.88] [%clk 0:08:10] } 24. a4 { [%eval 5.58] [%clk 0:08:43] }
24... Rb4 { [%eval 5.48] [%clk 0:08:04] } 25. Kc2
{ [%eval 5.29] [%clk 0:08:34] } 25... Kd6 { [%eval 6.08] [%clk 0:08:00] } 26.
Kc3 { [%eval 6.03] [%clk 0:08:33] } 26... Rb6 { [%eval 7.86] [%clk 0:07:47] }
27. Ne4+ { [%eval 6.26] [%clk 0:08:15] } 27... Kd5
{ [%eval 7.09] [%clk 0:07:42] } 28. Nf6+ { [%eval 6.22] [%clk 0:08:11] } 28...
Kd6 { [%eval 6.17] [%clk 0:07:26] } 29. Ne4+ { [%eval 6.09] [%clk 0:08:09] }
29... Kd5 { [%eval 7.01] [%clk 0:07:24] } 30. Nc5
{ [%eval 6.72] [%clk 0:08:07] } 30... e5 { [%eval 8.29] [%clk 0:07:16] } 31.
Nd7 { [%eval 7.92] [%clk 0:08:06] } 31... Rfb8 { [%eval 8.42] [%clk 0:06:59] }
32. dxe5+ { [%eval 8.2] [%clk 0:08:03] } 32... Ke6
{ [%eval 8.37] [%clk 0:06:47] } 33. Nxb8 { [%eval 7.95] [%clk 0:08:01] } 33...
Rxb8 { [%eval 7.1] [%clk 0:06:45] } 34. Rd6+ { [%eval 7.14] [%clk 0:07:56] }
34... Kxe5 { [%eval 7.26] [%clk 0:06:43] } 35. Rxc6
{ [%eval 7.22] [%clk 0:07:55] } 35... Rf8 { [%eval 7.19] [%clk 0:06:35] } 36.
Rc7 { [%eval 7.16] [%clk 0:07:51] } 36... f5 { [%eval 7.33] [%clk 0:06:32] }
37. Rxa7 { [%eval 7.28] [%clk 0:07:50] } 37... Rc8+
{ [%eval 7.6] [%clk 0:06:29] } 38. Rhc7 { [%eval 7.44] [%clk 0:07:47] } 38...
Rd8 { [%eval 7.7] [%clk 0:06:28] } 39. a5 { [%eval 7.42] [%clk 0:07:45] } 39...
Rd1 { [%eval 7.57] [%clk 0:06:23] } 40. a6 { [%eval 7.59] [%clk 0:07:43] }
40... Rf1 { [%eval 8.86] [%clk 0:06:22] } 41. Rab7
{ [%eval 8.18] [%clk 0:07:40] } 41... Rxf2 $2 { [%eval #14] [%clk 0:06:21] }
42. a7 { [%eval 11.82] [%clk 0:07:40] } 42... Rxg2 $6
{ [%eval #10] [%clk 0:06:18] } 43. a8=Q { [%eval #10] [%clk 0:07:39] } 43...
Rg3+ { [%eval #12] [%clk 0:06:17] } 44. Kb4 { [%eval #8] [%clk 0:07:35] } 44...
Rg4+ { [%eval #8] [%clk 0:06:16] } 45. Rc4 { [%eval #7] [%clk 0:07:34] } 45...
Rxc4+ { [%eval #7] [%clk 0:06:14] } 46. Kxc4 { [%eval #6] [%clk 0:07:34] } 1-0"
Rated Rapid tournament https://lichess.org/tournament/hfavrWA4,https://lichess.org/nJIQwEoL,2024.08.01,-,kazno4ei,Jyoti_Xavier8D,0-1,2024.08.01,08:46:01,1417,1476,,,C50,Italian Game: Blackburne-Kostić Gambit,600+0,Normal,"1. e4 { [%clk 0:10:00] } 1... e5 { [%clk 0:10:00] } 2. Nf3 { [%clk 0:09:57] }
2... Nc6 { [%clk 0:10:00] } 3. Bc4 { [%clk 0:09:55] } 3... Nd4
{ [%clk 0:09:59] } 4. Nxe5 { [%clk 0:09:53] } 4... Qg5 { [%clk 0:09:57] } 5.
O-O { [%clk 0:09:28] } 5... Qxe5 { [%clk 0:09:54] } 6. c3 { [%clk 0:09:22] }
6... Nc6 { [%clk 0:09:50] } 7. d4 { [%clk 0:09:21] } 7... Qe7
{ [%clk 0:09:41] } 8. d5 { [%clk 0:09:14] } 8... Ne5 { [%clk 0:09:40] } 9. Bb3
{ [%clk 0:09:08] } 9... Nf6 { [%clk 0:09:35] } 10. Bf4 { [%clk 0:09:01] } 10...
d6 { [%clk 0:09:25] } 11. a4 { [%clk 0:08:49] } 11... Bd7 { [%clk 0:09:18] }
12. a5 { [%clk 0:08:46] } 12... Bb5 { [%clk 0:09:13] } 13. Re1
{ [%clk 0:08:28] } 13... O-O-O { [%clk 0:09:11] } 14. c4 { [%clk 0:07:46] }
14... Nxc4 { [%clk 0:09:05] } 15. Bxc4 { [%clk 0:07:31] } 15... Bxc4
{ [%clk 0:09:02] } 16. e5 { [%clk 0:07:29] } 16... dxe5 { [%clk 0:08:56] } 17.
Rxe5 { [%clk 0:07:26] } 17... Qd6 { [%clk 0:08:45] } 18. Re4 { [%clk 0:05:07] }
18... Qc5 { [%clk 0:08:04] } 19. b4 { [%clk 0:04:39] } 19... Qxb4
{ [%clk 0:07:53] } 20. Ra4 { [%clk 0:04:37] } 20... Qb3 { [%clk 0:07:36] } 21.
Rd4 { [%clk 0:03:46] } 21... Qxd1+ { [%clk 0:07:22] } 22. Rxd1
{ [%clk 0:03:44] } 22... Bb3 { [%clk 0:07:21] } 23. Rc1 { [%clk 0:03:29] }
23... Nxd5 { [%clk 0:07:03] } 24. Bxc7 { [%clk 0:03:10] } 24... Nxc7
{ [%clk 0:06:59] } 25. Rb4 { [%clk 0:03:03] } 25... Bc2 { [%clk 0:06:49] } 26.
Nc3 { [%clk 0:02:45] } 26... Bxb4 { [%clk 0:06:46] } 27. g3 { [%clk 0:02:39] }
27... Bxc3 { [%clk 0:06:35] } 28. Rxc2 { [%clk 0:02:37] } 28... Bf6
{ [%clk 0:06:30] } 29. Kg2 { [%clk 0:02:32] } 29... Kd7 { [%clk 0:06:21] } 30.
h4 { [%clk 0:02:28] } 30... Ke6 { [%clk 0:06:17] } 31. Rxc7 { [%clk 0:02:27] }
31... Rd7 { [%clk 0:06:09] } 32. Rc5 { [%clk 0:02:23] } 32... Bd4
{ [%clk 0:06:01] } 33. Rc4 { [%clk 0:02:17] } 33... b5 { [%clk 0:05:59] } 34.
axb6 { [%clk 0:02:14] } 34... axb6 { [%clk 0:05:58] } 35. f4 { [%clk 0:02:11] }
35... b5 { [%clk 0:05:54] } 36. Rb4 { [%clk 0:02:09] } 36... Rd5
{ [%clk 0:05:51] } 37. Kf3 { [%clk 0:02:07] } 37... Bc5 { [%clk 0:05:49] } 38.
Rxb5 { [%clk 0:02:05] } 38... Rhd8 { [%clk 0:05:42] } 39. Kg4
{ [%clk 0:01:59] } 39... h5+ { [%clk 0:05:39] } 40. Kf3 { [%clk 0:01:57] }
40... Rd3+ { [%clk 0:05:36] } 41. Ke4 { [%clk 0:01:55] } 41... Re3#
{ [%clk 0:05:31] } 0-1"
Rated Rapid tournament https://lichess.org/tournament/hfavrWA4,https://lichess.org/0eYWnEaz,2024.08.01,-,tanyechka,Megaslan,1-0,2024.08.01,08:46:01,1228,1380,,,A05,King's Indian Attack,600+0,Normal,"1. g3 { [%clk 0:10:00] } 1... d5 { [%clk 0:10:00] } 2. Nf3 { [%clk 0:09:58] }
2... Nf6 { [%clk 0:09:59] } 3. Bg2 { [%clk 0:09:56] } 3... Nc6
{ [%clk 0:09:57] } 4. d3 { [%clk 0:09:55] } 4... Bf5 { [%clk 0:09:53] } 5. O-O
{ [%clk 0:09:55] } 5... e5 { [%clk 0:08:02] } 6. Nbd2 { [%clk 0:09:45] } 6...
Bc5 { [%clk 0:08:00] } 7. b3 { [%clk 0:09:43] } 7... O-O { [%clk 0:07:56] } 8.
Bb2 { [%clk 0:09:42] } 8... Re8 { [%clk 0:07:52] } 9. Ng5 { [%clk 0:09:08] }
9... h5 { [%clk 0:07:45] } 10. e4 { [%clk 0:09:04] } 10... dxe4
{ [%clk 0:07:41] } 11. dxe4 { [%clk 0:09:01] } 11... Bg6 { [%clk 0:07:36] } 12.
Qe1 { [%clk 0:08:53] } 12... Nh7 { [%clk 0:07:25] } 13. Nxh7 { [%clk 0:08:34] }
13... Kxh7 { [%clk 0:07:21] } 14. Nf3 { [%clk 0:08:31] } 14... f5
{ [%clk 0:06:50] } 15. exf5 { [%clk 0:08:27] } 15... Bxf5 { [%clk 0:06:48] }
16. Rd1 { [%clk 0:08:22] } 16... Qc8 { [%clk 0:06:32] } 17. Nxe5
{ [%clk 0:08:00] } 17... Bd6 { [%clk 0:05:59] } 18. Rd5 { [%clk 0:07:53] }
18... Be6 { [%clk 0:05:50] } 19. Rb5 { [%clk 0:07:49] } 19... a6
{ [%clk 0:05:47] } 20. Rb4 { [%clk 0:07:23] } 20... Nxb4 { [%clk 0:05:35] } 21.
Qe3 { [%clk 0:07:04] } 21... Bf5 { [%clk 0:05:27] } 22. Qg5 { [%clk 0:06:57] }
22... Bxc2 { [%clk 0:05:11] } 23. Nf7 { [%clk 0:06:45] } 23... g6
{ [%clk 0:05:07] } 24. Qh6+ { [%clk 0:06:40] } 24... Kg8 { [%clk 0:05:07] } 25.
Qg7# { [%clk 0:06:38] } 1-0"
Rated Rapid tournament https://lichess.org/tournament/hfavrWA4,https://lichess.org/UfHANU5R,2024.08.01,-,FlawlessMonkeyDude,Patrickcadeirante,0-1,2024.08.01,08:46:01,1105,1317,,,A43,Benoni Defense: Old Benoni,600+0,Normal,"1. d4 { [%clk 0:10:00] } 1... c5 { [%clk 0:10:00] } 2. Nf3 { [%clk 0:09:55] }
2... g5 { [%clk 0:09:46] } 3. Nc3 { [%clk 0:09:49] } 3... Bg7
{ [%clk 0:09:26] } 4. Bxg5 { [%clk 0:09:20] } 4... cxd4 { [%clk 0:09:22] } 5.
Nxd4 { [%clk 0:09:02] } 5... Qb6 { [%clk 0:09:12] } 6. Nb3 { [%clk 0:08:23] }
6... Nc6 { [%clk 0:08:41] } 7. g3 { [%clk 0:07:45] } 7... d6 { [%clk 0:08:37] }
8. Bg2 { [%clk 0:07:40] } 8... Bg4 { [%clk 0:08:04] } 9. O-O { [%clk 0:07:02] }
9... Bd7 { [%clk 0:07:37] } 10. Qd3 { [%clk 0:05:57] } 10... Nb4
{ [%clk 0:07:23] } 11. Qe4 { [%clk 0:05:16] } 11... Bc6 { [%clk 0:07:11] } 12.
Qxe7+ { [%clk 0:05:14] } 12... Nxe7 { [%clk 0:07:07] } 0-1"
Rated Rapid game,https://lichess.org/3qnzgY7h,2024.08.01,-,Mawreez,aghool,0-1,2024.08.01,08:46:02,1847,1820,,,D00,Queen's Pawn Game,600+0,Normal,"1. d4 { [%clk 0:10:00] } 1... d5 { [%clk 0:10:00] } 2. c3 { [%clk 0:09:58] }
2... Bf5 { [%clk 0:09:58] } 3. Bf4 { [%clk 0:09:52] } 3... c6
{ [%clk 0:09:57] } 4. e3 { [%clk 0:09:52] } 4... e6 { [%clk 0:09:55] } 5. Nf3
{ [%clk 0:09:51] } 5... Bd6 { [%clk 0:09:54] } 6. Bg3 { [%clk 0:09:48] } 6...
Nf6 { [%clk 0:09:50] } 7. Bd3 { [%clk 0:09:45] } 7... Nbd7 { [%clk 0:09:47] }
8. Bxd6 { [%clk 0:09:39] } 8... Ne4 { [%clk 0:09:43] } 9. Bxe4
{ [%clk 0:09:31] } 9... dxe4 { [%clk 0:09:41] } 10. c4 { [%clk 0:09:29] } 10...
exf3 { [%clk 0:09:39] } 11. Qxf3 { [%clk 0:09:21] } 11... Nf6
{ [%clk 0:09:35] } 12. c5 { [%clk 0:09:20] } 12... Be4 { [%clk 0:09:29] } 13.
Qg3 { [%clk 0:09:17] } 13... Bg6 { [%clk 0:09:18] } 14. Nc3 { [%clk 0:09:02] }
14... b6 { [%clk 0:09:14] } 15. Qf3 { [%clk 0:08:47] } 15... Qd7
{ [%clk 0:09:10] } 16. Nb5 { [%clk 0:08:41] } 16... Rc8 { [%clk 0:08:53] } 17.
Na3 { [%clk 0:07:54] } 17... bxc5 { [%clk 0:08:17] } 18. dxc5
{ [%clk 0:07:54] } 18... Ne4 { [%clk 0:08:09] } 19. Nc4 { [%clk 0:07:48] }
19... f6 { [%clk 0:07:41] } 20. Rd1 { [%clk 0:07:26] } 20... Qb7
{ [%clk 0:07:39] } 21. Be5 { [%clk 0:06:57] } 21... fxe5 { [%clk 0:07:23] } 22.
Qxe4 { [%clk 0:06:52] } 22... Bxe4 { [%clk 0:07:15] } 23. Nd6+
{ [%clk 0:06:49] } 23... Ke7 { [%clk 0:06:55] } 24. Nxb7 { [%clk 0:06:45] }
24... Bxg2 { [%clk 0:06:44] } 25. Rg1 { [%clk 0:06:39] } 25... Bf3
{ [%clk 0:06:41] } 26. Rxg7+ { [%clk 0:06:27] } 26... Kf6 { [%clk 0:06:36] }
27. Rdd7 { [%clk 0:06:26] } 27... Bh5 { [%clk 0:06:23] } 28. Rxh7
{ [%clk 0:05:53] } 28... Rxh7 { [%clk 0:06:16] } 29. Rxh7 { [%clk 0:05:53] }
29... Bg6 { [%clk 0:06:15] } 30. Rh6 { [%clk 0:05:48] } 30... Kg5
{ [%clk 0:06:10] } 31. Rh3 { [%clk 0:05:45] } 31... Bf5 { [%clk 0:06:08] } 32.
Rg3+ { [%clk 0:05:44] } 32... Kf6 { [%clk 0:05:57] } 33. Nd6 { [%clk 0:05:31] }
33... Rh8 { [%clk 0:05:49] } 34. e4 { [%clk 0:05:03] } 34... Bg6
{ [%clk 0:05:30] } 35. h3 { [%clk 0:04:43] } 35... Rb8 { [%clk 0:05:20] } 36.
Rf3+ { [%clk 0:04:15] } 36... Ke7 { [%clk 0:05:06] } 37. b3 { [%clk 0:04:07] }
37... Rb4 { [%clk 0:05:03] } 38. Re3 { [%clk 0:03:57] } 38... a5
{ [%clk 0:04:59] } 39. h4 { [%clk 0:03:52] } 39... a4 { [%clk 0:04:56] } 40.
Nc4 { [%clk 0:03:41] } 40... axb3 { [%clk 0:04:50] } 41. axb3
{ [%clk 0:03:41] } 41... Kf6 { [%clk 0:04:28] } 42. Rf3+ { [%clk 0:03:25] }
42... Kg7 { [%clk 0:04:16] } 43. Rg3 { [%clk 0:03:13] } 43... Kf6
{ [%clk 0:04:07] } 44. Rg5 { [%clk 0:02:55] } 44... Rxb3 { [%clk 0:04:03] } 45.
Nxe5 { [%clk 0:02:51] } 45... Bxe4 { [%clk 0:03:50] } 46. Nd7+
{ [%clk 0:02:29] } 46... Kf7 { [%clk 0:03:41] } 47. h5 { [%clk 0:02:18] } 47...
Rb1+ { [%clk 0:03:32] } 48. Kd2 { [%clk 0:02:13] } 48... Rb2+
{ [%clk 0:03:26] } 49. Ke3 { [%clk 0:02:11] } 49... Bf5 { [%clk 0:03:22] } 50.
h6 { [%clk 0:01:59] } 50... Rb3+ { [%clk 0:03:19] } 51. Kf4 { [%clk 0:01:53] }
51... Rh3 { [%clk 0:03:08] } 52. Rg7+ { [%clk 0:01:43] } 52... Ke8
{ [%clk 0:02:59] } 53. Nf6+ { [%clk 0:01:41] } 53... Kf8 { [%clk 0:02:55] } 54.
Kg5 { [%clk 0:01:07] } 54... Rh1 { [%clk 0:02:36] } 55. Rg8+ { [%clk 0:00:59] }
55... Kf7 { [%clk 0:02:34] } 56. h7 { [%clk 0:00:57] } 56... Bxh7
{ [%clk 0:02:23] } 57. Rh8 { [%clk 0:00:46] } 57... Rg1+ { [%clk 0:02:20] } 58.
Kh6 { [%clk 0:00:43] } 58... Kxf6 { [%clk 0:02:14] } 59. Rxh7
{ [%clk 0:00:40] } 59... Rh1# { [%clk 0:02:11] } 0-1"
Rated Rapid tournament https://lichess.org/tournament/pas468Wf,https://lichess.org/KMycp9Cq,2024.08.01,-,Enkhee9999,Pskov-Rulit,0-1,2024.08.01,08:45:59,2054,2304,,,B10,Caro-Kann Defense,600+0,Normal,"1. e4 { [%clk 0:10:00] } 1... c6 { [%clk 0:05:00] } 2. Nf3 { [%clk 0:09:59] }
2... d5 { [%clk 0:05:00] } 3. exd5 { [%clk 0:09:58] } 3... cxd5
{ [%clk 0:05:00] } 4. d4 { [%clk 0:09:57] } 4... Nf6 { [%clk 0:05:00] } 5. c3
{ [%clk 0:09:56] } 5... Nc6 { [%clk 0:04:59] } 6. Bb5 { [%clk 0:09:53] } 6...
Qb6 { [%clk 0:04:57] } 7. Bxc6+ { [%clk 0:09:52] } 7... bxc6 { [%clk 0:04:57] }
8. O-O { [%clk 0:09:49] } 8... a5 { [%clk 0:04:56] } 9. h3 { [%clk 0:09:41] }
9... Ba6 { [%clk 0:04:54] } 10. Re1 { [%clk 0:09:38] } 10... e6
{ [%clk 0:04:53] } 11. Qc2 { [%clk 0:09:29] } 11... Rb8 { [%clk 0:04:51] } 12.
b3 { [%clk 0:09:26] } 12... Be7 { [%clk 0:04:47] } 13. Bf4 { [%clk 0:09:21] }
13... Rb7 { [%clk 0:04:44] } 14. Nbd2 { [%clk 0:09:17] } 14... O-O
{ [%clk 0:04:43] } 15. Ne5 { [%clk 0:09:10] } 15... c5 { [%clk 0:04:42] } 16.
Be3 { [%clk 0:08:59] } 16... cxd4 { [%clk 0:04:34] } 17. Bxd4
{ [%clk 0:08:50] } 17... Bc5 { [%clk 0:04:31] } 18. Ndf3 { [%clk 0:08:25] }
18... Rc8 { [%clk 0:04:25] } 19. Bxc5 { [%clk 0:08:20] } 19... Qxc5
{ [%clk 0:04:23] } 20. Rac1 { [%clk 0:08:11] } 20... h6 { [%clk 0:04:22] } 21.
Nh2 { [%clk 0:07:27] } 21... a4 { [%clk 0:04:19] } 22. Nhg4 { [%clk 0:07:21] }
22... Nxg4 { [%clk 0:04:14] } 23. Nxg4 { [%clk 0:07:15] } 23... axb3
{ [%clk 0:03:56] } 24. axb3 { [%clk 0:07:11] } 24... Rbc7 { [%clk 0:03:55] }
25. Qa2 { [%clk 0:05:26] } 25... Bb7 { [%clk 0:03:50] } 26. Rc2
{ [%clk 0:05:16] } 26... Ra8 { [%clk 0:03:48] } 27. Qb2 { [%clk 0:05:12] }
27... Bc6 { [%clk 0:03:42] } 28. Rec1 { [%clk 0:04:56] } 28... Rca7
{ [%clk 0:03:40] } 29. Rb1 { [%clk 0:04:41] } 29... Bb5 { [%clk 0:03:38] } 30.
c4 { [%clk 0:03:59] } 30... dxc4 { [%clk 0:03:37] } 31. bxc4 { [%clk 0:03:55] }
31... Bc6 { [%clk 0:03:36] } 32. Rcc1 { [%clk 0:03:26] } 32... h5
{ [%clk 0:03:23] } 33. Ne3 { [%clk 0:03:22] } 33... Be4 { [%clk 0:03:15] } 34.
Ra1 { [%clk 0:03:20] } 34... f5 { [%clk 0:03:10] } 35. Rxa7 { [%clk 0:03:18] }
35... Rxa7 { [%clk 0:03:09] } 36. Ra1 { [%clk 0:03:16] } 36... Rb7
{ [%clk 0:03:06] } 37. Qa3 { [%clk 0:03:12] } 37... Qxa3 { [%clk 0:03:02] } 38.
Rxa3 { [%clk 0:03:11] } 38... f4 { [%clk 0:03:01] } 39. Nf1 { [%clk 0:02:39] }
39... Rb1 { [%clk 0:02:59] } 40. Rc3 { [%clk 0:02:33] } 40... Bc6
{ [%clk 0:02:55] } 41. g3 { [%clk 0:02:12] } 41... g5 { [%clk 0:02:49] } 42.
gxf4 { [%clk 0:02:10] } 42... gxf4 { [%clk 0:02:48] } 43. f3 { [%clk 0:02:07] }
43... Kf7 { [%clk 0:02:43] } 44. Kf2 { [%clk 0:01:59] } 44... Rb2+
{ [%clk 0:02:40] } 45. Ke1 { [%clk 0:01:52] } 45... Kf6 { [%clk 0:02:39] } 46.
Nd2 { [%clk 0:01:47] } 46... Kf5 { [%clk 0:02:37] } 47. Ke2 { [%clk 0:01:41] }
47... e5 { [%clk 0:02:34] } 48. Kd3 { [%clk 0:01:38] } 48... Ra2
{ [%clk 0:02:12] } 49. Rb3 { [%clk 0:01:31] } 49... h4 { [%clk 0:02:07] } 50.
Rb1 { [%clk 0:01:23] } 50... Ra3+ { [%clk 0:01:58] } 51. Rb3 { [%clk 0:01:22] }
51... Rxb3+ { [%clk 0:01:57] } 52. Nxb3 { [%clk 0:01:21] } 52... Bxf3
{ [%clk 0:01:56] } 53. c5 { [%clk 0:01:19] } 53... Ba8 { [%clk 0:01:48] } 54.
Ke2 { [%clk 0:01:10] } 54... e4 { [%clk 0:01:47] } 55. Na5 { [%clk 0:01:02] }
55... Ke5 { [%clk 0:01:42] } 56. c6 { [%clk 0:01:01] } 56... Kd6
{ [%clk 0:01:41] } 57. Nb3 { [%clk 0:00:45] } 57... Bxc6 { [%clk 0:01:39] } 58.
Nd4 { [%clk 0:00:45] } 58... Bd7 { [%clk 0:01:38] } 59. Kf2 { [%clk 0:00:41] }
59... Kd5 { [%clk 0:01:36] } 60. Ne2 { [%clk 0:00:40] } 60... Ke5
{ [%clk 0:01:33] } 61. Nc3 { [%clk 0:00:35] } 61... Bxh3 { [%clk 0:01:30] } 62.
Nb5 { [%clk 0:00:33] } 62... Bg4 { [%clk 0:01:27] } 63. Nc3 { [%clk 0:00:32] }
63... e3+ { [%clk 0:01:26] } 64. Kf1 { [%clk 0:00:29] } 64... f3
{ [%clk 0:01:23] } 65. Nd1 { [%clk 0:00:28] } 65... e2+ { [%clk 0:01:22] } 66.
Ke1 { [%clk 0:00:26] } 66... exd1=Q+ { [%clk 0:01:20] } 67. Kxd1
{ [%clk 0:00:26] } 67... Kf4 { [%clk 0:01:19] } 68. Ke1 { [%clk 0:00:26] }
68... Kg3 { [%clk 0:01:18] } 69. Kf1 { [%clk 0:00:25] } 69... Bh3+
{ [%clk 0:01:17] } 70. Kg1 { [%clk 0:00:25] } 70... f2+ { [%clk 0:01:16] } 71.
Kh1 { [%clk 0:00:24] } 71... Bg2# { [%clk 0:01:16] } 0-1"
Rated Rapid game,https://lichess.org/vR1Mvj6X,2024.08.01,-,NadielDaroditsky,Rajfahim,1-0,2024.08.01,08:46:03,1904,1836,,,B22,Sicilian Defense: Alapin Variation,600+0,Time forfeit,"1. e4 { [%clk 0:10:00] } 1... c5 { [%clk 0:10:00] } 2. c3 { [%clk 0:09:58] }
2... Nc6 { [%clk 0:09:58] } 3. d4 { [%clk 0:09:57] } 3... cxd4
{ [%clk 0:09:56] } 4. cxd4 { [%clk 0:09:57] } 4... e6 { [%clk 0:09:54] } 5. d5
{ [%clk 0:09:51] } 5... Nb8 { [%clk 0:09:45] } 6. Nc3 { [%clk 0:09:45] } 6...
e5 { [%clk 0:09:39] } 7. f4 { [%clk 0:09:38] } 7... d6 { [%clk 0:09:36] } 8.
fxe5 { [%clk 0:09:37] } 8... dxe5 { [%clk 0:09:33] } 9. Nf3 { [%clk 0:09:36] }
9... Nf6 { [%clk 0:09:32] } 10. Bb5+ { [%clk 0:09:20] } 10... Bd7
{ [%clk 0:09:26] } 11. Bxd7+ { [%clk 0:09:18] } 11... Nbxd7 { [%clk 0:09:23] }
12. O-O { [%clk 0:09:17] } 12... Bd6 { [%clk 0:08:53] } 13. Qe1
{ [%clk 0:09:13] } 13... O-O { [%clk 0:08:47] } 14. Qg3 { [%clk 0:09:09] }
14... Nh5 { [%clk 0:08:17] } 15. Qg4 { [%clk 0:09:04] } 15... Ndf6
{ [%clk 0:08:07] } 16. Qh4 { [%clk 0:09:00] } 16... g6 { [%clk 0:08:00] } 17.
Bg5 { [%clk 0:08:23] } 17... Be7 { [%clk 0:01:27] } 18. g4 { [%clk 0:08:07] }
1-0"
Rated Rapid game,https://lichess.org/FgmUhYSz,2024.08.01,-,tyamlak,D3schain,0-1,2024.08.01,08:46:03,1594,1594,,,B00,Pirc Defense,600+0,Normal,"1. e4 { [%clk 0:10:00] } 1... d6 { [%clk 0:10:00] } 2. Ne2 { [%clk 0:10:00] }
2... g6 { [%clk 0:09:55] } 3. Nbc3 { [%clk 0:09:59] } 3... Bg7
{ [%clk 0:09:54] } 4. g3 { [%clk 0:09:56] } 4... Nf6 { [%clk 0:09:53] } 5. Bg2
{ [%clk 0:09:56] } 5... O-O { [%clk 0:09:51] } 6. O-O { [%clk 0:09:33] } 6...
Bg4 { [%clk 0:09:48] } 7. d3 { [%clk 0:09:29] } 7... Nc6 { [%clk 0:09:45] } 8.
Bg5 { [%clk 0:08:49] } 8... h6 { [%clk 0:09:40] } 9. Be3 { [%clk 0:08:46] }
9... Ne5 { [%clk 0:09:08] } 10. a3 { [%clk 0:08:46] } 10... Nf3+
{ [%clk 0:09:04] } 11. Bxf3 { [%clk 0:08:41] } 11... Bxf3 { [%clk 0:09:03] }
12. Qe1 { [%clk 0:08:39] } 12... Qd7 { [%clk 0:08:58] } 13. Nd4
{ [%clk 0:08:38] } 13... Bh5 { [%clk 0:08:48] } 14. f3 { [%clk 0:08:15] } 14...
c5 { [%clk 0:08:46] } 15. Nde2 { [%clk 0:08:07] } 15... e6 { [%clk 0:08:29] }
16. g4 { [%clk 0:08:06] } 16... Bxg4 { [%clk 0:08:12] } 17. fxg4
{ [%clk 0:08:03] } 17... Nxg4 { [%clk 0:08:10] } 18. h3 { [%clk 0:07:52] }
18... Nxe3 { [%clk 0:08:06] } 19. Nf4 { [%clk 0:07:43] } 19... Nxc2
{ [%clk 0:07:56] } 20. Qg3 { [%clk 0:07:31] } 20... Nxa1 { [%clk 0:07:45] } 21.
Nxg6 { [%clk 0:07:29] } 21... fxg6 { [%clk 0:07:43] } 22. Rxa1
{ [%clk 0:07:23] } 22... Kh7 { [%clk 0:07:37] } 23. Ne2 { [%clk 0:07:20] }
23... Bd4+ { [%clk 0:07:32] } 24. Kh2 { [%clk 0:07:14] } 24... Rf2+
{ [%clk 0:07:25] } 25. Kh1 { [%clk 0:06:59] } 25... Rxe2 { [%clk 0:07:19] } 26.
Rg1 { [%clk 0:06:55] } 26... Bxg1 { [%clk 0:07:13] } 27. Qxg1
{ [%clk 0:06:54] } 27... Rf8 { [%clk 0:07:03] } 28. Qxg6+ { [%clk 0:06:46] }
28... Kxg6 { [%clk 0:07:02] } 0-1"
Rated Rapid game,https://lichess.org/6QWf6YCv,2024.08.01,-,mehdizakipoor1361,IOpuu70,1-0,2024.08.01,08:46:03,1933,1969,,,B10,Caro-Kann Defense,600+0,Normal,"1. e4 { [%clk 0:10:00] } 1... c6 { [%clk 0:10:00] } 2. Nf3 { [%clk 0:09:45] }
2... d5 { [%clk 0:09:54] } 3. exd5 { [%clk 0:09:45] } 3... cxd5
{ [%clk 0:09:52] } 4. Bb5+ { [%clk 0:09:44] } 4... Nc6 { [%clk 0:09:50] } 5.
Ne5 { [%clk 0:09:39] } 5... Bd7 { [%clk 0:09:42] } 6. Qf3 { [%clk 0:09:34] }
6... Nf6 { [%clk 0:09:38] } 7. Bxc6 { [%clk 0:09:23] } 7... Bxc6
{ [%clk 0:09:25] } 8. Qc3 { [%clk 0:09:02] } 8... Qb6 { [%clk 0:08:40] } 9. d3
{ [%clk 0:08:47] } 9... d4 { [%clk 0:08:25] } 10. Qb3 { [%clk 0:08:28] } 10...
Qxb3 { [%clk 0:08:18] } 11. axb3 { [%clk 0:08:28] } 11... Bxg2
{ [%clk 0:08:16] } 12. Rg1 { [%clk 0:08:26] } 12... Bd5 { [%clk 0:08:10] } 13.
Nd2 { [%clk 0:08:24] } 13... Nh5 { [%clk 0:07:47] } 14. Ra5 { [%clk 0:08:01] }
14... e6 { [%clk 0:07:34] } 15. Ndc4 { [%clk 0:07:42] } 15... b6
{ [%clk 0:07:19] } 16. Rxd5 { [%clk 0:07:20] } 16... exd5 { [%clk 0:07:15] }
17. Nd2 { [%clk 0:07:10] } 17... f6 { [%clk 0:07:09] } 18. Nef3
{ [%clk 0:07:08] } 18... Bc5 { [%clk 0:06:52] } 19. Nh4 { [%clk 0:06:17] }
19... g6 { [%clk 0:06:38] } 20. Ndf3 { [%clk 0:06:06] } 20... Ng7
{ [%clk 0:06:29] } 21. Bh6 { [%clk 0:05:54] } 21... Ne6 { [%clk 0:06:25] } 22.
Ng2 { [%clk 0:05:48] } 22... g5 { [%clk 0:06:15] } 23. h4 { [%clk 0:05:43] }
23... Rg8 { [%clk 0:06:08] } 24. hxg5 { [%clk 0:05:38] } 24... fxg5
{ [%clk 0:06:07] } 25. Kd2 { [%clk 0:05:33] } 25... Rg6 { [%clk 0:06:01] } 26.
Rh1 { [%clk 0:05:29] } 26... Kf7 { [%clk 0:05:40] } 27. Nge1 { [%clk 0:05:09] }
27... Bb4+ { [%clk 0:05:24] } 28. c3 { [%clk 0:05:06] } 28... dxc3+
{ [%clk 0:05:06] } 29. bxc3 { [%clk 0:05:05] } 29... Be7 { [%clk 0:05:04] } 30.
Ne5+ { [%clk 0:04:40] } 30... Kf6 { [%clk 0:04:58] } 31. d4 { [%clk 0:04:37] }
31... Rgg8 { [%clk 0:04:45] } 32. N1f3 { [%clk 0:04:26] } 32... Nd8
{ [%clk 0:04:28] } 33. Ng4+ { [%clk 0:04:17] } 33... Ke6 { [%clk 0:04:18] } 34.
Re1+ { [%clk 0:03:45] } 34... Kf5 { [%clk 0:03:57] } 35. Ne3+
{ [%clk 0:03:10] } 35... Kg6 { [%clk 0:03:42] } 36. Ng4 { [%clk 0:03:05] }
36... Bf6 { [%clk 0:03:35] } 37. c4 { [%clk 0:02:25] } 37... dxc4
{ [%clk 0:03:27] } 38. bxc4 { [%clk 0:02:23] } 38... Nf7 { [%clk 0:03:23] } 39.
Re6 { [%clk 0:02:12] } 39... Kf5 { [%clk 0:02:43] } 40. Rxf6+
{ [%clk 0:02:06] } 40... Kxg4 { [%clk 0:02:39] } 41. Rxf7 { [%clk 0:02:05] }
41... Rg6 { [%clk 0:02:27] } 42. Ne5+ { [%clk 0:01:55] } 42... Kh5
{ [%clk 0:02:20] } 43. Nxg6 { [%clk 0:01:50] } 43... Kxg6 { [%clk 0:02:19] }
44. Rxh7 { [%clk 0:01:12] } 44... Kxh7 { [%clk 0:02:17] } 45. Bxg5
{ [%clk 0:01:11] } 45... Rg8 { [%clk 0:02:05] } 46. Be3 { [%clk 0:01:06] }
46... Kg6 { [%clk 0:02:01] } 47. Kd3 { [%clk 0:01:04] } 47... Kf5
{ [%clk 0:02:00] } 48. c5 { [%clk 0:01:01] } 48... b5 { [%clk 0:01:57] } 49.
Kc3 { [%clk 0:00:59] } 49... a6 { [%clk 0:01:56] } 50. Kb4 { [%clk 0:00:57] }
50... Ke6 { [%clk 0:01:52] } 51. Ka5 { [%clk 0:00:56] } 51... Ra8
{ [%clk 0:01:50] } 52. c6 { [%clk 0:00:50] } 52... Kd6 { [%clk 0:01:44] } 53.
Kb6 { [%clk 0:00:48] } 53... b4 { [%clk 0:01:41] } 54. Bf4+ { [%clk 0:00:46] }
54... Ke7 { [%clk 0:01:38] } 55. Kb7 { [%clk 0:00:45] } 55... Rf8
{ [%clk 0:01:33] } 56. c7 { [%clk 0:00:42] } 56... b3 { [%clk 0:01:28] } 57.
Bc1 { [%clk 0:00:38] } 57... a5 { [%clk 0:01:26] } 58. Ba3+ { [%clk 0:00:36] }
58... Kd7 { [%clk 0:01:24] } 59. Bxf8 { [%clk 0:00:35] } 59... b2
{ [%clk 0:01:21] } 60. c8=Q# { [%clk 0:00:34] } 1-0"
Rated Rapid game,https://lichess.org/JWol9y7f,2024.08.01,-,MarkSaberov52,baris3412,1/2-1/2,2024.08.01,08:46:03,1136,1087,,,A00,Kádas Opening,600+0,Normal,"1. h4 { [%clk 0:10:00] } 1... e5 { [%clk 0:10:00] } 2. e4 { [%clk 0:09:59] }
2... d5 { [%clk 0:09:58] } 3. exd5 { [%clk 0:09:57] } 3... Qxd5
{ [%clk 0:09:57] } 4. Nf3 { [%clk 0:09:57] } 4... e4 { [%clk 0:09:56] } 5. Ng5
{ [%clk 0:09:50] } 5... h6 { [%clk 0:09:53] } 6. Nh3 { [%clk 0:09:46] } 6...
Nf6 { [%clk 0:09:51] } 7. d3 { [%clk 0:09:45] } 7... Nc6 { [%clk 0:09:24] } 8.
Nc3 { [%clk 0:09:44] } 8... Qd8 { [%clk 0:09:20] } 9. dxe4 { [%clk 0:09:40] }
9... Qxd1+ { [%clk 0:09:16] } 10. Kxd1 { [%clk 0:09:37] } 10... Nd4
{ [%clk 0:09:09] } 11. Be3 { [%clk 0:09:35] } 11... Bg4+ { [%clk 0:09:04] } 12.
f3 { [%clk 0:09:33] } 12... Bxh3 { [%clk 0:09:00] } 13. Rxh3 { [%clk 0:09:31] }
13... Nc6 { [%clk 0:08:53] } 14. Bb5 { [%clk 0:09:28] } 14... Bd6
{ [%clk 0:08:49] } 15. Bxc6+ { [%clk 0:09:26] } 15... bxc6 { [%clk 0:08:48] }
16. Kd2 { [%clk 0:09:24] } 16... O-O { [%clk 0:08:43] } 17. Rd1
{ [%clk 0:09:24] } 17... Nh5 { [%clk 0:08:33] } 18. Kc1 { [%clk 0:09:21] }
18... Bf4 { [%clk 0:08:30] } 19. Bxf4 { [%clk 0:09:18] } 19... Nxf4
{ [%clk 0:08:30] } 20. Rg3 { [%clk 0:09:16] } 20... Rad8 { [%clk 0:08:15] } 21.
Rxd8 { [%clk 0:09:14] } 21... Rxd8 { [%clk 0:08:13] } 22. Rg4
{ [%clk 0:09:14] } 22... Nh5 { [%clk 0:08:05] } 23. Na4 { [%clk 0:09:00] }
23... Nf6 { [%clk 0:08:02] } 24. Rg3 { [%clk 0:08:58] } 24... Nh5
{ [%clk 0:07:59] } 25. Rh3 { [%clk 0:08:56] } 25... Nf4 { [%clk 0:07:58] } 26.
Rh1 { [%clk 0:08:51] } 26... Nxg2 { [%clk 0:07:56] } 27. h5 { [%clk 0:08:49] }
27... Ne3 { [%clk 0:07:35] } 28. Nc5 { [%clk 0:08:39] } 1/2-1/2"
Rated Rapid game,https://lichess.org/gmYzxC8n,2024.08.01,-,pksukumarantcr,delos65,1-0,2024.08.01,08:46:03,1786,1774,,,C50,"Italian Game: Giuoco Pianissimo, Normal",600+0,Normal,"1. e4 { [%clk 0:10:00] } 1... e5 { [%clk 0:10:00] } 2. Bc4 { [%clk 0:09:58] }
2... Bc5 { [%clk 0:09:58] } 3. Nf3 { [%clk 0:09:57] } 3... Nc6
{ [%clk 0:09:53] } 4. d3 { [%clk 0:09:56] } 4... Nf6 { [%clk 0:09:48] } 5. h3
{ [%clk 0:09:54] } 5... d6 { [%clk 0:09:46] } 6. Nc3 { [%clk 0:09:52] } 6...
Nd4 { [%clk 0:09:43] } 7. a3 { [%clk 0:09:49] } 7... O-O { [%clk 0:09:38] } 8.
O-O { [%clk 0:09:48] } 8... Qe8 { [%clk 0:09:17] } 9. Be3 { [%clk 0:09:44] }
9... Be6 { [%clk 0:09:11] } 10. Nd5 { [%clk 0:09:41] } 10... Nxd5
{ [%clk 0:09:05] } 11. exd5 { [%clk 0:09:39] } 11... Bf5 { [%clk 0:08:54] } 12.
Re1 { [%clk 0:09:24] } 12... Qd7 { [%clk 0:08:52] } 13. Nxd4 { [%clk 0:09:15] }
13... exd4 { [%clk 0:08:46] } 14. Bf4 { [%clk 0:09:06] } 14... Bxh3
{ [%clk 0:08:39] } 15. gxh3 { [%clk 0:09:03] } 15... Qxh3 { [%clk 0:08:38] }
16. Bg3 { [%clk 0:08:52] } 16... f5 { [%clk 0:08:17] } 17. Re7
{ [%clk 0:08:29] } 17... f4 { [%clk 0:08:14] } 18. Bh2 { [%clk 0:08:26] } 18...
f3 { [%clk 0:08:07] } 19. Qf1 { [%clk 0:08:24] } 19... Qg4+ { [%clk 0:08:03] }
20. Kh1 { [%clk 0:08:20] } 20... Bb6 { [%clk 0:07:53] } 21. Qg1
{ [%clk 0:08:16] } 21... Qxg1+ { [%clk 0:07:38] } 22. Rxg1 { [%clk 0:08:14] }
22... g6 { [%clk 0:07:33] } 23. Rg4 { [%clk 0:08:03] } 23... Rf5
{ [%clk 0:07:29] } 24. Bg3 { [%clk 0:07:51] } 24... Raf8 { [%clk 0:07:23] } 25.
b4 { [%clk 0:07:30] } 25... a6 { [%clk 0:07:21] } 26. a4 { [%clk 0:07:27] }
26... R8f7 { [%clk 0:07:17] } 27. Re8+ { [%clk 0:07:09] } 27... Kg7
{ [%clk 0:07:15] } 28. a5 { [%clk 0:07:06] } 28... Ba7 { [%clk 0:07:12] } 29.
Ra8 { [%clk 0:07:03] } 29... b5 { [%clk 0:07:08] } 30. Bb3 { [%clk 0:06:56] }
30... c5 { [%clk 0:06:51] } 31. dxc6 { [%clk 0:06:52] } 31... Rc7
{ [%clk 0:06:49] } 32. Bxd6 { [%clk 0:06:47] } 32... Rxc6 { [%clk 0:06:42] }
33. Bf8+ { [%clk 0:06:41] } 33... Kf6 { [%clk 0:06:36] } 34. Rxa7
{ [%clk 0:06:39] } 1-0"
Rated Rapid game,https://lichess.org/4Z414kCt,2024.08.01,-,Samibossi113,DMeQ,0-1,2024.08.01,08:46:03,1667,1672,,,C20,King's Pawn Game: Wayward Queen Attack,600+0,Time forfeit,"1. e4 { [%clk 0:10:00] } 1... e5 { [%clk 0:10:00] } 2. Qh5 { [%clk 0:09:58] }
2... d6 { [%clk 0:09:45] } 3. Bc4 { [%clk 0:09:49] } 3... Qf6
{ [%clk 0:09:25] } 4. Nf3 { [%clk 0:09:45] } 4... h6 { [%clk 0:09:13] } 5. Qh4
{ [%clk 0:09:35] } 5... Be7 { [%clk 0:09:07] } 6. Qxf6 { [%clk 0:09:30] } 6...
Nxf6 { [%clk 0:09:04] } 7. d3 { [%clk 0:09:29] } 7... O-O { [%clk 0:08:58] } 8.
O-O { [%clk 0:09:24] } 8... Nc6 { [%clk 0:08:47] } 9. a3 { [%clk 0:09:08] }
9... Bg4 { [%clk 0:08:43] } 10. Nh4 { [%clk 0:08:53] } 10... Nd4
{ [%clk 0:08:37] } 11. Ng6 { [%clk 0:08:41] } 11... Rfe8 { [%clk 0:08:29] } 12.
h3 { [%clk 0:08:26] } 12... Bh5 { [%clk 0:08:06] } 13. Nxe7+ { [%clk 0:06:31] }
13... Rxe7 { [%clk 0:08:04] } 14. c3 { [%clk 0:06:18] } 14... Ne2+
{ [%clk 0:07:35] } 15. Kh2 { [%clk 0:06:11] } 15... c6 { [%clk 0:07:22] } 16.
Be3 { [%clk 0:03:25] } 16... d5 { [%clk 0:07:13] } 17. Bb3 { [%clk 0:03:16] }
17... dxe4 { [%clk 0:07:01] } 18. dxe4 { [%clk 0:03:14] } 18... Nxe4
{ [%clk 0:06:58] } 19. Nd2 { [%clk 0:03:09] } 19... Nxd2 { [%clk 0:06:43] } 20.
Bxd2 { [%clk 0:03:05] } 20... Rd8 { [%clk 0:06:31] } 21. Be3 { [%clk 0:03:02] }
21... Bg6 { [%clk 0:06:25] } 22. Bxa7 { [%clk 0:02:53] } 22... Rd2
{ [%clk 0:06:06] } 23. Ra2 { [%clk 0:02:33] } 23... Be4 { [%clk 0:05:43] } 24.
f3 { [%clk 0:02:26] } 24... Bd5 { [%clk 0:05:28] } 25. Bxd5 { [%clk 0:02:20] }
25... cxd5 { [%clk 0:05:26] } 26. Rf2 { [%clk 0:02:18] } 26... d4
{ [%clk 0:04:58] } 27. cxd4 { [%clk 0:02:10] } 27... exd4 { [%clk 0:04:57] }
28. Bc5 { [%clk 0:01:44] } 28... Re8 { [%clk 0:04:51] } 29. Bb4
{ [%clk 0:01:41] } 29... Rc2 { [%clk 0:04:48] } 30. Ra1 { [%clk 0:01:33] }
30... Rxb2 { [%clk 0:04:27] } 31. Re1 { [%clk 0:01:22] } 31... d3
{ [%clk 0:04:21] } 32. Rd1 { [%clk 0:01:17] } 32... Rb3 { [%clk 0:04:15] } 33.
Rff1 { [%clk 0:01:09] } 33... Nf4 { [%clk 0:04:00] } 34. Rfe1
{ [%clk 0:00:55] } 34... Rxe1 { [%clk 0:03:57] } 35. Rxe1 { [%clk 0:00:53] }
35... Rb2 { [%clk 0:03:42] } 36. Kg3 { [%clk 0:00:50] } 36... Nxg2
{ [%clk 0:03:35] } 37. Rd1 { [%clk 0:00:45] } 37... Ne3 { [%clk 0:03:12] } 38.
Kf4 { [%clk 0:00:37] } 38... Nd5+ { [%clk 0:03:09] } 39. Ke5 { [%clk 0:00:32] }
39... Nxb4 { [%clk 0:03:07] } 40. axb4 { [%clk 0:00:29] } 40... Rxb4
{ [%clk 0:03:03] } 41. Rxd3 { [%clk 0:00:28] } 41... Rh4 { [%clk 0:03:00] } 42.
Kf5 { [%clk 0:00:21] } 42... Rxh3 { [%clk 0:02:57] } 43. Re3 { [%clk 0:00:16] }
43... Kh7 { [%clk 0:02:48] } 44. Kg4 { [%clk 0:00:12] } 44... Rh1
{ [%clk 0:02:44] } 45. Rb3 { [%clk 0:00:09] } 45... Rg1+ { [%clk 0:02:42] } 46.
Kf4 { [%clk 0:00:07] } 46... g5+ { [%clk 0:02:39] } 47. Kf5 { [%clk 0:00:04] }
47... h5 { [%clk 0:02:32] } 48. Rxb7 { [%clk 0:00:01] } 48... Kg7
{ [%clk 0:02:31] } 0-1"
Rated Rapid game,https://lichess.org/Hu3kiZgO,2024.08.01,-,ngk781,calubeo,0-1,2024.08.01,08:46:03,1290,1295,,,C51,"Italian Game: Evans Gambit, McDonnell Defense",600+0,Normal,"1. e4 { [%eval 0.15] [%clk 0:10:00] } 1... e5 { [%eval 0.21] [%clk 0:10:00] }
2. Nf3 { [%eval 0.11] [%clk 0:09:59] } 2... Nc6 { [%eval 0.19] [%clk 0:09:59] }
3. Bc4 { [%eval 0.14] [%clk 0:09:58] } 3... Bc5 { [%eval 0.13] [%clk 0:09:57] }
4. b4 { [%eval -0.25] [%clk 0:09:56] } 4... Bxb4
{ [%eval -0.17] [%clk 0:09:54] } 5. c3 { [%eval -0.27] [%clk 0:09:55] } 5...
Bc5 { [%eval 0.25] [%clk 0:09:48] } 6. d4 { [%eval 0.23] [%clk 0:09:55] } 6...
exd4 { [%eval 0.18] [%clk 0:09:46] } 7. cxd4 { [%eval 0.18] [%clk 0:09:54] }
7... Be7 $6 { [%eval 0.95] [%clk 0:09:38] } 8. Ba3 $2
{ [%eval -0.38] [%clk 0:09:49] } 8... Bxa3 { [%eval -0.19] [%clk 0:09:23] } 9.
Nxa3 { [%eval -0.16] [%clk 0:09:48] } 9... Nge7
{ [%eval -0.19] [%clk 0:09:20] } 10. O-O { [%eval -0.22] [%clk 0:09:46] } 10...
d6 $4 { [%eval 3.08] [%clk 0:09:16] } 11. Qb3 $4
{ [%eval -0.86] [%clk 0:09:45] } 11... O-O { [%eval -0.9] [%clk 0:09:10] } 12.
Ng5 { [%eval -1.16] [%clk 0:09:43] } 12... Qe8 $2
{ [%eval -0.04] [%clk 0:08:56] } 13. Nb5 { [%eval -0.06] [%clk 0:09:36] } 13...
Na5 { [%eval -0.09] [%clk 0:08:28] } 14. Qb4 $2
{ [%eval -1.33] [%clk 0:09:11] } 14... Nxc4 $6 { [%eval -0.56] [%clk 0:08:20] }
15. Qxc4 { [%eval -0.43] [%clk 0:09:08] } 15... Qd8
{ [%eval -0.5] [%clk 0:08:07] } 16. e5 $2 { [%eval -1.92] [%clk 0:08:57] }
16... d5 $2 { [%eval -0.13] [%clk 0:07:43] } 17. Qd3 $2
{ [%eval -1.86] [%clk 0:08:55] } 17... Nf5 $2 { [%eval -0.75] [%clk 0:07:07] }
18. g4 $4 { [%eval -4.89] [%clk 0:08:44] } 18... Qxg5
{ [%eval -4.85] [%clk 0:07:00] } 19. h3 { [%eval -4.82] [%clk 0:08:41] } 19...
Ne7 $2 { [%eval -3.68] [%clk 0:06:40] } 20. Nxc7
{ [%eval -3.58] [%clk 0:08:38] } 20... Rb8 { [%eval -3.35] [%clk 0:06:36] } 21.
Rac1 { [%eval -4.09] [%clk 0:08:30] } 21... a6 $6
{ [%eval -3.19] [%clk 0:06:33] } 22. Qb3 { [%eval -3.96] [%clk 0:08:27] } 22...
b5 { [%eval -3.31] [%clk 0:06:10] } 23. Nxd5 $2 { [%eval -4.9] [%clk 0:08:22] }
23... Be6 $2 { [%eval -3.2] [%clk 0:05:34] } 24. Nxe7+
{ [%eval -3.0] [%clk 0:08:15] } 24... Kh8 $4 { [%eval 0.2] [%clk 0:05:30] } 25.
Nd5 { [%eval -0.27] [%clk 0:08:11] } 25... Qg6 $2
{ [%eval 1.05] [%clk 0:05:07] } 26. f4 $4 { [%eval -3.5] [%clk 0:07:56] } 26...
Qe4 { [%eval -3.41] [%clk 0:04:53] } 27. Rc5 { [%eval -3.52] [%clk 0:07:47] }
27... Qxd4+ $4 { [%eval -0.27] [%clk 0:04:46] } 28. Qe3
{ [%eval -0.22] [%clk 0:07:38] } 28... Qb2 $4 { [%eval 2.84] [%clk 0:04:13] }
29. f5 $2 { [%eval 0.02] [%clk 0:07:21] } 29... Bxd5
{ [%eval 0.0] [%clk 0:04:07] } 30. Rxd5 { [%eval 0.0] [%clk 0:07:20] } 30...
Qxa2 { [%eval 0.02] [%clk 0:04:03] } 31. g5 $4 { [%eval -5.95] [%clk 0:07:14] }
31... Qxd5 { [%eval -5.67] [%clk 0:03:56] } 0-1"
Rated Rapid game,https://lichess.org/fUl8Y7LT,2024.08.01,-,pozsi,LichAver,0-1,2024.08.01,08:46:03,2193,2207,,,C21,Center Game: Halasz-McDonnell Gambit,600+0,Normal,"1. e4 { [%eval 0.15] [%clk 0:10:00] } 1... e5 { [%eval 0.21] [%clk 0:10:00] }
2. d4 { [%eval -0.09] [%clk 0:09:58] } 2... exd4
{ [%eval -0.03] [%clk 0:09:57] } 3. f4 $2 { [%eval -1.24] [%clk 0:09:57] } 3...
d5 { [%eval -0.72] [%clk 0:09:49] } 4. e5 { [%eval -0.98] [%clk 0:09:55] } 4...
Nc6 { [%eval -0.96] [%clk 0:09:45] } 5. Nf3 { [%eval -1.23] [%clk 0:09:54] }
5... Bg4 $6 { [%eval -0.61] [%clk 0:09:42] } 6. h3
{ [%eval -0.81] [%clk 0:09:44] } 6... Bxf3 { [%eval -0.89] [%clk 0:09:34] } 7.
Qxf3 { [%eval -0.53] [%clk 0:09:44] } 7... Bb4+ $6
{ [%eval 0.19] [%clk 0:09:29] } 8. Bd2 $6 { [%eval -0.8] [%clk 0:09:40] } 8...
Nge7 { [%eval -0.93] [%clk 0:09:25] } 9. a3 { [%eval -0.87] [%clk 0:09:31] }
9... Bc5 { [%eval -1.02] [%clk 0:09:22] } 10. Bd3
{ [%eval -1.0] [%clk 0:09:26] } 10... Qd7 { [%eval -0.47] [%clk 0:09:18] } 11.
O-O { [%eval -0.42] [%clk 0:09:02] } 11... h6 $2
{ [%eval 0.64] [%clk 0:09:12] } 12. Re1 { [%eval 0.15] [%clk 0:08:39] } 12...
O-O-O $6 { [%eval 0.93] [%clk 0:08:55] } 13. b4 { [%eval 0.87] [%clk 0:08:30] }
13... Bb6 { [%eval 0.79] [%clk 0:08:53] } 14. a4
{ [%eval 0.89] [%clk 0:08:27] } 14... a5 { [%eval 0.47] [%clk 0:08:45] } 15.
Bb5 { [%eval 0.11] [%clk 0:08:07] } 15... Qf5 $6
{ [%eval 0.66] [%clk 0:08:34] } 16. Bd3 { [%eval 0.49] [%clk 0:07:41] } 16...
Qe6 $2 { [%eval 2.96] [%clk 0:08:28] } 17. f5 { [%eval 2.48] [%clk 0:07:35] }
17... Qd7 { [%eval 2.85] [%clk 0:08:25] } 18. e6 $2
{ [%eval 0.0] [%clk 0:07:34] } 18... fxe6 { [%eval -0.27] [%clk 0:08:23] } 19.
fxe6 $6 { [%eval -1.06] [%clk 0:07:34] } 19... Qe8 $2
{ [%eval 0.99] [%clk 0:08:15] } 20. Bb5 $2 { [%eval -1.87] [%clk 0:07:22] }
20... Qg6 $2 { [%eval -0.33] [%clk 0:08:11] } 21. Bd3
{ [%eval -0.82] [%clk 0:07:14] } 21... Qe8 $2 { [%eval 0.96] [%clk 0:08:07] }
22. b5 { [%eval 0.67] [%clk 0:07:06] } 22... Na7
{ [%eval 0.64] [%clk 0:07:57] } 23. Kh1 $6 { [%eval -0.03] [%clk 0:06:41] }
23... Rf8 { [%eval 0.07] [%clk 0:07:54] } 24. Qe2
{ [%eval -0.35] [%clk 0:06:40] } 24... Nf5 $2 { [%eval 2.63] [%clk 0:07:43] }
25. c3 $4 { [%eval -4.78] [%clk 0:06:38] } 25... Ng3+
{ [%eval -4.77] [%clk 0:07:41] } 0-1"
Rated Rapid game,https://lichess.org/r7e9AAFc,2024.08.01,-,izzeoneandonly,ell-7676,1-0,2024.08.01,08:46:10,1744,1669,,,B21,Sicilian Defense: Smith-Morra Gambit,600+0,Normal,"1. e4 { [%clk 0:10:00] } 1... c5 { [%clk 0:10:00] } 2. d4 { [%clk 0:09:58] }
2... cxd4 { [%clk 0:09:57] } 3. Qxd4 { [%clk 0:09:58] } 3... Nc6
{ [%clk 0:09:56] } 4. Qd1 { [%clk 0:09:47] } 4... e6 { [%clk 0:09:55] } 5. Bb5
{ [%clk 0:09:45] } 5... a6 { [%clk 0:09:45] } 6. Bxc6 { [%clk 0:09:42] } 6...
bxc6 { [%clk 0:09:43] } 7. e5 { [%clk 0:09:34] } 7... Qc7 { [%clk 0:09:38] } 8.
Nf3 { [%clk 0:09:32] } 8... Bb7 { [%clk 0:09:34] } 9. Bf4 { [%clk 0:09:24] }
9... Bc5 { [%clk 0:09:24] } 10. Bg3 { [%clk 0:09:15] } 10... Qb6
{ [%clk 0:09:15] } 11. b3 { [%clk 0:08:59] } 11... Nh6 { [%clk 0:09:11] } 12.
Nc3 { [%clk 0:08:52] } 12... Bb4 { [%clk 0:08:55] } 13. Qd3 { [%clk 0:08:43] }
13... Qa5 { [%clk 0:08:49] } 14. Kd2 { [%clk 0:08:31] } 14... O-O
{ [%clk 0:08:32] } 15. a3 { [%clk 0:08:20] } 15... Bxc3+ { [%clk 0:08:09] } 16.
Qxc3 { [%clk 0:08:17] } 16... Qc7 { [%clk 0:08:02] } 17. Rhd1
{ [%clk 0:08:09] } 17... c5 { [%clk 0:07:53] } 18. Ke2 { [%clk 0:08:06] } 18...
a5 { [%clk 0:07:50] } 19. Kf1 { [%clk 0:08:01] } 19... Ba6+ { [%clk 0:07:40] }
20. Kg1 { [%clk 0:07:58] } 20... Qc6 { [%clk 0:07:19] } 21. Rd6
{ [%clk 0:07:39] } 21... Qb5 { [%clk 0:07:06] } 22. a4 { [%clk 0:07:34] } 22...
Qe2 { [%clk 0:07:04] } 23. Rxd7 { [%clk 0:07:22] } 23... Nf5 { [%clk 0:06:58] }
24. Qxc5 { [%clk 0:07:10] } 24... Nxg3 { [%clk 0:06:52] } 25. hxg3
{ [%clk 0:07:08] } 25... f6 { [%clk 0:06:42] } 26. Qc7 { [%clk 0:06:51] } 1-0"
Rated Rapid game,https://lichess.org/N9ZPj5Xj,2024.08.01,-,sukanyabose,HuberHeinz,0-1,2024.08.01,08:46:10,1388,1982,,,B06,Modern Defense,600+0,Normal,"1. d4 { [%eval 0.16] [%clk 0:10:00] } 1... g6 { [%eval 0.44] [%clk 0:10:00] }
2. e4 { [%eval 0.48] [%clk 0:09:34] } 2... Bg7 { [%eval 0.49] [%clk 0:09:55] }
3. Be3 { [%eval 0.27] [%clk 0:09:28] } 3... d6 { [%eval 0.56] [%clk 0:09:50] }
4. c3 { [%eval 0.26] [%clk 0:09:19] } 4... Nf6 { [%eval 0.34] [%clk 0:09:38] }
5. Bc4 $2 { [%eval -1.28] [%clk 0:09:05] } 5... Nxe4
{ [%eval -1.61] [%clk 0:09:30] } 6. Qb3 { [%eval -1.89] [%clk 0:08:43] } 6...
O-O { [%eval -1.3] [%clk 0:09:24] } 7. Ne2 $6 { [%eval -2.16] [%clk 0:08:34] }
7... Nc6 { [%eval -2.15] [%clk 0:09:15] } 8. Nf4 $6
{ [%eval -3.11] [%clk 0:08:23] } 8... e5 { [%eval -3.19] [%clk 0:09:05] } 9. d5
$4 { [%eval -6.81] [%clk 0:08:19] } 9... exf4 { [%eval -6.82] [%clk 0:08:47] }
10. Bd4 { [%eval -7.85] [%clk 0:08:00] } 10... Nxd4
{ [%eval -7.27] [%clk 0:08:39] } 11. cxd4 { [%eval -7.76] [%clk 0:07:57] }
11... Qh4 { [%eval -8.1] [%clk 0:08:32] } 12. g3
{ [%eval -9.73] [%clk 0:07:31] } 12... fxg3 { [%eval -9.55] [%clk 0:08:26] }
13. fxg3 { [%eval -9.52] [%clk 0:07:26] } 13... Nxg3
{ [%eval -9.47] [%clk 0:08:21] } 14. Nd2 { [%eval -12.72] [%clk 0:07:19] }
14... Nxh1+ { [%eval -13.02] [%clk 0:08:13] } 15. Kd1
{ [%eval -12.71] [%clk 0:02:51] } 15... Nf2+ { [%eval -12.43] [%clk 0:07:19] }
16. Kc2 { [%eval -13.85] [%clk 0:02:48] } 16... Bf5+
{ [%eval -13.65] [%clk 0:07:11] } 17. Kc3 $6 { [%eval #-9] [%clk 0:02:45] }
17... Qxd4+ { [%eval #-8] [%clk 0:07:00] } 18. Kb4
{ [%eval #-8] [%clk 0:02:38] } 18... Nd3+ { [%eval #-6] [%clk 0:06:55] } 19.
Ka3 { [%eval #-6] [%clk 0:02:22] } 19... Qc5+ { [%eval #-5] [%clk 0:06:46] }
20. Ka4 { [%eval #-5] [%clk 0:02:19] } 20... Nxb2+
{ [%eval #-4] [%clk 0:06:22] } 21. Qxb2 { [%eval #-4] [%clk 0:02:15] } 21...
Bxb2 { [%eval #-3] [%clk 0:06:16] } 22. Rc1 { [%eval #-2] [%clk 0:02:12] }
22... Qa3+ { [%eval #-1] [%clk 0:06:11] } 23. Kb5
{ [%eval #-1] [%clk 0:02:09] } 0-1"
Rated Rapid game,https://lichess.org/7ETz9sFP,2024.08.01,-,AbdulWahab997,LucasAndre2021,1-0,2024.08.01,08:46:10,1359,1397,,,B01,Scandinavian Defense: Mieses-Kotroc Variation,600+0,Time forfeit,"1. e4 { [%clk 0:10:00] } 1... d5 { [%clk 0:10:00] } 2. exd5 { [%clk 0:09:58] }
2... Qxd5 { [%clk 0:10:00] } 3. Nc3 { [%clk 0:09:56] } 3... Qe5+
{ [%clk 0:09:55] } 4. Be2 { [%clk 0:09:52] } 4... Nf6 { [%clk 0:09:52] } 5. Nf3
{ [%clk 0:09:49] } 5... Qf5 { [%clk 0:09:46] } 6. O-O { [%clk 0:09:45] } 6...
Ng4 { [%clk 0:09:38] } 7. Nh4 { [%clk 0:09:19] } 7... Qh5 { [%clk 0:09:34] } 8.
Bxg4 { [%clk 0:08:57] } 8... Bxg4 { [%clk 0:09:29] } 9. Nf3 { [%clk 0:08:32] }
9... e6 { [%clk 0:09:18] } 10. Nb5 { [%clk 0:08:07] } 10... Na6
{ [%clk 0:09:07] } 11. c4 { [%clk 0:07:49] } 11... Bd6 { [%clk 0:08:59] } 12.
Nxd6+ { [%clk 0:07:42] } 12... cxd6 { [%clk 0:08:56] } 13. Qa4+
{ [%clk 0:07:26] } 13... Ke7 { [%clk 0:08:45] } 14. Qb3 { [%clk 0:07:03] }
14... Nc5 { [%clk 0:08:37] } 15. Qc3 { [%clk 0:06:37] } 15... f6
{ [%clk 0:08:11] } 16. d4 { [%clk 0:06:30] } 16... Ne4 { [%clk 0:07:57] } 17.
Qd3 { [%clk 0:06:04] } 17... Bf5 { [%clk 0:06:53] } 18. Bf4 { [%clk 0:05:56] }
18... g5 { [%clk 0:06:36] } 19. Bg3 { [%clk 0:05:53] } 19... Nxf2
{ [%clk 0:06:12] } 20. Qe2 { [%clk 0:05:32] } 20... Ng4 { [%clk 0:05:58] } 21.
d5 { [%clk 0:05:16] } 21... e5 { [%clk 0:05:40] } 22. Rad1 { [%clk 0:04:47] }
22... Nh6 { [%clk 0:05:05] } 23. Rde1 { [%clk 0:04:35] } 23... a6
{ [%clk 0:04:39] } 24. Nd2 { [%clk 0:04:28] } 24... Bg4 { [%clk 0:04:11] } 25.
Qf2 { [%clk 0:04:10] } 25... Rhf8 { [%clk 0:02:46] } 26. Ne4 { [%clk 0:03:56] }
26... f5 { [%clk 0:02:21] } 27. Nd2 { [%clk 0:03:28] } 27... f4
{ [%clk 0:01:44] } 28. Bxf4 { [%clk 0:03:15] } 28... Rxf4 { [%clk 0:01:29] }
29. Qg3 { [%clk 0:03:07] } 29... Nf5 { [%clk 0:01:02] } 30. Qd3
{ [%clk 0:02:45] } 30... Nh4 { [%clk 0:00:54] } 31. Rxf4 { [%clk 0:02:35] }
31... gxf4 { [%clk 0:00:51] } 32. Nf3 { [%clk 0:02:15] } 32... Bxf3
{ [%clk 0:00:44] } 33. gxf3 { [%clk 0:02:03] } 33... Rg8+ { [%clk 0:00:41] }
34. Kf2 { [%clk 0:02:00] } 34... Rg2+ { [%clk 0:00:36] } 35. Kf1
{ [%clk 0:01:53] } 35... Rxh2 { [%clk 0:00:31] } 36. Re2 { [%clk 0:01:36] }
36... Nxf3 { [%clk 0:00:28] } 37. Qe4 { [%clk 0:01:10] } 37... Qh3+
{ [%clk 0:00:21] } 38. Rg2 { [%clk 0:00:57] } 38... Rh1+ { [%clk 0:00:18] } 39.
Kf2 { [%clk 0:00:47] } 39... Qh4+ { [%clk 0:00:11] } 40. Kxf3
{ [%clk 0:00:42] } 40... Rf1+ { [%clk 0:00:10] } 41. Ke2 { [%clk 0:00:37] }
41... Qe1+ { [%clk 0:00:08] } 42. Kd3 { [%clk 0:00:32] } 42... Qd1+
{ [%clk 0:00:07] } 43. Kc3 { [%clk 0:00:30] } 43... Qc1+ { [%clk 0:00:06] } 44.
Kb3 { [%clk 0:00:27] } 44... Qd1+ { [%clk 0:00:04] } 45. Ka3 { [%clk 0:00:23] }
1-0"
Rated Rapid game,https://lichess.org/mhHvD4C8,2024.08.01,-,superman2001,lobirithm,1-0,2024.08.01,08:46:10,2060,2199,,,A00,Hungarian Opening,600+0,Normal,"1. g3 { [%eval 0.12] [%clk 0:10:00] } 1... d5 { [%eval 0.18] [%clk 0:10:00] }
2. d4 { [%eval 0.06] [%clk 0:09:57] } 2... c6 { [%eval 0.22] [%clk 0:09:49] }
3. Bg2 { [%eval 0.06] [%clk 0:09:55] } 3... Bf5 { [%eval 0.05] [%clk 0:09:48] }
4. Nf3 { [%eval 0.18] [%clk 0:09:53] } 4... Nf6 { [%eval 0.17] [%clk 0:09:45] }
5. O-O { [%eval -0.08] [%clk 0:09:51] } 5... Qc8 $6
{ [%eval 0.58] [%clk 0:09:44] } 6. Re1 { [%eval 0.11] [%clk 0:09:50] } 6... Bh3
{ [%eval 0.53] [%clk 0:09:33] } 7. Nbd2 { [%eval 0.38] [%clk 0:09:46] } 7...
Bxg2 { [%eval 0.37] [%clk 0:09:23] } 8. Kxg2 { [%eval 0.47] [%clk 0:09:44] }
8... h5 $6 { [%eval 1.4] [%clk 0:09:23] } 9. e4 { [%eval 1.35] [%clk 0:09:41] }
9... h4 $2 { [%eval 2.38] [%clk 0:09:08] } 10. Nxh4
{ [%eval 2.38] [%clk 0:08:52] } 10... g5 { [%eval 2.1] [%clk 0:09:06] } 11. Nf5
{ [%eval 2.36] [%clk 0:08:48] } 11... dxe4 $2 { [%eval 3.81] [%clk 0:08:56] }
12. Nxe4 { [%eval 3.83] [%clk 0:08:22] } 12... Nxe4
{ [%eval 3.76] [%clk 0:08:43] } 13. Qf3 { [%eval 3.78] [%clk 0:08:16] } 13...
e6 { [%eval 4.59] [%clk 0:07:55] } 14. Qxe4 $2 { [%eval 3.44] [%clk 0:08:10] }
14... Rg8 { [%eval 3.41] [%clk 0:07:33] } 15. c4
{ [%eval 3.35] [%clk 0:07:58] } 15... Na6 { [%eval 3.46] [%clk 0:07:11] } 16.
h4 { [%eval 3.5] [%clk 0:07:23] } 16... gxh4 { [%eval 3.11] [%clk 0:07:06] }
17. Qxh4 { [%eval 3.5] [%clk 0:07:17] } 17... Qc7 $6
{ [%eval 4.42] [%clk 0:06:47] } 18. Bf4 { [%eval 4.3] [%clk 0:07:05] } 18...
Qd8 { [%eval 5.21] [%clk 0:06:39] } 19. Rxe6+ { [%eval 5.21] [%clk 0:05:30] }
19... fxe6 { [%eval 5.21] [%clk 0:06:31] } 20. Qh5+
{ [%eval 5.22] [%clk 0:05:28] } 20... Kd7 { [%eval 5.21] [%clk 0:06:27] } 21.
Qf7+ { [%eval 5.2] [%clk 0:05:25] } 21... Be7 { [%eval 6.23] [%clk 0:06:25] }
22. d5 { [%eval 6.31] [%clk 0:04:26] } 22... exf5 $4
{ [%eval 9.68] [%clk 0:05:53] } 23. Qe6+ { [%eval 9.39] [%clk 0:04:15] } 23...
Ke8 { [%eval 9.19] [%clk 0:05:50] } 24. Qxg8+ { [%eval #5] [%clk 0:04:14] }
24... Kd7 { [%eval #5] [%clk 0:05:49] } 25. Qe6+ { [%eval #4] [%clk 0:04:08] }
25... Ke8 { [%eval #4] [%clk 0:05:48] } 26. d6 $6
{ [%eval 12.48] [%clk 0:03:56] } 26... Nc5 { [%eval 9.1] [%clk 0:05:28] } 27.
Qxf5 { [%eval 10.41] [%clk 0:03:48] } 27... Bxd6
{ [%eval 9.81] [%clk 0:05:23] } 28. Re1+ $4 { [%eval 6.21] [%clk 0:03:39] }
28... Be7 $4 { [%eval 10.57] [%clk 0:05:13] } 29. Qxc5
{ [%eval 9.89] [%clk 0:03:34] } 29... Kf7 $2 { [%eval #9] [%clk 0:05:02] } 30.
Qh5+ { [%eval #8] [%clk 0:03:28] } 30... Kg8 { [%eval #3] [%clk 0:04:58] } 31.
Qg6+ { [%eval #2] [%clk 0:03:26] } 1-0"
Rated Rapid game,https://lichess.org/w3cWC8d9,2024.08.01,-,lamvuphu,Red_59,1-0,2024.08.01,08:46:10,1444,1438,,,C30,King's Gambit Declined: Queen's Knight Defense,600+0,Normal,"1. e4 { [%clk 0:10:00] } 1... e5 { [%clk 0:10:00] } 2. f4 { [%clk 0:09:54] }
2... Nc6 { [%clk 0:10:00] } 3. fxe5 { [%clk 0:09:53] } 3... Nxe5
{ [%clk 0:09:59] } 4. d4 { [%clk 0:09:52] } 4... Ng6 { [%clk 0:09:52] } 5. Nc3
{ [%clk 0:09:50] } 5... Bb4 { [%clk 0:09:50] } 6. Nf3 { [%clk 0:09:49] } 6...
d5 { [%clk 0:09:47] } 7. e5 { [%clk 0:09:43] } 7... N8e7 { [%clk 0:09:43] } 8.
Bg5 { [%clk 0:09:41] } 8... h6 { [%clk 0:09:41] } 9. Bd2 { [%clk 0:09:33] }
9... Nf5 { [%clk 0:09:35] } 10. Bd3 { [%clk 0:09:06] } 10... Nfh4
{ [%clk 0:09:19] } 11. g3 { [%clk 0:08:46] } 11... Ng2+ { [%clk 0:09:15] } 12.
Kf2 { [%clk 0:08:40] } 12... Bg4 { [%clk 0:08:57] } 13. h3 { [%clk 0:08:10] }
13... Bxf3 { [%clk 0:08:42] } 14. Kxf3 { [%clk 0:08:07] } 14... N2h4+
{ [%clk 0:08:37] } 15. gxh4 { [%clk 0:08:05] } 15... Qxh4 { [%clk 0:08:31] }
16. Qg1 { [%clk 0:07:07] } 16... Qxd4 { [%clk 0:08:27] } 17. Qxd4
{ [%clk 0:07:03] } 17... Nh4+ { [%clk 0:08:18] } 18. Kg3 { [%clk 0:06:44] }
18... Nf5+ { [%clk 0:08:15] } 19. Bxf5 { [%clk 0:06:38] } 19... Bxc3
{ [%clk 0:08:13] } 20. Bxc3 { [%clk 0:06:33] } 1-0"
Rated Rapid game,https://lichess.org/ZXducWoc,2024.08.01,-,PJ-tw,Ceh_71,0-1,2024.08.01,08:46:10,1617,1577,,,B31,"Sicilian Defense: Nyezhmetdinov-Rossolimo Attack, Fianchetto Variation",600+0,Time forfeit,"1. e4 { [%eval 0.15] [%clk 0:10:00] } 1... c5 { [%eval 0.25] [%clk 0:10:00] }
2. Nf3 { [%eval 0.22] [%clk 0:09:57] } 2... Nc6 { [%eval 0.31] [%clk 0:09:57] }
3. Bb5 { [%eval 0.28] [%clk 0:09:55] } 3... g6 { [%eval 0.34] [%clk 0:09:52] }
4. Nc3 { [%eval 0.12] [%clk 0:08:37] } 4... Bg7 { [%eval 0.13] [%clk 0:09:49] }
5. Bxc6 { [%eval -0.1] [%clk 0:08:29] } 5... bxc6
{ [%eval -0.1] [%clk 0:09:49] } 6. e5 { [%eval -0.52] [%clk 0:08:29] } 6... d6
$6 { [%eval 0.13] [%clk 0:09:36] } 7. exd6 { [%eval -0.24] [%clk 0:08:27] }
7... Qxd6 $6 { [%eval 0.65] [%clk 0:09:14] } 8. Ne4
{ [%eval 0.14] [%clk 0:08:24] } 8... Qd5 { [%eval 0.14] [%clk 0:08:42] } 9. Qe2
{ [%eval 0.07] [%clk 0:08:11] } 9... Nf6 { [%eval 0.11] [%clk 0:08:36] } 10.
Nc3 { [%eval -0.22] [%clk 0:08:10] } 10... Qd8 $6
{ [%eval 0.39] [%clk 0:08:22] } 11. Na4 $6 { [%eval -0.55] [%clk 0:08:08] }
11... Qa5 $2 { [%eval 0.48] [%clk 0:07:47] } 12. Qc4 $2
{ [%eval -2.47] [%clk 0:07:54] } 12... O-O $2 { [%eval 0.23] [%clk 0:07:09] }
13. Nxc5 { [%eval 0.22] [%clk 0:07:44] } 13... Bg4 $6
{ [%eval 0.95] [%clk 0:06:23] } 14. b4 $2 { [%eval -0.64] [%clk 0:07:36] }
14... Qc7 { [%eval -0.78] [%clk 0:06:05] } 15. d3 $4
{ [%eval -4.11] [%clk 0:07:09] } 15... Bxf3 { [%eval -4.15] [%clk 0:05:47] }
16. gxf3 { [%eval -4.33] [%clk 0:07:07] } 16... Nd7 $4
{ [%eval 0.22] [%clk 0:05:10] } 17. Bf4 $6 { [%eval -0.47] [%clk 0:06:42] }
17... Ne5 $2 { [%eval 0.6] [%clk 0:04:25] } 18. Bxe5 $4
{ [%eval -4.75] [%clk 0:06:16] } 18... Qxe5+ { [%eval -4.71] [%clk 0:04:18] }
19. Kd2 { [%eval -5.57] [%clk 0:06:00] } 19... Bh6+
{ [%eval -5.52] [%clk 0:04:07] } 20. f4 { [%eval -5.45] [%clk 0:00:51] } 20...
Bxf4+ { [%eval -5.31] [%clk 0:03:50] } 21. Qxf4
{ [%eval -5.77] [%clk 0:00:49] } 21... Qxf4+ { [%eval -5.89] [%clk 0:03:48] }
22. Kc3 { [%eval -6.13] [%clk 0:00:47] } 22... Qxf2
{ [%eval -5.89] [%clk 0:03:32] } 23. Raf1 { [%eval -5.82] [%clk 0:00:44] }
23... Qg2 { [%eval -5.9] [%clk 0:03:16] } 24. Rhg1
{ [%eval -5.92] [%clk 0:00:33] } 24... Qxh2 { [%eval -5.76] [%clk 0:03:12] }
25. Nd7 { [%eval -6.6] [%clk 0:00:27] } 25... Rfd8
{ [%eval -5.82] [%clk 0:03:00] } 26. Nc5 { [%eval -6.51] [%clk 0:00:25] } 26...
Qe5+ { [%eval -6.59] [%clk 0:02:55] } 27. Kb3 { [%eval -7.83] [%clk 0:00:21] }
27... a5 { [%eval -7.82] [%clk 0:02:43] } 28. Re1
{ [%eval -7.62] [%clk 0:00:16] } 28... Qd5+ { [%eval -7.45] [%clk 0:02:38] }
29. c4 { [%eval -7.07] [%clk 0:00:14] } 29... Qf3
{ [%eval -7.12] [%clk 0:02:26] } 30. Rd1 { [%eval -8.65] [%clk 0:00:09] } 30...
axb4 { [%eval -8.41] [%clk 0:02:09] } 31. Kxb4 $2
{ [%eval #-6] [%clk 0:00:07] } 31... Rdb8+ { [%eval #-11] [%clk 0:02:05] } 32.
Kc3 { [%eval #-11] [%clk 0:00:04] } 32... Qf6+ { [%eval #-10] [%clk 0:02:02] }
0-1"
Rated Rapid game,https://lichess.org/isMBm1n0,2024.08.01,-,aslanhable_38,Chpoker777,1-0,2024.08.01,08:46:10,1524,1530,,,C50,Italian Game: Anti-Fried Liver Defense,600+0,Normal,"1. e4 { [%clk 0:10:00] } 1... e5 { [%clk 0:10:00] } 2. Nf3 { [%clk 0:09:59] }
2... Nc6 { [%clk 0:09:59] } 3. Bc4 { [%clk 0:09:58] } 3... h6
{ [%clk 0:09:58] } 4. d3 { [%clk 0:09:54] } 4... Bc5 { [%clk 0:09:57] } 5. c3
{ [%clk 0:09:53] } 5... a6 { [%clk 0:09:56] } 6. b4 { [%clk 0:09:52] } 6... Ba7
{ [%clk 0:09:55] } 7. a4 { [%clk 0:09:48] } 7... a5 { [%clk 0:09:54] } 8. b5
{ [%clk 0:09:45] } 8... Nb8 { [%clk 0:09:53] } 9. Nxe5 { [%clk 0:09:42] } 9...
Qf6 { [%clk 0:09:46] } 10. Nf3 { [%clk 0:09:31] } 10... c6 { [%clk 0:09:43] }
11. O-O { [%clk 0:09:25] } 11... cxb5 { [%clk 0:09:37] } 12. axb5
{ [%clk 0:09:24] } 12... Ne7 { [%clk 0:09:35] } 13. Rxa5 { [%clk 0:09:20] }
13... Bxf2+ { [%clk 0:09:30] } 14. Rxf2 { [%clk 0:09:12] } 14... Rxa5
{ [%clk 0:09:29] } 15. Nd4 { [%clk 0:08:50] } 15... Qd6 { [%clk 0:09:23] } 16.
Bxf7+ { [%clk 0:08:32] } 16... Kd8 { [%clk 0:09:21] } 17. Bf4
{ [%clk 0:08:13] } 17... Qc5 { [%clk 0:09:11] } 18. Bxb8 { [%clk 0:08:04] }
18... Rf8 { [%clk 0:09:02] } 19. Nb3 { [%clk 0:07:42] } 19... Qb6
{ [%clk 0:08:41] } 20. d4 { [%clk 0:07:11] } 20... Ra1 { [%clk 0:08:37] } 21.
Nxa1 { [%clk 0:07:09] } 21... Qxb5 { [%clk 0:08:36] } 22. Nd2
{ [%clk 0:06:55] } 22... Qc6 { [%clk 0:08:29] } 23. Nab3 { [%clk 0:06:48] }
23... Qxc3 { [%clk 0:08:27] } 24. Qc1 { [%clk 0:06:39] } 24... Qe3
{ [%clk 0:08:22] } 25. Qc7# { [%clk 0:06:37] } 1-0"
Rated Rapid game,https://lichess.org/WZehjRAE,2024.08.01,-,Goyesi,C026,1-0,2024.08.01,08:46:10,1861,1995,,,A15,"English Opening: Anglo-Indian Defense, Old Indian Formation",600+0,Normal,"1. Nf3 { [%eval 0.17] [%clk 0:10:00] } 1... d6 { [%eval 0.52] [%clk 0:10:00] }
2. c4 { [%eval 0.29] [%clk 0:09:58] } 2... Nf6 { [%eval 0.54] [%clk 0:09:58] }
3. d4 { [%eval 0.49] [%clk 0:09:57] } 3... c5 { [%eval 0.68] [%clk 0:09:42] }
4. dxc5 { [%eval 0.67] [%clk 0:09:51] } 4... Qa5+
{ [%eval 0.68] [%clk 0:09:40] } 5. Nc3 { [%eval 0.65] [%clk 0:09:48] } 5...
Qxc5 { [%eval 0.78] [%clk 0:09:39] } 6. e4 { [%eval 0.75] [%clk 0:09:34] } 6...
Bg4 $6 { [%eval 1.44] [%clk 0:09:36] } 7. Be3 { [%eval 0.94] [%clk 0:09:27] }
7... Qc8 { [%eval 1.46] [%clk 0:09:31] } 8. h3 { [%eval 1.42] [%clk 0:09:22] }
8... Bxf3 { [%eval 0.96] [%clk 0:09:29] } 9. Qxf3
{ [%eval 0.92] [%clk 0:09:21] } 9... Nc6 { [%eval 0.91] [%clk 0:09:28] } 10. a3
{ [%eval 0.62] [%clk 0:09:15] } 10... a6 $6 { [%eval 1.18] [%clk 0:09:18] } 11.
b4 { [%eval 1.06] [%clk 0:09:12] } 11... g6 { [%eval 0.9] [%clk 0:09:09] } 12.
b5 $2 { [%eval -0.12] [%clk 0:09:11] } 12... Ne5 { [%eval 0.0] [%clk 0:09:06] }
13. Qe2 $6 { [%eval -0.64] [%clk 0:08:51] } 13... Bg7
{ [%eval -0.6] [%clk 0:09:04] } 14. f4 { [%eval -1.12] [%clk 0:08:47] } 14...
Ned7 { [%eval -1.19] [%clk 0:09:01] } 15. Rc1 { [%eval -1.32] [%clk 0:08:40] }
15... O-O { [%eval -1.23] [%clk 0:08:58] } 16. g4
{ [%eval -1.44] [%clk 0:08:35] } 16... Nc5 { [%eval -1.18] [%clk 0:08:55] } 17.
e5 { [%eval -1.65] [%clk 0:07:59] } 17... dxe5 { [%eval -1.49] [%clk 0:08:51] }
18. fxe5 { [%eval -1.4] [%clk 0:07:59] } 18... Nfd7
{ [%eval -1.41] [%clk 0:08:46] } 19. Nd5 { [%eval -1.61] [%clk 0:07:47] } 19...
Qd8 { [%eval -1.41] [%clk 0:08:30] } 20. Bf4 $2
{ [%eval -3.65] [%clk 0:07:25] } 20... e6 { [%eval -3.58] [%clk 0:08:23] } 21.
Nc3 { [%eval -4.12] [%clk 0:07:07] } 21... Qa5 { [%eval -3.61] [%clk 0:08:20] }
22. a4 $2 { [%eval -5.63] [%clk 0:06:53] } 22... Qxc3+ $4
{ [%eval 3.3] [%clk 0:08:16] } 23. Rxc3 { [%eval 3.45] [%clk 0:06:52] } 23...
axb5 { [%eval 3.48] [%clk 0:08:10] } 24. axb5 { [%eval 3.48] [%clk 0:06:45] }
24... Ra1+ { [%eval 4.23] [%clk 0:08:05] } 25. Rc1
{ [%eval 4.05] [%clk 0:06:43] } 25... Rfa8 { [%eval 4.26] [%clk 0:07:57] } 26.
Bg2 { [%eval 4.53] [%clk 0:06:37] } 26... R1a2 { [%eval 4.58] [%clk 0:07:54] }
27. Rc2 { [%eval 4.54] [%clk 0:06:22] } 27... R2a3
{ [%eval 4.58] [%clk 0:07:49] } 28. O-O { [%eval 4.71] [%clk 0:06:18] } 28...
Nd3 { [%eval 4.89] [%clk 0:07:46] } 29. Bxb7 { [%eval 4.9] [%clk 0:05:54] }
29... R8a7 { [%eval 4.88] [%clk 0:07:39] } 30. Bc6
{ [%eval 4.73] [%clk 0:05:52] } 30... N7xe5 { [%eval 4.93] [%clk 0:07:38] } 31.
Bxe5 { [%eval 5.41] [%clk 0:05:50] } 31... Nxe5 { [%eval 5.46] [%clk 0:07:35] }
32. Bf3 { [%eval 4.62] [%clk 0:05:19] } 32... Rd3
{ [%eval 5.36] [%clk 0:07:25] } 33. Rd2 { [%eval 5.24] [%clk 0:05:06] } 33...
Raa3 { [%eval 5.17] [%clk 0:07:09] } 34. Rxd3 { [%eval 5.04] [%clk 0:05:02] }
34... Rxd3 { [%eval 6.34] [%clk 0:07:07] } 35. b6
{ [%eval 6.31] [%clk 0:04:52] } 35... h6 { [%eval 6.58] [%clk 0:07:05] } 36. b7
{ [%eval 6.61] [%clk 0:04:51] } 36... Rb3 { [%eval 6.48] [%clk 0:07:04] } 37.
c5 { [%eval 6.43] [%clk 0:04:39] } 37... Nxf3+ { [%eval 7.31] [%clk 0:07:03] }
38. Rxf3 { [%eval 5.63] [%clk 0:04:38] } 38... Rxb7
{ [%eval 5.53] [%clk 0:07:02] } 39. Qa6 { [%eval 5.42] [%clk 0:04:30] } 39...
Rc7 { [%eval 5.98] [%clk 0:07:00] } 40. c6 { [%eval 5.9] [%clk 0:04:28] } 40...
Be5 { [%eval 6.3] [%clk 0:06:53] } 41. Rd3 { [%eval 6.32] [%clk 0:04:20] }
41... Kg7 { [%eval 6.81] [%clk 0:06:47] } 42. Rd7
{ [%eval 6.42] [%clk 0:04:18] } 42... Kf6 { [%eval 7.52] [%clk 0:06:41] } 43.
Rxc7 { [%eval 6.6] [%clk 0:04:13] } 1-0"
Rated Rapid game,https://lichess.org/WhsqbDxQ,2024.08.01,-,Edawon,Busraertan,1/2-1/2,2024.08.01,08:46:10,562,654,,,C40,King's Knight Opening,600+0,Normal,"1. e4 { [%clk 0:10:00] } 1... e5 { [%clk 0:10:00] } 2. Nf3 { [%clk 0:09:59] }
2... b6 { [%clk 0:09:40] } 3. Bb5 { [%clk 0:09:54] } 3... Ba6
{ [%clk 0:09:30] } 4. a4 { [%clk 0:09:50] } 4... Bxb5 { [%clk 0:09:23] } 5. a5
{ [%clk 0:09:50] } 5... Nf6 { [%clk 0:08:43] } 6. Nxe5 { [%clk 0:09:47] } 6...
Nxe4 { [%clk 0:08:40] } 7. Nxf7 { [%clk 0:09:33] } 7... Kxf7 { [%clk 0:08:32] }
8. d4 { [%clk 0:09:19] } 8... Qe7 { [%clk 0:08:14] } 9. Qh5+ { [%clk 0:09:11] }
9... Kg8 { [%clk 0:08:09] } 10. Qxb5 { [%clk 0:09:08] } 10... Qf6
{ [%clk 0:07:42] } 11. c3 { [%clk 0:09:01] } 11... g6 { [%clk 0:07:35] } 12.
O-O { [%clk 0:08:56] } 12... g5 { [%clk 0:07:35] } 13. Bxg5 { [%clk 0:08:55] }
13... h5 { [%clk 0:07:26] } 14. Bxf6 { [%clk 0:08:54] } 14... Bg7
{ [%clk 0:07:19] } 15. Be5 { [%clk 0:08:34] } 15... Bxe5 { [%clk 0:07:13] } 16.
Qxe5 { [%clk 0:08:05] } 16... Nd2 { [%clk 0:06:43] } 17. Nxd2
{ [%clk 0:08:00] } 17... h4 { [%clk 0:06:32] } 18. Qxc7 { [%clk 0:07:46] }
18... Na6 { [%clk 0:06:20] } 19. Qxd7 { [%clk 0:07:33] } 19... h3
{ [%clk 0:06:16] } 20. gxh3 { [%clk 0:07:25] } 20... Rd8 { [%clk 0:06:02] } 21.
Qxd8+ { [%clk 0:07:03] } 21... Kf7 { [%clk 0:06:00] } 22. Qxh8
{ [%clk 0:07:02] } 22... Ke6 { [%clk 0:05:55] } 23. Qa8 { [%clk 0:07:00] }
23... Nc7 { [%clk 0:05:48] } 24. Qxa7 { [%clk 0:06:58] } 24... Nd5
{ [%clk 0:05:43] } 25. h4 { [%clk 0:06:47] } 25... Nf6 { [%clk 0:05:25] } 26.
axb6 { [%clk 0:06:46] } 26... Kf5 { [%clk 0:05:20] } 27. b7 { [%clk 0:06:45] }
27... Ne4 { [%clk 0:04:57] } 28. Nxe4 { [%clk 0:06:36] } 28... Kxe4
{ [%clk 0:04:52] } 29. b8=Q { [%clk 0:06:34] } 29... Kd3 { [%clk 0:04:45] } 30.
Rab1 { [%clk 0:06:31] } 30... Kc4 { [%clk 0:04:43] } 31. h5 { [%clk 0:06:30] }
31... Kd5 { [%clk 0:04:42] } 32. h6 { [%clk 0:06:30] } 32... Ke6
{ [%clk 0:04:41] } 33. h7 { [%clk 0:06:30] } 33... Kf5 { [%clk 0:04:39] } 34.
h8=Q { [%clk 0:06:30] } 34... Ke4 { [%clk 0:04:38] } 35. d5 { [%clk 0:06:28] }
35... Kxd5 { [%clk 0:04:35] } 36. h3 { [%clk 0:06:22] } 36... Ke4
{ [%clk 0:04:32] } 37. h4 { [%clk 0:06:22] } 37... Kf5 { [%clk 0:04:31] } 38.
h5 { [%clk 0:06:22] } 38... Ke4 { [%clk 0:04:30] } 39. h6 { [%clk 0:06:21] }
39... Kd3 { [%clk 0:04:29] } 40. Qhc8 { [%clk 0:06:20] } 40... Ke2
{ [%clk 0:04:27] } 41. h7 { [%clk 0:06:19] } 41... Kf3 { [%clk 0:04:25] } 42.
h8=Q { [%clk 0:06:15] } 42... Ke2 { [%clk 0:04:24] } 43. c4 { [%clk 0:06:13] }
43... Kf3 { [%clk 0:04:23] } 44. c5 { [%clk 0:06:12] } 44... Ke4
{ [%clk 0:04:21] } 45. Qba8+ { [%clk 0:06:12] } 45... Kd3 { [%clk 0:04:19] }
46. Qcb8 { [%clk 0:06:11] } 46... Kc2 { [%clk 0:04:15] } 47. c6
{ [%clk 0:06:06] } 47... Kd3 { [%clk 0:04:12] } 48. c7 { [%clk 0:06:06] } 48...
Ke2 { [%clk 0:04:11] } 49. c8=Q { [%clk 0:06:06] } 49... Kd3 { [%clk 0:04:02] }
50. f4 { [%clk 0:06:05] } 50... Ke2 { [%clk 0:03:58] } 51. f5
{ [%clk 0:06:04] } 51... Kd2 { [%clk 0:03:57] } 52. f6 { [%clk 0:06:03] } 52...
Kd3 { [%clk 0:03:55] } 53. f7 { [%clk 0:06:02] } 53... Kd2 { [%clk 0:03:52] }
54. f8=Q { [%clk 0:06:00] } 54... Kd3 { [%clk 0:03:51] } 55. Qfa3+
{ [%clk 0:05:56] } 55... Kd2 { [%clk 0:03:49] } 56. Q3a6 { [%clk 0:05:53] }
1/2-1/2"
Rated Rapid game,https://lichess.org/WmmR7iPl,2024.08.01,-,art_van,Pault1988,1-0,2024.08.01,08:46:10,1044,1156,,,A00,Ware Opening,600+0,Normal,"1. a4 { [%clk 0:10:00] } 1... d5 { [%clk 0:10:00] } 2. Nc3 { [%clk 0:09:40] }
2... Nf6 { [%clk 0:09:50] } 3. a5 { [%clk 0:09:35] } 3... b6 { [%clk 0:09:46] }
4. d4 { [%clk 0:09:27] } 4... c6 { [%clk 0:09:36] } 5. b4 { [%clk 0:09:17] }
5... Na6 { [%clk 0:09:25] } 6. b5 { [%clk 0:09:09] } 6... Nb4
{ [%clk 0:09:09] } 7. bxc6 { [%clk 0:08:53] } 7... Nxc6 { [%clk 0:09:03] } 8.
axb6 { [%clk 0:08:50] } 8... Qxb6 { [%clk 0:08:59] } 9. Nf3 { [%clk 0:08:25] }
9... Bf5 { [%clk 0:08:34] } 10. Bf4 { [%clk 0:08:07] } 10... Qb4
{ [%clk 0:08:17] } 11. Rb1 { [%clk 0:07:20] } 11... Qxc3+ { [%clk 0:08:09] }
12. Bd2 { [%clk 0:07:18] } 12... Qc4 { [%clk 0:07:46] } 13. e3
{ [%clk 0:07:09] } 13... Qa4 { [%clk 0:07:12] } 14. Rb2 { [%clk 0:05:38] }
14... Na5 { [%clk 0:06:10] } 15. Bb5+ { [%clk 0:05:24] } 1-0"
Rated Rapid game,https://lichess.org/7G58yz3X,2024.08.01,-,arnav2006,rabch,1-0,2024.08.01,08:46:10,1327,1281,,,C40,King's Pawn Game: McConnell Defense,600+0,Normal,"1. e4 { [%eval 0.15] [%clk 0:10:00] } 1... e5 { [%eval 0.21] [%clk 0:10:00] }
2. Nf3 { [%eval 0.11] [%clk 0:09:59] } 2... Qf6 $6
{ [%eval 0.91] [%clk 0:09:59] } 3. Nc3 { [%eval 0.94] [%clk 0:09:52] } 3... c6
$2 { [%eval 1.94] [%clk 0:09:57] } 4. d4 { [%eval 2.08] [%clk 0:09:43] } 4...
exd4 { [%eval 2.27] [%clk 0:09:55] } 5. Nxd4 $2 { [%eval 0.87] [%clk 0:09:42] }
5... d6 $6 { [%eval 1.74] [%clk 0:09:38] } 6. Nf3
{ [%eval 1.62] [%clk 0:09:34] } 6... Be7 { [%eval 1.67] [%clk 0:09:21] } 7. Bg5
{ [%eval 1.72] [%clk 0:09:29] } 7... Qg6 { [%eval 1.82] [%clk 0:09:13] } 8.
Bxe7 { [%eval 1.84] [%clk 0:09:22] } 8... Nxe7 { [%eval 1.8] [%clk 0:09:06] }
9. Qd2 { [%eval 1.94] [%clk 0:08:58] } 9... O-O { [%eval 2.13] [%clk 0:08:39] }
10. O-O-O { [%eval 1.92] [%clk 0:08:51] } 10... Rd8
{ [%eval 2.01] [%clk 0:08:28] } 11. Qe1 $2 { [%eval 0.66] [%clk 0:08:32] }
11... Be6 $6 { [%eval 1.57] [%clk 0:07:13] } 12. e5 $2
{ [%eval 0.52] [%clk 0:08:26] } 12... d5 { [%eval 0.31] [%clk 0:06:58] } 13.
Bd3 { [%eval 0.01] [%clk 0:08:23] } 13... Qxg2 $2
{ [%eval 1.68] [%clk 0:06:54] } 14. Nh4 $4 { [%eval -2.9] [%clk 0:07:41] }
14... Qg4 $2 { [%eval -1.49] [%clk 0:06:01] } 15. f3
{ [%eval -1.49] [%clk 0:07:24] } 15... Qh3 $4 { [%eval 5.84] [%clk 0:04:59] }
16. Rg1 $4 { [%eval 1.02] [%clk 0:06:58] } 16... Qxh2 $2
{ [%eval 2.96] [%clk 0:03:29] } 17. Rh1 $2 { [%eval 1.44] [%clk 0:06:35] }
17... Qf4+ { [%eval 1.5] [%clk 0:02:59] } 18. Kb1
{ [%eval 1.46] [%clk 0:06:32] } 18... Nf5 $2 { [%eval 4.03] [%clk 0:02:47] }
19. Nxf5 { [%eval 4.1] [%clk 0:05:29] } 19... Bxf5
{ [%eval 4.02] [%clk 0:02:45] } 20. Ne2 { [%eval 4.21] [%clk 0:05:16] } 20...
Qxf3 $2 { [%eval 5.65] [%clk 0:02:42] } 21. Rf1 $2
{ [%eval 4.42] [%clk 0:05:04] } 21... Qh5 { [%eval 5.28] [%clk 0:02:39] } 22.
Bxf5 { [%eval 5.09] [%clk 0:04:59] } 1-0"
Rated Rapid game,https://lichess.org/2KcKgbQr,2024.08.01,-,Mahdi_Bachtiar_1979,batua10,0-1,2024.08.01,08:46:10,1632,1635,,,B01,Scandinavian Defense: Boehnke Gambit,600+0,Normal,"1. e4 { [%clk 0:10:00] } 1... d5 { [%clk 0:10:00] } 2. exd5 { [%clk 0:09:59] }
2... e5 { [%clk 0:09:57] } 3. dxe6 { [%clk 0:09:57] } 3... Bxe6
{ [%clk 0:09:54] } 4. Nf3 { [%clk 0:09:56] } 4... Qe7 { [%clk 0:09:52] } 5. Be2
{ [%clk 0:09:54] } 5... Nc6 { [%clk 0:09:50] } 6. O-O { [%clk 0:09:53] } 6...
O-O-O { [%clk 0:09:46] } 7. d3 { [%clk 0:09:51] } 7... h6 { [%clk 0:09:43] } 8.
a4 { [%clk 0:09:49] } 8... g5 { [%clk 0:09:40] } 9. Be3 { [%clk 0:09:46] } 9...
g4 { [%clk 0:09:36] } 10. Nd4 { [%clk 0:09:44] } 10... Nxd4 { [%clk 0:09:33] }
11. Bxd4 { [%clk 0:09:44] } 11... Rxd4 { [%clk 0:09:31] } 12. c3
{ [%clk 0:09:36] } 12... Rd8 { [%clk 0:09:29] } 13. Bxg4 { [%clk 0:09:35] }
13... Bxg4 { [%clk 0:09:26] } 14. Qxg4+ { [%clk 0:09:35] } 14... Qe6
{ [%clk 0:09:20] } 15. Qf3 { [%clk 0:09:24] } 15... Qf6 { [%clk 0:09:06] } 16.
Qe4 { [%clk 0:09:21] } 16... Ne7 { [%clk 0:08:58] } 17. Na3 { [%clk 0:09:17] }
17... Nc6 { [%clk 0:08:52] } 18. Qc4 { [%clk 0:09:14] } 18... Bxa3
{ [%clk 0:08:45] } 19. Rxa3 { [%clk 0:09:14] } 19... Rhe8 { [%clk 0:08:40] }
20. b4 { [%clk 0:09:07] } 20... Ne5 { [%clk 0:08:31] } 21. Qb5
{ [%clk 0:08:39] } 21... Nxd3 { [%clk 0:08:22] } 22. c4 { [%clk 0:08:28] }
22... Nxf2 { [%clk 0:08:14] } 23. c5 { [%clk 0:08:01] } 23... Qd4
{ [%clk 0:08:02] } 24. Rf3 { [%clk 0:07:52] } 24... Nh3+ { [%clk 0:07:55] } 25.
Kh1 { [%clk 0:07:49] } 25... Ng5 { [%clk 0:07:44] } 26. c6 { [%clk 0:07:38] }
26... Qb6 { [%clk 0:07:26] } 27. cxb7+ { [%clk 0:07:28] } 27... Qxb7
{ [%clk 0:07:18] } 28. Qf5+ { [%clk 0:07:23] } 28... Ne6 { [%clk 0:07:13] } 29.
Qxf7 { [%clk 0:07:17] } 29... Qxb4 { [%clk 0:07:01] } 30. Re3
{ [%clk 0:06:54] } 30... Qe7 { [%clk 0:06:53] } 31. Qf3 { [%clk 0:06:42] }
31... Rd6 { [%clk 0:06:30] } 32. Qa8+ { [%clk 0:06:32] } 32... Kd7
{ [%clk 0:06:28] } 33. Qxa7 { [%clk 0:06:31] } 33... Rf8 { [%clk 0:06:18] } 34.
Rfe1 { [%clk 0:06:26] } 34... Rf2 { [%clk 0:05:57] } 35. h3 { [%clk 0:05:43] }
35... Qg5 { [%clk 0:05:49] } 36. Qb7 { [%clk 0:05:24] } 36... Qf5
{ [%clk 0:05:18] } 37. Kg1 { [%clk 0:05:02] } 37... Rfd2 { [%clk 0:04:25] } 38.
Rf3 { [%clk 0:04:35] } 38... Qg6 { [%clk 0:04:05] } 39. Qb5+ { [%clk 0:04:18] }
39... Rc6 { [%clk 0:03:50] } 40. a5 { [%clk 0:04:07] } 40... Qxg2#
{ [%clk 0:03:44] } 0-1"
Rated Rapid game,https://lichess.org/6Nnx3AEW,2024.08.01,-,NamKhanhsk1,wqeeqww,1-0,2024.08.01,08:46:07,2050,2186,,,C44,Scotch Game,600+0,Normal,"1. e4 { [%eval 0.15] [%clk 0:10:00] } 1... e5 { [%eval 0.21] [%clk 0:10:00] }
2. Nf3 { [%eval 0.11] [%clk 0:09:59] } 2... Nc6 { [%eval 0.19] [%clk 0:09:59] }
3. d4 { [%eval 0.09] [%clk 0:09:56] } 3... exd4 { [%eval 0.13] [%clk 0:09:56] }
4. Ng5 $2 { [%eval -1.23] [%clk 0:09:55] } 4... h6
{ [%eval -1.06] [%clk 0:09:53] } 5. Nxf7 $2 { [%eval -2.43] [%clk 0:09:49] }
5... Kxf7 { [%eval -2.55] [%clk 0:09:51] } 6. Bc4+
{ [%eval -3.05] [%clk 0:09:47] } 6... Ke7 $6 { [%eval -2.21] [%clk 0:09:35] }
7. c3 { [%eval -1.81] [%clk 0:09:45] } 7... dxc3
{ [%eval -1.93] [%clk 0:09:25] } 8. Nxc3 { [%eval -2.07] [%clk 0:09:43] } 8...
Nf6 $6 { [%eval -1.19] [%clk 0:09:19] } 9. Nd5+ { [%eval -1.6] [%clk 0:09:39] }
9... Nxd5 $4 { [%eval 3.37] [%clk 0:09:17] } 10. Qxd5
{ [%eval 3.24] [%clk 0:09:37] } 10... Qe8 $4 { [%eval #5] [%clk 0:09:09] } 11.
Bg5+ { [%eval #4] [%clk 0:09:33] } 11... hxg5 { [%eval #4] [%clk 0:09:04] } 12.
Qxg5+ { [%eval #3] [%clk 0:09:31] } 12... Kd6 { [%eval #3] [%clk 0:08:56] } 13.
O-O-O+ { [%eval #2] [%clk 0:09:27] } 13... Nd4 { [%eval #2] [%clk 0:08:53] }
14. Rxd4+ { [%eval #1] [%clk 0:09:22] } 14... Kc6 { [%eval #1] [%clk 0:08:52] }
15. Qb5# { [%clk 0:09:11] } 1-0"
Rated Rapid game,https://lichess.org/8IEiDzfz,2024.08.01,-,ibrn,lspthiagu,1-0,2024.08.01,08:46:07,1211,1190,,,C20,King's Pawn Game: Napoleon Attack,600+0,Time forfeit,"1. e4 { [%clk 0:10:00] } 1... e5 { [%clk 0:10:00] } 2. Qf3 { [%clk 0:10:00] }
2... Nf6 { [%clk 0:09:55] } 3. g4 { [%clk 0:09:54] } 3... d6 { [%clk 0:09:51] }
4. h3 { [%clk 0:09:52] } 4... Be7 { [%clk 0:09:44] } 5. Bc4 { [%clk 0:09:44] }
5... O-O { [%clk 0:09:35] } 6. Qb3 { [%clk 0:09:43] } 6... Nxe4
{ [%clk 0:09:15] } 7. d3 { [%clk 0:09:36] } 7... Nc5 { [%clk 0:09:09] } 8. Qb4
{ [%clk 0:09:23] } 8... Nc6 { [%clk 0:08:44] } 9. Qc3 { [%clk 0:09:20] } 9...
Nd4 { [%clk 0:08:33] } 10. Be3 { [%clk 0:09:16] } 10... Nde6 { [%clk 0:08:09] }
11. d4 { [%clk 0:08:51] } 11... exd4 { [%clk 0:07:44] } 12. Bxd4
{ [%clk 0:08:48] } 12... Nxd4 { [%clk 0:07:17] } 13. Qxd4 { [%clk 0:08:47] }
13... Ne6 { [%clk 0:07:03] } 14. Qe4 { [%clk 0:08:40] } 14... Nc5
{ [%clk 0:06:40] } 15. Qe3 { [%clk 0:08:26] } 15... Bg5 { [%clk 0:06:20] } 16.
Qf3 { [%clk 0:08:13] } 16... Qe7+ { [%clk 0:06:08] } 17. Ne2 { [%clk 0:08:07] }
17... Na4 { [%clk 0:05:19] } 18. b3 { [%clk 0:07:56] } 18... Nb2
{ [%clk 0:05:04] } 19. Bd3 { [%clk 0:07:43] } 19... Nxd3+ { [%clk 0:04:59] }
20. cxd3 { [%clk 0:07:31] } 20... Bf6 { [%clk 0:04:46] } 21. Qe3
{ [%clk 0:07:13] } 21... Qxe3 { [%clk 0:04:40] } 22. fxe3 { [%clk 0:07:07] }
22... Bxa1 { [%clk 0:04:36] } 23. Rf1 { [%clk 0:07:00] } 23... h6
{ [%clk 0:04:22] } 24. Nf4 { [%clk 0:06:57] } 24... Re8 { [%clk 0:04:09] } 25.
e4 { [%clk 0:06:53] } 25... Be5 { [%clk 0:04:01] } 26. Nd5 { [%clk 0:06:51] }
26... Bg3+ { [%clk 0:03:41] } 27. Kd2 { [%clk 0:06:48] } 27... Rb8
{ [%clk 0:03:23] } 28. Nxc7 { [%clk 0:06:40] } 28... Re7 { [%clk 0:03:13] } 29.
Nd5 { [%clk 0:06:39] } 29... Re5 { [%clk 0:03:01] } 30. Nbc3 { [%clk 0:06:35] }
30... Be6 { [%clk 0:01:55] } 31. Nc7 { [%clk 0:06:26] } 31... Rc8
{ [%clk 0:01:28] } 32. Nxe6 { [%clk 0:06:16] } 32... Rxe6 { [%clk 0:01:23] }
33. Nd5 { [%clk 0:06:12] } 33... Be5 { [%clk 0:01:14] } 34. Ke3
{ [%clk 0:05:23] } 34... Rc2 { [%clk 0:01:00] } 35. a4 { [%clk 0:05:19] } 35...
Bc3 { [%clk 0:00:36] } 36. b4 { [%clk 0:05:10] } 36... Bd2+ { [%clk 0:00:27] }
37. Kd4 { [%clk 0:05:07] } 37... Rc1 { [%clk 0:00:04] } 38. Rxc1
{ [%clk 0:05:05] } 1-0"
Rated Rapid game,https://lichess.org/7r48AchD,2024.08.01,-,fthbri,KaramZr_SR,1-0,2024.08.01,08:46:07,1240,1306,,,C22,Center Game: Paulsen Attack Variation,600+0,Time forfeit,"1. e4 { [%clk 0:10:00] } 1... e5 { [%clk 0:10:00] } 2. d4 { [%clk 0:09:59] }
2... exd4 { [%clk 0:09:52] } 3. Qxd4 { [%clk 0:09:57] } 3... Nc6
{ [%clk 0:09:52] } 4. Qe3 { [%clk 0:09:56] } 4... f6 { [%clk 0:09:17] } 5. Nf3
{ [%clk 0:09:46] } 5... d6 { [%clk 0:09:15] } 6. Nc3 { [%clk 0:09:29] } 6...
Be6 { [%clk 0:08:57] } 7. Bb5 { [%clk 0:09:07] } 7... Ne7 { [%clk 0:08:47] } 8.
O-O { [%clk 0:08:52] } 8... a6 { [%clk 0:08:35] } 9. Ba4 { [%clk 0:08:44] }
9... b5 { [%clk 0:08:31] } 10. Bb3 { [%clk 0:08:42] } 10... Bxb3
{ [%clk 0:08:29] } 11. axb3 { [%clk 0:08:40] } 11... Ng6 { [%clk 0:08:20] } 12.
Nd4 { [%clk 0:08:24] } 12... Nxd4 { [%clk 0:08:15] } 13. Qxd4
{ [%clk 0:08:21] } 13... Be7 { [%clk 0:08:01] } 14. f4 { [%clk 0:08:12] } 14...
O-O { [%clk 0:07:51] } 15. Qd5+ { [%clk 0:08:02] } 15... Rf7 { [%clk 0:07:31] }
16. Ne2 { [%clk 0:07:40] } 16... c5 { [%clk 0:07:05] } 17. g3
{ [%clk 0:07:25] } 17... Qf8 { [%clk 0:06:24] } 18. f5 { [%clk 0:07:16] } 18...
Nh8 { [%clk 0:06:12] } 19. Be3 { [%clk 0:07:10] } 19... Rc8 { [%clk 0:05:49] }
20. Rxa6 { [%clk 0:06:57] } 20... c4 { [%clk 0:05:41] } 21. Qd2
{ [%clk 0:06:32] } 21... cxb3 { [%clk 0:05:33] } 22. cxb3 { [%clk 0:06:28] }
22... Qd8 { [%clk 0:05:15] } 23. Nd4 { [%clk 0:06:00] } 23... b4
{ [%clk 0:05:02] } 24. Ne6 { [%clk 0:05:54] } 24... Qd7 { [%clk 0:04:48] } 25.
Bh6 { [%clk 0:05:26] } 25... gxh6 { [%clk 0:03:58] } 26. Qxh6
{ [%clk 0:05:23] } 26... Bf8 { [%clk 0:03:29] } 27. Qh5 { [%clk 0:05:11] }
27... Rc2 { [%clk 0:02:39] } 28. Qg4+ { [%clk 0:05:05] } 28... Bg7
{ [%clk 0:02:34] } 29. Ra8+ { [%clk 0:04:54] } 29... Rc8 { [%clk 0:02:01] } 30.
Rfa1 { [%clk 0:04:43] } 30... Qb7 { [%clk 0:01:41] } 31. Rxc8+
{ [%clk 0:03:04] } 31... Qxc8 { [%clk 0:01:34] } 32. Ra6 { [%clk 0:03:03] }
32... Qxa6 { [%clk 0:01:29] } 33. Kg2 { [%clk 0:02:53] } 33... Qa5
{ [%clk 0:00:37] } 34. h4 { [%clk 0:02:14] } 34... d5 { [%clk 0:00:34] } 35. h5
{ [%clk 0:02:02] } 35... dxe4 { [%clk 0:00:30] } 36. Qxe4 { [%clk 0:02:01] }
36... Qa7 { [%clk 0:00:19] } 37. Qxb4 { [%clk 0:01:47] } 37... Qe7
{ [%clk 0:00:15] } 38. Qb8+ { [%clk 0:01:42] } 38... Rf8 { [%clk 0:00:12] } 39.
Qf4 { [%clk 0:01:39] } 39... Rf7 { [%clk 0:00:10] } 40. h6 { [%clk 0:01:33] }
40... Bxh6 { [%clk 0:00:05] } 41. Qxh6 { [%clk 0:01:32] } 41... Rg7
{ [%clk 0:00:00] } 42. Nxg7 { [%clk 0:01:20] } 42... Qxg7 { [%clk 0:00:00] }
43. Qf4 { [%clk 0:01:19] } 1-0"
Rated Rapid game,https://lichess.org/Gy1gVdHP,2024.08.01,-,Tepncuxopa,Baki1967,0-1,2024.08.01,08:46:07,1875,1882,,,B15,Caro-Kann Defense,600+0,Time forfeit,"1. d4 { [%clk 0:10:00] } 1... d5 { [%clk 0:10:00] } 2. Nc3 { [%clk 0:09:59] }
2... c6 { [%clk 0:09:59] } 3. e4 { [%clk 0:09:59] } 3... e6 { [%clk 0:09:54] }
4. f3 { [%clk 0:09:56] } 4... dxe4 { [%clk 0:09:52] } 5. fxe4
{ [%clk 0:09:52] } 5... a6 { [%clk 0:09:49] } 6. Nf3 { [%clk 0:09:51] } 6...
Nd7 { [%clk 0:09:47] } 7. Bd3 { [%clk 0:09:49] } 7... h6 { [%clk 0:09:45] } 8.
O-O { [%clk 0:09:47] } 8... Ngf6 { [%clk 0:09:43] } 9. e5 { [%clk 0:09:41] }
9... Nd5 { [%clk 0:09:41] } 10. Nxd5 { [%clk 0:09:39] } 10... cxd5
{ [%clk 0:09:37] } 11. Bd2 { [%clk 0:09:30] } 11... Be7 { [%clk 0:09:35] } 12.
c4 { [%clk 0:09:05] } 12... dxc4 { [%clk 0:09:28] } 13. Bxc4 { [%clk 0:09:04] }
13... Bg5 { [%clk 0:09:25] } 14. Nxg5 { [%clk 0:08:59] } 14... hxg5
{ [%clk 0:09:23] } 15. Qg4 { [%clk 0:08:51] } 15... Nb6 { [%clk 0:08:55] } 16.
Bxg5 { [%clk 0:08:41] } 16... Qd7 { [%clk 0:08:49] } 17. Bb3 { [%clk 0:08:22] }
17... Nd5 { [%clk 0:08:46] } 18. Rf3 { [%clk 0:08:00] } 18... b5
{ [%clk 0:08:25] } 19. Raf1 { [%clk 0:07:54] } 19... Rf8 { [%clk 0:08:23] } 20.
Bh4 { [%clk 0:07:28] } 20... g6 { [%clk 0:08:13] } 21. Bg5 { [%clk 0:07:19] }
21... Bb7 { [%clk 0:07:07] } 22. Bh6 { [%clk 0:06:49] } 22... Ke7
{ [%clk 0:06:01] } 23. Bxf8+ { [%clk 0:06:34] } 23... Rxf8 { [%clk 0:05:57] }
24. Qg5+ { [%clk 0:06:12] } 24... Ke8 { [%clk 0:05:56] } 25. Qh6
{ [%clk 0:06:05] } 25... Ne7 { [%clk 0:05:44] } 26. Qg7 { [%clk 0:05:56] }
26... Bxf3 { [%clk 0:05:32] } 27. Rxf3 { [%clk 0:05:38] } 27... Qxd4+
{ [%clk 0:05:24] } 28. Kf1 { [%clk 0:05:33] } 28... Nf5 { [%clk 0:05:23] } 29.
Rxf5 { [%clk 0:05:25] } 29... exf5 { [%clk 0:05:19] } 30. Qf6
{ [%clk 0:05:19] } 30... Qd8 { [%clk 0:05:09] } 31. Qxa6 { [%clk 0:05:10] }
31... Rh8 { [%clk 0:05:00] } 32. Qxb5+ { [%clk 0:04:50] } 32... Kf8
{ [%clk 0:04:59] } 33. Qc5+ { [%clk 0:04:26] } 33... Kg7 { [%clk 0:04:48] } 34.
Qa7 { [%clk 0:04:20] } 34... Qd3+ { [%clk 0:04:35] } 35. Kf2 { [%clk 0:04:15] }
35... Qd2+ { [%clk 0:04:19] } 36. Kf3 { [%clk 0:03:57] } 36... Rf8
{ [%clk 0:03:09] } 37. e6 { [%clk 0:03:45] } 37... Qe1 { [%clk 0:02:36] } 38.
e7 { [%clk 0:02:58] } 38... Re8 { [%clk 0:02:11] } 39. Qd4+ { [%clk 0:02:37] }
39... f6 { [%clk 0:01:51] } 40. Qd8 { [%clk 0:02:13] } 40... Qxe7
{ [%clk 0:01:47] } 41. Qxe7+ { [%clk 0:02:08] } 41... Rxe7 { [%clk 0:01:46] }
42. Bc4 { [%clk 0:02:06] } 42... g5 { [%clk 0:01:37] } 43. b3
{ [%clk 0:01:39] } 43... Kf8 { [%clk 0:01:30] } 44. g3 { [%clk 0:01:25] } 44...
Ke8 { [%clk 0:01:27] } 45. a4 { [%clk 0:01:23] } 45... Kd8 { [%clk 0:01:25] }
46. h4 { [%clk 0:01:07] } 46... Re1 { [%clk 0:01:09] } 47. Be6
{ [%clk 0:00:57] } 47... Rf1+ { [%clk 0:00:58] } 48. Kg2 { [%clk 0:00:38] }
48... Rb1 { [%clk 0:00:55] } 49. Bc4 { [%clk 0:00:35] } 49... Ke7
{ [%clk 0:00:49] } 50. Bd5 { [%clk 0:00:34] } 50... Kd6 { [%clk 0:00:47] } 51.
Bc4 { [%clk 0:00:33] } 51... Ke5 { [%clk 0:00:44] } 52. a5 { [%clk 0:00:29] }
52... g4 { [%clk 0:00:37] } 53. a6 { [%clk 0:00:27] } 53... Ra1
{ [%clk 0:00:32] } 54. b4 { [%clk 0:00:23] } 54... f4 { [%clk 0:00:28] } 55.
gxf4+ { [%clk 0:00:21] } 55... Kxf4 { [%clk 0:00:26] } 56. b5
{ [%clk 0:00:20] } 56... Rb1 { [%clk 0:00:22] } 57. Bd3 { [%clk 0:00:17] }
57... Rb2+ { [%clk 0:00:20] } 58. Kg1 { [%clk 0:00:14] } 58... g3
{ [%clk 0:00:19] } 59. Bc4 { [%clk 0:00:12] } 59... Rb4 { [%clk 0:00:14] } 60.
Be2 { [%clk 0:00:09] } 60... Ke3 { [%clk 0:00:11] } 0-1"
Rated Rapid game,https://lichess.org/k71idwka,2024.08.01,-,gregor236,DozenRoses,1-0,2024.08.01,08:46:07,1691,1704,,,B10,Caro-Kann Defense,600+0,Normal,"1. e4 { [%clk 0:10:00] } 1... c6 { [%clk 0:10:00] } 2. Nc3 { [%clk 0:09:57] }
2... d5 { [%clk 0:09:58] } 3. exd5 { [%clk 0:09:54] } 3... cxd5
{ [%clk 0:09:58] } 4. d4 { [%clk 0:09:53] } 4... Nf6 { [%clk 0:09:55] } 5. Bg5
{ [%clk 0:09:49] } 5... h6 { [%clk 0:09:54] } 6. Bxf6 { [%clk 0:09:48] } 6...
gxf6 { [%clk 0:09:54] } 7. Qh5 { [%clk 0:09:44] } 7... Qb6 { [%clk 0:09:40] }
8. b3 { [%clk 0:09:19] } 8... e6 { [%clk 0:09:37] } 9. Bb5+ { [%clk 0:09:07] }
9... Nc6 { [%clk 0:09:34] } 10. Nge2 { [%clk 0:09:01] } 10... Bb4
{ [%clk 0:09:33] } 11. O-O { [%clk 0:08:58] } 11... a6 { [%clk 0:09:26] } 12.
Ba4 { [%clk 0:08:53] } 12... Bd7 { [%clk 0:09:21] } 13. Qh4 { [%clk 0:08:40] }
13... Ke7 { [%clk 0:09:04] } 14. Nd1 { [%clk 0:08:26] } 14... Qc7
{ [%clk 0:08:47] } 15. c3 { [%clk 0:08:26] } 15... Bd6 { [%clk 0:08:35] } 16.
Ne3 { [%clk 0:08:22] } 16... Rhg8 { [%clk 0:08:28] } 17. Bxc6
{ [%clk 0:08:16] } 17... bxc6 { [%clk 0:07:36] } 18. Ng4 { [%clk 0:08:14] }
18... Rg5 { [%clk 0:05:50] } 19. f4 { [%clk 0:08:11] } 19... Rf5
{ [%clk 0:05:37] } 20. Nxh6 { [%clk 0:08:05] } 20... Rh8 { [%clk 0:05:24] } 21.
Nxf5+ { [%clk 0:08:04] } 21... exf5 { [%clk 0:05:21] } 22. Qxh8
{ [%clk 0:08:03] } 1-0"
Rated Rapid game,https://lichess.org/kmzmyjeu,2024.08.01,-,Eonika,Geshow,1-0,2024.08.01,08:46:07,1325,1372,,,B21,Sicilian Defense: Smith-Morra Gambit,600+0,Normal,"1. e4 { [%clk 0:10:00] } 1... c5 { [%clk 0:10:00] } 2. d4 { [%clk 0:09:58] }
2... cxd4 { [%clk 0:09:59] } 3. Qxd4 { [%clk 0:09:57] } 3... Nc6
{ [%clk 0:09:57] } 4. Qa4 { [%clk 0:09:52] } 4... e5 { [%clk 0:09:54] } 5. Bc4
{ [%clk 0:09:47] } 5... Nf6 { [%clk 0:09:49] } 6. Qb3 { [%clk 0:09:45] } 6...
Qe7 { [%clk 0:09:38] } 7. Nd2 { [%clk 0:09:33] } 7... Nd4 { [%clk 0:09:35] } 8.
Qa4 { [%clk 0:09:21] } 8... g6 { [%clk 0:09:29] } 9. Ngf3 { [%clk 0:09:13] }
9... Bg7 { [%clk 0:09:24] } 10. c3 { [%clk 0:09:05] } 10... Nxf3+
{ [%clk 0:09:19] } 11. Nxf3 { [%clk 0:09:02] } 11... Nxe4 { [%clk 0:09:12] }
12. Qb3 { [%clk 0:08:57] } 12... O-O { [%clk 0:09:02] } 13. O-O
{ [%clk 0:08:53] } 13... a6 { [%clk 0:08:54] } 14. Re1 { [%clk 0:08:49] } 14...
Nd6 { [%clk 0:08:37] } 15. Bg5 { [%clk 0:08:38] } 15... Bf6 { [%clk 0:08:25] }
16. Bxf6 { [%clk 0:08:30] } 16... Qxf6 { [%clk 0:08:22] } 17. Nxe5
{ [%clk 0:08:26] } 17... Nxc4 { [%clk 0:08:04] } 18. Qxc4 { [%clk 0:08:13] }
18... b5 { [%clk 0:08:02] } 19. Qe4 { [%clk 0:08:04] } 19... d5
{ [%clk 0:07:44] } 20. Qxd5 { [%clk 0:07:58] } 20... Be6 { [%clk 0:07:43] } 21.
Qe4 { [%clk 0:07:44] } 21... Rae8 { [%clk 0:07:35] } 22. Re3 { [%clk 0:07:36] }
22... Bf5 { [%clk 0:07:27] } 23. Qd4 { [%clk 0:07:27] } 23... Rxe5
{ [%clk 0:07:25] } 24. Qxe5 { [%clk 0:07:24] } 24... Qd8 { [%clk 0:07:05] } 25.
Rae1 { [%clk 0:07:17] } 25... Be6 { [%clk 0:07:01] } 26. g3 { [%clk 0:07:07] }
26... Re8 { [%clk 0:06:54] } 27. Qc5 { [%clk 0:06:48] } 27... Qa8
{ [%clk 0:06:36] } 28. b3 { [%clk 0:06:16] } 28... Rc8 { [%clk 0:06:26] } 29.
Qa3 { [%clk 0:05:51] } 29... Bh3 { [%clk 0:06:25] } 30. f3 { [%clk 0:05:46] }
30... Qd5 { [%clk 0:06:07] } 31. Kf2 { [%clk 0:05:23] } 31... Qd2+
{ [%clk 0:05:50] } 32. R1e2 { [%clk 0:05:18] } 32... Qd1 { [%clk 0:05:48] } 33.
Re1 { [%clk 0:05:10] } 33... Qd2+ { [%clk 0:05:45] } 34. R3e2
{ [%clk 0:05:07] } 34... Qd5 { [%clk 0:05:37] } 35. Qc1 { [%clk 0:04:59] }
35... Kg7 { [%clk 0:05:31] } 36. Qe3 { [%clk 0:04:43] } 36... a5
{ [%clk 0:05:14] } 37. Qe5+ { [%clk 0:04:38] } 37... Qxe5 { [%clk 0:05:08] }
38. Rxe5 { [%clk 0:04:36] } 38... Rxc3 { [%clk 0:05:07] } 39. Rxb5
{ [%clk 0:04:33] } 39... Rc2+ { [%clk 0:04:38] } 40. Re2 { [%clk 0:04:26] }
40... Rxe2+ { [%clk 0:04:35] } 41. Kxe2 { [%clk 0:04:25] } 41... Bc8
{ [%clk 0:04:33] } 42. Rxa5 { [%clk 0:04:22] } 42... f5 { [%clk 0:04:30] } 43.
Ke3 { [%clk 0:04:21] } 43... Kf6 { [%clk 0:04:27] } 44. Kf4 { [%clk 0:04:20] }
44... h5 { [%clk 0:04:23] } 45. Ra6+ { [%clk 0:04:13] } 45... Be6
{ [%clk 0:04:21] } 46. h3 { [%clk 0:04:00] } 46... g5+ { [%clk 0:04:20] } 47.
Ke3 { [%clk 0:03:58] } 47... g4 { [%clk 0:04:15] } 48. fxg4 { [%clk 0:03:56] }
48... fxg4 { [%clk 0:04:10] } 49. h4 { [%clk 0:03:52] } 49... Ke5
{ [%clk 0:04:07] } 50. Ra5+ { [%clk 0:03:46] } 50... Bd5 { [%clk 0:04:06] } 51.
a4 { [%clk 0:03:41] } 1-0"
Rated Rapid game,https://lichess.org/gscSEMOe,2024.08.01,-,GoldenKid19,TommyBredy,1-0,2024.08.01,08:46:07,1136,1099,,,B00,Pirc Defense,600+0,Time forfeit,"1. e4 { [%clk 0:10:00] } 1... d6 { [%clk 0:10:00] } 2. Nf3 { [%clk 0:09:59] }
2... e6 { [%clk 0:09:58] } 3. Bb5+ { [%clk 0:09:56] } 3... Ke7
{ [%clk 0:09:53] } 4. O-O { [%clk 0:09:39] } 4... Bd7 { [%clk 0:09:49] } 5.
Bxd7 { [%clk 0:09:36] } 5... Qxd7 { [%clk 0:09:48] } 6. d3 { [%clk 0:09:35] }
6... Qb5 { [%clk 0:09:37] } 7. Bg5+ { [%clk 0:09:31] } 7... Kd7
{ [%clk 0:09:35] } 8. b3 { [%clk 0:09:23] } 8... Be7 { [%clk 0:09:33] } 9. Bxe7
{ [%clk 0:09:19] } 9... Kxe7 { [%clk 0:09:32] } 10. Nc3 { [%clk 0:09:18] }
10... Qh5 { [%clk 0:09:22] } 11. Nb5 { [%clk 0:09:09] } 11... d5
{ [%clk 0:09:16] } 12. Nxc7 { [%clk 0:09:06] } 12... Kd7 { [%clk 0:09:07] } 13.
Nxa8 { [%clk 0:09:04] } 13... Kc8 { [%clk 0:09:01] } 14. exd5
{ [%clk 0:08:59] } 14... exd5 { [%clk 0:08:57] } 15. c4 { [%clk 0:08:50] }
15... dxc4 { [%clk 0:08:56] } 16. dxc4 { [%clk 0:08:48] } 16... Ne7
{ [%clk 0:08:53] } 17. Qd3 { [%clk 0:08:36] } 17... Nd5 { [%clk 0:08:49] } 18.
cxd5 { [%clk 0:08:35] } 18... Rd8 { [%clk 0:08:45] } 19. Rac1+
{ [%clk 0:08:28] } 19... Kd7 { [%clk 0:08:42] } 20. d6 { [%clk 0:08:26] } 20...
Ke6 { [%clk 0:08:39] } 21. Rfe1+ { [%clk 0:08:14] } 21... Kd7
{ [%clk 0:08:36] } 22. Ne5+ { [%clk 0:08:09] } 22... Ke6 { [%clk 0:08:34] } 23.
d7 { [%clk 0:07:52] } 23... Rxd7 { [%clk 0:08:27] } 24. Nxd7+
{ [%clk 0:07:49] } 1-0"
Rated Rapid game,https://lichess.org/EGJtJSrn,2024.08.01,-,tierro67,Ravshan001,1-0,2024.08.01,08:46:16,1651,1677,,,A10,English Opening: Great Snake Variation,600+0,Normal,"1. c4 { [%clk 0:10:00] } 1... g6 { [%clk 0:10:00] } 2. Nc3 { [%clk 0:09:59] }
2... Bg7 { [%clk 0:09:59] } 3. g3 { [%clk 0:09:57] } 3... Nf6
{ [%clk 0:09:53] } 4. Bg2 { [%clk 0:09:56] } 4... c6 { [%clk 0:09:52] } 5. Nf3
{ [%clk 0:09:55] } 5... O-O { [%clk 0:09:48] } 6. d4 { [%clk 0:09:54] } 6... d5
{ [%clk 0:09:43] } 7. O-O { [%clk 0:09:51] } 7... Ne4 { [%clk 0:09:27] } 8.
Nxe4 { [%clk 0:09:42] } 8... dxe4 { [%clk 0:09:25] } 9. Nd2 { [%clk 0:09:38] }
9... f5 { [%clk 0:09:16] } 10. b3 { [%clk 0:09:34] } 10... Bxd4
{ [%clk 0:09:14] } 11. Rb1 { [%clk 0:09:31] } 11... e3 { [%clk 0:08:58] } 12.
Nf3 { [%clk 0:09:20] } 12... exf2+ { [%clk 0:08:55] } 13. Kh1
{ [%clk 0:09:16] } 13... Bb6 { [%clk 0:08:45] } 14. Qxd8 { [%clk 0:09:08] }
14... Rxd8 { [%clk 0:08:44] } 15. Bb2 { [%clk 0:09:05] } 15... Rd2
{ [%clk 0:08:29] } 16. Nxd2 { [%clk 0:08:58] } 16... Be6 { [%clk 0:08:16] } 17.
Nf3 { [%clk 0:08:55] } 17... Nd7 { [%clk 0:08:11] } 18. Bd4 { [%clk 0:08:46] }
18... c5 { [%clk 0:08:09] } 19. Bxf2 { [%clk 0:08:42] } 19... Nf6
{ [%clk 0:08:05] } 20. Ng5 { [%clk 0:08:35] } 20... Bd7 { [%clk 0:07:56] } 21.
Bxb7 { [%clk 0:08:29] } 21... Rb8 { [%clk 0:07:52] } 22. Bd5+
{ [%clk 0:08:28] } 22... e6 { [%clk 0:07:49] } 23. Nxe6 { [%clk 0:08:21] }
23... Bxe6 { [%clk 0:07:44] } 24. Bxe6+ { [%clk 0:08:20] } 24... Kg7
{ [%clk 0:07:42] } 25. Bd5 { [%clk 0:08:19] } 25... Nxd5 { [%clk 0:07:35] } 26.
cxd5 { [%clk 0:08:17] } 26... Re8 { [%clk 0:07:35] } 27. e3 { [%clk 0:08:14] }
27... c4 { [%clk 0:07:29] } 28. bxc4 { [%clk 0:08:07] } 28... Bxe3
{ [%clk 0:07:28] } 29. Bxe3 { [%clk 0:08:06] } 29... Rxe3 { [%clk 0:07:26] }
30. Rbc1 { [%clk 0:08:03] } 30... Kf6 { [%clk 0:07:16] } 31. Rfe1
{ [%clk 0:08:02] } 31... Ra3 { [%clk 0:07:11] } 32. d6 { [%clk 0:07:55] } 32...
Rxa2 { [%clk 0:07:08] } 33. d7 { [%clk 0:07:53] } 33... Rd2 { [%clk 0:07:07] }
34. Rcd1 { [%clk 0:07:45] } 1-0"
Rated Rapid game,https://lichess.org/bXyP9u3L,2024.08.01,-,Yadrov_Artem,Tee_madzi,1-0,2024.08.01,08:46:16,1816,1888,,,B01,Scandinavian Defense: Valencian Variation,600+0,Normal,"1. e4 { [%eval 0.15] [%clk 0:10:00] } 1... d5 { [%eval 0.54] [%clk 0:10:00] }
2. exd5 { [%eval 0.48] [%clk 0:09:58] } 2... Qxd5
{ [%eval 0.45] [%clk 0:10:00] } 3. Nc3 { [%eval 0.55] [%clk 0:09:57] } 3... Qd8
{ [%eval 0.58] [%clk 0:09:59] } 4. d4 { [%eval 0.67] [%clk 0:09:54] } 4... Nf6
{ [%eval 0.52] [%clk 0:09:57] } 5. Nf3 { [%eval 0.53] [%clk 0:09:41] } 5... h6
{ [%eval 0.96] [%clk 0:09:54] } 6. Bc4 { [%eval 0.83] [%clk 0:09:38] } 6... Bg4
$4 { [%eval 4.74] [%clk 0:09:42] } 7. h3 $2 { [%eval 1.8] [%clk 0:09:36] } 7...
Bxf3 { [%eval 2.25] [%clk 0:09:41] } 8. Qxf3 { [%eval 2.29] [%clk 0:09:30] }
8... e6 $6 { [%eval 3.21] [%clk 0:09:40] } 9. Qxb7
{ [%eval 3.05] [%clk 0:09:12] } 9... Nbd7 { [%eval 3.19] [%clk 0:09:39] } 10.
O-O { [%eval 2.82] [%clk 0:08:56] } 10... Bd6 { [%eval 2.73] [%clk 0:09:36] }
11. d5 $2 { [%eval 1.18] [%clk 0:08:38] } 11... e5
{ [%eval 1.22] [%clk 0:09:20] } 12. Re1 { [%eval 1.44] [%clk 0:08:35] } 12...
O-O { [%eval 1.2] [%clk 0:09:18] } 13. f4 $4 { [%eval -2.9] [%clk 0:08:20] }
13... exf4 { [%eval -2.91] [%clk 0:09:12] } 14. Rf1
{ [%eval -3.4] [%clk 0:08:10] } 14... Nh5 { [%eval -3.19] [%clk 0:09:09] } 15.
Ne4 { [%eval -3.14] [%clk 0:07:57] } 15... Be5 $2
{ [%eval -2.04] [%clk 0:08:52] } 16. c3 { [%eval -2.65] [%clk 0:07:45] } 16...
Qh4 $2 { [%eval -1.17] [%clk 0:08:38] } 17. Qc6
{ [%eval -1.65] [%clk 0:07:37] } 17... Rfd8 $6 { [%eval -0.76] [%clk 0:08:12] }
18. Be2 { [%eval -0.96] [%clk 0:07:25] } 18... Ng3
{ [%eval -0.9] [%clk 0:08:00] } 19. Nxg3 { [%eval -0.79] [%clk 0:07:23] } 19...
fxg3 { [%eval -0.57] [%clk 0:07:50] } 20. Bg4 { [%eval -1.05] [%clk 0:07:18] }
20... Nb6 $6 { [%eval -0.12] [%clk 0:07:26] } 21. Bf4 $6
{ [%eval -0.84] [%clk 0:06:23] } 21... Rd6 $4 { [%eval 2.43] [%clk 0:07:12] }
22. Qxc7 { [%eval 2.21] [%clk 0:06:07] } 22... Bxf4
{ [%eval 2.4] [%clk 0:06:45] } 23. Rxf4 { [%eval 2.19] [%clk 0:06:05] } 23...
Rf6 { [%eval 2.13] [%clk 0:06:37] } 24. Raf1 $2 { [%eval 0.0] [%clk 0:05:37] }
24... Nxd5 { [%eval 0.0] [%clk 0:06:31] } 25. Qb7
{ [%eval 0.0] [%clk 0:05:33] } 25... Rd8 { [%eval 0.0] [%clk 0:06:05] } 26.
Rxf6 { [%eval 0.0] [%clk 0:05:27] } 26... Nxf6 { [%eval -0.12] [%clk 0:05:57] }
27. Bf3 { [%eval -0.14] [%clk 0:05:20] } 27... h5 $6
{ [%eval 0.42] [%clk 0:05:32] } 28. Qxa7 { [%eval 0.35] [%clk 0:04:52] } 28...
Rd2 { [%eval 0.65] [%clk 0:05:01] } 29. Qb6 $6 { [%eval 0.07] [%clk 0:04:09] }
29... Qf4 { [%eval 0.02] [%clk 0:04:27] } 30. Bxh5
{ [%eval 0.0] [%clk 0:03:48] } 30... Qe5 { [%eval 0.0] [%clk 0:03:41] } 31. Bf3
{ [%eval 0.0] [%clk 0:03:24] } 31... Nh5 $2 { [%eval 2.3] [%clk 0:03:25] } 32.
Bxh5 { [%eval 2.4] [%clk 0:02:34] } 32... Qxh5 { [%eval 2.21] [%clk 0:03:25] }
33. c4 $2 { [%eval 0.1] [%clk 0:02:13] } 33... Qe2 $2
{ [%eval 2.9] [%clk 0:03:11] } 34. Qb8+ { [%eval 2.67] [%clk 0:01:58] } 34...
Kh7 { [%eval 2.47] [%clk 0:03:03] } 35. Qxg3 { [%eval 2.71] [%clk 0:01:56] }
35... Rxb2 $2 { [%eval 5.28] [%clk 0:02:59] } 36. Rxf7
{ [%eval 5.07] [%clk 0:01:51] } 36... Rb1+ { [%eval 5.93] [%clk 0:02:53] } 37.
Kh2 { [%eval 5.57] [%clk 0:01:50] } 37... Qb2 { [%eval 5.06] [%clk 0:02:28] }
38. c5 { [%eval 4.42] [%clk 0:01:30] } 38... Ra1
{ [%eval 5.35] [%clk 0:02:23] } 39. c6 $2 { [%eval 4.11] [%clk 0:01:28] } 39...
Rxa2 $4 { [%eval 77.47] [%clk 0:02:20] } 40. c7
{ [%eval 26.92] [%clk 0:01:27] } 40... Ra8 { [%eval 14.39] [%clk 0:02:17] } 41.
Qd3+ { [%eval 10.5] [%clk 0:00:44] } 41... Kg8 { [%eval 11.17] [%clk 0:02:09] }
42. Qd5 { [%eval 10.66] [%clk 0:00:35] } 42... Kh7
{ [%eval 67.46] [%clk 0:01:52] } 43. Qxa8 { [%eval 22.27] [%clk 0:00:21] }
43... Qe5+ { [%eval 75.99] [%clk 0:01:47] } 44. g3
{ [%eval #8] [%clk 0:00:15] } 44... Qb2+ { [%eval #8] [%clk 0:01:40] } 45. Qg2
{ [%eval #7] [%clk 0:00:15] } 45... Qc3 { [%eval #7] [%clk 0:01:32] } 46. Qe4+
{ [%eval #8] [%clk 0:00:12] } 46... Kg8 { [%eval #7] [%clk 0:01:28] } 47. Rd7
{ [%eval #6] [%clk 0:00:09] } 47... Qb2+ { [%eval #6] [%clk 0:01:23] } 48. Qg2
{ [%eval #5] [%clk 0:00:09] } 48... Qxg2+ { [%eval #5] [%clk 0:01:06] } 49.
Kxg2 { [%eval #4] [%clk 0:00:07] } 49... Kh7 { [%eval #4] [%clk 0:01:05] } 50.
c8=Q { [%eval #3] [%clk 0:00:06] } 50... Kg6 { [%eval #3] [%clk 0:01:05] } 51.
Qc5 { [%eval #3] [%clk 0:00:04] } 51... Kh7 { [%eval #2] [%clk 0:01:02] } 52.
Rd6 { [%eval #3] [%clk 0:00:04] } 52... Kg8 { [%eval #3] [%clk 0:00:57] } 53.
Qc7 { [%eval #3] [%clk 0:00:02] } 53... Kh7 { [%eval #3] [%clk 0:00:57] } 54.
Qf7 { [%eval #2] [%clk 0:00:01] } 54... Kh8 { [%eval #2] [%clk 0:00:56] } 55.
Rd7 { [%eval #1] [%clk 0:00:01] } 55... Kh7 { [%eval #1] [%clk 0:00:55] } 56.
Qxg7# { [%clk 0:00:00] } 1-0"
Rated Rapid game,https://lichess.org/cUR9jEdQ,2024.08.01,-,VitoBBB,falgocharm,1-0,2024.08.01,08:46:16,1617,1541,,,A40,Horwitz Defense,600+0,Normal,"1. d4 { [%clk 0:10:00] } 1... e6 { [%clk 0:10:00] } 2. Nf3 { [%clk 0:09:59] }
2... c5 { [%clk 0:09:58] } 3. c3 { [%clk 0:09:57] } 3... cxd4
{ [%clk 0:09:56] } 4. cxd4 { [%clk 0:09:55] } 4... a6 { [%clk 0:09:54] } 5. Nc3
{ [%clk 0:09:53] } 5... d5 { [%clk 0:09:46] } 6. e3 { [%clk 0:09:51] } 6... Nc6
{ [%clk 0:09:37] } 7. Be2 { [%clk 0:09:46] } 7... Qc7 { [%clk 0:07:59] } 8. O-O
{ [%clk 0:09:34] } 8... Bd6 { [%clk 0:07:32] } 9. a3 { [%clk 0:09:30] } 9...
Nf6 { [%clk 0:07:29] } 10. b4 { [%clk 0:09:19] } 10... h6 { [%clk 0:07:18] }
11. Bb2 { [%clk 0:09:14] } 11... g5 { [%clk 0:07:13] } 12. Na4
{ [%clk 0:09:00] } 12... g4 { [%clk 0:07:09] } 13. Ne5 { [%clk 0:08:56] } 13...
h5 { [%clk 0:06:39] } 14. f4 { [%clk 0:08:32] } 14... gxf3 { [%clk 0:06:22] }
15. Bxf3 { [%clk 0:08:26] } 15... b5 { [%clk 0:05:54] } 16. Nc5
{ [%clk 0:08:23] } 16... Nxe5 { [%clk 0:05:18] } 17. dxe5 { [%clk 0:08:20] }
17... Bxe5 { [%clk 0:05:13] } 18. Bxe5 { [%clk 0:08:17] } 18... Qxe5
{ [%clk 0:05:10] } 19. Rc1 { [%clk 0:07:43] } 19... Qxe3+ { [%clk 0:04:13] }
20. Kh1 { [%clk 0:07:31] } 20... h4 { [%clk 0:03:47] } 21. h3
{ [%clk 0:07:28] } 21... Qxa3 { [%clk 0:03:30] } 22. Re1 { [%clk 0:07:14] }
22... Qxb4 { [%clk 0:02:55] } 23. Bxd5 { [%clk 0:06:42] } 23... Nxd5
{ [%clk 0:02:47] } 24. Qxd5 { [%clk 0:06:38] } 24... Ra7 { [%clk 0:02:20] } 25.
Nxe6 { [%clk 0:05:40] } 25... Bxe6 { [%clk 0:02:12] } 26. Rc8+
{ [%clk 0:05:37] } 26... Ke7 { [%clk 0:02:03] } 27. Qg5+ { [%clk 0:05:30] }
27... f6 { [%clk 0:01:50] } 28. Qg7+ { [%clk 0:05:28] } 28... Kd6
{ [%clk 0:01:43] } 29. Rd1+ { [%clk 0:05:24] } 29... Ke5 { [%clk 0:01:37] } 1-0"
Rated Rapid game,https://lichess.org/LHXnZHf5,2024.08.01,-,ura-grigorev11,Caracses,0-1,2024.08.01,08:46:16,2155,2154,,,A16,"English Opening: Anglo-Indian Defense, Queen's Knight Variation",600+0,Normal,"1. c4 { [%clk 0:10:00] } 1... Nf6 { [%clk 0:10:00] } 2. Nc3 { [%clk 0:09:59] }
2... g6 { [%clk 0:09:56] } 3. g3 { [%clk 0:09:57] } 3... d6 { [%clk 0:09:54] }
4. Bg2 { [%clk 0:09:55] } 4... Nbd7 { [%clk 0:09:53] } 5. e4 { [%clk 0:09:54] }
5... Bg7 { [%clk 0:09:52] } 6. Nge2 { [%clk 0:09:53] } 6... O-O
{ [%clk 0:09:45] } 7. d4 { [%clk 0:09:50] } 7... e5 { [%clk 0:09:22] } 8. d5
{ [%clk 0:09:29] } 8... a5 { [%clk 0:09:20] } 9. O-O { [%clk 0:09:28] } 9...
Nc5 { [%clk 0:09:19] } 10. b3 { [%clk 0:09:23] } 10... Bd7 { [%clk 0:09:18] }
11. h3 { [%clk 0:09:21] } 11... Qc8 { [%clk 0:09:16] } 12. Kh2
{ [%clk 0:09:20] } 12... h6 { [%clk 0:09:13] } 13. Be3 { [%clk 0:09:05] } 13...
Na6 { [%clk 0:09:09] } 14. Rc1 { [%clk 0:08:52] } 14... Nh7 { [%clk 0:09:05] }
15. Qd2 { [%clk 0:08:45] } 15... h5 { [%clk 0:09:04] } 16. Bh6
{ [%clk 0:08:37] } 16... f5 { [%clk 0:09:02] } 17. Bxg7 { [%clk 0:08:35] }
17... Kxg7 { [%clk 0:09:02] } 18. f4 { [%clk 0:08:30] } 18... exf4
{ [%clk 0:08:50] } 19. Qd4+ { [%clk 0:08:15] } 19... Kg8 { [%clk 0:08:37] } 20.
Nxf4 { [%clk 0:08:12] } 20... Qe8 { [%clk 0:08:24] } 21. exf5
{ [%clk 0:07:58] } 21... Bxf5 { [%clk 0:08:14] } 22. Rce1 { [%clk 0:07:56] }
22... Qf7 { [%clk 0:08:12] } 23. Ne6 { [%clk 0:07:51] } 23... Qf6
{ [%clk 0:07:56] } 24. Qd2 { [%clk 0:07:11] } 24... Rfe8 { [%clk 0:07:01] } 25.
g4 { [%clk 0:06:49] } 25... hxg4 { [%clk 0:07:00] } 26. Ne4 { [%clk 0:06:30] }
26... Qh4 { [%clk 0:06:12] } 27. Qf2 { [%clk 0:06:05] } 27... Qxf2
{ [%clk 0:05:55] } 28. Rxf2 { [%clk 0:05:59] } 28... Bxe6 { [%clk 0:05:53] }
29. dxe6 { [%clk 0:05:55] } 29... gxh3 { [%clk 0:05:49] } 30. Bxh3
{ [%clk 0:05:52] } 30... Re7 { [%clk 0:05:25] } 31. Nf6+ { [%clk 0:05:44] }
31... Nxf6 { [%clk 0:05:23] } 32. Rxf6 { [%clk 0:05:43] } 32... Kg7
{ [%clk 0:04:55] } 33. Ref1 { [%clk 0:05:41] } 33... Rae8 { [%clk 0:04:41] }
34. Rf7+ { [%clk 0:05:12] } 34... Kh6 { [%clk 0:04:19] } 35. Rxe7
{ [%clk 0:03:34] } 35... Rxe7 { [%clk 0:04:17] } 36. Rf8 { [%clk 0:03:31] }
36... Nc5 { [%clk 0:04:08] } 37. Ra8 { [%clk 0:03:14] } 37... b6
{ [%clk 0:04:03] } 38. Rc8 { [%clk 0:03:12] } 38... Nxe6 { [%clk 0:03:59] } 39.
Bxe6 { [%clk 0:03:07] } 39... Rxe6 { [%clk 0:03:58] } 40. Rxc7
{ [%clk 0:03:06] } 40... Re2+ { [%clk 0:03:57] } 41. Kg3 { [%clk 0:03:04] }
41... Rxa2 { [%clk 0:03:56] } 42. Rc6 { [%clk 0:03:02] } 42... b5
{ [%clk 0:03:41] } 43. cxb5 { [%clk 0:02:36] } 43... Ra3 { [%clk 0:03:36] } 44.
Rc3 { [%clk 0:02:18] } 44... a4 { [%clk 0:03:34] } 45. b6 { [%clk 0:02:17] }
45... axb3 { [%clk 0:03:04] } 46. b7 { [%clk 0:01:22] } 46... b2
{ [%clk 0:02:57] } 47. b8=Q { [%clk 0:01:20] } 47... Rxc3+ { [%clk 0:02:55] }
48. Kf4 { [%clk 0:01:17] } 48... Rc4+ { [%clk 0:02:43] } 49. Ke3
{ [%clk 0:01:14] } 49... Rc3+ { [%clk 0:02:34] } 50. Kd4 { [%clk 0:01:10] }
50... Rc2 { [%clk 0:02:33] } 51. Kd3 { [%clk 0:01:06] } 51... Rg2
{ [%clk 0:02:13] } 52. Qb7 { [%clk 0:00:45] } 52... d5 { [%clk 0:01:58] } 53.
Kd4 { [%clk 0:00:39] } 53... Rd2+ { [%clk 0:01:33] } 54. Ke3 { [%clk 0:00:36] }
54... Rg2 { [%clk 0:01:24] } 55. Qb3 { [%clk 0:00:35] } 55... Rg3+
{ [%clk 0:01:21] } 0-1"
Rated Rapid game,https://lichess.org/HEoFgd6Q,2024.08.01,-,chaseb42,visheshm300,0-1,2024.08.01,08:46:16,1734,1640,,,A00,Van Geet Opening,600+0,Normal,"1. Nc3 { [%clk 0:10:00] } 1... e6 { [%clk 0:10:00] } 2. a3 { [%clk 0:09:58] }
2... d5 { [%clk 0:09:58] } 3. d4 { [%clk 0:09:57] } 3... Nf6 { [%clk 0:09:57] }
4. Bf4 { [%clk 0:09:55] } 4... a6 { [%clk 0:09:55] } 5. Qd2 { [%clk 0:09:54] }
5... c5 { [%clk 0:09:54] } 6. O-O-O { [%clk 0:09:50] } 6... b5
{ [%clk 0:09:41] } 7. f3 { [%clk 0:09:49] } 7... c4 { [%clk 0:09:37] } 8. e4
{ [%clk 0:09:26] } 8... Bb7 { [%clk 0:09:22] } 9. exd5 { [%clk 0:09:20] } 9...
exd5 { [%clk 0:09:20] } 10. Re1+ { [%clk 0:09:16] } 10... Be7
{ [%clk 0:09:19] } 11. Qe3 { [%clk 0:09:08] } 11... Nc6 { [%clk 0:09:11] } 12.
Nh3 { [%clk 0:09:03] } 12... O-O { [%clk 0:09:10] } 13. Ng5 { [%clk 0:08:54] }
13... Re8 { [%clk 0:09:04] } 14. Be5 { [%clk 0:08:40] } 14... h6
{ [%clk 0:08:59] } 15. Nh3 { [%clk 0:08:25] } 15... Nxe5 { [%clk 0:07:56] } 16.
dxe5 { [%clk 0:08:18] } 16... Nd7 { [%clk 0:07:55] } 17. f4 { [%clk 0:08:15] }
17... g5 { [%clk 0:07:47] } 18. fxg5 { [%clk 0:08:10] } 18... Bxg5
{ [%clk 0:07:46] } 19. Nxg5 { [%clk 0:08:07] } 19... Qxg5 { [%clk 0:07:45] }
20. Qxg5+ { [%clk 0:07:55] } 20... hxg5 { [%clk 0:07:45] } 21. h4
{ [%clk 0:07:53] } 21... g4 { [%clk 0:07:39] } 22. Be2 { [%clk 0:07:46] } 22...
Nxe5 { [%clk 0:07:33] } 23. h5 { [%clk 0:07:41] } 23... Kh7 { [%clk 0:06:02] }
24. Rh4 { [%clk 0:07:29] } 24... f5 { [%clk 0:05:59] } 25. Bd1
{ [%clk 0:07:22] } 25... d4 { [%clk 0:05:53] } 26. Ne2 { [%clk 0:07:13] } 26...
d3 { [%clk 0:05:50] } 27. Nf4 { [%clk 0:06:57] } 27... Rad8 { [%clk 0:05:36] }
28. cxd3 { [%clk 0:06:54] } 28... cxd3 { [%clk 0:04:20] } 29. Rf1
{ [%clk 0:06:21] } 29... d2+ { [%clk 0:03:54] } 30. Kb1 { [%clk 0:06:18] }
30... Nd3 { [%clk 0:03:44] } 31. Nxd3 { [%clk 0:06:09] } 31... Be4
{ [%clk 0:03:43] } 32. Bc2 { [%clk 0:06:04] } 32... Bxd3 { [%clk 0:03:41] } 33.
Rd1 { [%clk 0:05:50] } 33... Bxc2+ { [%clk 0:03:39] } 34. Kxc2
{ [%clk 0:05:47] } 34... Re2 { [%clk 0:03:36] } 35. Rh3 { [%clk 0:05:38] }
35... gxh3 { [%clk 0:03:32] } 0-1"
Rated Rapid game,https://lichess.org/tzLNOmEL,2024.08.01,-,fadyssaif999,GAT2016,0-1,2024.08.01,08:46:16,1070,1069,,,C00,French Defense,600+0,Normal,"1. e4 { [%clk 0:10:00] } 1... e6 { [%clk 0:10:00] } 2. d4 { [%clk 0:09:59] }
2... d5 { [%clk 0:09:58] } 3. Bf4 { [%clk 0:09:46] } 3... dxe4
{ [%clk 0:09:53] } 4. Bc4 { [%clk 0:09:40] } 4... Qf6 { [%clk 0:09:35] } 5. Ne2
{ [%clk 0:09:29] } 5... c6 { [%clk 0:09:17] } 6. Be5 { [%clk 0:09:26] } 6...
Qg6 { [%clk 0:09:10] } 7. Bxb8 { [%clk 0:09:03] } 7... Rxb8 { [%clk 0:09:07] }
8. Nbc3 { [%clk 0:09:02] } 8... b5 { [%clk 0:09:04] } 9. Bb3 { [%clk 0:08:55] }
9... Bb4 { [%clk 0:09:00] } 10. Qd2 { [%clk 0:08:40] } 10... Bxc3
{ [%clk 0:08:58] } 11. Qxc3 { [%clk 0:08:38] } 11... Rb6 { [%clk 0:08:51] } 12.
Nf4 { [%clk 0:08:28] } 12... Qg5 { [%clk 0:08:37] } 13. g3 { [%clk 0:07:58] }
13... Nf6 { [%clk 0:08:26] } 14. h4 { [%clk 0:07:42] } 14... Qh6
{ [%clk 0:07:52] } 15. O-O-O { [%clk 0:07:30] } 15... g6 { [%clk 0:07:46] } 16.
Rhe1 { [%clk 0:06:24] } 16... Qf8 { [%clk 0:07:25] } 17. f3 { [%clk 0:06:02] }
17... exf3 { [%clk 0:07:20] } 18. Qxf3 { [%clk 0:06:00] } 18... Nd5
{ [%clk 0:06:40] } 19. Bxd5 { [%clk 0:05:50] } 19... cxd5 { [%clk 0:06:38] }
20. Qxd5 { [%clk 0:05:47] } 20... Ra6 { [%clk 0:06:24] } 21. a3
{ [%clk 0:05:32] } 21... b4 { [%clk 0:06:12] } 22. Rd3 { [%clk 0:04:41] } 22...
bxa3 { [%clk 0:06:08] } 23. Rxa3 { [%clk 0:04:38] } 23... Rxa3
{ [%clk 0:06:03] } 24. bxa3 { [%clk 0:04:36] } 24... Qxa3+ { [%clk 0:06:00] }
25. Kd2 { [%clk 0:03:47] } 25... Qb4+ { [%clk 0:05:54] } 26. Kd3
{ [%clk 0:03:19] } 26... Qxe1 { [%clk 0:05:50] } 27. Qa8 { [%clk 0:03:00] }
27... O-O { [%clk 0:05:45] } 28. Ng2 { [%clk 0:02:19] } 28... Qxg3+
{ [%clk 0:05:41] } 29. Kd2 { [%clk 0:02:12] } 29... Qf2+ { [%clk 0:05:34] } 30.
Kc3 { [%clk 0:02:09] } 30... Ba6 { [%clk 0:05:20] } 31. Qc6 { [%clk 0:01:50] }
31... Rc8 { [%clk 0:05:13] } 32. Qxc8+ { [%clk 0:01:45] } 32... Bxc8
{ [%clk 0:05:10] } 0-1"
Rated Rapid game,https://lichess.org/0EY3l1d0,2024.08.01,-,FranzXaverS,Omaljev,1-0,2024.08.01,08:46:16,2109,2025,,,B30,Sicilian Defense: Old Sicilian,600+0,Normal,"1. e4 { [%clk 0:10:00] } 1... c5 { [%clk 0:10:00] } 2. Nf3 { [%clk 0:09:59] }
2... Nc6 { [%clk 0:10:00] } 3. Bc4 { [%clk 0:09:58] } 3... e6
{ [%clk 0:09:59] } 4. O-O { [%clk 0:09:57] } 4... b5 { [%clk 0:09:57] } 5. Bxb5
{ [%clk 0:09:55] } 5... a6 { [%clk 0:09:56] } 6. Ba4 { [%clk 0:09:53] } 6...
Nf6 { [%clk 0:09:54] } 7. e5 { [%clk 0:09:50] } 7... Nd5 { [%clk 0:09:52] } 8.
c3 { [%clk 0:09:48] } 8... Nb6 { [%clk 0:09:48] } 9. Bc2 { [%clk 0:09:46] }
9... g6 { [%clk 0:09:46] } 10. d4 { [%clk 0:09:44] } 10... cxd4
{ [%clk 0:09:42] } 11. cxd4 { [%clk 0:09:43] } 11... Bg7 { [%clk 0:09:41] } 12.
Bg5 { [%clk 0:09:41] } 12... Qc7 { [%clk 0:09:37] } 13. Nc3 { [%clk 0:09:40] }
13... O-O { [%clk 0:09:34] } 14. Rc1 { [%clk 0:09:37] } 14... Bb7
{ [%clk 0:09:08] } 15. Bb1 { [%clk 0:09:34] } 15... Nxd4 { [%clk 0:08:50] } 16.
Nxd4 { [%clk 0:08:50] } 16... Qxe5 { [%clk 0:08:47] } 17. Be3
{ [%clk 0:08:05] } 17... Nc4 { [%clk 0:08:33] } 18. Nf3 { [%clk 0:07:48] }
18... Bxf3 { [%clk 0:08:30] } 19. Qxf3 { [%clk 0:07:45] } 19... Nxb2
{ [%clk 0:08:27] } 20. Rfe1 { [%clk 0:07:03] } 20... Nc4 { [%clk 0:08:02] } 21.
Ne4 { [%clk 0:06:36] } 21... Nxe3 { [%clk 0:07:53] } 22. Qxe3
{ [%clk 0:06:21] } 22... Rac8 { [%clk 0:07:34] } 23. Rxc8 { [%clk 0:06:13] }
23... Rxc8 { [%clk 0:07:33] } 24. h3 { [%clk 0:06:12] } 24... d5
{ [%clk 0:07:08] } 25. Ng3 { [%clk 0:06:09] } 25... Qxe3 { [%clk 0:06:56] } 26.
fxe3 { [%clk 0:06:03] } 26... Rb8 { [%clk 0:06:44] } 27. Bd3 { [%clk 0:05:57] }
27... a5 { [%clk 0:06:41] } 28. a4 { [%clk 0:05:52] } 28... Rb3
{ [%clk 0:06:19] } 29. Bb5 { [%clk 0:05:50] } 29... Bf6 { [%clk 0:06:07] } 30.
Nf1 { [%clk 0:05:40] } 30... Rb2 { [%clk 0:05:23] } 31. Rd1 { [%clk 0:05:27] }
31... Rc2 { [%clk 0:05:00] } 32. Kh1 { [%clk 0:05:19] } 32... Bg5
{ [%clk 0:04:42] } 33. Rb1 { [%clk 0:04:24] } 33... Rc3 { [%clk 0:04:35] } 34.
Re1 { [%clk 0:04:06] } 34... h5 { [%clk 0:04:25] } 35. e4 { [%clk 0:03:59] }
35... d4 { [%clk 0:04:20] } 36. Rd1 { [%clk 0:03:54] } 36... Rc1
{ [%clk 0:04:00] } 37. Rxd4 { [%clk 0:03:43] } 37... Rxf1+ { [%clk 0:03:58] }
38. Bxf1 { [%clk 0:03:39] } 38... Bd2 { [%clk 0:03:53] } 39. Rxd2
{ [%clk 0:03:37] } 1-0"
Rated Rapid game,https://lichess.org/Sn1PskHI,2024.08.01,-,Amdp1232024,horse-01,1-0,2024.08.01,08:46:16,1150,1129,,,C54,"Italian Game: Classical Variation, Giuoco Pianissimo",600+0,Normal,"1. e4 { [%clk 0:10:00] } 1... e5 { [%clk 0:10:00] } 2. Nf3 { [%clk 0:09:59] }
2... Nc6 { [%clk 0:09:59] } 3. Bc4 { [%clk 0:09:56] } 3... Bc5
{ [%clk 0:09:58] } 4. c3 { [%clk 0:09:47] } 4... Nf6 { [%clk 0:09:55] } 5. d3
{ [%clk 0:09:43] } 5... O-O { [%clk 0:09:46] } 6. Bb3 { [%clk 0:09:39] } 6...
d5 { [%clk 0:09:33] } 7. exd5 { [%clk 0:09:36] } 7... Nxd5 { [%clk 0:09:31] }
8. O-O { [%clk 0:09:32] } 8... Bf5 { [%clk 0:09:10] } 9. Qe2 { [%clk 0:09:21] }
9... Re8 { [%clk 0:09:04] } 10. Rd1 { [%clk 0:09:18] } 10... e4
{ [%clk 0:08:43] } 11. dxe4 { [%clk 0:09:03] } 11... Bxe4 { [%clk 0:08:36] }
12. Ng5 { [%clk 0:08:55] } 12... Bxb1 { [%clk 0:08:25] } 13. Qd2
{ [%clk 0:08:40] } 13... Nce7 { [%clk 0:07:53] } 14. Rxb1 { [%clk 0:08:29] }
14... h6 { [%clk 0:07:39] } 15. Ne4 { [%clk 0:08:27] } 15... Bb6
{ [%clk 0:07:29] } 16. Qe2 { [%clk 0:08:22] } 16... Nf6 { [%clk 0:06:52] } 17.
Nxf6+ { [%clk 0:07:57] } 17... gxf6 { [%clk 0:06:52] } 18. Rxd8
{ [%clk 0:07:54] } 1-0"
Rated Rapid game,https://lichess.org/QqY7Z4sR,2024.08.01,-,Chessrulz231,Burdock_Chess,0-1,2024.08.01,08:46:16,2221,2191,,,E20,Nimzo-Indian Defense: Kmoch Variation,600+0,Time forfeit,"1. d4 { [%eval 0.16] [%clk 0:10:00] } 1... Nf6 { [%eval 0.17] [%clk 0:10:00] }
2. c4 { [%eval 0.21] [%clk 0:09:59] } 2... e6 { [%eval 0.11] [%clk 0:09:59] }
3. Nc3 { [%eval 0.0] [%clk 0:09:57] } 3... Bb4 { [%eval 0.17] [%clk 0:09:57] }
4. f3 { [%eval 0.06] [%clk 0:08:43] } 4... d5 { [%eval 0.01] [%clk 0:09:55] }
5. a3 { [%eval 0.08] [%clk 0:08:37] } 5... Bxc3+
{ [%eval 0.05] [%clk 0:09:54] } 6. bxc3 { [%eval 0.05] [%clk 0:08:37] } 6... c5
{ [%eval 0.12] [%clk 0:09:52] } 7. e3 { [%eval -0.19] [%clk 0:08:36] } 7... O-O
{ [%eval -0.16] [%clk 0:08:46] } 8. Bd3 { [%eval -0.07] [%clk 0:08:32] } 8...
dxc4 { [%eval -0.04] [%clk 0:08:28] } 9. Bxc4 { [%eval -0.09] [%clk 0:08:30] }
9... Qc7 { [%eval -0.14] [%clk 0:08:24] } 10. Bd3 $2
{ [%eval -2.17] [%clk 0:08:27] } 10... cxd4 { [%eval -2.16] [%clk 0:08:19] }
11. cxd4 $6 { [%eval -3.01] [%clk 0:08:27] } 11... Qc3+
{ [%eval -2.97] [%clk 0:08:17] } 12. Qd2 { [%eval -3.02] [%clk 0:08:13] } 12...
Qxa1 { [%eval -2.92] [%clk 0:08:16] } 13. Ne2 { [%eval -2.89] [%clk 0:08:10] }
13... Bd7 { [%eval -2.98] [%clk 0:07:45] } 14. O-O
{ [%eval -3.04] [%clk 0:08:04] } 14... Rc8 { [%eval -2.93] [%clk 0:07:35] } 15.
Qb4 $2 { [%eval -4.1] [%clk 0:07:20] } 15... b6
{ [%eval -3.43] [%clk 0:06:43] } 0-1"
Rated Rapid game,https://lichess.org/LgepppxB,2024.08.01,-,AlexMalyshev,beke6404,0-1,2024.08.01,08:46:16,1191,1236,,,C46,Three Knights Opening,600+0,Normal,"1. e4 { [%clk 0:10:00] } 1... e5 { [%clk 0:10:00] } 2. Nf3 { [%clk 0:09:59] }
2... Nc6 { [%clk 0:09:59] } 3. Nc3 { [%clk 0:09:57] } 3... h6
{ [%clk 0:09:57] } 4. Bc4 { [%clk 0:09:56] } 4... Bc5 { [%clk 0:09:56] } 5. d3
{ [%clk 0:09:54] } 5... d6 { [%clk 0:09:55] } 6. h3 { [%clk 0:09:52] } 6... a6
{ [%clk 0:09:54] } 7. O-O { [%clk 0:09:49] } 7... Nf6 { [%clk 0:09:53] } 8. Be3
{ [%clk 0:09:47] } 8... Bd7 { [%clk 0:09:44] } 9. Bxc5 { [%clk 0:09:44] } 9...
dxc5 { [%clk 0:09:43] } 10. b3 { [%clk 0:09:18] } 10... Nd4 { [%clk 0:09:38] }
11. a4 { [%clk 0:09:06] } 11... Qc8 { [%clk 0:09:35] } 12. Nxd4
{ [%clk 0:08:43] } 12... cxd4 { [%clk 0:09:34] } 13. Nd5 { [%clk 0:08:41] }
13... Bxh3 { [%clk 0:09:21] } 14. Nxf6+ { [%clk 0:08:33] } 14... gxf6
{ [%clk 0:09:16] } 15. Qf3 { [%clk 0:08:21] } 15... Rg8 { [%clk 0:09:11] } 16.
g3 { [%clk 0:08:01] } 16... Rg6 { [%clk 0:09:01] } 17. Rfe1 { [%clk 0:07:53] }
17... Be6 { [%clk 0:08:59] } 18. Bxe6 { [%clk 0:07:46] } 18... Qxe6
{ [%clk 0:08:56] } 19. Kh1 { [%clk 0:07:35] } 19... O-O-O { [%clk 0:08:50] }
20. Kg2 { [%clk 0:07:15] } 20... Rdg8 { [%clk 0:08:45] } 21. Rg1
{ [%clk 0:07:09] } 21... Kb8 { [%clk 0:08:43] } 22. Kf1 { [%clk 0:07:07] }
22... c5 { [%clk 0:08:40] } 23. Ke2 { [%clk 0:07:02] } 23... h5
{ [%clk 0:08:35] } 24. Rg2 { [%clk 0:07:01] } 24... h4 { [%clk 0:08:34] } 25.
gxh4 { [%clk 0:06:54] } 25... Rxg2 { [%clk 0:08:33] } 26. Rg1
{ [%clk 0:06:49] } 26... Rxg1 { [%clk 0:08:31] } 27. Qf5 { [%clk 0:06:44] } 0-1"
Rated Rapid game,https://lichess.org/BGuPSm8F,2024.08.01,-,ValentinRomero,harshthakuriam,1-0,2024.08.01,08:46:16,2047,1903,,,C39,"King's Gambit Accepted: Kieseritzky Gambit, Cotter Gambit",600+0,Normal,"1. e4 { [%clk 0:10:00] } 1... e5 { [%clk 0:10:00] } 2. f4 { [%clk 0:09:59] }
2... exf4 { [%clk 0:09:58] } 3. Nf3 { [%clk 0:09:58] } 3... g5
{ [%clk 0:09:57] } 4. h4 { [%clk 0:09:56] } 4... g4 { [%clk 0:09:56] } 5. Ng5
{ [%clk 0:09:38] } 5... h6 { [%clk 0:09:50] } 6. Nxf7 { [%clk 0:09:33] } 6...
Kxf7 { [%clk 0:09:49] } 7. Qxg4 { [%clk 0:09:30] } 7... Qf6 { [%clk 0:09:42] }
8. Qh5+ { [%clk 0:09:18] } 8... Ke7 { [%clk 0:09:35] } 9. Nc3
{ [%clk 0:09:17] } 9... Qf7 { [%clk 0:09:19] } 10. Nd5+ { [%clk 0:09:07] }
10... Ke6 { [%clk 0:09:04] } 11. Nxc7+ { [%clk 0:09:06] } 11... Ke7
{ [%clk 0:09:02] } 12. Qe5+ { [%clk 0:08:31] } 12... Kd8 { [%clk 0:08:57] } 13.
Nxa8 { [%clk 0:08:21] } 13... Bg7 { [%clk 0:08:55] } 1-0"
Rated Rapid game,https://lichess.org/2PxhZO9A,2024.08.01,-,Ah4d,ilKappa,0-1,2024.08.01,08:46:16,1395,1387,,,C44,Scotch Game: Scotch Gambit,600+0,Normal,"1. e4 { [%clk 0:10:00] } 1... e5 { [%clk 0:10:00] } 2. Nf3 { [%clk 0:09:52] }
2... Nc6 { [%clk 0:09:59] } 3. d4 { [%clk 0:09:51] } 3... exd4
{ [%clk 0:09:54] } 4. Bc4 { [%clk 0:09:48] } 4... h6 { [%clk 0:09:49] } 5. O-O
{ [%clk 0:09:46] } 5... d6 { [%clk 0:09:47] } 6. c3 { [%clk 0:09:41] } 6...
dxc3 { [%clk 0:09:39] } 7. Nxc3 { [%clk 0:09:39] } 7... Bg4 { [%clk 0:09:35] }
8. h3 { [%clk 0:09:35] } 8... Bh5 { [%clk 0:09:32] } 9. Qb3 { [%clk 0:09:33] }
9... b6 { [%clk 0:08:59] } 10. Nd5 { [%clk 0:09:11] } 10... Na5
{ [%clk 0:08:51] } 11. Bb5+ { [%clk 0:09:03] } 11... c6 { [%clk 0:08:41] } 12.
Nxb6 { [%clk 0:08:45] } 12... Nxb3 { [%clk 0:08:33] } 13. Nxa8
{ [%clk 0:08:42] } 13... Nxa1 { [%clk 0:08:26] } 14. Bxc6+ { [%clk 0:08:37] }
14... Ke7 { [%clk 0:08:23] } 15. e5 { [%clk 0:08:29] } 15... dxe5
{ [%clk 0:08:08] } 16. Nxe5 { [%clk 0:08:25] } 16... Nc2 { [%clk 0:07:39] } 17.
Be3 { [%clk 0:07:59] } 17... f6 { [%clk 0:07:06] } 18. Bc5+ { [%clk 0:07:49] }
18... Ke6 { [%clk 0:06:58] } 19. Bxf8 { [%clk 0:07:31] } 19... fxe5
{ [%clk 0:06:52] } 20. Bxg7 { [%clk 0:07:30] } 20... Qd6 { [%clk 0:06:37] } 21.
Bxh8 { [%clk 0:07:28] } 21... Qxc6 { [%clk 0:06:35] } 22. Re1
{ [%clk 0:07:18] } 22... Nxe1 { [%clk 0:06:33] } 0-1"
Rated Rapid game,https://lichess.org/1i7oQe2v,2024.08.01,-,Drazen1974,Jules_Pogi,1/2-1/2,2024.08.01,08:46:16,1916,1916,,,B00,Rat Defense: Antal Defense,600+0,Time forfeit,"1. e4 { [%clk 0:10:00] } 1... d6 { [%clk 0:10:00] } 2. d4 { [%clk 0:09:58] }
2... Nd7 { [%clk 0:09:38] } 3. Nc3 { [%clk 0:09:51] } 3... g6
{ [%clk 0:09:33] } 4. g3 { [%clk 0:09:44] } 4... Bg7 { [%clk 0:09:32] } 5. Bg2
{ [%clk 0:09:43] } 5... Ngf6 { [%clk 0:09:30] } 6. Nge2 { [%clk 0:09:40] } 6...
O-O { [%clk 0:09:29] } 7. Be3 { [%clk 0:09:32] } 7... h6 { [%clk 0:09:20] } 8.
h4 { [%clk 0:09:29] } 8... Kh7 { [%clk 0:09:16] } 9. h5 { [%clk 0:09:26] } 9...
Nxh5 { [%clk 0:09:14] } 10. Qd2 { [%clk 0:09:21] } 10... e5 { [%clk 0:09:10] }
11. d5 { [%clk 0:09:07] } 11... Ndf6 { [%clk 0:09:02] } 12. f3
{ [%clk 0:08:49] } 12... Ng8 { [%clk 0:08:15] } 13. g4 { [%clk 0:08:46] } 13...
Nhf6 { [%clk 0:08:13] } 14. g5 { [%clk 0:08:43] } 14... Nh5 { [%clk 0:08:10] }
15. gxh6 { [%clk 0:08:41] } 15... Nxh6 { [%clk 0:07:58] } 16. Ng3
{ [%clk 0:08:23] } 16... Nxg3 { [%clk 0:07:39] } 17. Bg5 { [%clk 0:07:46] }
17... f6 { [%clk 0:06:40] } 18. Bxh6 { [%clk 0:07:34] } 18... Nxh1
{ [%clk 0:06:35] } 19. Bxg7 { [%clk 0:07:15] } 19... Kxg7 { [%clk 0:06:30] }
20. Bxh1 { [%clk 0:07:13] } 20... Rh8 { [%clk 0:06:29] } 21. O-O-O
{ [%clk 0:07:09] } 21... f5 { [%clk 0:06:14] } 22. Qg2 { [%clk 0:06:59] } 22...
Qh4 { [%clk 0:05:29] } 23. Rg1 { [%clk 0:06:35] } 23... Qf4+ { [%clk 0:05:16] }
24. Kb1 { [%clk 0:06:30] } 24... Rh6 { [%clk 0:05:14] } 25. Nb5
{ [%clk 0:06:21] } 25... Bd7 { [%clk 0:05:05] } 26. Nxc7 { [%clk 0:05:38] }
26... Rc8 { [%clk 0:05:02] } 27. Ne6+ { [%clk 0:05:35] } 27... Bxe6
{ [%clk 0:05:01] } 28. dxe6 { [%clk 0:05:33] } 28... Kf6 { [%clk 0:04:43] } 29.
exf5 { [%clk 0:05:25] } 29... Qxf5 { [%clk 0:04:38] } 30. f4 { [%clk 0:04:58] }
30... Kxe6 { [%clk 0:03:58] } 31. fxe5 { [%clk 0:04:54] } 31... Qxe5
{ [%clk 0:03:35] } 32. Qxb7 { [%clk 0:04:26] } 32... Qc5 { [%clk 0:03:17] } 33.
Qe4+ { [%clk 0:04:15] } 33... Kd7 { [%clk 0:03:04] } 34. Re1 { [%clk 0:03:43] }
34... Rxh1 { [%clk 0:02:17] } 35. Rxh1 { [%clk 0:03:17] } 35... Re8
{ [%clk 0:00:53] } 36. Rh7+ { [%clk 0:02:40] } 36... Kd8 { [%clk 0:00:52] } 37.
Qa8+ { [%clk 0:02:36] } 37... Qc8 { [%clk 0:00:52] } 38. Qxc8+
{ [%clk 0:02:31] } 38... Kxc8 { [%clk 0:00:51] } 39. Rh1 { [%clk 0:02:28] }
39... a5 { [%clk 0:00:48] } 40. b3 { [%clk 0:02:26] } 40... Kc7
{ [%clk 0:00:47] } 41. Kb2 { [%clk 0:02:24] } 41... Kc6 { [%clk 0:00:44] } 42.
Rg1 { [%clk 0:02:21] } 42... Rg8 { [%clk 0:00:43] } 43. Rg5 { [%clk 0:02:20] }
43... Kb7 { [%clk 0:00:43] } 44. Rxa5 { [%clk 0:02:18] } 44... g5
{ [%clk 0:00:42] } 45. Rd5 { [%clk 0:02:14] } 45... g4 { [%clk 0:00:42] } 46.
Rxd6 { [%clk 0:02:10] } 46... g3 { [%clk 0:00:41] } 47. Rd1 { [%clk 0:02:09] }
47... g2 { [%clk 0:00:41] } 48. Rg1 { [%clk 0:02:09] } 48... Kc6
{ [%clk 0:00:40] } 49. a4 { [%clk 0:02:05] } 49... Kd5 { [%clk 0:00:40] } 50.
a5 { [%clk 0:02:05] } 50... Kc6 { [%clk 0:00:39] } 51. b4 { [%clk 0:02:02] }
51... Kb5 { [%clk 0:00:39] } 52. Kb3 { [%clk 0:02:00] } 52... Rg3+
{ [%clk 0:00:38] } 53. c3 { [%clk 0:01:59] } 53... Rg4 { [%clk 0:00:37] } 54.
Kc2 { [%clk 0:01:47] } 54... Rg3 { [%clk 0:00:34] } 55. Kd2 { [%clk 0:01:41] }
55... Kc4 { [%clk 0:00:31] } 56. a6 { [%clk 0:00:59] } 56... Rg4
{ [%clk 0:00:30] } 57. a7 { [%clk 0:00:55] } 57... Rg8 { [%clk 0:00:25] } 58.
a8=Q { [%clk 0:00:47] } 58... Rxa8 { [%clk 0:00:24] } 59. Rxg2
{ [%clk 0:00:46] } 59... Ra2+ { [%clk 0:00:23] } 60. Ke3 { [%clk 0:00:38] }
60... Rxg2 { [%clk 0:00:23] } 61. Ke4 { [%clk 0:00:36] } 61... Kxc3
{ [%clk 0:00:22] } 62. b5 { [%clk 0:00:35] } 62... Rb2 { [%clk 0:00:22] } 63.
b6 { [%clk 0:00:34] } 63... Rxb6 { [%clk 0:00:21] } 64. Kd5 { [%clk 0:00:34] }
64... Rh6 { [%clk 0:00:19] } 65. Ke5 { [%clk 0:00:33] } 65... Kc4
{ [%clk 0:00:19] } 66. Ke4 { [%clk 0:00:32] } 66... Rh5 { [%clk 0:00:17] } 67.
Kf4 { [%clk 0:00:31] } 67... Rd5 { [%clk 0:00:17] } 68. Ke4 { [%clk 0:00:30] }
68... Rd4+ { [%clk 0:00:16] } 69. Ke3 { [%clk 0:00:29] } 69... Rh4
{ [%clk 0:00:15] } 70. Kf3 { [%clk 0:00:27] } 70... Rh6 { [%clk 0:00:12] } 71.
Kf4 { [%clk 0:00:27] } 71... Rd6 { [%clk 0:00:12] } 72. Ke5 { [%clk 0:00:25] }
72... Rd4 { [%clk 0:00:11] } 73. Kf5 { [%clk 0:00:24] } 73... Rd3
{ [%clk 0:00:11] } 74. Ke5 { [%clk 0:00:24] } 74... Kc5 { [%clk 0:00:10] } 75.
Kf5 { [%clk 0:00:23] } 75... Kd5 { [%clk 0:00:09] } 76. Kf6 { [%clk 0:00:22] }
76... Kd6 { [%clk 0:00:08] } 77. Kg5 { [%clk 0:00:21] } 77... Re3
{ [%clk 0:00:05] } 78. Kg6 { [%clk 0:00:21] } 78... Rf3 { [%clk 0:00:04] } 79.
Kg5 { [%clk 0:00:20] } 79... Ke6 { [%clk 0:00:04] } 80. Kg4 { [%clk 0:00:18] }
80... Rf8 { [%clk 0:00:04] } 81. Kg3 { [%clk 0:00:18] } 81... Ke5
{ [%clk 0:00:02] } 82. Kg4 { [%clk 0:00:17] } 82... Rg8+ { [%clk 0:00:01] } 83.
Kf3 { [%clk 0:00:16] } 83... Rf8+ { [%clk 0:00:01] } 84. Ke3 { [%clk 0:00:16] }
84... Rd8 { [%clk 0:00:01] } 85. Ke2 { [%clk 0:00:15] } 1/2-1/2"
Rated Rapid tournament https://lichess.org/tournament/r8ERvLF8,https://lichess.org/3qG1i7Gf,2024.08.01,-,GlebLaptev,mAgic56magnuS,1-0,2024.08.01,08:46:13,1819,1761,,,B40,Sicilian Defense: Pin Variation,600+0,Normal,"1. e4 { [%clk 0:05:00] } 1... c5 { [%clk 0:05:00] } 2. Nf3 { [%clk 0:04:56] }
2... e6 { [%clk 0:04:59] } 3. d4 { [%clk 0:04:55] } 3... cxd4
{ [%clk 0:04:58] } 4. Nxd4 { [%clk 0:04:55] } 4... Nf6 { [%clk 0:04:57] } 5.
Nc3 { [%clk 0:04:54] } 5... Bb4 { [%clk 0:04:56] } 6. Bd3 { [%clk 0:04:49] }
6... Qb6 { [%clk 0:04:54] } 7. Nb5 { [%clk 0:04:46] } 7... a6
{ [%clk 0:04:49] } 8. Na3 { [%clk 0:04:44] } 8... Nc6 { [%clk 0:04:41] } 9. Nc4
{ [%clk 0:04:37] } 9... Qa5 { [%clk 0:04:35] } 10. Nxa5 { [%clk 0:04:29] } 1-0"
Rated Rapid game,https://lichess.org/vvSkfZpS,2024.08.01,-,gaperok,Zickenschulze,1-0,2024.08.01,08:46:14,1671,1651,,,A00,Van't Kruijs Opening,600+0,Normal,"1. e3 { [%clk 0:10:00] } 1... d5 { [%clk 0:10:00] } 2. d3 { [%clk 0:09:56] }
2... e5 { [%clk 0:09:58] } 3. a3 { [%clk 0:09:54] } 3... c5 { [%clk 0:09:55] }
4. b3 { [%clk 0:09:52] } 4... Nc6 { [%clk 0:09:54] } 5. Bb2 { [%clk 0:09:51] }
5... Nf6 { [%clk 0:09:48] } 6. h3 { [%clk 0:09:49] } 6... Bd6
{ [%clk 0:09:42] } 7. g4 { [%clk 0:09:47] } 7... Be6 { [%clk 0:09:37] } 8. g5
{ [%clk 0:09:45] } 8... Nd7 { [%clk 0:09:31] } 9. h4 { [%clk 0:09:44] } 9... f6
{ [%clk 0:09:30] } 10. Qh5+ { [%clk 0:09:42] } 10... Bf7 { [%clk 0:09:26] } 11.
Qe2 { [%clk 0:09:38] } 11... fxg5 { [%clk 0:09:22] } 12. hxg5
{ [%clk 0:09:35] } 12... Qxg5 { [%clk 0:09:18] } 13. Bh3 { [%clk 0:09:28] }
13... d4 { [%clk 0:09:04] } 14. e4 { [%clk 0:09:21] } 14... O-O-O
{ [%clk 0:08:59] } 15. Bxd7+ { [%clk 0:09:14] } 15... Rxd7 { [%clk 0:08:50] }
16. Nd2 { [%clk 0:09:12] } 16... Qg2 { [%clk 0:08:41] } 17. Qf3
{ [%clk 0:08:51] } 17... Qxf3 { [%clk 0:08:28] } 18. Ngxf3 { [%clk 0:08:50] }
18... h5 { [%clk 0:08:17] } 19. Ng5 { [%clk 0:08:46] } 19... Be8
{ [%clk 0:08:09] } 20. Nc4 { [%clk 0:08:44] } 20... Be7 { [%clk 0:08:02] } 21.
Ne6 { [%clk 0:08:35] } 21... Bf6 { [%clk 0:07:53] } 22. Nxc5 { [%clk 0:08:30] }
22... Rf7 { [%clk 0:07:46] } 23. Bc1 { [%clk 0:08:10] } 23... g5
{ [%clk 0:07:44] } 24. Nd6+ { [%clk 0:08:05] } 24... Kc7 { [%clk 0:07:38] } 25.
Nxf7 { [%clk 0:08:04] } 25... Bxf7 { [%clk 0:07:37] } 26. Bd2
{ [%clk 0:07:59] } 26... g4 { [%clk 0:07:35] } 27. O-O-O { [%clk 0:07:57] }
27... b6 { [%clk 0:07:30] } 28. Na4 { [%clk 0:07:52] } 28... h4
{ [%clk 0:07:19] } 29. Rdg1 { [%clk 0:07:48] } 29... Be6 { [%clk 0:07:18] } 30.
Nb2 { [%clk 0:07:40] } 30... h3 { [%clk 0:07:06] } 31. Rg3 { [%clk 0:07:33] }
31... Bh4 { [%clk 0:07:02] } 32. Rgg1 { [%clk 0:07:32] } 32... Bxf2
{ [%clk 0:07:01] } 33. Rf1 { [%clk 0:07:30] } 33... g3 { [%clk 0:06:55] } 34.
Rxf2 { [%clk 0:07:21] } 34... gxf2 { [%clk 0:06:51] } 35. Nd1
{ [%clk 0:07:18] } 35... Bg4 { [%clk 0:06:43] } 36. Nxf2 { [%clk 0:07:16] }
36... Bf3 { [%clk 0:06:40] } 37. Rxh3 { [%clk 0:07:13] } 37... Rxh3
{ [%clk 0:06:23] } 38. Nxh3 { [%clk 0:07:11] } 38... Ne7 { [%clk 0:06:09] } 39.
Ng5 { [%clk 0:07:06] } 39... Bh5 { [%clk 0:06:03] } 40. Kb2 { [%clk 0:06:59] }
40... Ng6 { [%clk 0:06:01] } 41. Ne6+ { [%clk 0:06:52] } 41... Kd6
{ [%clk 0:05:58] } 42. Ng7 { [%clk 0:06:50] } 42... Be2 { [%clk 0:05:49] } 43.
Nf5+ { [%clk 0:06:46] } 43... Kc6 { [%clk 0:05:41] } 44. a4 { [%clk 0:06:43] }
44... a6 { [%clk 0:05:36] } 45. Bb4 { [%clk 0:06:36] } 45... b5
{ [%clk 0:05:11] } 46. axb5+ { [%clk 0:06:32] } 46... axb5 { [%clk 0:05:02] }
47. Ba5 { [%clk 0:06:26] } 47... Nf4 { [%clk 0:04:54] } 48. b4
{ [%clk 0:06:23] } 48... Bd1 { [%clk 0:04:49] } 49. Ne7+ { [%clk 0:06:14] }
49... Kd7 { [%clk 0:04:41] } 50. Nf5 { [%clk 0:06:03] } 50... Bg4
{ [%clk 0:04:39] } 51. Nh6 { [%clk 0:05:54] } 51... Bh5 { [%clk 0:04:33] } 52.
Ng8 { [%clk 0:05:48] } 52... Ke6 { [%clk 0:04:31] } 53. Bd8 { [%clk 0:05:43] }
53... Ng6 { [%clk 0:04:24] } 54. c3 { [%clk 0:05:25] } 54... Nf4
{ [%clk 0:04:20] } 55. Kc2 { [%clk 0:05:22] } 55... Ne2 { [%clk 0:04:15] } 56.
cxd4 { [%clk 0:05:17] } 56... Nxd4+ { [%clk 0:04:12] } 57. Kd2
{ [%clk 0:05:11] } 57... Nf3+ { [%clk 0:04:01] } 58. Ke3 { [%clk 0:05:09] }
58... Kf7 { [%clk 0:03:55] } 59. Nh6+ { [%clk 0:05:05] } 59... Kg6
{ [%clk 0:03:52] } 60. Nf5 { [%clk 0:05:03] } 60... Bg4 { [%clk 0:03:45] } 61.
Ne7+ { [%clk 0:04:56] } 61... Kf7 { [%clk 0:03:42] } 62. Nc6 { [%clk 0:04:54] }
62... Ne1 { [%clk 0:03:34] } 63. Nxe5+ { [%clk 0:04:45] } 63... Ke6
{ [%clk 0:03:30] } 64. Nxg4 { [%clk 0:04:43] } 64... Nc2+ { [%clk 0:03:26] }
65. Kd2 { [%clk 0:04:39] } 65... Nxb4 { [%clk 0:03:25] } 66. Ba5
{ [%clk 0:04:35] } 66... Nc6 { [%clk 0:03:23] } 67. Bc3 { [%clk 0:04:29] }
67... b4 { [%clk 0:03:21] } 68. Ba1 { [%clk 0:04:28] } 68... Kd6
{ [%clk 0:03:19] } 69. Ne3 { [%clk 0:04:26] } 69... Kc5 { [%clk 0:03:17] } 70.
Nc4 { [%clk 0:04:24] } 70... b3 { [%clk 0:03:13] } 71. Kc3 { [%clk 0:04:21] }
71... Ne5 { [%clk 0:03:06] } 72. Nxe5 { [%clk 0:04:17] } 1-0"
Rated Rapid tournament https://lichess.org/tournament/r8ERvLF8,https://lichess.org/VlLcnTOD,2024.08.01,-,Shah-gulyi,Artek228,1-0,2024.08.01,08:46:13,2306,2247,,,C02,"French Defense: Advance Variation, Milner-Barry Gambit",600+0,Normal,"1. e4 { [%clk 0:05:00] } 1... c5 { [%clk 0:05:00] } 2. Nf3 { [%clk 0:04:58] }
2... e6 { [%clk 0:04:58] } 3. c3 { [%clk 0:04:56] } 3... Nc6 { [%clk 0:04:57] }
4. d4 { [%clk 0:04:55] } 4... d5 { [%clk 0:04:57] } 5. e5 { [%clk 0:04:53] }
5... Qb6 { [%clk 0:04:56] } 6. Bd3 { [%clk 0:04:52] } 6... cxd4
{ [%clk 0:04:55] } 7. cxd4 { [%clk 0:04:51] } 7... Bd7 { [%clk 0:04:55] } 8.
O-O { [%clk 0:04:50] } 8... Nxd4 { [%clk 0:04:53] } 9. Nxd4 { [%clk 0:04:50] }
9... Qxd4 { [%clk 0:04:52] } 10. Nc3 { [%clk 0:04:49] } 10... a6
{ [%clk 0:04:51] } 11. Re1 { [%clk 0:04:45] } 11... Qb6 { [%clk 0:04:51] } 12.
Qe2 { [%clk 0:04:42] } 12... Bc5 { [%clk 0:04:46] } 13. Qf3 { [%clk 0:04:17] }
13... Ne7 { [%clk 0:04:35] } 14. Rb1 { [%clk 0:04:10] } 14... Bc6
{ [%clk 0:04:30] } 15. Qg3 { [%clk 0:04:08] } 15... Nf5 { [%clk 0:03:54] } 16.
Bxf5 { [%clk 0:04:05] } 16... exf5 { [%clk 0:03:54] } 17. b4 { [%clk 0:03:50] }
17... Bd4 { [%clk 0:03:45] } 18. Ne2 { [%clk 0:03:47] } 18... O-O
{ [%clk 0:03:12] } 19. h3 { [%clk 0:03:33] } 19... Kh8 { [%clk 0:03:00] } 20.
Nxd4 { [%clk 0:02:50] } 20... Qxd4 { [%clk 0:03:00] } 21. e6 { [%clk 0:02:42] }
21... f6 { [%clk 0:02:41] } 22. Bb2 { [%clk 0:02:39] } 22... Qc4
{ [%clk 0:02:26] } 23. e7 { [%clk 0:02:33] } 23... Rfe8 { [%clk 0:02:17] } 24.
Qd6 { [%clk 0:02:19] } 24... Qh4 { [%clk 0:01:12] } 25. Re6 { [%clk 0:02:12] }
25... Qg5 { [%clk 0:00:56] } 26. Rxf6 { [%clk 0:02:04] } 26... d4
{ [%clk 0:00:53] } 27. Rf8+ { [%clk 0:02:02] } 27... Rxf8 { [%clk 0:00:49] }
28. exf8=Q+ { [%clk 0:02:00] } 28... Rxf8 { [%clk 0:00:49] } 29. Qxf8#
{ [%clk 0:01:59] } 1-0"
Rated Rapid tournament https://lichess.org/tournament/r8ERvLF8,https://lichess.org/m2XTzXlD,2024.08.01,-,Ar_Ksenia,Lev_abramov,0-1,2024.08.01,08:46:13,1759,1475,,,D00,Queen's Pawn Game: Accelerated London System,600+0,Normal,"1. d4 { [%eval 0.16] [%clk 0:10:00] } 1... d5 { [%eval 0.23] [%clk 0:10:00] }
2. Bf4 { [%eval 0.02] [%clk 0:09:58] } 2... Nc6 { [%eval 0.39] [%clk 0:09:57] }
3. e3 { [%eval 0.34] [%clk 0:09:56] } 3... Nf6 { [%eval 0.35] [%clk 0:09:55] }
4. Nf3 { [%eval 0.26] [%clk 0:09:55] } 4... Bf5 { [%eval 0.67] [%clk 0:09:52] }
5. c3 $6 { [%eval 0.09] [%clk 0:09:54] } 5... e6
{ [%eval 0.08] [%clk 0:09:50] } 6. Nbd2 { [%eval 0.14] [%clk 0:09:52] } 6...
Bd6 { [%eval 0.12] [%clk 0:09:49] } 7. Bxd6 { [%eval -0.06] [%clk 0:09:50] }
7... cxd6 { [%eval 0.0] [%clk 0:09:47] } 8. c4 { [%eval -0.37] [%clk 0:09:47] }
8... dxc4 { [%eval -0.12] [%clk 0:09:43] } 9. Bxc4
{ [%eval -0.23] [%clk 0:09:47] } 9... d5 { [%eval 0.01] [%clk 0:09:42] } 10.
Bb5 { [%eval 0.06] [%clk 0:09:44] } 10... O-O { [%eval 0.09] [%clk 0:09:38] }
11. Qa4 { [%eval 0.09] [%clk 0:09:39] } 11... Qc7
{ [%eval 0.32] [%clk 0:09:32] } 12. Rc1 { [%eval 0.1] [%clk 0:09:31] } 12...
Rfc8 { [%eval 0.52] [%clk 0:09:27] } 13. Ne5 { [%eval 0.01] [%clk 0:09:27] }
13... Qb6 { [%eval 0.02] [%clk 0:09:17] } 14. Nxc6 $6
{ [%eval -0.93] [%clk 0:09:16] } 14... bxc6 { [%eval -0.82] [%clk 0:09:15] }
15. Rxc6 $4 { [%eval -4.16] [%clk 0:09:09] } 15... Rxc6
{ [%eval -3.97] [%clk 0:09:10] } 16. Bxc6 { [%eval -4.09] [%clk 0:09:09] }
16... Rc8 { [%eval -4.35] [%clk 0:09:08] } 17. Bb5
{ [%eval -5.22] [%clk 0:09:01] } 17... a6 $2 { [%eval -4.09] [%clk 0:09:06] }
18. Qxa6 $2 { [%eval -5.22] [%clk 0:08:55] } 18... Qxa6
{ [%eval -5.03] [%clk 0:08:58] } 19. Bxa6 { [%eval -5.02] [%clk 0:08:55] }
19... Rc1+ { [%eval -5.05] [%clk 0:08:57] } 20. Ke2
{ [%eval -4.73] [%clk 0:08:52] } 20... Rxh1 { [%eval -4.8] [%clk 0:08:55] } 21.
h3 { [%eval -5.53] [%clk 0:08:46] } 21... Rc1 { [%eval -5.09] [%clk 0:08:49] }
22. Nb3 { [%eval -6.07] [%clk 0:08:42] } 22... Rc2+
{ [%eval -6.13] [%clk 0:08:46] } 23. Kf3 { [%eval -6.7] [%clk 0:08:38] } 23...
Be4+ { [%eval -6.07] [%clk 0:08:41] } 24. Kg3 { [%eval -6.16] [%clk 0:08:36] }
24... Rxb2 { [%eval -5.99] [%clk 0:08:39] } 25. Nc5
{ [%eval -5.87] [%clk 0:08:32] } 25... Rxa2 { [%eval -6.76] [%clk 0:08:34] }
26. Nxe4 { [%eval -8.3] [%clk 0:08:30] } 26... Nxe4+
{ [%eval -8.2] [%clk 0:08:32] } 27. Kf4 { [%eval -8.19] [%clk 0:08:29] } 27...
Rxa6 { [%eval -8.08] [%clk 0:08:32] } 0-1"
Rated Rapid tournament https://lichess.org/tournament/r8ERvLF8,https://lichess.org/vPK3BEEs,2024.08.01,-,aLEksanVARtanov2015,RAMaZ_12134,0-1,2024.08.01,08:46:13,1390,1792,,,B21,Sicilian Defense: Smith-Morra Gambit,600+0,Normal,"1. e4 { [%clk 0:10:00] } 1... c5 { [%clk 0:05:00] } 2. d4 { [%clk 0:09:55] }
2... Nc6 { [%clk 0:05:00] } 3. d5 { [%clk 0:09:53] } 3... Nd4
{ [%clk 0:04:45] } 4. c3 { [%clk 0:09:39] } 4... e6 { [%clk 0:04:40] } 5. cxd4
{ [%clk 0:09:37] } 5... cxd4 { [%clk 0:04:38] } 6. Qxd4 { [%clk 0:09:32] } 6...
exd5 { [%clk 0:04:38] } 7. Qxd5 { [%clk 0:09:27] } 7... Nf6 { [%clk 0:04:37] }
8. Qe5+ { [%clk 0:09:18] } 8... Be7 { [%clk 0:04:34] } 9. Bg5
{ [%clk 0:09:15] } 9... d6 { [%clk 0:04:33] } 10. Qd4 { [%clk 0:09:11] } 10...
h6 { [%clk 0:04:31] } 11. Bxf6 { [%clk 0:09:10] } 11... Bxf6 { [%clk 0:04:31] }
12. Qd2 { [%clk 0:09:06] } 12... Qb6 { [%clk 0:04:27] } 13. Nc3
{ [%clk 0:08:55] } 13... O-O { [%clk 0:04:25] } 14. Nd5 { [%clk 0:08:50] }
14... Qd8 { [%clk 0:04:22] } 15. Nxf6+ { [%clk 0:08:44] } 15... Qxf6
{ [%clk 0:04:22] } 16. Nf3 { [%clk 0:08:32] } 16... Re8 { [%clk 0:04:21] } 17.
Bd3 { [%clk 0:08:14] } 17... d5 { [%clk 0:04:18] } 18. Qc2 { [%clk 0:08:08] }
18... Bf5 { [%clk 0:04:15] } 19. O-O { [%clk 0:08:00] } 19... dxe4
{ [%clk 0:04:14] } 20. Rfe1 { [%clk 0:07:51] } 20... exd3 { [%clk 0:04:09] }
21. Rxe8+ { [%clk 0:07:49] } 21... Rxe8 { [%clk 0:04:09] } 22. Qd2
{ [%clk 0:07:45] } 22... Re2 { [%clk 0:04:08] } 23. Qd1 { [%clk 0:07:41] }
23... Qxb2 { [%clk 0:04:07] } 24. Ne1 { [%clk 0:07:26] } 24... Rxf2
{ [%clk 0:04:00] } 25. Nxd3 { [%clk 0:07:19] } 25... Rxg2+ { [%clk 0:03:58] }
26. Kf1 { [%clk 0:07:18] } 26... Bxd3+ { [%clk 0:03:56] } 27. Ke1
{ [%clk 0:07:16] } 27... Rg1# { [%clk 0:03:54] } 0-1"
Rated Rapid game,https://lichess.org/2JweEiPq,2024.08.01,-,kaiunooo,Larzeeen,1-0,2024.08.01,08:46:19,2332,2434,,,B33,Sicilian Defense: Lasker-Pelikan Variation,600+0,Normal,"1. e4 { [%eval 0.15] [%clk 0:10:00] } 1... c5 { [%eval 0.25] [%clk 0:10:00] }
2. Nf3 { [%eval 0.22] [%clk 0:09:55] } 2... Nc6 { [%eval 0.31] [%clk 0:09:56] }
3. d4 { [%eval 0.21] [%clk 0:09:51] } 3... cxd4 { [%eval 0.34] [%clk 0:09:54] }
4. Nxd4 { [%eval 0.37] [%clk 0:09:49] } 4... Nf6
{ [%eval 0.36] [%clk 0:09:52] } 5. Nc3 { [%eval 0.25] [%clk 0:09:45] } 5... e5
{ [%eval 0.32] [%clk 0:09:50] } 6. Ndb5 { [%eval 0.2] [%clk 0:09:38] } 6... h6
$2 { [%eval 1.2] [%clk 0:09:45] } 7. Nd6+ { [%eval 0.82] [%clk 0:09:35] } 7...
Bxd6 { [%eval 0.82] [%clk 0:09:43] } 8. Qxd6 { [%eval 0.97] [%clk 0:09:31] }
8... Qe7 { [%eval 1.28] [%clk 0:09:40] } 9. Nb5 { [%eval 1.03] [%clk 0:09:27] }
9... Qxd6 { [%eval 1.0] [%clk 0:09:37] } 10. Nxd6+
{ [%eval 0.92] [%clk 0:09:22] } 10... Ke7 { [%eval 1.01] [%clk 0:09:36] } 11.
Nf5+ { [%eval 1.09] [%clk 0:09:18] } 11... Kf8 { [%eval 1.38] [%clk 0:09:31] }
12. b3 { [%eval 1.62] [%clk 0:08:44] } 12... d5 { [%eval 1.72] [%clk 0:09:04] }
13. Ba3+ { [%eval 1.69] [%clk 0:08:39] } 13... Kg8
{ [%eval 1.65] [%clk 0:08:59] } 14. exd5 { [%eval 1.81] [%clk 0:08:27] } 14...
Nxd5 { [%eval 1.78] [%clk 0:07:55] } 15. Nd6 { [%eval 1.96] [%clk 0:08:18] }
15... Be6 { [%eval 2.25] [%clk 0:07:23] } 16. O-O-O
{ [%eval 2.08] [%clk 0:08:10] } 16... Nc3 { [%eval 2.23] [%clk 0:07:05] } 17.
Rd2 { [%eval 2.3] [%clk 0:08:04] } 17... Rd8 { [%eval 2.71] [%clk 0:06:43] }
18. Kb2 { [%eval 2.72] [%clk 0:07:49] } 18... Nd5 $2
{ [%eval 4.19] [%clk 0:06:38] } 19. Nxb7 { [%eval 4.08] [%clk 0:07:42] } 19...
Rb8 { [%eval 4.17] [%clk 0:06:36] } 20. Nc5 { [%eval 4.08] [%clk 0:07:36] }
20... Nc7 { [%eval 4.72] [%clk 0:06:13] } 1-0"
Rated Rapid game,https://lichess.org/JMATvsTs,2024.08.01,-,Levanties_Gasparov,shigemanu,1-0,2024.08.01,08:46:19,983,880,,,B27,Sicilian Defense: Hyperaccelerated Dragon,600+0,Normal,"1. e4 { [%clk 0:10:00] } 1... c5 { [%clk 0:10:00] } 2. Nf3 { [%clk 0:09:59] }
2... g6 { [%clk 0:09:59] } 3. Bc4 { [%clk 0:09:55] } 3... e6 { [%clk 0:09:53] }
4. d4 { [%clk 0:09:36] } 4... b6 { [%clk 0:09:48] } 5. dxc5 { [%clk 0:09:35] }
5... bxc5 { [%clk 0:09:47] } 6. O-O { [%clk 0:09:24] } 6... Nf6
{ [%clk 0:09:45] } 7. h3 { [%clk 0:09:21] } 7... Bd6 { [%clk 0:09:42] } 8. Nc3
{ [%clk 0:09:08] } 8... O-O { [%clk 0:09:40] } 9. a3 { [%clk 0:09:06] } 9...
Nc6 { [%clk 0:09:39] } 10. Re1 { [%clk 0:08:34] } 10... e5 { [%clk 0:09:33] }
11. Qxd6 { [%clk 0:08:29] } 11... Bb7 { [%clk 0:09:23] } 12. Bh6
{ [%clk 0:08:09] } 12... Ne8 { [%clk 0:09:14] } 13. Qd1 { [%clk 0:08:00] }
13... Ba6 { [%clk 0:08:52] } 1-0"
Rated Rapid game,https://lichess.org/HyVy4Nwr,2024.08.01,-,SDDSSDDS,Dwarslooper,0-1,2024.08.01,08:46:19,1671,1661,,,C44,Scotch Game: Lolli Variation,600+0,Normal,"1. e4 { [%clk 0:10:00] } 1... e5 { [%clk 0:10:00] } 2. Nf3 { [%clk 0:09:59] }
2... Nc6 { [%clk 0:10:00] } 3. d4 { [%clk 0:09:58] } 3... exd4
{ [%clk 0:09:59] } 4. Nxd4 { [%clk 0:09:57] } 4... Nxd4 { [%clk 0:09:59] } 5.
Qxd4 { [%clk 0:09:57] } 5... c5 { [%clk 0:09:59] } 6. Qe5+ { [%clk 0:09:55] }
6... Ne7 { [%clk 0:09:57] } 7. Nc3 { [%clk 0:09:53] } 7... d6
{ [%clk 0:09:56] } 8. Qg3 { [%clk 0:09:45] } 8... Ng6 { [%clk 0:09:54] } 9.
Bb5+ { [%clk 0:09:34] } 9... Bd7 { [%clk 0:09:53] } 10. Bxd7+
{ [%clk 0:09:28] } 10... Qxd7 { [%clk 0:09:52] } 11. f4 { [%clk 0:09:11] }
11... Be7 { [%clk 0:09:47] } 12. Qf3 { [%clk 0:08:52] } 12... O-O
{ [%clk 0:09:41] } 13. f5 { [%clk 0:08:44] } 13... Ne5 { [%clk 0:09:39] } 14.
Qg3 { [%clk 0:08:26] } 14... Qd8 { [%clk 0:09:31] } 15. h4 { [%clk 0:08:20] }
15... h5 { [%clk 0:09:25] } 16. Nd5 { [%clk 0:08:03] } 16... Ng4
{ [%clk 0:08:54] } 17. Nxe7+ { [%clk 0:08:00] } 17... Qxe7 { [%clk 0:08:53] }
18. Bg5 { [%clk 0:07:42] } 18... Qxe4+ { [%clk 0:08:30] } 19. Kd2
{ [%clk 0:07:27] } 19... Qxf5 { [%clk 0:08:20] } 20. Raf1 { [%clk 0:07:16] }
20... Qd5+ { [%clk 0:08:17] } 21. Kc1 { [%clk 0:07:13] } 21... Qxa2
{ [%clk 0:08:12] } 22. Bh6 { [%clk 0:07:08] } 22... Nxh6 { [%clk 0:07:52] } 0-1"
Rated Rapid game,https://lichess.org/tK9knVfa,2024.08.01,-,Atheenajs,Gromototo,1-0,2024.08.01,08:46:19,1265,1346,,,C47,Four Knights Game: Scotch Variation,600+0,Normal,"1. e4 { [%clk 0:10:00] } 1... e5 { [%clk 0:10:00] } 2. Nc3 { [%clk 0:09:57] }
2... Nc6 { [%clk 0:09:55] } 3. Nf3 { [%clk 0:09:56] } 3... Nf6
{ [%clk 0:09:50] } 4. d4 { [%clk 0:09:54] } 4... d5 { [%clk 0:09:31] } 5. Bb5
{ [%clk 0:09:49] } 5... a6 { [%clk 0:09:26] } 6. Ba4 { [%clk 0:09:48] } 6...
Nxe4 { [%clk 0:09:07] } 7. Nxe4 { [%clk 0:09:41] } 7... dxe4 { [%clk 0:09:03] }
8. Nxe5 { [%clk 0:09:40] } 8... f6 { [%clk 0:08:16] } 9. Nxc6
{ [%clk 0:09:34] } 9... bxc6 { [%clk 0:08:13] } 10. Bxc6+ { [%clk 0:09:33] }
10... Bd7 { [%clk 0:08:08] } 11. Bxa8 { [%clk 0:09:31] } 11... Qxa8
{ [%clk 0:08:06] } 12. O-O { [%clk 0:09:29] } 12... Bb5 { [%clk 0:07:02] } 13.
Re1 { [%clk 0:09:25] } 13... c5 { [%clk 0:06:45] } 14. Rxe4+ { [%clk 0:09:19] }
14... Qxe4 { [%clk 0:06:42] } 15. Be3 { [%clk 0:09:03] } 15... Bc6
{ [%clk 0:05:59] } 16. Qf3 { [%clk 0:08:56] } 16... Qe6 { [%clk 0:05:14] } 17.
Qg3 { [%clk 0:08:46] } 17... Rg8 { [%clk 0:04:32] } 18. Re1 { [%clk 0:08:43] }
18... cxd4 { [%clk 0:04:13] } 19. Bd2 { [%clk 0:08:41] } 19... Qxe1+
{ [%clk 0:02:40] } 20. Bxe1 { [%clk 0:08:37] } 20... Kf7 { [%clk 0:02:24] } 21.
Qc7+ { [%clk 0:08:32] } 21... Be7 { [%clk 0:02:20] } 22. Qxc6
{ [%clk 0:08:30] } 1-0"
Rated Rapid game,https://lichess.org/8IQG02jH,2024.08.01,-,nino19591,Amado1987,1-0,2024.08.01,08:46:19,1437,1433,,,B00,"Nimzowitsch Defense: Kennedy Variation, Linksspringer Variation",600+0,Normal,"1. e4 { [%clk 0:10:00] } 1... e5 { [%clk 0:10:00] } 2. d4 { [%clk 0:09:57] }
2... Nc6 { [%clk 0:10:00] } 3. d5 { [%clk 0:09:55] } 3... Nce7
{ [%clk 0:09:59] } 4. Nc3 { [%clk 0:09:49] } 4... d6 { [%clk 0:09:58] } 5. Bg5
{ [%clk 0:09:37] } 5... g6 { [%clk 0:09:52] } 6. Qf3 { [%clk 0:09:27] } 6...
Bg7 { [%clk 0:09:50] } 7. Nge2 { [%clk 0:09:13] } 7... f6 { [%clk 0:09:27] } 8.
Bh4 { [%clk 0:09:02] } 8... Qd7 { [%clk 0:09:15] } 9. h3 { [%clk 0:08:56] }
9... f5 { [%clk 0:09:06] } 10. exf5 { [%clk 0:08:47] } 10... Nxf5
{ [%clk 0:09:04] } 11. Bg3 { [%clk 0:08:39] } 11... Nxg3 { [%clk 0:09:02] } 12.
Nxg3 { [%clk 0:08:34] } 12... Nf6 { [%clk 0:09:01] } 13. Nge4
{ [%clk 0:08:25] } 13... O-O { [%clk 0:08:58] } 14. O-O-O { [%clk 0:08:15] }
14... Nxd5 { [%clk 0:08:45] } 15. Qe2 { [%clk 0:08:02] } 15... Bh6+
{ [%clk 0:08:16] } 16. Kb1 { [%clk 0:07:54] } 16... Nxc3+ { [%clk 0:08:13] }
17. Nxc3 { [%clk 0:07:50] } 17... Qf7 { [%clk 0:08:04] } 18. f3
{ [%clk 0:07:44] } 18... Be6 { [%clk 0:08:02] } 19. a3 { [%clk 0:07:33] } 19...
c6 { [%clk 0:07:56] } 20. Rxd6 { [%clk 0:07:24] } 20... Bd5 { [%clk 0:07:29] }
21. Nxd5 { [%clk 0:07:18] } 21... cxd5 { [%clk 0:07:27] } 22. Qb5
{ [%clk 0:06:44] } 22... e4 { [%clk 0:07:15] } 23. fxe4 { [%clk 0:06:39] }
23... Bg7 { [%clk 0:07:13] } 24. Qxd5 { [%clk 0:06:13] } 24... Rac8
{ [%clk 0:06:50] } 25. Qxf7+ { [%clk 0:06:06] } 25... Rxf7 { [%clk 0:06:46] }
26. b3 { [%clk 0:05:49] } 26... Bf8 { [%clk 0:06:38] } 27. Rd1
{ [%clk 0:05:35] } 27... Bxa3 { [%clk 0:06:36] } 28. Bc4 { [%clk 0:05:31] }
28... Rxc4 { [%clk 0:06:32] } 29. bxc4 { [%clk 0:05:27] } 29... Bc5
{ [%clk 0:06:29] } 30. Rhf1 { [%clk 0:05:15] } 30... Re7 { [%clk 0:06:26] } 31.
Rd5 { [%clk 0:05:07] } 31... b6 { [%clk 0:06:21] } 32. e5 { [%clk 0:05:04] }
1-0"
Rated Rapid game,https://lichess.org/qFRLfTOW,2024.08.01,-,alexra1981,el3goz1,1-0,2024.08.01,08:46:19,1591,1626,,,C00,French Defense: Réti-Spielmann Attack,600+0,Normal,"1. e4 { [%clk 0:10:00] } 1... e6 { [%clk 0:10:00] } 2. g3 { [%clk 0:09:50] }
2... d5 { [%clk 0:09:57] } 3. exd5 { [%clk 0:09:42] } 3... exd5
{ [%clk 0:09:54] } 4. Bg2 { [%clk 0:09:40] } 4... Be6 { [%clk 0:09:50] } 5. Ne2
{ [%clk 0:09:38] } 5... Bc5 { [%clk 0:09:45] } 6. O-O { [%clk 0:09:36] } 6...
Nf6 { [%clk 0:09:43] } 7. Nbc3 { [%clk 0:09:32] } 7... c6 { [%clk 0:09:40] } 8.
d3 { [%clk 0:09:24] } 8... h5 { [%clk 0:09:38] } 9. Bg5 { [%clk 0:09:19] } 9...
Nbd7 { [%clk 0:09:31] } 10. Nf4 { [%clk 0:09:08] } 10... Qc7 { [%clk 0:09:21] }
11. Nxe6 { [%clk 0:08:52] } 11... fxe6 { [%clk 0:09:18] } 12. Qe2
{ [%clk 0:08:46] } 12... O-O-O { [%clk 0:09:08] } 13. Qxe6 { [%clk 0:08:39] }
13... Rde8 { [%clk 0:09:07] } 14. Qf5 { [%clk 0:08:32] } 14... Rhf8
{ [%clk 0:09:00] } 15. Bxf6 { [%clk 0:08:25] } 15... Rxf6 { [%clk 0:08:56] }
16. Qxh5 { [%clk 0:08:21] } 16... Re5 { [%clk 0:08:44] } 17. Qh7
{ [%clk 0:08:12] } 17... Rf7 { [%clk 0:08:14] } 18. Na4 { [%clk 0:07:53] }
18... Bf8 { [%clk 0:07:44] } 19. Bh3 { [%clk 0:07:46] } 19... Kb8
{ [%clk 0:07:40] } 20. d4 { [%clk 0:07:40] } 20... Ree7 { [%clk 0:07:38] } 21.
b3 { [%clk 0:07:31] } 21... g5 { [%clk 0:07:35] } 22. Qd3 { [%clk 0:07:27] }
22... b5 { [%clk 0:07:19] } 23. Nc5 { [%clk 0:07:23] } 23... Nxc5
{ [%clk 0:07:17] } 24. dxc5 { [%clk 0:07:23] } 24... Re4 { [%clk 0:07:03] } 25.
a4 { [%clk 0:07:13] } 25... Bxc5 { [%clk 0:06:58] } 26. axb5 { [%clk 0:07:06] }
26... Rd4 { [%clk 0:06:51] } 27. Qg6 { [%clk 0:06:22] } 27... Rg7
{ [%clk 0:06:44] } 28. Qe8+ { [%clk 0:06:17] } 28... Qc8 { [%clk 0:06:38] } 29.
Qxc8# { [%clk 0:06:14] } 1-0"
Rated Rapid game,https://lichess.org/ruDea3Gy,2024.08.01,-,RkLark_5,stasm2012,0-1,2024.08.01,08:46:19,1790,1787,,,C00,French Defense: Knight Variation,600+0,Normal,"1. e4 { [%clk 0:10:00] } 1... e6 { [%clk 0:10:00] } 2. Nf3 { [%clk 0:10:00] }
2... d5 { [%clk 0:09:56] } 3. exd5 { [%clk 0:09:58] } 3... exd5
{ [%clk 0:09:55] } 4. d4 { [%clk 0:09:53] } 4... Nf6 { [%clk 0:09:49] } 5. Nc3
{ [%clk 0:09:52] } 5... Bf5 { [%clk 0:09:42] } 6. Bb5+ { [%clk 0:09:41] } 6...
c6 { [%clk 0:09:34] } 7. Ba4 { [%clk 0:09:39] } 7... Nbd7 { [%clk 0:09:31] } 8.
O-O { [%clk 0:09:37] } 8... Be7 { [%clk 0:09:21] } 9. Ne5 { [%clk 0:09:33] }
9... Nxe5 { [%clk 0:09:15] } 10. dxe5 { [%clk 0:09:31] } 10... Ne4
{ [%clk 0:09:14] } 11. Bf4 { [%clk 0:09:11] } 11... O-O { [%clk 0:08:51] } 12.
Qh5 { [%clk 0:08:58] } 12... Bg6 { [%clk 0:08:43] } 13. Qg4 { [%clk 0:08:45] }
13... Qa5 { [%clk 0:08:17] } 14. Bb3 { [%clk 0:08:25] } 14... Nxc3
{ [%clk 0:07:56] } 15. bxc3 { [%clk 0:08:21] } 15... Qxc3 { [%clk 0:07:55] }
16. Qd7 { [%clk 0:08:16] } 16... Bc5 { [%clk 0:07:40] } 17. Qxb7
{ [%clk 0:08:07] } 17... Rab8 { [%clk 0:07:37] } 18. Qxc6 { [%clk 0:08:02] }
18... Bxf2+ { [%clk 0:07:36] } 19. Rxf2 { [%clk 0:07:49] } 19... Qxc6
{ [%clk 0:07:33] } 20. Rd1 { [%clk 0:07:37] } 20... Rfe8 { [%clk 0:07:18] } 21.
Bxd5 { [%clk 0:07:33] } 21... Qc5 { [%clk 0:07:07] } 22. e6 { [%clk 0:07:25] }
22... Rbd8 { [%clk 0:06:44] } 23. exf7+ { [%clk 0:06:43] } 23... Bxf7
{ [%clk 0:06:41] } 24. Bxf7+ { [%clk 0:06:38] } 24... Kh8 { [%clk 0:06:33] }
25. Rf1 { [%clk 0:06:14] } 25... Rf8 { [%clk 0:06:24] } 26. Kh1
{ [%clk 0:06:10] } 26... Rxf7 { [%clk 0:06:20] } 27. h3 { [%clk 0:05:57] }
27... Rdf8 { [%clk 0:06:18] } 28. g3 { [%clk 0:05:29] } 28... Qd5+
{ [%clk 0:06:06] } 29. Kh2 { [%clk 0:05:25] } 29... Qxa2 { [%clk 0:05:43] } 30.
c3 { [%clk 0:05:19] } 30... Qc4 { [%clk 0:05:34] } 31. Rf3 { [%clk 0:05:11] }
31... Qe2+ { [%clk 0:05:24] } 32. R3f2 { [%clk 0:05:08] } 32... Qe4
{ [%clk 0:05:19] } 33. Ra1 { [%clk 0:04:41] } 33... h6 { [%clk 0:05:07] } 34.
Rfa2 { [%clk 0:04:31] } 34... Rxf4 { [%clk 0:04:54] } 35. gxf4
{ [%clk 0:04:19] } 35... Qxf4+ { [%clk 0:04:54] } 36. Kg1 { [%clk 0:04:14] }
36... Qg3+ { [%clk 0:04:51] } 37. Rg2 { [%clk 0:04:10] } 37... Qxh3
{ [%clk 0:04:47] } 38. Rxa7 { [%clk 0:03:59] } 38... Qxc3 { [%clk 0:04:43] }
39. Raxg7 { [%clk 0:03:55] } 39... Qxg7 { [%clk 0:04:42] } 40. Rxg7
{ [%clk 0:03:51] } 40... Kxg7 { [%clk 0:04:42] } 41. Kg2 { [%clk 0:03:50] }
41... Rb8 { [%clk 0:04:39] } 42. Kg3 { [%clk 0:03:50] } 42... Rb4
{ [%clk 0:04:37] } 43. Kh3 { [%clk 0:03:48] } 43... Kg6 { [%clk 0:04:37] } 44.
Kg3 { [%clk 0:03:44] } 44... Kf5 { [%clk 0:04:34] } 45. Kh3 { [%clk 0:03:40] }
45... Kg5 { [%clk 0:04:33] } 46. Kg3 { [%clk 0:03:37] } 46... Rb3+
{ [%clk 0:04:32] } 0-1"
Rated Rapid game,https://lichess.org/Cr9uoQ4S,2024.08.01,-,aleksandrgenuine,QuangBach1234,0-1,2024.08.01,08:46:19,2325,2257,,,B06,Modern Defense: Three Pawns Attack,600+0,Normal,"1. e4 { [%eval 0.15] [%clk 0:10:00] } 1... g6 { [%eval 0.43] [%clk 0:10:00] }
2. d4 { [%eval 0.48] [%clk 0:09:59] } 2... Bg7 { [%eval 0.49] [%clk 0:10:00] }
3. f4 { [%eval 0.4] [%clk 0:09:58] } 3... c5 { [%eval 0.39] [%clk 0:09:59] } 4.
d5 { [%eval 0.36] [%clk 0:09:52] } 4... d6 { [%eval 0.5] [%clk 0:09:57] } 5.
Nf3 { [%eval 0.18] [%clk 0:09:47] } 5... Nf6 { [%eval 0.18] [%clk 0:09:56] } 6.
c4 $6 { [%eval -0.67] [%clk 0:09:44] } 6... Nxe4
{ [%eval -0.76] [%clk 0:09:53] } 7. Bd3 { [%eval -0.66] [%clk 0:09:42] } 7...
Qa5+ { [%eval -0.94] [%clk 0:09:44] } 8. Kf1 $2
{ [%eval -2.01] [%clk 0:09:37] } 8... Nf6 { [%eval -1.75] [%clk 0:09:26] } 9.
Nc3 { [%eval -1.85] [%clk 0:09:33] } 9... O-O { [%eval -1.67] [%clk 0:09:22] }
10. Bd2 { [%eval -1.89] [%clk 0:09:31] } 10... Qd8
{ [%eval -2.14] [%clk 0:09:18] } 11. h3 { [%eval -2.05] [%clk 0:09:25] } 11...
e5 $2 { [%eval -1.01] [%clk 0:09:03] } 12. fxe5 $6
{ [%eval -1.66] [%clk 0:09:15] } 12... dxe5 { [%eval -1.68] [%clk 0:09:00] }
13. Nxe5 { [%eval -2.1] [%clk 0:08:12] } 13... Nbd7 $6
{ [%eval -1.14] [%clk 0:08:41] } 14. Nf3 { [%eval -1.21] [%clk 0:07:52] } 14...
a6 $6 { [%eval -0.38] [%clk 0:08:32] } 15. g4 $6
{ [%eval -1.0] [%clk 0:07:50] } 15... b6 $2 { [%eval 0.39] [%clk 0:08:07] } 16.
Qc2 $2 { [%eval -1.74] [%clk 0:07:44] } 16... Qc7 $2
{ [%eval 0.19] [%clk 0:08:02] } 17. Kg2 $6 { [%eval -0.44] [%clk 0:07:26] }
17... Bb7 $6 { [%eval 0.46] [%clk 0:07:42] } 18. Rae1
{ [%eval 0.47] [%clk 0:07:14] } 18... Rae8 { [%eval 0.95] [%clk 0:07:39] } 19.
Ne2 $2 { [%eval -0.21] [%clk 0:06:55] } 19... b5
{ [%eval -0.13] [%clk 0:07:11] } 20. Bf4 $2 { [%eval -3.11] [%clk 0:06:53] }
20... Qb6 $4 { [%eval 0.21] [%clk 0:07:10] } 21. b3
{ [%eval 0.11] [%clk 0:06:43] } 21... b4 $2 { [%eval 1.76] [%clk 0:05:52] } 22.
Ng3 { [%eval 1.69] [%clk 0:06:31] } 22... Rxe1 { [%eval 2.12] [%clk 0:05:49] }
23. Rxe1 { [%eval 2.12] [%clk 0:06:28] } 23... Re8
{ [%eval 2.11] [%clk 0:05:49] } 24. Qf2 { [%eval 2.17] [%clk 0:06:02] } 24...
h6 $6 { [%eval 2.95] [%clk 0:04:57] } 25. h4 $2 { [%eval 1.62] [%clk 0:05:50] }
25... Nxg4 $4 { [%eval 5.46] [%clk 0:04:55] } 26. Re7 $4
{ [%eval -6.13] [%clk 0:05:49] } 26... Rxe7 { [%eval -5.99] [%clk 0:04:51] }
0-1"
Rated Rapid game,https://lichess.org/xfZHrDpx,2024.08.01,-,Ahmed10101011,dahlberg,0-1,2024.08.01,08:46:19,1033,1259,,,B00,Nimzowitsch Defense: Franco-Nimzowitsch Variation,600+0,Normal,"1. e4 { [%clk 0:10:00] } 1... e6 { [%clk 0:10:00] } 2. Nf3 { [%clk 0:09:59] }
2... Nc6 { [%clk 0:09:56] } 3. Bc4 { [%clk 0:09:58] } 3... Bc5
{ [%clk 0:09:53] } 4. d4 { [%clk 0:09:56] } 4... Nf6 { [%clk 0:09:52] } 5. Nc3
{ [%clk 0:09:53] } 5... Bb6 { [%clk 0:09:49] } 6. O-O { [%clk 0:09:52] } 6...
O-O { [%clk 0:09:46] } 7. Na4 { [%clk 0:09:49] } 7... d5 { [%clk 0:09:41] } 8.
Nxb6 { [%clk 0:09:46] } 8... cxb6 { [%clk 0:09:39] } 9. exd5 { [%clk 0:09:44] }
9... Nxd5 { [%clk 0:09:32] } 10. Be3 { [%clk 0:09:07] } 10... Nxe3
{ [%clk 0:09:28] } 11. fxe3 { [%clk 0:09:05] } 11... f6 { [%clk 0:09:16] } 12.
d5 { [%clk 0:08:53] } 12... exd5 { [%clk 0:09:14] } 13. Bxd5+
{ [%clk 0:08:45] } 13... Kh8 { [%clk 0:09:09] } 14. c4 { [%clk 0:08:35] } 14...
Nb4 { [%clk 0:09:01] } 15. e4 { [%clk 0:08:17] } 15... Nxd5 { [%clk 0:08:54] }
16. exd5 { [%clk 0:08:14] } 16... Bg4 { [%clk 0:08:52] } 17. h3
{ [%clk 0:08:10] } 17... Bh5 { [%clk 0:08:47] } 18. g4 { [%clk 0:08:01] } 18...
Bg6 { [%clk 0:08:45] } 19. Nh4 { [%clk 0:07:48] } 19... Rc8 { [%clk 0:08:38] }
20. Nxg6+ { [%clk 0:07:44] } 20... hxg6 { [%clk 0:08:37] } 21. b3
{ [%clk 0:07:34] } 21... Re8 { [%clk 0:08:25] } 22. Qd3 { [%clk 0:06:56] }
22... Kh7 { [%clk 0:07:53] } 23. h4 { [%clk 0:06:48] } 23... Re5
{ [%clk 0:07:47] } 24. h5 { [%clk 0:06:40] } 24... Qe8 { [%clk 0:07:38] } 25.
Kg2 { [%clk 0:05:58] } 25... Rg5 { [%clk 0:07:26] } 26. Rh1 { [%clk 0:05:49] }
26... Rxg4+ { [%clk 0:07:19] } 27. Kf3 { [%clk 0:05:45] } 27... f5
{ [%clk 0:06:39] } 28. hxg6+ { [%clk 0:05:23] } 28... Kg8 { [%clk 0:06:30] }
29. d6 { [%clk 0:05:10] } 29... Qe4+ { [%clk 0:06:28] } 30. Qxe4
{ [%clk 0:05:02] } 30... Rxe4 { [%clk 0:06:26] } 31. d7 { [%clk 0:05:00] }
31... Rd8 { [%clk 0:06:23] } 32. Rhd1 { [%clk 0:04:58] } 32... Re7
{ [%clk 0:06:18] } 33. Rd5 { [%clk 0:04:49] } 33... Rexd7 { [%clk 0:06:15] }
34. Rxf5 { [%clk 0:04:47] } 34... Rf8 { [%clk 0:06:05] } 35. Rxf8+
{ [%clk 0:04:36] } 35... Kxf8 { [%clk 0:06:03] } 36. Rh1 { [%clk 0:04:35] }
36... Ke7 { [%clk 0:06:00] } 37. Kf4 { [%clk 0:04:28] } 37... Kf6
{ [%clk 0:05:59] } 38. Rg1 { [%clk 0:04:22] } 38... Rd4+ { [%clk 0:05:49] } 39.
Ke3 { [%clk 0:04:19] } 39... Rh4 { [%clk 0:05:32] } 40. Kd3 { [%clk 0:04:10] }
40... Rh6 { [%clk 0:05:30] } 41. Kd4 { [%clk 0:04:07] } 41... Rxg6
{ [%clk 0:05:27] } 42. Rxg6+ { [%clk 0:04:04] } 42... Kxg6 { [%clk 0:05:26] }
43. Kd5 { [%clk 0:04:03] } 43... Kf5 { [%clk 0:05:25] } 44. Kd6
{ [%clk 0:04:02] } 44... g5 { [%clk 0:05:23] } 45. Kc7 { [%clk 0:04:01] } 45...
g4 { [%clk 0:05:22] } 46. Kxb7 { [%clk 0:04:00] } 46... g3 { [%clk 0:05:21] }
47. Kxa7 { [%clk 0:03:58] } 47... g2 { [%clk 0:05:19] } 48. Kxb6
{ [%clk 0:03:57] } 48... g1=Q+ { [%clk 0:05:17] } 49. Kb5 { [%clk 0:03:56] }
49... Qa7 { [%clk 0:05:10] } 50. a4 { [%clk 0:03:54] } 50... Ke5
{ [%clk 0:05:07] } 51. b4 { [%clk 0:03:52] } 51... Kd6 { [%clk 0:05:03] } 52.
c5+ { [%clk 0:03:50] } 52... Kc7 { [%clk 0:04:59] } 53. a5 { [%clk 0:03:47] }
53... Qb8+ { [%clk 0:04:57] } 54. Kc4 { [%clk 0:03:43] } 54... Kc6
{ [%clk 0:04:56] } 55. a6 { [%clk 0:03:39] } 55... Qb5+ { [%clk 0:04:52] } 56.
Kb3 { [%clk 0:03:36] } 56... Qxa6 { [%clk 0:04:50] } 57. Kc3 { [%clk 0:03:35] }
57... Kb5 { [%clk 0:04:46] } 58. Kd4 { [%clk 0:03:33] } 58... Qf6+
{ [%clk 0:04:40] } 59. Kd5 { [%clk 0:03:21] } 59... Kxb4 { [%clk 0:04:34] } 60.
c6 { [%clk 0:03:21] } 60... Qd8+ { [%clk 0:04:31] } 61. Ke6 { [%clk 0:03:17] }
61... Qc7 { [%clk 0:04:29] } 62. Kf6 { [%clk 0:03:15] } 62... Kb5
{ [%clk 0:04:28] } 63. Kg6 { [%clk 0:03:15] } 63... Qxc6+ { [%clk 0:04:26] }
64. Kh5 { [%clk 0:03:14] } 64... Qg2 { [%clk 0:04:23] } 65. Kh6
{ [%clk 0:03:14] } 65... Kc6 { [%clk 0:04:21] } 66. Kh5 { [%clk 0:03:14] }
66... Kd5 { [%clk 0:04:20] } 67. Kh6 { [%clk 0:03:14] } 67... Ke6
{ [%clk 0:04:19] } 68. Kh5 { [%clk 0:03:14] } 68... Kf5 { [%clk 0:04:18] } 69.
Kh6 { [%clk 0:03:14] } 69... Qg6# { [%clk 0:04:14] } 0-1"
Rated Rapid game,https://lichess.org/VRMHNyKe,2024.08.01,-,PavelWell,sachinrk25,1-0,2024.08.01,08:46:19,1590,1480,,,C30,King's Gambit Declined: Queen's Knight Defense,600+0,Normal,"1. e4 { [%clk 0:10:00] } 1... e5 { [%clk 0:10:00] } 2. f4 { [%clk 0:09:59] }
2... Nc6 { [%clk 0:09:57] } 3. fxe5 { [%clk 0:09:56] } 3... Nxe5
{ [%clk 0:09:56] } 4. Nf3 { [%clk 0:09:56] } 4... Bd6 { [%clk 0:09:46] } 5.
Nxe5 { [%clk 0:09:51] } 5... Bxe5 { [%clk 0:09:45] } 6. Bc4 { [%clk 0:09:49] }
6... Nf6 { [%clk 0:09:38] } 7. Nc3 { [%clk 0:09:48] } 7... d6
{ [%clk 0:09:02] } 8. O-O { [%clk 0:09:46] } 8... Ng4 { [%clk 0:08:55] } 9. h3
{ [%clk 0:09:43] } 9... Qh4 { [%clk 0:08:47] } 10. d4 { [%clk 0:09:26] } 10...
Bh2+ { [%clk 0:08:42] } 11. Kh1 { [%clk 0:09:25] } 11... Bg3 { [%clk 0:08:33] }
12. Qe2 { [%clk 0:08:15] } 12... O-O { [%clk 0:08:19] } 13. Bf4
{ [%clk 0:08:12] } 13... Bxf4 { [%clk 0:08:01] } 14. Rxf4 { [%clk 0:08:06] }
14... Bd7 { [%clk 0:07:13] } 15. Rxg4 { [%clk 0:08:03] } 15... Bxg4
{ [%clk 0:07:09] } 16. Qxg4 { [%clk 0:08:03] } 16... Qxg4 { [%clk 0:07:04] }
17. hxg4 { [%clk 0:08:03] } 17... Rad8 { [%clk 0:06:50] } 18. Bd5
{ [%clk 0:07:53] } 18... c6 { [%clk 0:06:48] } 19. Bb3 { [%clk 0:07:50] } 19...
d5 { [%clk 0:06:41] } 20. exd5 { [%clk 0:07:46] } 20... cxd5 { [%clk 0:06:36] }
21. Nxd5 { [%clk 0:07:42] } 21... Rfe8 { [%clk 0:06:11] } 22. Rf1
{ [%clk 0:07:35] } 22... Re2 { [%clk 0:05:59] } 23. Nc7 { [%clk 0:07:24] }
23... Rf8 { [%clk 0:05:33] } 24. Nb5 { [%clk 0:07:18] } 24... a6
{ [%clk 0:05:29] } 25. Nd6 { [%clk 0:07:17] } 25... Re7 { [%clk 0:05:17] } 26.
Nf5 { [%clk 0:07:08] } 26... Re2 { [%clk 0:05:06] } 27. d5 { [%clk 0:06:54] }
27... g6 { [%clk 0:05:01] } 28. Ng3 { [%clk 0:06:41] } 28... Re3
{ [%clk 0:04:52] } 29. Kh2 { [%clk 0:06:39] } 29... Rd8 { [%clk 0:04:49] } 30.
d6 { [%clk 0:06:31] } 30... Rxd6 { [%clk 0:04:40] } 31. Bxf7+
{ [%clk 0:06:24] } 31... Kg7 { [%clk 0:04:37] } 32. Bb3 { [%clk 0:06:23] }
32... b5 { [%clk 0:04:21] } 33. Rf7+ { [%clk 0:05:59] } 33... Kh6
{ [%clk 0:04:19] } 34. Ra7 { [%clk 0:05:53] } 34... Rd4 { [%clk 0:04:07] } 35.
Bg8 { [%clk 0:05:47] } 35... Rxg4 { [%clk 0:04:01] } 36. Rxh7+
{ [%clk 0:05:45] } 36... Kg5 { [%clk 0:03:58] } 37. Nf1 { [%clk 0:05:35] }
37... Re8 { [%clk 0:03:48] } 38. Bd5 { [%clk 0:05:23] } 38... Rh4+
{ [%clk 0:03:37] } 39. Rxh4 { [%clk 0:05:19] } 39... Kxh4 { [%clk 0:03:35] }
40. g3+ { [%clk 0:05:17] } 40... Kg5 { [%clk 0:03:31] } 41. Bb3
{ [%clk 0:05:05] } 41... Rf8 { [%clk 0:03:25] } 42. Ne3 { [%clk 0:04:49] }
42... a5 { [%clk 0:03:07] } 43. a4 { [%clk 0:04:39] } 43... bxa4
{ [%clk 0:02:57] } 44. Bxa4 { [%clk 0:04:37] } 44... Rf2+ { [%clk 0:02:54] }
45. Kg1 { [%clk 0:04:32] } 45... Re2 { [%clk 0:02:49] } 46. Nc4
{ [%clk 0:04:08] } 46... Re4 { [%clk 0:02:36] } 47. b3 { [%clk 0:04:06] } 47...
Rg4 { [%clk 0:02:33] } 48. Kg2 { [%clk 0:04:04] } 48... Kh5 { [%clk 0:02:30] }
49. Nxa5 { [%clk 0:03:59] } 49... g5 { [%clk 0:02:26] } 50. c4
{ [%clk 0:03:56] } 50... Re4 { [%clk 0:02:20] } 51. c5 { [%clk 0:03:52] } 51...
Re2+ { [%clk 0:02:17] } 52. Kf3 { [%clk 0:03:49] } 52... Rc2 { [%clk 0:02:11] }
53. c6 { [%clk 0:03:47] } 53... Rc3+ { [%clk 0:02:02] } 54. Kg2
{ [%clk 0:03:44] } 54... Rc2+ { [%clk 0:01:56] } 55. Kg1 { [%clk 0:03:41] }
55... Kg4 { [%clk 0:01:53] } 56. Nc4 { [%clk 0:03:37] } 56... Kxg3
{ [%clk 0:01:51] } 57. Ne3 { [%clk 0:03:32] } 57... Rc1+ { [%clk 0:01:49] } 58.
Nf1+ { [%clk 0:03:32] } 58... Kh3 { [%clk 0:01:38] } 59. b4 { [%clk 0:03:14] }
59... Ra1 { [%clk 0:01:35] } 60. Bb5 { [%clk 0:03:01] } 60... g4
{ [%clk 0:01:29] } 61. Be2 { [%clk 0:02:37] } 61... g3 { [%clk 0:01:17] } 62.
Bf3 { [%clk 0:02:23] } 62... Ra3 { [%clk 0:01:06] } 63. Bg2+ { [%clk 0:02:21] }
63... Kh4 { [%clk 0:01:04] } 64. b5 { [%clk 0:01:16] } 64... Rb3
{ [%clk 0:00:57] } 65. c7 { [%clk 0:01:10] } 1-0"
Rated Rapid game,https://lichess.org/telbg1sQ,2024.08.01,-,manasza,raya_01,1-0,2024.08.01,08:46:19,1894,1840,,,C00,French Defense: Steinitz Attack,600+0,Normal,"1. e4 { [%eval 0.15] [%clk 0:10:00] } 1... e6 { [%eval 0.25] [%clk 0:10:00] }
2. e5 { [%eval -0.2] [%clk 0:09:58] } 2... d6 { [%eval -0.07] [%clk 0:09:56] }
3. exd6 { [%eval -0.28] [%clk 0:09:56] } 3... cxd6
{ [%eval 0.0] [%clk 0:09:53] } 4. Nf3 { [%eval -0.07] [%clk 0:09:52] } 4... e5
{ [%eval 0.28] [%clk 0:09:44] } 5. Nc3 { [%eval 0.16] [%clk 0:09:45] } 5... Bg4
$6 { [%eval 0.95] [%clk 0:09:41] } 6. h3 { [%eval 0.88] [%clk 0:09:38] } 6...
Bh5 { [%eval 1.22] [%clk 0:09:39] } 7. Bb5+ { [%eval 1.23] [%clk 0:09:34] }
7... Nc6 { [%eval 1.47] [%clk 0:09:36] } 8. O-O $6
{ [%eval 0.84] [%clk 0:09:28] } 8... Nf6 { [%eval 1.23] [%clk 0:09:24] } 9. Re1
$6 { [%eval 0.57] [%clk 0:09:24] } 9... Be7 { [%eval 0.65] [%clk 0:09:13] } 10.
d4 $6 { [%eval 0.1] [%clk 0:09:19] } 10... a6 $2
{ [%eval 3.09] [%clk 0:09:01] } 11. Bxc6+ { [%eval 3.14] [%clk 0:09:15] } 11...
bxc6 { [%eval 3.1] [%clk 0:09:00] } 12. dxe5 { [%eval 2.94] [%clk 0:09:12] }
12... dxe5 { [%eval 2.88] [%clk 0:08:57] } 13. Qxd8+
{ [%eval 2.87] [%clk 0:09:07] } 13... Rxd8 { [%eval 2.78] [%clk 0:08:55] } 14.
Nxe5 { [%eval 2.8] [%clk 0:08:59] } 14... O-O $2
{ [%eval 4.96] [%clk 0:08:35] } 15. Nxc6 { [%eval 4.92] [%clk 0:08:54] } 15...
Rde8 $2 { [%eval 6.83] [%clk 0:08:27] } 16. Rxe7
{ [%eval 6.15] [%clk 0:08:44] } 16... Kh8 { [%eval 6.55] [%clk 0:08:16] } 17.
Rxe8 { [%eval 6.53] [%clk 0:08:35] } 17... Rxe8 { [%eval 6.59] [%clk 0:08:14] }
18. Bg5 { [%eval 6.54] [%clk 0:08:30] } 18... Re6
{ [%eval 6.73] [%clk 0:08:00] } 19. Nd4 { [%eval 6.68] [%clk 0:07:54] } 19...
Rd6 { [%eval 6.68] [%clk 0:07:48] } 20. Bxf6 { [%eval 6.8] [%clk 0:07:37] }
20... Rxf6 { [%eval 6.98] [%clk 0:07:45] } 21. Re1
{ [%eval 6.84] [%clk 0:07:30] } 21... g6 { [%eval 7.97] [%clk 0:07:41] } 22. g4
{ [%eval 7.96] [%clk 0:07:15] } 22... Rd6 { [%eval 8.03] [%clk 0:07:25] } 23.
gxh5 { [%eval 7.66] [%clk 0:07:07] } 23... Rxd4 { [%eval 7.36] [%clk 0:07:23] }
24. hxg6 { [%eval 6.43] [%clk 0:07:02] } 24... hxg6
{ [%eval 6.46] [%clk 0:07:21] } 25. Rd1 { [%eval 6.41] [%clk 0:06:52] } 25...
Rb4 { [%eval 6.6] [%clk 0:07:15] } 26. b3 { [%eval 6.58] [%clk 0:06:48] } 26...
Rb6 { [%eval 6.6] [%clk 0:07:09] } 27. Ne4 { [%eval 6.36] [%clk 0:06:41] }
27... Re6 { [%eval 6.37] [%clk 0:07:00] } 28. f3
{ [%eval 6.19] [%clk 0:06:36] } 28... f6 { [%eval 7.58] [%clk 0:06:58] } 29.
Kf2 { [%eval 7.17] [%clk 0:06:24] } 29... f5 { [%eval 7.0] [%clk 0:06:55] } 30.
Rd6 { [%eval 6.97] [%clk 0:06:15] } 30... Rxe4 { [%eval 10.2] [%clk 0:06:39] }
31. fxe4 { [%eval 10.0] [%clk 0:06:06] } 31... fxe4 $6
{ [%eval #19] [%clk 0:06:37] } 32. Rxg6 { [%eval 10.35] [%clk 0:06:02] } 1-0"
Rated Rapid game,https://lichess.org/pkm5fp9n,2024.08.01,-,Sergey_Petrovich_V,Roman_777,1-0,2024.08.01,08:46:19,1732,1762,,,A22,"English Opening: King's English Variation, Two Knights Variation",600+0,Normal,"1. c4 { [%clk 0:10:00] } 1... Nf6 { [%clk 0:10:00] } 2. Nc3 { [%clk 0:09:55] }
2... e5 { [%clk 0:09:58] } 3. Nf3 { [%clk 0:09:53] } 3... d6 { [%clk 0:09:55] }
4. g3 { [%clk 0:09:50] } 4... h6 { [%clk 0:09:53] } 5. d3 { [%clk 0:09:48] }
5... Nc6 { [%clk 0:09:46] } 6. Bg2 { [%clk 0:09:46] } 6... Bg4
{ [%clk 0:09:36] } 7. h3 { [%clk 0:09:43] } 7... Bh5 { [%clk 0:09:35] } 8. g4
{ [%clk 0:09:39] } 8... Bg6 { [%clk 0:09:34] } 9. e4 { [%clk 0:09:37] } 9... h5
{ [%clk 0:09:29] } 10. g5 { [%clk 0:09:35] } 10... Nh7 { [%clk 0:07:57] } 11.
h4 { [%clk 0:09:31] } 11... f6 { [%clk 0:07:54] } 12. gxf6 { [%clk 0:09:26] }
12... Nxf6 { [%clk 0:07:48] } 13. O-O { [%clk 0:09:21] } 13... Be7
{ [%clk 0:07:06] } 14. Bg5 { [%clk 0:09:11] } 14... Ng4 { [%clk 0:06:59] } 15.
Bxe7 { [%clk 0:09:06] } 15... Qxe7 { [%clk 0:06:59] } 16. Nd5
{ [%clk 0:09:01] } 16... Qd7 { [%clk 0:06:51] } 17. a3 { [%clk 0:08:43] } 17...
O-O-O { [%clk 0:06:47] } 18. b4 { [%clk 0:08:41] } 18... Rdf8
{ [%clk 0:06:36] } 19. b5 { [%clk 0:08:38] } 19... Nd4 { [%clk 0:06:32] } 20.
Nxd4 { [%clk 0:08:36] } 20... exd4 { [%clk 0:06:31] } 21. f3 { [%clk 0:08:34] }
21... Ne3 { [%clk 0:06:22] } 22. Nxe3 { [%clk 0:08:31] } 22... dxe3
{ [%clk 0:06:21] } 23. Qe2 { [%clk 0:08:30] } 23... Qe7 { [%clk 0:06:10] } 24.
Qxe3 { [%clk 0:08:28] } 24... Kb8 { [%clk 0:05:56] } 25. Qf2 { [%clk 0:08:25] }
25... Rf4 { [%clk 0:05:52] } 26. Qg3 { [%clk 0:08:22] } 26... Qxh4
{ [%clk 0:05:22] } 27. Qxh4 { [%clk 0:08:21] } 27... Rxh4 { [%clk 0:05:21] }
28. f4 { [%clk 0:08:19] } 28... Rf8 { [%clk 0:05:15] } 29. f5
{ [%clk 0:08:18] } 29... Bf7 { [%clk 0:05:13] } 30. Rf3 { [%clk 0:08:12] }
30... Rg4 { [%clk 0:05:12] } 31. Kh2 { [%clk 0:08:10] } 31... Be8
{ [%clk 0:04:44] } 32. Bh3 { [%clk 0:08:06] } 32... Rg5 { [%clk 0:04:36] } 33.
Rg1 { [%clk 0:08:01] } 33... Rxg1 { [%clk 0:04:32] } 34. Kxg1
{ [%clk 0:08:00] } 34... g6 { [%clk 0:04:31] } 35. f6 { [%clk 0:07:53] } 35...
c6 { [%clk 0:04:28] } 36. bxc6 { [%clk 0:07:50] } 36... bxc6 { [%clk 0:04:27] }
37. Kf2 { [%clk 0:07:39] } 37... Kc7 { [%clk 0:04:25] } 38. Ke3
{ [%clk 0:07:36] } 38... Bd7 { [%clk 0:04:24] } 39. Bxd7 { [%clk 0:07:30] }
39... Kxd7 { [%clk 0:04:23] } 40. d4 { [%clk 0:07:29] } 40... Ke6
{ [%clk 0:04:19] } 41. d5+ { [%clk 0:07:26] } 41... cxd5 { [%clk 0:04:17] } 42.
cxd5+ { [%clk 0:07:19] } 42... Ke5 { [%clk 0:04:09] } 43. f7 { [%clk 0:07:18] }
43... h4 { [%clk 0:03:54] } 44. Kd3 { [%clk 0:07:11] } 44... h3
{ [%clk 0:03:52] } 45. Rxh3 { [%clk 0:07:09] } 45... Rxf7 { [%clk 0:03:52] }
46. Rg3 { [%clk 0:07:08] } 46... Kf6 { [%clk 0:03:39] } 47. Kd4
{ [%clk 0:07:04] } 47... g5 { [%clk 0:03:36] } 48. Rf3+ { [%clk 0:07:00] }
48... Kg6 { [%clk 0:03:33] } 49. Rxf7 { [%clk 0:06:54] } 49... Kxf7
{ [%clk 0:03:30] } 50. e5 { [%clk 0:06:53] } 50... g4 { [%clk 0:03:24] } 51.
e6+ { [%clk 0:06:49] } 51... Ke7 { [%clk 0:03:23] } 52. Ke4 { [%clk 0:06:47] }
52... g3 { [%clk 0:03:21] } 53. Kf3 { [%clk 0:06:46] } 53... Kf6
{ [%clk 0:03:13] } 54. Kxg3 { [%clk 0:06:45] } 54... a6 { [%clk 0:03:00] } 55.
Kf4 { [%clk 0:06:42] } 55... a5 { [%clk 0:02:59] } 56. a4 { [%clk 0:06:41] }
56... Kg6 { [%clk 0:02:53] } 57. Ke4 { [%clk 0:06:34] } 57... Kf6
{ [%clk 0:02:52] } 58. Kf4 { [%clk 0:06:32] } 58... Kg6 { [%clk 0:02:51] } 59.
Kg4 { [%clk 0:06:31] } 59... Kf6 { [%clk 0:02:47] } 60. Kh5 { [%clk 0:06:29] }
60... Ke7 { [%clk 0:02:31] } 61. Kg6 { [%clk 0:06:23] } 61... Kf8
{ [%clk 0:02:29] } 62. Kf6 { [%clk 0:06:22] } 62... Ke8 { [%clk 0:02:27] } 63.
e7 { [%clk 0:06:19] } 63... Kd7 { [%clk 0:02:21] } 64. Kf7 { [%clk 0:06:18] }
64... Kc7 { [%clk 0:02:20] } 65. e8=Q { [%clk 0:06:16] } 1-0"
Rated Rapid game,https://lichess.org/XFSpoCRc,2024.08.01,-,theoriginalkermit,LittleQueenShanel,1-0,2024.08.01,08:46:19,1145,1038,,,A20,English Opening: King's English Variation,600+0,Normal,"1. c4 { [%eval 0.12] [%clk 0:10:00] } 1... e5 { [%eval 0.12] [%clk 0:10:00] }
2. e3 { [%eval 0.0] [%clk 0:09:59] } 2... Bc5 $6
{ [%eval 0.55] [%clk 0:09:37] } 3. a3 { [%eval 0.32] [%clk 0:09:55] } 3... Qh4
$2 { [%eval 1.89] [%clk 0:09:27] } 4. Nc3 $6 { [%eval 0.98] [%clk 0:09:51] }
4... d5 $2 { [%eval 2.35] [%clk 0:09:21] } 5. Nxd5
{ [%eval 2.4] [%clk 0:09:39] } 5... c6 $2 { [%eval 4.08] [%clk 0:09:17] } 6.
Nc7+ { [%eval 4.02] [%clk 0:09:36] } 6... Kd8 { [%eval 4.23] [%clk 0:09:10] }
7. Nxa8 { [%eval 4.17] [%clk 0:09:35] } 7... Bg4
{ [%eval 4.23] [%clk 0:09:05] } 8. Be2 { [%eval 4.17] [%clk 0:09:17] } 8... Be6
$2 { [%eval 5.29] [%clk 0:08:48] } 9. Nf3 { [%eval 5.14] [%clk 0:09:15] } 9...
Qe4 { [%eval 5.07] [%clk 0:08:41] } 10. d3 { [%eval 4.95] [%clk 0:08:54] }
10... Na6 $2 { [%eval 7.31] [%clk 0:08:36] } 11. dxe4+
{ [%eval 7.21] [%clk 0:08:51] } 11... Kc8 { [%eval 7.17] [%clk 0:08:31] } 12.
O-O { [%eval 7.1] [%clk 0:08:39] } 12... Kb8 { [%eval 9.04] [%clk 0:08:30] }
13. Qd8+ { [%eval 9.22] [%clk 0:08:32] } 13... Bc8
{ [%eval 9.15] [%clk 0:08:23] } 14. Nxe5 { [%eval 8.98] [%clk 0:08:20] } 14...
b5 $2 { [%eval #6] [%clk 0:08:18] } 15. Nxf7 $2 { [%eval 9.34] [%clk 0:08:15] }
15... Kxa8 $2 { [%eval #3] [%clk 0:08:09] } 16. Qxc8+
{ [%eval #2] [%clk 0:08:10] } 16... Nb8 { [%eval #2] [%clk 0:08:04] } 17. Nxh8
$6 { [%eval 10.39] [%clk 0:08:05] } 17... Ne7 { [%eval 10.26] [%clk 0:07:57] }
18. Qf8 { [%eval 9.82] [%clk 0:07:30] } 18... Kb7
{ [%eval 10.3] [%clk 0:07:45] } 19. Rd1 { [%eval 10.18] [%clk 0:07:16] } 19...
Ka6 $6 { [%eval #5] [%clk 0:07:43] } 20. Qxb8 { [%eval #4] [%clk 0:07:09] }
20... Ka5 { [%eval #4] [%clk 0:07:29] } 21. b4+ { [%eval #3] [%clk 0:07:08] }
21... Ka4 { [%eval #3] [%clk 0:07:27] } 22. cxb5 { [%eval #5] [%clk 0:06:56] }
22... Kb3 { [%eval #4] [%clk 0:07:23] } 23. Rd3+ { [%eval #3] [%clk 0:06:36] }
23... Kc2 { [%eval #3] [%clk 0:07:20] } 24. Qe5 { [%eval #2] [%clk 0:06:23] }
24... Bb6 { [%eval #1] [%clk 0:07:09] } 25. Qc3# { [%clk 0:06:22] } 1-0"
Rated Rapid game,https://lichess.org/TzXvGoja,2024.08.01,-,timurmag,imre1380,1-0,2024.08.01,08:46:20,1677,1683,,,B10,Caro-Kann Defense: Hillbilly Attack,600+0,Normal,"1. e4 { [%clk 0:10:00] } 1... c6 { [%clk 0:10:00] } 2. Bc4 { [%clk 0:09:59] }
2... e6 { [%clk 0:09:56] } 3. d3 { [%clk 0:09:57] } 3... d5 { [%clk 0:09:54] }
4. exd5 { [%clk 0:09:55] } 4... exd5 { [%clk 0:09:53] } 5. Bb3
{ [%clk 0:09:54] } 5... Bf5 { [%clk 0:09:51] } 6. c4 { [%clk 0:09:52] } 6... d4
{ [%clk 0:09:35] } 7. Qf3 { [%clk 0:09:40] } 7... g6 { [%clk 0:09:18] } 8. Nh3
{ [%clk 0:09:16] } 8... h5 { [%clk 0:09:11] } 9. Bg5 { [%clk 0:09:12] } 9...
Be7 { [%clk 0:09:09] } 10. Qe2 { [%clk 0:08:36] } 10... f6 { [%clk 0:08:21] }
11. Bf4 { [%clk 0:08:01] } 11... Nd7 { [%clk 0:08:10] } 12. Nd2
{ [%clk 0:07:42] } 12... g5 { [%clk 0:08:02] } 13. Bxg5 { [%clk 0:07:31] }
13... fxg5 { [%clk 0:08:00] } 14. Nxg5 { [%clk 0:07:30] } 14... Bxd3
{ [%clk 0:07:34] } 15. Qxd3 { [%clk 0:07:14] } 15... Bxg5 { [%clk 0:07:31] }
16. Qxd4 { [%clk 0:07:06] } 16... Bxd2+ { [%clk 0:06:29] } 17. Qxd2
{ [%clk 0:06:59] } 17... Qe7+ { [%clk 0:06:15] } 18. Qe3 { [%clk 0:06:54] }
18... Qxe3+ { [%clk 0:06:12] } 19. fxe3 { [%clk 0:06:54] } 19... Ne5
{ [%clk 0:06:01] } 20. O-O-O { [%clk 0:06:24] } 20... Rd8 { [%clk 0:05:55] }
21. c5 { [%clk 0:06:19] } 21... Nd3+ { [%clk 0:05:43] } 22. Kb1
{ [%clk 0:06:09] } 22... Nxc5 { [%clk 0:05:40] } 23. Bf7+ { [%clk 0:05:58] }
23... Ke7 { [%clk 0:05:28] } 24. Rdf1 { [%clk 0:05:21] } 24... Nf6
{ [%clk 0:05:14] } 25. Rf5 { [%clk 0:05:13] } 25... Nce4 { [%clk 0:04:42] } 26.
Bb3 { [%clk 0:04:58] } 26... Nd2+ { [%clk 0:04:35] } 27. Kc2 { [%clk 0:04:45] }
27... Nxb3 { [%clk 0:04:33] } 28. axb3 { [%clk 0:04:45] } 28... Rd5
{ [%clk 0:04:28] } 29. Rf3 { [%clk 0:04:36] } 29... Rhd8 { [%clk 0:04:25] } 30.
Rhf1 { [%clk 0:04:21] } 30... Rd2+ { [%clk 0:04:12] } 31. Kc1
{ [%clk 0:04:16] } 31... Ne4 { [%clk 0:04:10] } 32. Rf7+ { [%clk 0:04:06] }
32... Ke6 { [%clk 0:04:08] } 33. Rxb7 { [%clk 0:03:57] } 33... Rxg2
{ [%clk 0:03:57] } 34. Rxa7 { [%clk 0:03:42] } 34... Rdd2 { [%clk 0:03:53] }
35. Ra2 { [%clk 0:03:29] } 35... Rc2+ { [%clk 0:03:50] } 36. Kb1
{ [%clk 0:03:26] } 36... Rxh2 { [%clk 0:03:43] } 37. Rc1 { [%clk 0:03:09] }
37... Nd2+ { [%clk 0:03:37] } 38. Kxc2 { [%clk 0:03:05] } 38... Nc4+
{ [%clk 0:03:28] } 39. Kc3 { [%clk 0:02:59] } 39... Nxe3 { [%clk 0:03:25] } 40.
Re1 { [%clk 0:02:50] } 40... Rh3 { [%clk 0:03:21] } 41. Kd3 { [%clk 0:02:45] }
1-0"
Rated Rapid game,https://lichess.org/fgElauPC,2024.08.01,-,raj47,shrawan_583,0-1,2024.08.01,08:46:27,1715,1683,,,B10,Caro-Kann Defense,600+0,Time forfeit,"1. e4 { [%clk 0:10:00] } 1... c6 { [%clk 0:10:00] } 2. Nf3 { [%clk 0:09:58] }
2... d5 { [%clk 0:09:51] } 3. exd5 { [%clk 0:09:56] } 3... cxd5
{ [%clk 0:09:50] } 4. a3 { [%clk 0:09:55] } 4... e6 { [%clk 0:09:49] } 5. h3
{ [%clk 0:09:52] } 5... Nd7 { [%clk 0:09:45] } 6. Bb5 { [%clk 0:09:50] } 6...
Ne7 { [%clk 0:09:41] } 7. O-O { [%clk 0:09:47] } 7... a6 { [%clk 0:09:35] } 8.
Ba4 { [%clk 0:09:43] } 8... Nf5 { [%clk 0:09:21] } 9. d3 { [%clk 0:09:34] }
9... Bd6 { [%clk 0:09:18] } 10. Bg5 { [%clk 0:09:17] } 10... f6
{ [%clk 0:09:12] } 11. Bh4 { [%clk 0:09:14] } 11... Nxh4 { [%clk 0:09:07] } 12.
Nxh4 { [%clk 0:09:08] } 12... O-O { [%clk 0:09:03] } 13. Qh5 { [%clk 0:08:40] }
13... f5 { [%clk 0:08:51] } 14. Nf3 { [%clk 0:07:35] } 14... b5
{ [%clk 0:08:30] } 15. Bb3 { [%clk 0:07:27] } 15... Nf6 { [%clk 0:08:27] } 16.
Qg5 { [%clk 0:06:54] } 16... f4 { [%clk 0:08:09] } 17. Nc3 { [%clk 0:06:00] }
17... h6 { [%clk 0:08:06] } 18. Qg6 { [%clk 0:05:36] } 18... Bd7
{ [%clk 0:08:00] } 19. d4 { [%clk 0:04:36] } 19... Rf7 { [%clk 0:06:39] } 20.
Rae1 { [%clk 0:04:20] } 20... Qe7 { [%clk 0:06:11] } 21. Bxd5
{ [%clk 0:03:19] } 21... Nxd5 { [%clk 0:05:33] } 22. Nxd5 { [%clk 0:03:08] }
22... Qd8 { [%clk 0:04:53] } 23. Nc3 { [%clk 0:02:42] } 23... Rf6
{ [%clk 0:04:42] } 24. Qe4 { [%clk 0:02:23] } 24... Rc8 { [%clk 0:04:32] } 25.
Ne5 { [%clk 0:01:41] } 25... f3 { [%clk 0:03:25] } 26. Nxf3 { [%clk 0:01:08] }
26... Bc6 { [%clk 0:02:58] } 27. d5 { [%clk 0:00:58] } 27... Rf4
{ [%clk 0:02:39] } 28. Qxe6+ { [%clk 0:00:47] } 28... Rf7 { [%clk 0:02:23] }
29. dxc6 { [%clk 0:00:39] } 29... Rxc6 { [%clk 0:02:17] } 30. Qe8+
{ [%clk 0:00:29] } 30... Qxe8 { [%clk 0:02:09] } 31. Rxe8+ { [%clk 0:00:26] }
31... Kh7 { [%clk 0:02:06] } 32. Rfe1 { [%clk 0:00:22] } 32... Rf8
{ [%clk 0:01:56] } 33. R8e6 { [%clk 0:00:17] } 33... Rf6 { [%clk 0:01:42] } 34.
Rxf6 { [%clk 0:00:11] } 34... gxf6 { [%clk 0:01:40] } 35. Ne4
{ [%clk 0:00:09] } 35... Be7 { [%clk 0:01:33] } 36. Nd4 { [%clk 0:00:04] }
36... Rc7 { [%clk 0:01:24] } 37. Nf5 { [%clk 0:00:02] } 37... Kg6
{ [%clk 0:01:21] } 0-1"
Rated Rapid game,https://lichess.org/R5sy0TEI,2024.08.01,-,quentin252,Venyariel,0-1,2024.08.01,08:46:23,1475,1519,,,A40,Queen's Pawn Game: Modern Defense,600+0,Normal,"1. d4 { [%eval 0.16] [%clk 0:10:00] } 1... g6 { [%eval 0.44] [%clk 0:10:00] }
2. f4 $6 { [%eval -0.29] [%clk 0:09:51] } 2... Nf6
{ [%eval -0.29] [%clk 0:09:59] } 3. c3 { [%eval -0.23] [%clk 0:09:43] } 3... d5
{ [%eval -0.25] [%clk 0:09:58] } 4. Nf3 { [%eval -0.3] [%clk 0:09:31] } 4...
Bg4 { [%eval 0.09] [%clk 0:09:52] } 5. h3 $6 { [%eval -0.78] [%clk 0:09:25] }
5... Bxf3 { [%eval -0.84] [%clk 0:09:50] } 6. exf3
{ [%eval -0.84] [%clk 0:09:21] } 6... Bg7 $6 { [%eval 0.08] [%clk 0:09:50] } 7.
Bd3 { [%eval -0.42] [%clk 0:08:58] } 7... c6 { [%eval 0.07] [%clk 0:09:47] } 8.
f5 { [%eval -0.29] [%clk 0:08:56] } 8... Qd6 { [%eval -0.25] [%clk 0:09:33] }
9. fxg6 $2 { [%eval -1.31] [%clk 0:08:39] } 9... hxg6 $6
{ [%eval -0.61] [%clk 0:09:32] } 10. f4 { [%eval -0.6] [%clk 0:08:29] } 10...
Nbd7 { [%eval -0.51] [%clk 0:09:26] } 11. f5 $2
{ [%eval -2.92] [%clk 0:08:27] } 11... gxf5 $6 { [%eval -1.95] [%clk 0:09:20] }
12. Bxf5 $6 { [%eval -2.61] [%clk 0:08:25] } 12... e6
{ [%eval -2.7] [%clk 0:09:16] } 13. Bd3 { [%eval -2.8] [%clk 0:08:16] } 13...
Qg3+ { [%eval -3.05] [%clk 0:09:15] } 14. Kf1 { [%eval -2.77] [%clk 0:08:05] }
14... Nh5 { [%eval -2.76] [%clk 0:08:53] } 15. Qf3 $2
{ [%eval -4.33] [%clk 0:07:15] } 15... Qxf3+ { [%eval -4.54] [%clk 0:08:43] }
16. gxf3 { [%eval -4.5] [%clk 0:07:12] } 16... Ng3+
{ [%eval -4.49] [%clk 0:08:41] } 17. Kg2 { [%eval -4.51] [%clk 0:07:12] } 17...
Nxh1 { [%eval -4.46] [%clk 0:08:40] } 18. Kxh1 { [%eval -4.62] [%clk 0:07:12] }
18... Rxh3+ { [%eval -4.74] [%clk 0:08:36] } 19. Kg2
{ [%eval -4.61] [%clk 0:07:11] } 19... Rh8 { [%eval -4.73] [%clk 0:08:26] } 20.
Nd2 { [%eval -4.81] [%clk 0:07:04] } 20... O-O-O
{ [%eval -4.87] [%clk 0:08:24] } 21. Nb3 { [%eval -5.0] [%clk 0:07:03] } 21...
Rdg8 { [%eval -4.97] [%clk 0:08:08] } 22. Kf2 { [%eval -5.14] [%clk 0:07:01] }
22... Bf6 { [%eval -4.59] [%clk 0:08:01] } 23. Bf4
{ [%eval -4.56] [%clk 0:06:54] } 23... Bg5 { [%eval -4.65] [%clk 0:07:53] } 24.
Bd6 { [%eval -4.67] [%clk 0:06:41] } 24... Rh2+ $4
{ [%eval 3.09] [%clk 0:07:50] } 25. Kg1 $4 { [%eval #-9] [%clk 0:06:35] } 25...
Rxb2 { [%eval #-8] [%clk 0:07:42] } 26. Bh7 { [%eval #-5] [%clk 0:05:49] }
26... Be3+ { [%eval #-4] [%clk 0:07:38] } 27. Kf1
{ [%eval #-1] [%clk 0:05:46] } 27... Rg1# { [%clk 0:07:34] } 0-1"
Rated Rapid game,https://lichess.org/sxKG3RT4,2024.08.01,-,digestiv,vasq3033,1-0,2024.08.01,08:46:23,1609,1586,,,A45,Trompowsky Attack,600+0,Normal,"1. d4 { [%clk 0:10:00] } 1... Nf6 { [%clk 0:10:00] } 2. Bg5 { [%clk 0:09:57] }
2... d6 { [%clk 0:09:58] } 3. Nc3 { [%clk 0:09:54] } 3... g6 { [%clk 0:09:57] }
4. h4 { [%clk 0:09:51] } 4... Bg7 { [%clk 0:09:56] } 5. e3 { [%clk 0:09:47] }
5... h6 { [%clk 0:09:54] } 6. Bxf6 { [%clk 0:09:41] } 6... Bxf6
{ [%clk 0:09:53] } 7. h5 { [%clk 0:09:40] } 7... g5 { [%clk 0:09:51] } 8. Bd3
{ [%clk 0:09:36] } 8... Be6 { [%clk 0:09:43] } 9. d5 { [%clk 0:09:33] } 9...
Bd7 { [%clk 0:09:41] } 10. Qd2 { [%clk 0:09:30] } 10... c6 { [%clk 0:09:40] }
11. Ne4 { [%clk 0:09:23] } 11... Bxb2 { [%clk 0:09:36] } 12. Rb1
{ [%clk 0:09:16] } 12... Ba3 { [%clk 0:09:02] } 13. Qc3 { [%clk 0:09:14] }
13... c5 { [%clk 0:08:59] } 14. Qxh8# { [%clk 0:09:11] } 1-0"
Rated Rapid game,https://lichess.org/8bzezurV,2024.08.01,-,jjkouf7,aliparsa809,0-1,2024.08.01,08:46:23,1365,1353,,,C55,"Italian Game: Two Knights Defense, Modern Bishop's Opening",600+0,Normal,"1. e4 { [%clk 0:10:00] } 1... e5 { [%clk 0:10:00] } 2. Nf3 { [%clk 0:09:57] }
2... Nc6 { [%clk 0:09:58] } 3. Bc4 { [%clk 0:09:51] } 3... Nf6
{ [%clk 0:09:54] } 4. d3 { [%clk 0:09:49] } 4... d6 { [%clk 0:09:49] } 5. Bg5
{ [%clk 0:09:39] } 5... Be7 { [%clk 0:09:47] } 6. h3 { [%clk 0:09:33] } 6...
Nd4 { [%clk 0:09:42] } 7. Nc3 { [%clk 0:09:24] } 7... Nxf3+ { [%clk 0:09:39] }
8. Qxf3 { [%clk 0:09:20] } 8... Be6 { [%clk 0:09:34] } 9. g4 { [%clk 0:08:57] }
9... Bxc4 { [%clk 0:09:31] } 10. dxc4 { [%clk 0:08:54] } 10... Qd7
{ [%clk 0:09:26] } 11. O-O-O { [%clk 0:08:43] } 11... O-O-O { [%clk 0:09:24] }
12. Bxf6 { [%clk 0:08:33] } 12... Bxf6 { [%clk 0:09:22] } 13. Qe3
{ [%clk 0:08:33] } 13... h6 { [%clk 0:09:18] } 14. Qxa7 { [%clk 0:08:22] }
14... c5 { [%clk 0:09:09] } 15. Nd5 { [%clk 0:08:14] } 15... Bg5+
{ [%clk 0:08:45] } 16. Kb1 { [%clk 0:08:02] } 16... Qc6 { [%clk 0:08:42] } 17.
f4 { [%clk 0:07:30] } 17... exf4 { [%clk 0:08:39] } 18. e5 { [%clk 0:07:24] }
18... Be7 { [%clk 0:08:35] } 19. exd6 { [%clk 0:07:17] } 19... Qxd6
{ [%clk 0:08:24] } 20. Rhe1 { [%clk 0:06:57] } 20... f3 { [%clk 0:08:12] } 21.
Nxe7+ { [%clk 0:06:54] } 21... Qxe7 { [%clk 0:08:03] } 22. Rxe7
{ [%clk 0:06:51] } 22... Rxd1# { [%clk 0:08:00] } 0-1"
Rated Rapid game,https://lichess.org/JH5FnogN,2024.08.01,-,npxx,Onyks53,1-0,2024.08.01,08:46:23,1272,1323,,,B20,Sicilian Defense,600+0,Normal,"1. e4 { [%clk 0:10:00] } 1... c5 { [%clk 0:10:00] } 2. e5 { [%clk 0:09:57] }
2... e6 { [%clk 0:09:59] } 3. d4 { [%clk 0:09:51] } 3... cxd4
{ [%clk 0:09:57] } 4. Qxd4 { [%clk 0:09:49] } 4... g6 { [%clk 0:09:55] } 5. Nh3
{ [%clk 0:09:35] } 5... Bg7 { [%clk 0:09:53] } 6. f4 { [%clk 0:09:34] } 6...
Ne7 { [%clk 0:09:51] } 7. Qb4 { [%clk 0:09:24] } 7... O-O { [%clk 0:09:45] } 8.
Qe4 { [%clk 0:09:17] } 8... Nd5 { [%clk 0:09:42] } 9. c4 { [%clk 0:09:07] }
9... Nc7 { [%clk 0:09:32] } 10. Nc3 { [%clk 0:08:58] } 10... f6
{ [%clk 0:09:26] } 11. c5 { [%clk 0:08:42] } 11... f5 { [%clk 0:09:22] } 12.
Qf3 { [%clk 0:08:39] } 12... Nd5 { [%clk 0:09:15] } 13. Nxd5 { [%clk 0:08:37] }
13... exd5 { [%clk 0:09:14] } 14. Qxd5+ { [%clk 0:08:35] } 14... Kh8
{ [%clk 0:09:10] } 15. Ba6 { [%clk 0:08:32] } 15... Nc6 { [%clk 0:09:06] } 16.
Bc4 { [%clk 0:08:19] } 16... a6 { [%clk 0:08:55] } 17. b4 { [%clk 0:08:17] }
17... Nxb4 { [%clk 0:08:49] } 18. Qf3 { [%clk 0:08:08] } 18... Nc6
{ [%clk 0:08:46] } 19. O-O { [%clk 0:08:02] } 19... b6 { [%clk 0:08:45] } 20.
cxb6 { [%clk 0:07:58] } 20... Qxb6+ { [%clk 0:08:42] } 21. Be3
{ [%clk 0:07:42] } 21... Qc7 { [%clk 0:08:35] } 22. Bd5 { [%clk 0:07:34] }
22... Bb7 { [%clk 0:08:31] } 23. Rfc1 { [%clk 0:07:32] } 23... d6
{ [%clk 0:08:18] } 24. Rab1 { [%clk 0:07:11] } 24... dxe5 { [%clk 0:08:12] }
25. Ng5 { [%clk 0:06:50] } 25... e4 { [%clk 0:07:55] } 26. Qd1
{ [%clk 0:06:40] } 26... Bf6 { [%clk 0:07:45] } 27. Bd4 { [%clk 0:06:33] }
27... Bxd4+ { [%clk 0:07:25] } 28. Qxd4+ { [%clk 0:06:29] } 28... Nxd4
{ [%clk 0:07:18] } 29. Rxc7 { [%clk 0:06:12] } 29... Bxd5 { [%clk 0:07:15] }
30. Rxh7+ { [%clk 0:05:58] } 30... Kg8 { [%clk 0:07:11] } 31. Rb6
{ [%clk 0:05:49] } 31... Bxa2 { [%clk 0:07:06] } 32. Rxg6# { [%clk 0:05:47] }
1-0"
Rated Rapid game,https://lichess.org/cGQO1W8l,2024.08.01,-,Canberkc09,anitamari,0-1,2024.08.01,08:46:23,880,757,,,C00,French Defense: Knight Variation,600+0,Normal,"1. e4 { [%clk 0:10:00] } 1... e6 { [%clk 0:10:00] } 2. Nf3 { [%clk 0:09:59] }
2... Nf6 { [%clk 0:09:57] } 3. Ng5 { [%clk 0:09:57] } 3... d5
{ [%clk 0:09:46] } 4. exd5 { [%clk 0:09:53] } 4... exd5 { [%clk 0:09:46] } 5.
Qf3 { [%clk 0:09:51] } 5... Ng4 { [%clk 0:09:37] } 6. Bb5+ { [%clk 0:09:25] }
6... c6 { [%clk 0:09:31] } 7. Nxf7 { [%clk 0:09:23] } 7... Qe7+
{ [%clk 0:09:22] } 8. Kf1 { [%clk 0:09:05] } 8... Qc5 { [%clk 0:09:13] } 9.
Bxc6+ { [%clk 0:08:46] } 9... Qxc6 { [%clk 0:09:08] } 10. Nxh8
{ [%clk 0:08:45] } 10... Qxc2 { [%clk 0:09:03] } 11. Qxg4 { [%clk 0:08:23] }
11... Qxc1+ { [%clk 0:09:00] } 12. Ke2 { [%clk 0:08:04] } 12... Qxh1
{ [%clk 0:08:55] } 13. Qxc8+ { [%clk 0:08:02] } 13... Ke7 { [%clk 0:08:47] }
14. Qxb7+ { [%clk 0:07:52] } 14... Ke6 { [%clk 0:08:43] } 15. Qxa8
{ [%clk 0:07:51] } 15... Qxg2 { [%clk 0:08:39] } 16. Qxb8 { [%clk 0:07:41] }
16... Qe4+ { [%clk 0:08:35] } 17. Kd1 { [%clk 0:07:32] } 17... g5
{ [%clk 0:08:20] } 18. Qe8+ { [%clk 0:07:11] } 18... Kf5 { [%clk 0:08:01] } 19.
Qxf8+ { [%clk 0:06:59] } 19... Ke5 { [%clk 0:07:53] } 20. f3 { [%clk 0:06:54] }
20... Qd4 { [%clk 0:07:48] } 21. Qe8+ { [%clk 0:06:44] } 21... Kf4
{ [%clk 0:07:44] } 22. Qf8+ { [%clk 0:06:40] } 22... Ke5 { [%clk 0:07:25] } 23.
Nc3 { [%clk 0:06:29] } 23... Qg1+ { [%clk 0:07:15] } 24. Kc2 { [%clk 0:06:21] }
24... Qxa1 { [%clk 0:07:12] } 25. Nxd5 { [%clk 0:06:14] } 25... Kxd5
{ [%clk 0:07:06] } 26. Qf5+ { [%clk 0:06:09] } 26... Kc4 { [%clk 0:07:00] } 27.
d3+ { [%clk 0:06:06] } 27... Kb4 { [%clk 0:06:56] } 28. d4 { [%clk 0:06:05] }
28... Qxa2 { [%clk 0:06:51] } 29. d5 { [%clk 0:06:03] } 29... Qa4+
{ [%clk 0:06:48] } 30. Kd2 { [%clk 0:05:52] } 30... Kb3 { [%clk 0:06:44] } 31.
d6 { [%clk 0:05:50] } 31... Qe8 { [%clk 0:06:41] } 32. d7 { [%clk 0:05:39] }
32... Qxh8 { [%clk 0:06:35] } 33. Qf6 { [%clk 0:04:50] } 33... Qxf6
{ [%clk 0:06:25] } 34. d8=Q { [%clk 0:03:01] } 34... Qxd8+ { [%clk 0:06:18] }
0-1"
Rated Rapid game,https://lichess.org/8G5uNCiU,2024.08.01,-,Vissad,tHe_sEcReT_wEaPoNs,1-0,2024.08.01,08:46:23,2416,2253,,,D02,Queen's Pawn Game: London System,600+0,Normal,"1. d4 { [%clk 0:10:00] } 1... d5 { [%clk 0:10:00] } 2. Nf3 { [%clk 0:09:59] }
2... Nf6 { [%clk 0:09:58] } 3. Bf4 { [%clk 0:09:57] } 3... c5
{ [%clk 0:09:54] } 4. e3 { [%clk 0:09:54] } 4... Nc6 { [%clk 0:09:42] } 5. c3
{ [%clk 0:09:52] } 5... Qb6 { [%clk 0:09:18] } 6. Qb3 { [%clk 0:09:48] } 6...
c4 { [%clk 0:09:05] } 7. Qxb6 { [%clk 0:09:46] } 7... axb6 { [%clk 0:09:05] }
8. Na3 { [%clk 0:09:45] } 8... e5 { [%clk 0:08:54] } 9. Nb5 { [%clk 0:09:43] }
9... Ra5 { [%clk 0:08:24] } 10. Nc7+ { [%clk 0:09:02] } 10... Kd8
{ [%clk 0:07:59] } 11. dxe5 { [%clk 0:08:44] } 11... Nh5 { [%clk 0:07:28] } 12.
Nxd5 { [%clk 0:08:24] } 12... Rxd5 { [%clk 0:07:09] } 13. Bxc4
{ [%clk 0:08:23] } 13... Ra5 { [%clk 0:06:21] } 14. Bxf7 { [%clk 0:08:03] }
14... Nxf4 { [%clk 0:06:09] } 15. exf4 { [%clk 0:08:03] } 15... Be7
{ [%clk 0:05:55] } 16. Bb3 { [%clk 0:07:36] } 16... Kc7 { [%clk 0:05:16] } 17.
Nd2 { [%clk 0:07:21] } 17... Bf5 { [%clk 0:04:56] } 18. Nc4 { [%clk 0:07:13] }
18... Raa8 { [%clk 0:04:47] } 19. Ne3 { [%clk 0:07:11] } 19... Be4
{ [%clk 0:04:38] } 20. f3 { [%clk 0:07:09] } 20... Bg6 { [%clk 0:04:22] } 21.
f5 { [%clk 0:05:46] } 21... Bh5 { [%clk 0:04:00] } 22. Nd5+ { [%clk 0:05:34] }
22... Kb8 { [%clk 0:03:39] } 23. Nxb6 { [%clk 0:05:23] } 23... Ra5
{ [%clk 0:03:35] } 24. f4 { [%clk 0:04:22] } 24... Kc7 { [%clk 0:03:16] } 25.
Nd5+ { [%clk 0:04:16] } 25... Kb8 { [%clk 0:03:12] } 26. h3 { [%clk 0:04:02] }
26... Bh4+ { [%clk 0:03:04] } 27. Kf1 { [%clk 0:03:35] } 27... Rf8
{ [%clk 0:02:55] } 28. g4 { [%clk 0:03:32] } 28... Be8 { [%clk 0:01:37] } 29.
Rd1 { [%clk 0:03:18] } 29... h5 { [%clk 0:01:14] } 30. Bc4 { [%clk 0:02:29] }
30... Rc5 { [%clk 0:01:03] } 31. Bb3 { [%clk 0:02:25] } 31... b5
{ [%clk 0:00:54] } 32. Ke2 { [%clk 0:02:15] } 32... Na5 { [%clk 0:00:50] } 33.
Bc2 { [%clk 0:02:05] } 33... Nc4 { [%clk 0:00:46] } 34. b4 { [%clk 0:01:51] }
34... Rc8 { [%clk 0:00:42] } 35. Rhg1 { [%clk 0:01:33] } 35... Bc6
{ [%clk 0:00:34] } 36. gxh5 { [%clk 0:01:28] } 36... Rce8 { [%clk 0:00:25] }
37. Rxg7 { [%clk 0:01:19] } 37... Nxe5 { [%clk 0:00:21] } 38. fxe5
{ [%clk 0:01:15] } 38... Rxe5+ { [%clk 0:00:19] } 39. Ne3 { [%clk 0:01:14] }
39... Rfe8 { [%clk 0:00:18] } 40. Rd3 { [%clk 0:00:58] } 40... Be4
{ [%clk 0:00:16] } 41. Rdd7 { [%clk 0:00:53] } 41... Bxc2 { [%clk 0:00:14] }
42. Rb7+ { [%clk 0:00:51] } 42... Kc8 { [%clk 0:00:10] } 43. Rgc7+
{ [%clk 0:00:49] } 43... Kd8 { [%clk 0:00:09] } 44. Rd7+ { [%clk 0:00:48] }
44... Kc8 { [%clk 0:00:09] } 45. Kd2 { [%clk 0:00:47] } 45... Rxe3
{ [%clk 0:00:07] } 46. Kxc2 { [%clk 0:00:45] } 46... Re2+ { [%clk 0:00:07] }
47. Kb3 { [%clk 0:00:45] } 47... R2e7 { [%clk 0:00:07] } 48. Rbc7+
{ [%clk 0:00:42] } 48... Kb8 { [%clk 0:00:05] } 49. Rb7+ { [%clk 0:00:40] }
49... Kc8 { [%clk 0:00:05] } 50. Rxe7 { [%clk 0:00:40] } 50... Rxe7
{ [%clk 0:00:03] } 51. Rxb5 { [%clk 0:00:39] } 51... Rf7 { [%clk 0:00:02] } 52.
Rc5+ { [%clk 0:00:38] } 52... Kd8 { [%clk 0:00:01] } 53. a4 { [%clk 0:00:38] }
53... Ke7 { [%clk 0:00:01] } 54. a5 { [%clk 0:00:37] } 54... Kf6
{ [%clk 0:00:01] } 55. a6 { [%clk 0:00:36] } 55... Kg5 { [%clk 0:00:01] } 56.
b5 { [%clk 0:00:35] } 56... Ra7 { [%clk 0:00:01] } 57. Kb4 { [%clk 0:00:33] }
57... Ra8 { [%clk 0:00:01] } 1-0"
Rated Rapid game,https://lichess.org/raeyx42f,2024.08.01,-,Mane_of_Chaos,MihailLazar,1-0,2024.08.01,08:46:23,1891,1897,,,C66,"Ruy Lopez: Berlin Defense, Closed Wolf Variation",600+0,Normal,"1. e4 { [%clk 0:10:00] } 1... e5 { [%clk 0:10:00] } 2. Nf3 { [%clk 0:09:58] }
2... Nc6 { [%clk 0:09:58] } 3. Nc3 { [%clk 0:09:56] } 3... Nf6
{ [%clk 0:09:52] } 4. Bb5 { [%clk 0:09:53] } 4... d6 { [%clk 0:09:48] } 5. O-O
{ [%clk 0:09:51] } 5... Bd7 { [%clk 0:09:46] } 6. d4 { [%clk 0:09:49] } 6...
exd4 { [%clk 0:09:44] } 7. Nxd4 { [%clk 0:09:47] } 7... Nxd4 { [%clk 0:09:42] }
8. Bxd7+ { [%clk 0:09:45] } 8... Qxd7 { [%clk 0:09:40] } 9. Qxd4
{ [%clk 0:09:43] } 9... a6 { [%clk 0:09:36] } 10. Bg5 { [%clk 0:09:37] } 10...
Be7 { [%clk 0:09:33] } 11. Rfd1 { [%clk 0:09:33] } 11... O-O { [%clk 0:09:30] }
12. e5 { [%clk 0:09:27] } 12... Ne8 { [%clk 0:09:20] } 13. Bxe7
{ [%clk 0:09:24] } 13... Qxe7 { [%clk 0:09:18] } 14. exd6 { [%clk 0:09:15] }
14... Qxd6 { [%clk 0:09:17] } 15. Qg4 { [%clk 0:08:53] } 15... Qb6
{ [%clk 0:09:02] } 16. b3 { [%clk 0:08:40] } 16... Nf6 { [%clk 0:08:59] } 17.
Qf3 { [%clk 0:08:23] } 17... c6 { [%clk 0:08:53] } 18. Rd6 { [%clk 0:08:15] }
18... Qc5 { [%clk 0:08:46] } 19. Rad1 { [%clk 0:08:06] } 19... Rae8
{ [%clk 0:08:34] } 20. h3 { [%clk 0:08:01] } 20... Nd5 { [%clk 0:08:14] } 21.
R6xd5 { [%clk 0:07:50] } 21... cxd5 { [%clk 0:08:11] } 22. Nxd5
{ [%clk 0:07:47] } 22... Rd8 { [%clk 0:07:59] } 23. c4 { [%clk 0:07:44] } 23...
Qa5 { [%clk 0:07:46] } 24. Qd3 { [%clk 0:06:58] } 24... Qxa2 { [%clk 0:07:28] }
25. Ne7+ { [%clk 0:06:54] } 25... Kh8 { [%clk 0:07:14] } 26. Qxd8
{ [%clk 0:06:53] } 1-0"
Rated Rapid game,https://lichess.org/JkPFurYp,2024.08.01,-,sollanomarkbenson,az5072,1-0,2024.08.01,08:46:23,1777,1833,,,C00,French Defense: Queen's Knight,600+0,Time forfeit,"1. e4 { [%eval 0.15] [%clk 0:10:00] } 1... e6 { [%eval 0.25] [%clk 0:10:00] }
2. Nc3 { [%eval 0.31] [%clk 0:09:59] } 2... b6 { [%eval 0.76] [%clk 0:09:57] }
3. Bc4 $6 { [%eval 0.12] [%clk 0:09:54] } 3... Bb7
{ [%eval 0.08] [%clk 0:09:55] } 4. d3 { [%eval -0.06] [%clk 0:09:51] } 4... h6
{ [%eval 0.13] [%clk 0:09:53] } 5. Nge2 { [%eval 0.07] [%clk 0:09:50] } 5...
Nf6 { [%eval 0.23] [%clk 0:09:37] } 6. O-O { [%eval 0.18] [%clk 0:09:45] } 6...
Nh7 $6 { [%eval 1.13] [%clk 0:09:34] } 7. h3 $6 { [%eval 0.4] [%clk 0:09:44] }
7... Ng5 $2 { [%eval 1.68] [%clk 0:09:31] } 8. f4
{ [%eval 1.51] [%clk 0:09:42] } 8... Nh7 { [%eval 1.65] [%clk 0:09:13] } 9. f5
{ [%eval 1.46] [%clk 0:09:40] } 9... Qh4 $6 { [%eval 2.39] [%clk 0:08:35] } 10.
fxe6 { [%eval 1.81] [%clk 0:09:27] } 10... dxe6 { [%eval 1.62] [%clk 0:08:31] }
11. Rf4 $2 { [%eval 0.5] [%clk 0:09:13] } 11... Qd8
{ [%eval 0.7] [%clk 0:07:25] } 12. Qf1 $6 { [%eval -0.16] [%clk 0:08:30] }
12... Qd7 $2 { [%eval 1.37] [%clk 0:07:12] } 13. Be3 $6
{ [%eval 0.75] [%clk 0:07:23] } 13... Bd6 { [%eval 0.94] [%clk 0:06:57] } 14.
Rf2 { [%eval 0.76] [%clk 0:07:03] } 14... Bg3 $4
{ [%eval 5.44] [%clk 0:06:18] } 15. Nxg3 { [%eval 5.54] [%clk 0:06:55] } 15...
Ng5 { [%eval 5.69] [%clk 0:06:00] } 16. Bxg5 $2 { [%eval 4.46] [%clk 0:06:51] }
16... hxg5 { [%eval 4.55] [%clk 0:05:57] } 17. Nge2
{ [%eval 3.72] [%clk 0:05:37] } 17... Nc6 { [%eval 3.95] [%clk 0:05:42] } 18.
d4 { [%eval 3.85] [%clk 0:05:23] } 18... O-O-O { [%eval 4.59] [%clk 0:04:53] }
19. d5 $2 { [%eval 3.09] [%clk 0:05:15] } 19... Ne5
{ [%eval 2.79] [%clk 0:04:38] } 20. dxe6 { [%eval 2.83] [%clk 0:05:07] } 20...
fxe6 { [%eval 2.85] [%clk 0:04:23] } 21. Rd1 { [%eval 2.84] [%clk 0:04:57] }
21... Qe8 { [%eval 3.57] [%clk 0:03:56] } 22. Rxd8+
{ [%eval 3.55] [%clk 0:04:31] } 22... Kxd8 $6 { [%eval 4.49] [%clk 0:03:45] }
23. Bb3 { [%eval 4.39] [%clk 0:04:26] } 23... g4
{ [%eval 4.21] [%clk 0:03:39] } 24. Nf4 { [%eval 4.46] [%clk 0:04:07] } 24...
gxh3 { [%eval 4.55] [%clk 0:03:24] } 25. gxh3 { [%eval 3.91] [%clk 0:03:59] }
25... c5 { [%eval 4.77] [%clk 0:02:04] } 26. Bxe6
{ [%eval 4.93] [%clk 0:03:41] } 26... Ng6 $2 { [%eval 6.48] [%clk 0:01:38] }
27. Nxg6 { [%eval 5.34] [%clk 0:03:33] } 27... Qxg6+
{ [%eval 5.44] [%clk 0:01:35] } 28. Bg4 { [%eval 5.36] [%clk 0:03:28] } 28...
Kc7 $4 { [%eval #18] [%clk 0:00:54] } 29. Rf7+ { [%eval 9.33] [%clk 0:03:13] }
29... Kb8 { [%eval 7.86] [%clk 0:00:40] } 30. Qf4+
{ [%eval #10] [%clk 0:03:01] } 30... Ka8 { [%eval 9.83] [%clk 0:00:18] } 31.
Rf8+ { [%eval 7.83] [%clk 0:02:56] } 31... Rxf8 $2
{ [%eval #3] [%clk 0:00:12] } 32. Qxf8+ { [%eval #2] [%clk 0:02:55] } 1-0"
Rated Rapid game,https://lichess.org/1QrTuQlD,2024.08.01,-,s3ka123,sukkomukko,1/2-1/2,2024.08.01,08:46:23,919,991,,,C00,French Defense: Normal Variation,600+0,Normal,"1. d4 { [%clk 0:10:00] } 1... e6 { [%clk 0:10:00] } 2. e4 { [%clk 0:09:55] }
2... Bd6 { [%clk 0:09:55] } 3. e5 { [%clk 0:09:53] } 3... Be7
{ [%clk 0:09:50] } 4. f4 { [%clk 0:09:49] } 4... Nh6 { [%clk 0:09:48] } 5. g3
{ [%clk 0:09:47] } 5... O-O { [%clk 0:09:43] } 6. h4 { [%clk 0:09:43] } 6...
Nc6 { [%clk 0:09:35] } 7. c3 { [%clk 0:09:41] } 7... b6 { [%clk 0:09:28] } 8.
h5 { [%clk 0:09:38] } 8... Bb7 { [%clk 0:09:22] } 9. g4 { [%clk 0:09:33] } 9...
Na5 { [%clk 0:09:19] } 10. b4 { [%clk 0:09:30] } 10... Bxh1 { [%clk 0:09:16] }
11. bxa5 { [%clk 0:09:26] } 11... bxa5 { [%clk 0:09:08] } 12. a4
{ [%clk 0:09:24] } 12... Bh4+ { [%clk 0:08:59] } 13. Kd2 { [%clk 0:09:18] }
13... d5 { [%clk 0:08:34] } 14. Bd3 { [%clk 0:09:15] } 14... f5
{ [%clk 0:08:05] } 15. g5 { [%clk 0:09:13] } 15... Ng4 { [%clk 0:07:49] } 16.
Nf3 { [%clk 0:08:51] } 16... Nf2 { [%clk 0:07:24] } 17. Qf1 { [%clk 0:08:40] }
17... Nxd3 { [%clk 0:07:12] } 18. Qxd3 { [%clk 0:08:36] } 18... Bf2
{ [%clk 0:06:36] } 19. Qf1 { [%clk 0:08:28] } 19... Bxf3 { [%clk 0:06:26] } 20.
Qxf2 { [%clk 0:08:25] } 20... Bxh5 { [%clk 0:06:19] } 21. Qh4
{ [%clk 0:08:05] } 21... g6 { [%clk 0:06:07] } 22. Ba3 { [%clk 0:08:01] } 22...
Rf7 { [%clk 0:05:59] } 23. Bc5 { [%clk 0:07:58] } 23... c6 { [%clk 0:05:40] }
24. Na3 { [%clk 0:07:55] } 24... Qb8 { [%clk 0:05:31] } 25. Rb1
{ [%clk 0:07:46] } 25... Qc8 { [%clk 0:05:13] } 26. c4 { [%clk 0:07:32] } 26...
Rb8 { [%clk 0:05:08] } 27. Bxa7 { [%clk 0:07:26] } 27... Rxb1
{ [%clk 0:05:06] } 28. Nxb1 { [%clk 0:07:23] } 28... Qa6 { [%clk 0:05:02] } 29.
Bc5 { [%clk 0:07:13] } 29... Qxc4 { [%clk 0:04:53] } 30. Nc3 { [%clk 0:07:10] }
30... Rb7 { [%clk 0:04:31] } 31. Qg3 { [%clk 0:06:53] } 31... Rb2+
{ [%clk 0:04:20] } 32. Kc1 { [%clk 0:06:49] } 32... Qb3 { [%clk 0:04:02] } 33.
Qd3 { [%clk 0:06:40] } 33... Qc4 { [%clk 0:03:25] } 34. Qxc4 { [%clk 0:06:34] }
34... dxc4 { [%clk 0:03:23] } 35. Kxb2 { [%clk 0:06:27] } 35... Kf7
{ [%clk 0:03:17] } 36. d5 { [%clk 0:06:25] } 36... cxd5 { [%clk 0:03:14] } 37.
Bd4 { [%clk 0:06:15] } 37... Ke7 { [%clk 0:03:08] } 38. Nb5 { [%clk 0:06:11] }
38... Be2 { [%clk 0:02:54] } 39. Bc5+ { [%clk 0:06:07] } 39... Kd7
{ [%clk 0:02:49] } 40. Bb6 { [%clk 0:06:02] } 40... Kc6 { [%clk 0:02:46] } 41.
Nc3 { [%clk 0:05:59] } 41... Kxb6 { [%clk 0:02:44] } 42. Nxe2
{ [%clk 0:05:56] } 42... Kc5 { [%clk 0:02:42] } 43. Kc3 { [%clk 0:05:54] }
43... d4+ { [%clk 0:02:36] } 44. Nxd4 { [%clk 0:05:51] } 44... Kd5
{ [%clk 0:02:31] } 45. Nb5 { [%clk 0:05:48] } 45... Kc5 { [%clk 0:02:27] } 46.
Nd4 { [%clk 0:05:45] } 46... Kd5 { [%clk 0:02:25] } 47. Nb5 { [%clk 0:05:42] }
47... Kc5 { [%clk 0:02:23] } 48. Nd4 { [%clk 0:05:39] } 1/2-1/2"
Rated Rapid game,https://lichess.org/27slWD80,2024.08.01,-,Svitlana_Korol,Echodomi,0-1,2024.08.01,08:46:23,1212,1136,,,C41,Philidor Defense,600+0,Normal,"1. e4 { [%clk 0:10:00] } 1... e5 { [%clk 0:10:00] } 2. Nf3 { [%clk 0:09:59] }
2... d6 { [%clk 0:09:58] } 3. Bc4 { [%clk 0:09:54] } 3... Bg4
{ [%clk 0:09:56] } 4. O-O { [%clk 0:09:51] } 4... Nc6 { [%clk 0:09:50] } 5. h3
{ [%clk 0:09:47] } 5... Bxf3 { [%clk 0:09:47] } 6. Qxf3 { [%clk 0:09:46] } 6...
Qd7 { [%clk 0:09:45] } 7. d3 { [%clk 0:09:41] } 7... O-O-O { [%clk 0:09:43] }
8. Bxf7 { [%clk 0:09:35] } 8... Nf6 { [%clk 0:09:36] } 9. Bd5
{ [%clk 0:09:32] } 9... Nd4 { [%clk 0:09:25] } 10. Qd1 { [%clk 0:09:25] } 10...
c6 { [%clk 0:09:15] } 11. Bc4 { [%clk 0:09:17] } 11... b5 { [%clk 0:09:11] }
12. Bb3 { [%clk 0:09:12] } 12... d5 { [%clk 0:09:03] } 13. exd5
{ [%clk 0:09:09] } 13... cxd5 { [%clk 0:09:01] } 14. c3 { [%clk 0:09:05] }
14... Nf5 { [%clk 0:08:51] } 15. d4 { [%clk 0:08:59] } 15... e4
{ [%clk 0:08:45] } 16. Bg5 { [%clk 0:08:48] } 16... h6 { [%clk 0:08:37] } 17.
Bh4 { [%clk 0:08:46] } 17... g5 { [%clk 0:08:35] } 18. Bg3 { [%clk 0:08:45] }
18... Bd6 { [%clk 0:08:20] } 19. Be5 { [%clk 0:08:22] } 19... Bxe5
{ [%clk 0:08:10] } 20. dxe5 { [%clk 0:08:20] } 20... Nh5 { [%clk 0:08:04] } 21.
Bxd5 { [%clk 0:08:17] } 21... Qxd5 { [%clk 0:07:59] } 22. Qxh5
{ [%clk 0:08:04] } 22... Qxe5 { [%clk 0:07:44] } 23. Na3 { [%clk 0:07:55] }
23... e3 { [%clk 0:07:11] } 24. fxe3 { [%clk 0:07:46] } 24... Qxe3+
{ [%clk 0:07:08] } 25. Kh2 { [%clk 0:07:41] } 25... Qg3+ { [%clk 0:07:01] } 26.
Kh1 { [%clk 0:07:37] } 26... Ne3 { [%clk 0:06:55] } 27. Rf3 { [%clk 0:07:30] }
27... Qxg2# { [%clk 0:06:46] } 0-1"
Rated Rapid game,https://lichess.org/BONcrNCu,2024.08.01,-,SorokhteiMykola,lkijanovic,1-0,2024.08.01,08:46:23,2042,1935,,,B18,Caro-Kann Defense: Classical Variation,600+0,Normal,"1. e4 { [%eval 0.15] [%clk 0:10:00] } 1... c6 { [%eval 0.26] [%clk 0:10:00] }
2. d4 { [%eval 0.28] [%clk 0:09:58] } 2... d5 { [%eval 0.3] [%clk 0:09:59] } 3.
Nd2 { [%eval 0.23] [%clk 0:09:57] } 3... dxe4 { [%eval 0.27] [%clk 0:09:39] }
4. Nxe4 { [%eval 0.28] [%clk 0:09:51] } 4... Bf5
{ [%eval 0.21] [%clk 0:09:37] } 5. Ng5 { [%eval -0.15] [%clk 0:09:45] } 5... h6
{ [%eval 0.0] [%clk 0:09:11] } 6. Nxf7 $2 { [%eval -1.45] [%clk 0:09:40] } 6...
Kxf7 { [%eval -1.36] [%clk 0:09:11] } 7. Bc4+ { [%eval -1.32] [%clk 0:09:35] }
7... e6 { [%eval -1.42] [%clk 0:09:09] } 8. Nf3
{ [%eval -1.94] [%clk 0:09:32] } 8... Nf6 { [%eval -1.5] [%clk 0:09:08] } 9.
Ne5+ { [%eval -1.47] [%clk 0:09:29] } 9... Ke8 { [%eval -1.26] [%clk 0:09:04] }
10. g4 { [%eval -1.33] [%clk 0:09:18] } 10... Bh7
{ [%eval -1.18] [%clk 0:09:01] } 11. Bxe6 { [%eval -1.24] [%clk 0:09:12] }
11... Nbd7 { [%eval -1.18] [%clk 0:08:57] } 12. Nxd7
{ [%eval -1.19] [%clk 0:09:10] } 12... Nxd7 { [%eval -1.24] [%clk 0:08:56] }
13. Qe2 $2 { [%eval -2.56] [%clk 0:09:07] } 13... Be7 $2
{ [%eval -1.39] [%clk 0:08:54] } 14. O-O { [%eval -1.51] [%clk 0:08:59] } 14...
Rf8 $6 { [%eval -0.89] [%clk 0:08:52] } 15. g5 { [%eval -0.96] [%clk 0:08:53] }
15... hxg5 $4 { [%eval 3.41] [%clk 0:08:46] } 16. Qh5+
{ [%eval 3.44] [%clk 0:08:51] } 16... g6 { [%eval 3.38] [%clk 0:08:40] } 17.
Qxh7 { [%eval 3.39] [%clk 0:08:50] } 17... Nf6 $4 { [%eval #2] [%clk 0:08:39] }
1-0"
Rated Rapid game,https://lichess.org/JpHpmp0i,2024.08.01,-,Abbas1360FF,danosokha,0-1,2024.08.01,08:46:23,1538,1564,,,C65,"Ruy Lopez: Berlin Defense, Beverwijk Variation",600+0,Normal,"1. e4 { [%clk 0:10:00] } 1... e5 { [%clk 0:10:00] } 2. Nf3 { [%clk 0:09:59] }
2... Nc6 { [%clk 0:09:59] } 3. Bb5 { [%clk 0:09:58] } 3... Nf6
{ [%clk 0:09:57] } 4. O-O { [%clk 0:09:56] } 4... Bc5 { [%clk 0:09:55] } 5. d3
{ [%clk 0:09:54] } 5... O-O { [%clk 0:09:53] } 6. h3 { [%clk 0:09:53] } 6...
Nd4 { [%clk 0:09:49] } 7. Nxd4 { [%clk 0:09:51] } 7... Bxd4 { [%clk 0:09:48] }
8. Re1 { [%clk 0:09:49] } 8... c6 { [%clk 0:09:47] } 9. Bc4 { [%clk 0:09:47] }
9... d5 { [%clk 0:09:45] } 10. exd5 { [%clk 0:09:46] } 10... cxd5
{ [%clk 0:09:44] } 11. Bb3 { [%clk 0:09:45] } 11... Be6 { [%clk 0:09:35] } 12.
c3 { [%clk 0:09:43] } 12... Bb6 { [%clk 0:09:31] } 13. Bc2 { [%clk 0:09:35] }
13... Qd6 { [%clk 0:09:28] } 14. Nd2 { [%clk 0:09:31] } 14... Bc7
{ [%clk 0:09:27] } 15. Nf3 { [%clk 0:09:25] } 15... e4 { [%clk 0:09:11] } 16.
dxe4 { [%clk 0:09:24] } 16... dxe4 { [%clk 0:09:10] } 17. Qxd6
{ [%clk 0:09:23] } 17... Bxd6 { [%clk 0:09:08] } 18. Bxe4 { [%clk 0:09:19] }
18... Nxe4 { [%clk 0:09:06] } 19. Rxe4 { [%clk 0:09:18] } 19... Bd5
{ [%clk 0:09:01] } 20. Rd4 { [%clk 0:09:16] } 20... Bxf3 { [%clk 0:09:00] } 21.
Rxd6 { [%clk 0:09:09] } 21... Bc6 { [%clk 0:08:52] } 22. Be3 { [%clk 0:09:06] }
22... Rfd8 { [%clk 0:08:48] } 23. Rad1 { [%clk 0:09:04] } 23... Re8
{ [%clk 0:08:43] } 24. a4 { [%clk 0:08:56] } 24... h6 { [%clk 0:08:40] } 25. a5
{ [%clk 0:08:52] } 25... Re6 { [%clk 0:08:24] } 26. Rxe6 { [%clk 0:08:50] }
26... fxe6 { [%clk 0:08:23] } 27. b4 { [%clk 0:08:48] } 27... Bd5
{ [%clk 0:08:17] } 28. Rd4 { [%clk 0:08:45] } 28... Rc8 { [%clk 0:08:15] } 29.
Bd2 { [%clk 0:08:42] } 29... Kf7 { [%clk 0:08:11] } 30. Kf1 { [%clk 0:08:34] }
30... Bc4+ { [%clk 0:08:05] } 31. Ke1 { [%clk 0:08:32] } 31... e5
{ [%clk 0:08:03] } 32. Re4 { [%clk 0:08:27] } 32... Kf6 { [%clk 0:08:01] } 33.
f3 { [%clk 0:08:25] } 33... Bd3 { [%clk 0:07:52] } 34. Re3 { [%clk 0:08:19] }
34... Rd8 { [%clk 0:07:50] } 35. Kf2 { [%clk 0:08:04] } 35... g5
{ [%clk 0:07:45] } 36. Be1 { [%clk 0:08:01] } 36... h5 { [%clk 0:07:29] } 37.
g4 { [%clk 0:08:00] } 37... hxg4 { [%clk 0:07:27] } 38. fxg4 { [%clk 0:07:57] }
38... e4 { [%clk 0:07:25] } 39. Kg3 { [%clk 0:07:51] } 39... Rc8
{ [%clk 0:07:22] } 40. Bd2 { [%clk 0:07:46] } 40... Kg6 { [%clk 0:07:16] } 41.
Re1 { [%clk 0:07:39] } 41... Rf8 { [%clk 0:07:13] } 42. Kg2 { [%clk 0:07:32] }
0-1"
Rated Rapid game,https://lichess.org/0804fMN2,2024.08.01,-,bougoudu94,luhee,1-0,2024.08.01,08:46:28,1654,1696,,,A40,Horwitz Defense,600+0,Normal,"1. d4 { [%clk 0:10:00] } 1... e6 { [%clk 0:10:00] } 2. Bf4 { [%clk 0:09:59] }
2... d5 { [%clk 0:10:00] } 3. e3 { [%clk 0:09:58] } 3... Bd6 { [%clk 0:09:59] }
4. Bg3 { [%clk 0:09:56] } 4... Nf6 { [%clk 0:09:58] } 5. Nd2 { [%clk 0:09:51] }
5... Nbd7 { [%clk 0:09:50] } 6. Ngf3 { [%clk 0:09:49] } 6... O-O
{ [%clk 0:09:22] } 7. Be2 { [%clk 0:09:47] } 7... Re8 { [%clk 0:09:20] } 8. O-O
{ [%clk 0:09:45] } 8... e5 { [%clk 0:09:18] } 9. dxe5 { [%clk 0:09:26] } 9...
Nxe5 { [%clk 0:09:18] } 10. Nxe5 { [%clk 0:09:14] } 10... Bxe5
{ [%clk 0:09:18] } 11. Bxe5 { [%clk 0:09:08] } 11... Rxe5 { [%clk 0:09:18] }
12. Nf3 { [%clk 0:09:06] } 12... Re7 { [%clk 0:09:06] } 13. Qd2
{ [%clk 0:08:52] } 13... c6 { [%clk 0:08:26] } 14. Rad1 { [%clk 0:08:46] }
14... Qb6 { [%clk 0:08:14] } 15. b3 { [%clk 0:08:27] } 15... h6
{ [%clk 0:08:03] } 16. c4 { [%clk 0:08:21] } 16... dxc4 { [%clk 0:07:50] } 17.
Bxc4 { [%clk 0:08:16] } 17... Bg4 { [%clk 0:07:36] } 18. Be2 { [%clk 0:07:59] }
18... Rd7 { [%clk 0:07:22] } 19. Qc2 { [%clk 0:07:51] } 19... Rad8
{ [%clk 0:07:08] } 20. Rxd7 { [%clk 0:07:32] } 20... Rxd7 { [%clk 0:07:08] }
21. Ne5 { [%clk 0:07:28] } 21... Bxe2 { [%clk 0:06:51] } 22. Nxd7
{ [%clk 0:07:19] } 22... Nxd7 { [%clk 0:06:33] } 23. Qxe2 { [%clk 0:07:16] }
23... Ne5 { [%clk 0:06:23] } 24. Qd2 { [%clk 0:06:57] } 24... Qc5
{ [%clk 0:06:04] } 25. Rd1 { [%clk 0:06:50] } 25... Qe7 { [%clk 0:05:51] } 26.
Qd8+ { [%clk 0:06:46] } 26... Qxd8 { [%clk 0:05:47] } 27. Rxd8+
{ [%clk 0:06:45] } 1-0"
Rated Rapid game,https://lichess.org/yYGTTh9c,2024.08.01,-,HighQualityWorkout,goloa,1-0,2024.08.01,08:46:28,1495,1575,,,B12,"Caro-Kann Defense: Advance Variation, Short Variation",600+0,Normal,"1. e4 { [%clk 0:10:00] } 1... c6 { [%clk 0:10:00] } 2. d4 { [%clk 0:09:58] }
2... d5 { [%clk 0:09:59] } 3. e5 { [%clk 0:09:56] } 3... Bf5 { [%clk 0:09:56] }
4. Nf3 { [%clk 0:09:54] } 4... e6 { [%clk 0:09:55] } 5. Bg5 { [%clk 0:09:47] }
5... Qc7 { [%clk 0:09:50] } 6. c4 { [%clk 0:09:36] } 6... dxc4
{ [%clk 0:09:47] } 7. Bxc4 { [%clk 0:09:36] } 7... Nd7 { [%clk 0:09:39] } 8. b4
{ [%clk 0:09:31] } 8... a5 { [%clk 0:09:08] } 9. O-O { [%clk 0:09:23] } 9... h5
{ [%clk 0:08:32] } 10. Bh4 { [%clk 0:08:46] } 10... Bxb4 { [%clk 0:08:24] } 11.
a3 { [%clk 0:08:41] } 11... Be7 { [%clk 0:08:11] } 12. Nc3 { [%clk 0:08:37] }
12... Nh6 { [%clk 0:07:53] } 13. h3 { [%clk 0:08:32] } 13... Qd8
{ [%clk 0:07:43] } 14. Bg3 { [%clk 0:08:27] } 14... g5 { [%clk 0:07:17] } 15.
Qd2 { [%clk 0:07:58] } 15... g4 { [%clk 0:06:54] } 16. hxg4 { [%clk 0:07:07] }
16... hxg4 { [%clk 0:06:52] } 17. Nh2 { [%clk 0:07:00] } 17... Bg5
{ [%clk 0:06:46] } 18. Bf4 { [%clk 0:06:53] } 18... Bxf4 { [%clk 0:06:28] } 19.
Qxf4 { [%clk 0:06:53] } 19... Qh4 { [%clk 0:06:24] } 20. Rab1
{ [%clk 0:06:14] } 20... O-O-O { [%clk 0:06:19] } 21. Na4 { [%clk 0:06:04] }
21... Rdg8 { [%clk 0:06:06] } 22. Rb2 { [%clk 0:05:53] } 22... Be4
{ [%clk 0:05:49] } 23. Qxe4 { [%clk 0:05:42] } 23... Qxh2+ { [%clk 0:05:46] }
24. Kxh2 { [%clk 0:05:40] } 24... Nf5+ { [%clk 0:05:36] } 25. Kg1
{ [%clk 0:05:37] } 25... g3 { [%clk 0:05:32] } 26. fxg3 { [%clk 0:05:27] }
26... Nxg3 { [%clk 0:05:29] } 27. Qf3 { [%clk 0:05:14] } 27... Nf5
{ [%clk 0:04:58] } 28. Nc5 { [%clk 0:04:52] } 28... Nxc5 { [%clk 0:04:51] } 29.
dxc5 { [%clk 0:04:52] } 29... Rg3 { [%clk 0:04:47] } 30. Qe2 { [%clk 0:04:10] }
30... Ne3 { [%clk 0:04:26] } 31. Rxf7 { [%clk 0:03:59] } 31... Rhg8
{ [%clk 0:04:12] } 32. Bxe6+ { [%clk 0:03:57] } 32... Kb8 { [%clk 0:04:09] }
33. Rfxb7+ { [%clk 0:03:48] } 33... Ka8 { [%clk 0:04:05] } 34. Qa6#
{ [%clk 0:03:47] } 1-0"
Rated Rapid game,https://lichess.org/72l9ahiW,2024.08.01,-,mkinitumia,DRPDRP,0-1,2024.08.01,08:46:28,1642,1646,,,C34,King's Gambit Accepted: King's Knight's Gambit,600+0,Time forfeit,"1. e4 { [%clk 0:10:00] } 1... e5 { [%clk 0:10:00] } 2. f4 { [%clk 0:09:00] }
2... exf4 { [%clk 0:08:59] } 3. Nf3 { [%clk 0:08:58] } 3... Bb4
{ [%clk 0:08:52] } 4. Bc4 { [%clk 0:08:55] } 4... f6 { [%clk 0:08:46] } 5. e5
{ [%clk 0:08:39] } 5... d5 { [%clk 0:08:13] } 6. exd6 { [%clk 0:08:26] } 6...
Bxd6 { [%clk 0:08:05] } 7. O-O { [%clk 0:08:16] } 7... Bg4 { [%clk 0:07:58] }
8. d3 { [%clk 0:08:07] } 8... g5 { [%clk 0:07:49] } 9. Nbd2 { [%clk 0:07:51] }
9... a6 { [%clk 0:07:38] } 10. a3 { [%clk 0:07:45] } 10... Nc6
{ [%clk 0:07:37] } 11. h3 { [%clk 0:07:31] } 11... Bh5 { [%clk 0:07:36] } 12.
Qe2+ { [%clk 0:07:19] } 12... Qe7 { [%clk 0:07:23] } 13. Qf2 { [%clk 0:07:03] }
13... O-O-O { [%clk 0:07:15] } 14. b4 { [%clk 0:06:29] } 14... Kb8
{ [%clk 0:07:09] } 15. Nb3 { [%clk 0:06:18] } 15... Nh6 { [%clk 0:06:32] } 16.
Bb2 { [%clk 0:06:12] } 16... Nf5 { [%clk 0:06:16] } 17. b5 { [%clk 0:04:46] }
17... axb5 { [%clk 0:05:58] } 18. Bxb5 { [%clk 0:04:44] } 18... Na7
{ [%clk 0:05:36] } 19. a4 { [%clk 0:04:29] } 19... Ne3 { [%clk 0:05:08] } 20.
Rfe1 { [%clk 0:04:13] } 20... Rhg8 { [%clk 0:04:21] } 21. Bd4
{ [%clk 0:04:07] } 21... g4 { [%clk 0:03:32] } 22. hxg4 { [%clk 0:04:04] }
22... Bxg4 { [%clk 0:03:29] } 23. Bxe3 { [%clk 0:03:38] } 23... fxe3
{ [%clk 0:03:27] } 24. Rxe3 { [%clk 0:03:36] } 24... Qg7 { [%clk 0:03:10] } 25.
Bc4 { [%clk 0:03:25] } 25... Rge8 { [%clk 0:02:52] } 26. a5 { [%clk 0:03:01] }
26... Qh6 { [%clk 0:02:43] } 27. Rxe8 { [%clk 0:02:37] } 27... Rxe8
{ [%clk 0:02:22] } 28. a6 { [%clk 0:02:32] } 28... Bxf3 { [%clk 0:02:03] } 29.
Qxf3 { [%clk 0:02:24] } 29... Qh2+ { [%clk 0:02:00] } 30. Kf2
{ [%clk 0:02:18] } 30... Qh4+ { [%clk 0:01:41] } 31. g3 { [%clk 0:02:08] }
31... Qh2+ { [%clk 0:01:35] } 32. Kf1 { [%clk 0:01:34] } 32... Nc6
{ [%clk 0:00:36] } 33. Bd5 { [%clk 0:00:59] } 33... Bxg3 { [%clk 0:00:19] } 34.
Qg2 { [%clk 0:00:15] } 34... Qxg2+ { [%clk 0:00:12] } 35. Kxg2
{ [%clk 0:00:13] } 35... Bd6 { [%clk 0:00:08] } 36. Bxc6 { [%clk 0:00:09] }
36... bxc6 { [%clk 0:00:07] } 37. a7+ { [%clk 0:00:08] } 37... Ka8
{ [%clk 0:00:06] } 38. Nd4 { [%clk 0:00:05] } 38... Rg8+ { [%clk 0:00:05] } 39.
Kf3 { [%clk 0:00:03] } 39... Be5 { [%clk 0:00:04] } 40. Ke4 { [%clk 0:00:01] }
40... Bxd4 { [%clk 0:00:03] } 0-1"
Rated Rapid game,https://lichess.org/aqOy3YF2,2024.08.01,-,Zhitnikov_Aleks,contumacysg,1-0,2024.08.01,08:46:28,1983,1973,,,A22,"English Opening: King's English Variation, Two Knights Variation",600+0,Normal,"1. c4 { [%clk 0:10:00] } 1... e5 { [%clk 0:10:00] } 2. Nc3 { [%clk 0:09:59] }
2... Nf6 { [%clk 0:09:59] } 3. d3 { [%clk 0:09:56] } 3... d5 { [%clk 0:09:50] }
4. cxd5 { [%clk 0:09:55] } 4... Nxd5 { [%clk 0:09:49] } 5. Nxd5
{ [%clk 0:09:54] } 5... Qxd5 { [%clk 0:09:48] } 6. e4 { [%clk 0:09:53] } 6...
Qe6 { [%clk 0:09:35] } 7. Nf3 { [%clk 0:09:51] } 7... Nc6 { [%clk 0:09:33] } 8.
Be2 { [%clk 0:09:48] } 8... Bc5 { [%clk 0:09:19] } 9. O-O { [%clk 0:09:46] }
9... O-O { [%clk 0:09:17] } 10. a3 { [%clk 0:09:44] } 10... a5
{ [%clk 0:09:15] } 11. Bd2 { [%clk 0:09:41] } 11... Nd4 { [%clk 0:08:46] } 12.
Nxd4 { [%clk 0:09:38] } 12... Bxd4 { [%clk 0:08:42] } 13. Bc3
{ [%clk 0:09:37] } 13... c5 { [%clk 0:08:27] } 14. Bxd4 { [%clk 0:09:34] }
14... exd4 { [%clk 0:08:13] } 15. f4 { [%clk 0:09:33] } 15... f5
{ [%clk 0:07:59] } 16. Bf3 { [%clk 0:09:26] } 16... b6 { [%clk 0:07:44] } 17.
exf5 { [%clk 0:09:25] } 17... Qxf5 { [%clk 0:07:30] } 18. Bxa8
{ [%clk 0:09:22] } 1-0"
Rated Rapid game,https://lichess.org/2YUrn9tp,2024.08.01,-,kstrj,hansspecialbeads,0-1,2024.08.01,08:46:28,1500,1623,,,C15,French Defense: Winawer Variation,600+0,Normal,"1. e4 { [%eval 0.15] [%clk 0:10:00] } 1... e6 { [%eval 0.25] [%clk 0:10:00] }
2. d4 { [%eval 0.3] [%clk 0:09:58] } 2... d5 { [%eval 0.31] [%clk 0:10:00] } 3.
Nc3 { [%eval 0.28] [%clk 0:09:56] } 3... Bb4 { [%eval 0.49] [%clk 0:09:57] } 4.
a3 { [%eval 0.0] [%clk 0:09:54] } 4... Ba5 $6 { [%eval 0.83] [%clk 0:09:55] }
5. Bd2 $6 { [%eval 0.25] [%clk 0:09:44] } 5... Bd7 $6
{ [%eval 0.9] [%clk 0:09:44] } 6. Nxd5 $4 { [%eval -2.57] [%clk 0:09:39] } 6...
Bxd2+ { [%eval -2.49] [%clk 0:09:40] } 7. Qxd2 { [%eval -2.69] [%clk 0:09:37] }
7... exd5 { [%eval -2.67] [%clk 0:09:40] } 8. exd5
{ [%eval -2.52] [%clk 0:09:34] } 8... Bf5 { [%eval -2.36] [%clk 0:09:24] } 9.
O-O-O { [%eval -2.38] [%clk 0:09:26] } 9... Qxd5
{ [%eval -2.21] [%clk 0:09:20] } 10. Ne2 { [%eval -2.09] [%clk 0:09:06] } 10...
Ne7 { [%eval -2.17] [%clk 0:08:53] } 11. Nf4 $6 { [%eval -2.9] [%clk 0:09:00] }
11... Qd6 { [%eval -3.02] [%clk 0:08:43] } 12. g3
{ [%eval -3.07] [%clk 0:08:52] } 12... O-O { [%eval -2.92] [%clk 0:08:30] } 13.
c4 { [%eval -3.6] [%clk 0:08:50] } 13... Rd8 { [%eval -3.14] [%clk 0:07:49] }
14. Be2 { [%eval -3.28] [%clk 0:08:28] } 14... Nbc6
{ [%eval -3.25] [%clk 0:07:36] } 15. g4 $2 { [%eval -5.38] [%clk 0:07:55] }
15... Nxd4 { [%eval -5.42] [%clk 0:07:29] } 16. gxf5
{ [%eval -6.84] [%clk 0:07:51] } 16... Nb3+ { [%eval -6.86] [%clk 0:07:27] }
17. Kc2 { [%eval -6.87] [%clk 0:07:46] } 17... Nxd2
{ [%eval -6.7] [%clk 0:07:26] } 18. Rxd2 { [%eval -8.61] [%clk 0:07:45] } 18...
Qxd2+ { [%eval -8.49] [%clk 0:07:25] } 19. Kb3 { [%eval -8.69] [%clk 0:07:40] }
19... Nc6 { [%eval -8.24] [%clk 0:07:06] } 20. Rd1
{ [%eval -8.77] [%clk 0:07:35] } 20... Nd4+ { [%eval -8.58] [%clk 0:06:47] }
21. Ka2 { [%eval -8.53] [%clk 0:07:32] } 21... Qxf4
{ [%eval -8.48] [%clk 0:06:26] } 22. Rxd4 $2 { [%eval #-7] [%clk 0:07:16] }
22... Rxd4 { [%eval #-6] [%clk 0:06:22] } 23. Kb3
{ [%eval #-6] [%clk 0:07:12] } 23... Re8 { [%eval #-5] [%clk 0:06:16] } 24. Kb4
{ [%eval #-5] [%clk 0:07:10] } 24... Qd6+ { [%eval #-4] [%clk 0:06:09] } 25.
Kc3 { [%eval #-4] [%clk 0:07:07] } 25... Rxe2 { [%eval #-3] [%clk 0:06:06] }
26. c5 { [%eval #-2] [%clk 0:07:05] } 26... Qxc5+
{ [%eval #-1] [%clk 0:06:04] } 27. Kb3 { [%eval #-1] [%clk 0:07:03] } 27...
Qb5+ { [%eval #-1] [%clk 0:05:53] } 28. Kc3 { [%eval #-1] [%clk 0:06:59] }
28... Qc4# { [%clk 0:05:50] } 0-1"
Rated Rapid game,https://lichess.org/AuI3V29m,2024.08.01,-,ab-kumar,cdjDv,0-1,2024.08.01,08:46:28,1100,1160,,,B02,Alekhine Defense: Scandinavian Variation,600+0,Normal,"1. e4 { [%clk 0:10:00] } 1... Nf6 { [%clk 0:10:00] } 2. Nc3 { [%clk 0:09:58] }
2... d5 { [%clk 0:09:58] } 3. Qf3 { [%clk 0:09:45] } 3... Bg4
{ [%clk 0:09:50] } 4. Qf4 { [%clk 0:09:25] } 4... Bd7 { [%clk 0:08:34] } 5.
Nxd5 { [%clk 0:09:16] } 5... Nxd5 { [%clk 0:07:54] } 6. exd5 { [%clk 0:09:16] }
6... e6 { [%clk 0:07:40] } 7. dxe6 { [%clk 0:09:13] } 7... Bxe6
{ [%clk 0:07:34] } 8. Bb5+ { [%clk 0:09:07] } 8... Nc6 { [%clk 0:07:30] } 9.
Bxc6+ { [%clk 0:09:04] } 9... bxc6 { [%clk 0:07:28] } 10. Qf3
{ [%clk 0:09:01] } 10... Qd5 { [%clk 0:06:45] } 11. d3 { [%clk 0:08:52] } 11...
Bc5 { [%clk 0:06:34] } 12. Qxd5 { [%clk 0:08:43] } 12... cxd5
{ [%clk 0:06:31] } 13. Ne2 { [%clk 0:08:38] } 13... O-O { [%clk 0:05:17] } 14.
O-O { [%clk 0:08:34] } 14... Rab8 { [%clk 0:04:55] } 15. Nf4 { [%clk 0:08:25] }
15... Bb6 { [%clk 0:04:34] } 16. Nxe6 { [%clk 0:08:19] } 16... fxe6
{ [%clk 0:04:33] } 17. Be3 { [%clk 0:08:10] } 17... c5 { [%clk 0:04:31] } 18.
c4 { [%clk 0:08:03] } 18... d4 { [%clk 0:04:29] } 19. Bf4 { [%clk 0:07:59] }
19... Rbe8 { [%clk 0:04:28] } 20. Rae1 { [%clk 0:07:49] } 20... Rxf4
{ [%clk 0:04:26] } 21. Rxe6 { [%clk 0:07:45] } 21... Rxe6 { [%clk 0:04:25] }
22. Re1 { [%clk 0:07:43] } 22... Rff6 { [%clk 0:04:24] } 0-1"
Rated Rapid game,https://lichess.org/26AAhvwK,2024.08.01,-,S1lentRook,surduke,1-0,2024.08.01,08:46:28,1326,1314,,,B00,Owen Defense,600+0,Normal,"1. e4 { [%eval 0.15] [%clk 0:10:00] } 1... b6 { [%eval 0.65] [%clk 0:10:00] }
2. d4 { [%eval 0.7] [%clk 0:09:56] } 2... Bb7 { [%eval 0.63] [%clk 0:09:59] }
3. d5 { [%eval 0.23] [%clk 0:09:55] } 3... e6 { [%eval 0.53] [%clk 0:09:57] }
4. c4 { [%eval 0.0] [%clk 0:09:49] } 4... e5 $6 { [%eval 0.89] [%clk 0:09:55] }
5. Be3 { [%eval 0.89] [%clk 0:09:40] } 5... Bb4+
{ [%eval 0.92] [%clk 0:09:45] } 6. Bd2 { [%eval 0.84] [%clk 0:09:13] } 6... Bc5
{ [%eval 1.32] [%clk 0:09:41] } 7. Qg4 { [%eval 0.84] [%clk 0:09:06] } 7... Bd4
$2 { [%eval 2.53] [%clk 0:09:38] } 8. Qxg7 { [%eval 2.45] [%clk 0:08:45] } 8...
Qf6 { [%eval 2.57] [%clk 0:09:32] } 9. Qxf6 { [%eval 2.56] [%clk 0:08:38] }
9... Nxf6 { [%eval 2.46] [%clk 0:09:30] } 10. Nc3
{ [%eval 2.6] [%clk 0:08:33] } 10... Na6 { [%eval 2.94] [%clk 0:09:21] } 11. a3
$2 { [%eval 1.63] [%clk 0:08:27] } 11... Nc5 { [%eval 1.77] [%clk 0:09:18] }
12. O-O-O $2 { [%eval -0.54] [%clk 0:07:49] } 12... Ncxe4
{ [%eval -0.63] [%clk 0:09:12] } 13. Bh6 $4 { [%eval -3.79] [%clk 0:07:38] }
13... Nxf2 { [%eval -3.84] [%clk 0:09:08] } 14. Re1
{ [%eval -4.45] [%clk 0:07:31] } 14... Bxc3 { [%eval -4.23] [%clk 0:08:55] }
15. Rxe5+ $4 { [%eval -8.09] [%clk 0:07:27] } 15... Kd8 $4
{ [%eval -3.03] [%clk 0:08:50] } 16. Rf5 { [%eval -3.34] [%clk 0:06:59] } 16...
N6e4 { [%eval -3.21] [%clk 0:08:34] } 17. Rxf7 $2
{ [%eval -5.16] [%clk 0:06:49] } 17... Bd4 $2 { [%eval -3.46] [%clk 0:08:17] }
18. Bd3 $4 { [%eval -6.57] [%clk 0:06:28] } 18... Nc5 $2
{ [%eval -3.73] [%clk 0:08:01] } 19. Nf3 $2 { [%eval -5.15] [%clk 0:06:07] }
19... Bxb2+ $2 { [%eval -3.66] [%clk 0:07:42] } 20. Kxb2
{ [%eval -3.54] [%clk 0:05:57] } 20... Nxh1 $6 { [%eval -2.64] [%clk 0:07:40] }
21. Bf5 { [%eval -2.98] [%clk 0:05:31] } 21... Nf2
{ [%eval -2.87] [%clk 0:07:33] } 22. Ne5 { [%eval -3.2] [%clk 0:05:18] } 22...
Nd1+ $4 { [%eval 1.23] [%clk 0:07:32] } 23. Kc1 $6
{ [%eval 0.35] [%clk 0:05:15] } 23... Nc3 $2 { [%eval 1.89] [%clk 0:07:22] }
24. Bg5+ { [%eval 1.86] [%clk 0:04:27] } 24... Kc8
{ [%eval 1.88] [%clk 0:07:17] } 25. Nxd7 { [%eval 1.89] [%clk 0:04:17] } 25...
Nxd7 { [%eval 1.77] [%clk 0:07:09] } 26. Rxd7 $4
{ [%eval -1.85] [%clk 0:04:04] } 26... Rf8 $4 { [%eval #1] [%clk 0:06:58] } 27.
Rf7+ $2 { [%eval 8.37] [%clk 0:03:59] } 27... Kb8
{ [%eval 8.4] [%clk 0:06:49] } 28. Rxf8+ { [%eval 8.42] [%clk 0:03:57] } 28...
Bc8 { [%eval 8.29] [%clk 0:06:48] } 29. Rxc8+ { [%eval 8.04] [%clk 0:03:52] }
29... Kb7 { [%eval 8.51] [%clk 0:06:47] } 30. Rxa8
{ [%eval 8.39] [%clk 0:03:34] } 30... Kxa8 { [%eval 8.27] [%clk 0:06:44] } 31.
Bxh7 { [%eval 8.06] [%clk 0:03:30] } 31... Kb8 { [%eval 8.15] [%clk 0:06:44] }
32. h4 { [%eval 8.09] [%clk 0:03:26] } 32... Ne4
{ [%eval 9.71] [%clk 0:06:40] } 33. Bd2 { [%eval 7.8] [%clk 0:03:15] } 33...
Nf6 { [%eval 7.91] [%clk 0:06:18] } 34. Bf5 { [%eval 7.82] [%clk 0:02:57] }
34... a5 { [%eval 8.49] [%clk 0:06:10] } 35. g4 { [%eval 8.63] [%clk 0:02:54] }
35... Kb7 { [%eval 8.49] [%clk 0:06:03] } 36. h5
{ [%eval 8.26] [%clk 0:02:46] } 36... c6 { [%eval 9.03] [%clk 0:05:57] } 37. h6
{ [%eval 8.91] [%clk 0:02:34] } 37... cxd5 $2 { [%eval #12] [%clk 0:05:51] }
38. h7 { [%eval #11] [%clk 0:02:29] } 38... Nxh7 { [%eval #13] [%clk 0:05:48] }
39. Bxh7 { [%eval 9.48] [%clk 0:02:27] } 39... dxc4 $2
{ [%eval #11] [%clk 0:05:48] } 40. g5 { [%eval #10] [%clk 0:02:23] } 40... b5
{ [%eval #10] [%clk 0:05:42] } 41. g6 { [%eval #9] [%clk 0:02:21] } 41... b4
{ [%eval #9] [%clk 0:05:42] } 42. axb4 { [%eval #9] [%clk 0:02:19] } 42... a4
{ [%eval #7] [%clk 0:05:38] } 43. g7 { [%eval #6] [%clk 0:02:16] } 43... a3
{ [%eval #6] [%clk 0:05:37] } 44. Bb1 { [%eval #7] [%clk 0:02:10] } 1-0"
Rated Rapid game,https://lichess.org/S2I1dt3V,2024.08.01,-,Vaveyla66,ankhai1398,1/2-1/2,2024.08.01,08:46:29,716,918,,,C20,Center Game,600+0,Normal,"1. e4 { [%clk 0:10:00] } 1... e5 { [%clk 0:10:00] } 2. d4 { [%clk 0:09:55] }
2... f6 { [%clk 0:09:48] } 3. dxe5 { [%clk 0:09:41] } 3... fxe5
{ [%clk 0:09:44] } 4. Qh5+ { [%clk 0:09:29] } 4... g6 { [%clk 0:09:38] } 5.
Qxe5+ { [%clk 0:09:14] } 5... Qe7 { [%clk 0:09:35] } 6. Qxh8 { [%clk 0:09:07] }
6... Qxe4+ { [%clk 0:09:29] } 7. Ne2 { [%clk 0:09:00] } 7... Qxc2
{ [%clk 0:09:08] } 8. Qe5+ { [%clk 0:08:49] } 8... Ne7 { [%clk 0:09:03] } 9.
Nd4 { [%clk 0:08:22] } 9... Qxc1+ { [%clk 0:08:46] } 10. Ke2 { [%clk 0:08:19] }
10... Qc4+ { [%clk 0:08:32] } 11. Kf3 { [%clk 0:08:01] } 11... Qd5+
{ [%clk 0:08:23] } 12. Kf4 { [%clk 0:07:47] } 12... Qxe5+ { [%clk 0:08:17] }
13. Kxe5 { [%clk 0:07:46] } 13... Nec6+ { [%clk 0:08:15] } 14. Nxc6
{ [%clk 0:07:41] } 14... dxc6 { [%clk 0:08:11] } 15. Nc3 { [%clk 0:07:30] }
15... Bd6+ { [%clk 0:08:08] } 16. Ke4 { [%clk 0:07:27] } 16... Bf5+
{ [%clk 0:08:02] } 17. Kf3 { [%clk 0:07:24] } 17... Be5 { [%clk 0:07:50] } 18.
Nd5 { [%clk 0:07:10] } 18... cxd5 { [%clk 0:07:48] } 19. Bb5+
{ [%clk 0:07:03] } 19... c6 { [%clk 0:07:45] } 20. Ba4 { [%clk 0:07:01] } 20...
b5 { [%clk 0:07:43] } 21. Bb3 { [%clk 0:06:53] } 21... Be4+ { [%clk 0:07:41] }
22. Ke2 { [%clk 0:06:49] } 22... Na6 { [%clk 0:07:32] } 23. f4
{ [%clk 0:06:39] } 23... Bxb2 { [%clk 0:07:23] } 24. Rad1 { [%clk 0:06:25] }
24... Nb4 { [%clk 0:07:13] } 25. Rd2 { [%clk 0:06:03] } 25... Bxg2
{ [%clk 0:06:48] } 26. Rhd1 { [%clk 0:05:48] } 26... Bc3 { [%clk 0:06:45] } 27.
a3 { [%clk 0:04:45] } 1/2-1/2"
Rated Rapid game,https://lichess.org/oU9LmgbO,2024.08.01,-,Cheeeezychess,mausanvito,0-1,2024.08.01,08:46:29,1801,1766,,,B01,Scandinavian Defense,600+0,Time forfeit,1. e4 { [%clk 0:10:00] } 1... d5 { [%clk 0:10:00] } 0-1
Rated Rapid game,https://lichess.org/hsTW6VjE,2024.08.01,-,ijagberg,carlostorresj,1-0,2024.08.01,08:46:31,1816,1855,,,D02,Queen's Pawn Game: Zukertort Variation,600+0,Normal,"1. d4 { [%clk 0:10:00] } 1... d5 { [%clk 0:10:00] } 2. Nf3 { [%clk 0:09:57] }
2... Bf5 { [%clk 0:09:58] } 3. Bf4 { [%clk 0:09:55] } 3... c6
{ [%clk 0:09:56] } 4. e3 { [%clk 0:09:54] } 4... Qb6 { [%clk 0:09:54] } 5. b3
{ [%clk 0:09:47] } 5... Nf6 { [%clk 0:09:48] } 6. Bd3 { [%clk 0:09:45] } 6...
Ne4 { [%clk 0:09:45] } 7. Nbd2 { [%clk 0:09:43] } 7... Nd7 { [%clk 0:09:43] }
8. Bxe4 { [%clk 0:09:33] } 8... dxe4 { [%clk 0:09:33] } 9. Nh4
{ [%clk 0:09:31] } 9... Bg6 { [%clk 0:09:31] } 10. Nxg6 { [%clk 0:09:30] }
10... hxg6 { [%clk 0:09:30] } 11. Qg4 { [%clk 0:09:28] } 11... Nf6
{ [%clk 0:09:23] } 12. Qe2 { [%clk 0:09:23] } 12... O-O-O { [%clk 0:09:12] }
13. c4 { [%clk 0:09:22] } 13... e6 { [%clk 0:09:07] } 14. Bg5
{ [%clk 0:09:16] } 14... Bb4 { [%clk 0:08:54] } 15. h3 { [%clk 0:08:43] } 15...
Rd7 { [%clk 0:08:46] } 16. O-O { [%clk 0:08:39] } 16... e5 { [%clk 0:08:39] }
17. Bxf6 { [%clk 0:08:37] } 17... gxf6 { [%clk 0:08:37] } 18. Nxe4
{ [%clk 0:08:36] } 18... Be7 { [%clk 0:08:30] } 19. dxe5 { [%clk 0:08:34] }
19... fxe5 { [%clk 0:08:29] } 20. Rfd1 { [%clk 0:08:28] } 20... Rxd1+
{ [%clk 0:08:24] } 21. Rxd1 { [%clk 0:08:28] } 21... f5 { [%clk 0:08:23] } 22.
Nd6+ { [%clk 0:08:22] } 22... Kc7 { [%clk 0:08:11] } 23. Nf7 { [%clk 0:08:10] }
23... Re8 { [%clk 0:07:58] } 24. Nxe5 { [%clk 0:08:05] } 24... Bd6
{ [%clk 0:07:56] } 25. Nf3 { [%clk 0:07:57] } 25... f4 { [%clk 0:07:53] } 26.
Qd3 { [%clk 0:07:37] } 26... Qc5 { [%clk 0:07:45] } 27. Qxg6 { [%clk 0:07:34] }
27... fxe3 { [%clk 0:07:44] } 28. Qxe8 { [%clk 0:07:33] } 28... exf2+
{ [%clk 0:07:43] } 29. Kf1 { [%clk 0:07:31] } 1-0"
Rated Rapid game,https://lichess.org/p9oz0FTH,2024.08.01,-,Conqueror_sunil,ygtsoz,0-1,2024.08.01,08:46:31,2015,2048,,,C79,"Ruy Lopez: Morphy Defense, Steinitz Deferred",600+0,Normal,"1. e4 { [%clk 0:10:00] } 1... e5 { [%clk 0:10:00] } 2. Nf3 { [%clk 0:09:58] }
2... Nc6 { [%clk 0:09:59] } 3. Bb5 { [%clk 0:09:56] } 3... a6
{ [%clk 0:09:57] } 4. Ba4 { [%clk 0:09:54] } 4... Nf6 { [%clk 0:09:55] } 5. O-O
{ [%clk 0:09:52] } 5... d6 { [%clk 0:09:52] } 6. d4 { [%clk 0:09:51] } 6... b5
{ [%clk 0:09:50] } 7. dxe5 { [%clk 0:09:42] } 7... Nxe4 { [%clk 0:09:39] } 8.
Bb3 { [%clk 0:09:40] } 8... Nxe5 { [%clk 0:09:31] } 9. Nxe5 { [%clk 0:09:37] }
9... dxe5 { [%clk 0:09:31] } 10. Qe2 { [%clk 0:09:26] } 10... Bb7
{ [%clk 0:09:28] } 11. Nc3 { [%clk 0:09:23] } 11... Nxc3 { [%clk 0:09:05] } 12.
Qxe5+ { [%clk 0:09:21] } 12... Be7 { [%clk 0:09:04] } 13. Qxc3
{ [%clk 0:09:07] } 13... O-O { [%clk 0:09:03] } 14. Be3 { [%clk 0:09:02] }
14... Bf6 { [%clk 0:09:01] } 15. Qd3 { [%clk 0:08:39] } 15... Qxd3
{ [%clk 0:08:57] } 16. cxd3 { [%clk 0:08:37] } 16... Bxb2 { [%clk 0:08:56] }
17. Rad1 { [%clk 0:08:35] } 17... Rac8 { [%clk 0:08:52] } 18. d4
{ [%clk 0:08:25] } 18... Ba3 { [%clk 0:08:46] } 19. Rd3 { [%clk 0:08:13] }
19... Bd6 { [%clk 0:08:35] } 20. Bd2 { [%clk 0:07:44] } 20... h6
{ [%clk 0:08:24] } 21. Rc1 { [%clk 0:07:39] } 21... Rfe8 { [%clk 0:08:20] } 22.
Ba5 { [%clk 0:07:27] } 22... Re4 { [%clk 0:07:42] } 23. f3 { [%clk 0:07:20] }
23... Re7 { [%clk 0:06:44] } 24. Re1 { [%clk 0:07:18] } 24... Rxe1+
{ [%clk 0:06:41] } 25. Bxe1 { [%clk 0:07:16] } 25... c5 { [%clk 0:06:37] } 26.
dxc5 { [%clk 0:07:11] } 26... Bxc5+ { [%clk 0:06:37] } 27. Bf2
{ [%clk 0:07:08] } 27... Bxf2+ { [%clk 0:06:36] } 28. Kxf2 { [%clk 0:07:07] }
28... Bc6 { [%clk 0:05:42] } 29. Re3 { [%clk 0:06:37] } 29... Rc7
{ [%clk 0:05:36] } 30. h4 { [%clk 0:06:30] } 30... g6 { [%clk 0:05:34] } 31. g4
{ [%clk 0:06:27] } 31... Kg7 { [%clk 0:05:33] } 32. h5 { [%clk 0:06:23] } 32...
Rd7 { [%clk 0:05:27] } 33. hxg6 { [%clk 0:06:20] } 33... fxg6
{ [%clk 0:05:25] } 34. Rc3 { [%clk 0:06:12] } 34... Bd5 { [%clk 0:05:21] } 35.
f4 { [%clk 0:05:43] } 35... Bxb3 { [%clk 0:05:18] } 36. axb3 { [%clk 0:05:40] }
36... Ra7 { [%clk 0:05:13] } 37. Kf3 { [%clk 0:05:32] } 37... Kf6
{ [%clk 0:05:11] } 38. Rc6+ { [%clk 0:05:27] } 38... Kf7 { [%clk 0:05:09] } 39.
Ke4 { [%clk 0:05:17] } 39... a5 { [%clk 0:05:08] } 40. Kd4 { [%clk 0:05:11] }
40... a4 { [%clk 0:05:05] } 41. bxa4 { [%clk 0:04:34] } 41... bxa4
{ [%clk 0:05:05] } 42. Rc2 { [%clk 0:04:31] } 42... a3 { [%clk 0:05:04] } 43.
Ra2 { [%clk 0:04:29] } 43... h5 { [%clk 0:05:00] } 44. gxh5 { [%clk 0:04:09] }
44... gxh5 { [%clk 0:05:00] } 45. Ke3 { [%clk 0:04:07] } 45... Kf6
{ [%clk 0:04:58] } 46. Ke4 { [%clk 0:04:05] } 46... h4 { [%clk 0:04:55] } 47.
f5 { [%clk 0:03:58] } 47... h3 { [%clk 0:04:54] } 48. Kf3 { [%clk 0:03:57] }
48... h2 { [%clk 0:04:52] } 49. Kg2 { [%clk 0:03:55] } 49... Kxf5
{ [%clk 0:04:50] } 50. Kxh2 { [%clk 0:03:54] } 50... Ke4 { [%clk 0:04:49] } 51.
Kg2 { [%clk 0:03:53] } 51... Kd3 { [%clk 0:04:49] } 52. Kf2 { [%clk 0:03:52] }
52... Kc3 { [%clk 0:04:48] } 53. Ke2 { [%clk 0:03:49] } 53... Kb3
{ [%clk 0:04:47] } 54. Ra1 { [%clk 0:03:40] } 54... Kb2 { [%clk 0:04:46] } 55.
Rd1 { [%clk 0:03:35] } 55... a2 { [%clk 0:04:44] } 56. Rd2+ { [%clk 0:03:34] }
56... Kb3 { [%clk 0:04:44] } 57. Rd3+ { [%clk 0:03:33] } 57... Kc4
{ [%clk 0:04:41] } 0-1"
Rated Rapid game,https://lichess.org/utsXvaSa,2024.08.01,-,spn1966,Mana236,1-0,2024.08.01,08:46:31,1588,1611,,,C24,Bishop's Opening: Berlin Defense,600+0,Normal,"1. e4 { [%clk 0:10:00] } 1... e5 { [%clk 0:10:00] } 2. Bc4 { [%clk 0:09:59] }
2... Nf6 { [%clk 0:09:59] } 3. d3 { [%clk 0:09:57] } 3... d5 { [%clk 0:09:55] }
4. exd5 { [%clk 0:09:56] } 4... Nxd5 { [%clk 0:09:55] } 5. Nf3
{ [%clk 0:09:54] } 5... Nc6 { [%clk 0:09:53] } 6. O-O { [%clk 0:09:49] } 6...
Bc5 { [%clk 0:09:50] } 7. Re1 { [%clk 0:09:45] } 7... O-O { [%clk 0:09:37] } 8.
Nxe5 { [%clk 0:09:42] } 8... Nxe5 { [%clk 0:09:36] } 9. Rxe5 { [%clk 0:09:41] }
9... c6 { [%clk 0:09:29] } 10. Re2 { [%clk 0:09:37] } 10... a6
{ [%clk 0:09:25] } 11. a3 { [%clk 0:09:34] } 11... b5 { [%clk 0:09:24] } 12.
Bxd5 { [%clk 0:09:30] } 12... cxd5 { [%clk 0:09:24] } 13. Nc3
{ [%clk 0:09:27] } 13... h5 { [%clk 0:09:21] } 14. Qe1 { [%clk 0:09:25] } 14...
d4 { [%clk 0:09:15] } 15. Ne4 { [%clk 0:09:23] } 15... Bb6 { [%clk 0:09:10] }
16. Bg5 { [%clk 0:09:06] } 16... Qd7 { [%clk 0:08:52] } 17. f3
{ [%clk 0:09:02] } 17... Bb7 { [%clk 0:08:50] } 18. Qd2 { [%clk 0:08:47] }
18... Bc7 { [%clk 0:08:37] } 19. Rae1 { [%clk 0:08:43] } 19... Bxe4
{ [%clk 0:08:35] } 20. Rxe4 { [%clk 0:08:40] } 20... Qd6 { [%clk 0:08:34] } 21.
g3 { [%clk 0:08:34] } 21... g6 { [%clk 0:08:26] } 22. Bf4 { [%clk 0:08:32] }
22... Qd7 { [%clk 0:08:22] } 23. Re7 { [%clk 0:08:29] } 23... Bxf4
{ [%clk 0:08:18] } 24. Qxf4 { [%clk 0:08:26] } 24... Qc6 { [%clk 0:08:13] } 25.
Rc7 { [%clk 0:08:18] } 25... Qd5 { [%clk 0:07:50] } 26. Ree7 { [%clk 0:07:59] }
26... Rae8 { [%clk 0:07:33] } 27. Qe4 { [%clk 0:07:35] } 27... Qd8
{ [%clk 0:06:59] } 28. Rcd7 { [%clk 0:07:28] } 28... Qc8 { [%clk 0:06:54] } 29.
Rc7 { [%clk 0:07:20] } 29... Qd8 { [%clk 0:06:52] } 30. Red7 { [%clk 0:07:19] }
30... Rxe4 { [%clk 0:06:24] } 31. Rxd8 { [%clk 0:07:17] } 31... Re1+
{ [%clk 0:06:22] } 32. Kf2 { [%clk 0:07:14] } 32... Re3 { [%clk 0:06:09] } 33.
Rxd4 { [%clk 0:07:08] } 33... Rfe8 { [%clk 0:06:07] } 34. Re4
{ [%clk 0:06:49] } 34... R3xe4 { [%clk 0:06:02] } 35. fxe4 { [%clk 0:06:44] }
35... Kg7 { [%clk 0:06:00] } 36. Ke3 { [%clk 0:06:43] } 36... Kf6
{ [%clk 0:05:59] } 37. h4 { [%clk 0:06:39] } 37... Re6 { [%clk 0:05:58] } 38.
d4 { [%clk 0:06:27] } 38... Kg7 { [%clk 0:05:46] } 39. d5 { [%clk 0:06:17] }
39... Rd6 { [%clk 0:05:43] } 40. Rc6 { [%clk 0:06:13] } 40... Rf6
{ [%clk 0:05:23] } 41. e5 { [%clk 0:05:53] } 41... Rf5 { [%clk 0:05:14] } 42.
e6 { [%clk 0:05:43] } 42... fxe6 { [%clk 0:05:12] } 43. Rxe6 { [%clk 0:05:43] }
43... Kf7 { [%clk 0:05:09] } 44. Rxa6 { [%clk 0:05:41] } 44... Rxd5
{ [%clk 0:05:07] } 45. c3 { [%clk 0:05:30] } 45... g5 { [%clk 0:05:03] } 46.
Ra5 { [%clk 0:05:23] } 46... gxh4 { [%clk 0:04:57] } 47. gxh4
{ [%clk 0:05:20] } 47... Ke6 { [%clk 0:04:56] } 48. c4 { [%clk 0:05:16] } 48...
bxc4 { [%clk 0:04:52] } 49. Rxd5 { [%clk 0:05:15] } 49... Kxd5
{ [%clk 0:04:52] } 50. Kd2 { [%clk 0:05:14] } 50... Kc5 { [%clk 0:04:50] } 51.
Kc3 { [%clk 0:05:13] } 51... Kb5 { [%clk 0:04:49] } 52. b3 { [%clk 0:05:09] }
52... cxb3 { [%clk 0:04:48] } 53. Kxb3 { [%clk 0:05:09] } 53... Ka5
{ [%clk 0:04:48] } 54. Kc4 { [%clk 0:05:07] } 54... Kb6 { [%clk 0:04:46] } 55.
Kd4 { [%clk 0:05:06] } 55... Kc6 { [%clk 0:04:46] } 56. Ke5 { [%clk 0:05:05] }
56... Kb5 { [%clk 0:04:41] } 57. Kf5 { [%clk 0:05:03] } 57... Ka4
{ [%clk 0:04:41] } 58. Kg5 { [%clk 0:05:02] } 58... Kxa3 { [%clk 0:04:41] } 59.
Kxh5 { [%clk 0:05:02] } 59... Kb4 { [%clk 0:04:40] } 60. Kg6 { [%clk 0:05:01] }
60... Kc5 { [%clk 0:04:39] } 61. h5 { [%clk 0:05:01] } 61... Kd6
{ [%clk 0:04:39] } 62. h6 { [%clk 0:05:01] } 62... Ke7 { [%clk 0:04:39] } 63.
Kg7 { [%clk 0:05:00] } 1-0"
Rated Rapid game,https://lichess.org/EuL4Q0zx,2024.08.01,-,mizambal,GrayWolfVrn777,1-0,2024.08.01,08:46:31,1442,1465,,,B00,Pirc Defense,600+0,Time forfeit,"1. e4 { [%clk 0:10:00] } 1... d6 { [%clk 0:10:00] } 2. Nc3 { [%clk 0:09:59] }
2... c6 { [%clk 0:09:55] } 3. d4 { [%clk 0:09:52] } 3... e5 { [%clk 0:09:53] }
4. Nge2 { [%clk 0:09:49] } 4... f5 { [%clk 0:09:40] } 5. dxe5
{ [%clk 0:09:47] } 5... Qh4 { [%clk 0:09:25] } 6. g3 { [%clk 0:09:24] } 6...
Qg4 { [%clk 0:08:58] } 7. exd6 { [%clk 0:09:17] } 7... Bxd6 { [%clk 0:08:55] }
8. Qxd6 { [%clk 0:09:14] } 8... Qf3 { [%clk 0:08:36] } 9. Qe5+
{ [%clk 0:08:49] } 9... Kf7 { [%clk 0:08:26] } 10. Rg1 { [%clk 0:08:37] } 10...
Nf6 { [%clk 0:08:06] } 11. Qc7+ { [%clk 0:08:27] } 11... Nbd7
{ [%clk 0:07:59] } 12. Bg2 { [%clk 0:08:23] } 12... Qh5 { [%clk 0:07:39] } 13.
h4 { [%clk 0:08:16] } 13... Re8 { [%clk 0:07:14] } 14. Bg5 { [%clk 0:07:31] }
14... Nxe4 { [%clk 0:06:38] } 15. Nxe4 { [%clk 0:07:23] } 15... fxe4
{ [%clk 0:06:26] } 16. Qf4+ { [%clk 0:07:19] } 16... Kg8 { [%clk 0:06:19] } 17.
O-O-O { [%clk 0:07:13] } 17... Qxe2 { [%clk 0:05:57] } 18. Rge1
{ [%clk 0:07:02] } 18... Qc4 { [%clk 0:05:35] } 19. Rxe4 { [%clk 0:06:43] }
19... Rxe4 { [%clk 0:05:28] } 20. Bxe4 { [%clk 0:06:38] } 20... Qxa2
{ [%clk 0:05:24] } 21. h5 { [%clk 0:06:25] } 21... Qa1+ { [%clk 0:04:47] } 22.
Kd2 { [%clk 0:06:23] } 22... Qa5+ { [%clk 0:04:45] } 23. c3 { [%clk 0:06:20] }
23... Nf6 { [%clk 0:04:36] } 24. Bxf6 { [%clk 0:06:15] } 24... gxf6
{ [%clk 0:04:20] } 25. g4 { [%clk 0:05:53] } 25... Qg5 { [%clk 0:03:40] } 26.
Qxg5+ { [%clk 0:05:42] } 26... fxg5 { [%clk 0:03:38] } 27. f3
{ [%clk 0:05:35] } 27... Be6 { [%clk 0:03:32] } 28. Kc2 { [%clk 0:05:31] }
28... Rf8 { [%clk 0:03:07] } 29. Rd6 { [%clk 0:05:23] } 29... Bc8
{ [%clk 0:01:50] } 30. Rh6 { [%clk 0:05:16] } 30... Rf7 { [%clk 0:01:41] } 31.
Rd6 { [%clk 0:05:03] } 31... Kg7 { [%clk 0:01:35] } 32. Rd8 { [%clk 0:04:57] }
32... Be6 { [%clk 0:01:24] } 33. Rb8 { [%clk 0:04:32] } 33... Bd5
{ [%clk 0:01:17] } 34. Bxd5 { [%clk 0:04:24] } 34... cxd5 { [%clk 0:01:15] }
35. Rd8 { [%clk 0:04:22] } 35... Rxf3 { [%clk 0:01:08] } 36. Rd7+
{ [%clk 0:04:20] } 36... Rf7 { [%clk 0:00:59] } 37. Rxd5 { [%clk 0:04:13] }
37... Kf6 { [%clk 0:00:51] } 38. Kd3 { [%clk 0:04:00] } 38... Ke6
{ [%clk 0:00:49] } 39. Rd4 { [%clk 0:03:52] } 39... Rf4 { [%clk 0:00:42] } 40.
Rxf4 { [%clk 0:03:40] } 40... gxf4 { [%clk 0:00:39] } 41. Ke4
{ [%clk 0:03:39] } 41... f3 { [%clk 0:00:31] } 42. Kxf3 { [%clk 0:03:37] }
42... Kf6 { [%clk 0:00:30] } 43. Kf4 { [%clk 0:03:36] } 43... h6
{ [%clk 0:00:27] } 44. Ke4 { [%clk 0:03:27] } 44... Kg5 { [%clk 0:00:22] } 45.
Kf3 { [%clk 0:03:25] } 45... b6 { [%clk 0:00:16] } 46. Kg3 { [%clk 0:03:12] }
46... a5 { [%clk 0:00:15] } 47. Kf3 { [%clk 0:03:09] } 47... b5
{ [%clk 0:00:13] } 48. Kg3 { [%clk 0:03:08] } 48... b4 { [%clk 0:00:07] } 49.
cxb4 { [%clk 0:03:04] } 49... axb4 { [%clk 0:00:05] } 50. b3 { [%clk 0:03:02] }
1-0"
Rated Rapid game,https://lichess.org/fVHblanF,2024.08.01,-,Alexsandr_1982,fks_one,0-1,2024.08.01,08:46:31,1662,1688,,,C00,French Defense: La Bourdonnais Variation,600+0,Normal,"1. e4 { [%clk 0:10:00] } 1... e6 { [%clk 0:10:00] } 2. f4 { [%clk 0:09:57] }
2... c6 { [%clk 0:10:00] } 3. Nf3 { [%clk 0:09:56] } 3... d5 { [%clk 0:10:00] }
4. e5 { [%clk 0:09:55] } 4... c5 { [%clk 0:09:59] } 5. Be2 { [%clk 0:09:54] }
5... d4 { [%clk 0:09:57] } 6. d3 { [%clk 0:09:51] } 6... b6 { [%clk 0:09:56] }
7. O-O { [%clk 0:09:50] } 7... Nh6 { [%clk 0:09:54] } 8. h3 { [%clk 0:09:48] }
8... Bb7 { [%clk 0:09:53] } 9. c3 { [%clk 0:09:45] } 9... Nf5
{ [%clk 0:09:49] } 10. cxd4 { [%clk 0:09:41] } 10... cxd4 { [%clk 0:09:41] }
11. Nbd2 { [%clk 0:09:34] } 11... Be7 { [%clk 0:09:35] } 12. Nb3
{ [%clk 0:09:31] } 12... O-O { [%clk 0:09:28] } 13. Nh2 { [%clk 0:09:09] }
13... Na6 { [%clk 0:09:21] } 14. a3 { [%clk 0:09:04] } 14... Nc5
{ [%clk 0:09:18] } 15. Nxc5 { [%clk 0:09:00] } 15... bxc5 { [%clk 0:09:15] }
16. Bg4 { [%clk 0:08:58] } 16... Qd5 { [%clk 0:08:55] } 17. Qe2
{ [%clk 0:08:52] } 17... Ng3 { [%clk 0:08:49] } 18. Qd2 { [%clk 0:08:45] }
18... Nxf1 { [%clk 0:08:43] } 19. Nxf1 { [%clk 0:08:43] } 19... Bh4
{ [%clk 0:08:37] } 20. Nh2 { [%clk 0:08:30] } 20... Rab8 { [%clk 0:08:28] } 21.
Nf3 { [%clk 0:08:28] } 21... Be7 { [%clk 0:08:21] } 22. f5 { [%clk 0:08:24] }
22... exf5 { [%clk 0:08:13] } 23. Bxf5 { [%clk 0:08:22] } 23... h6
{ [%clk 0:08:04] } 24. Qe2 { [%clk 0:07:55] } 24... a6 { [%clk 0:07:49] } 25.
Bd2 { [%clk 0:07:47] } 25... Qc6 { [%clk 0:07:19] } 26. Nh4 { [%clk 0:07:27] }
26... Bxh4 { [%clk 0:07:14] } 27. Be4 { [%clk 0:07:19] } 27... Qc7
{ [%clk 0:07:08] } 28. Qg4 { [%clk 0:07:15] } 28... Bg5 { [%clk 0:06:44] } 29.
Bxg5 { [%clk 0:07:12] } 29... hxg5 { [%clk 0:06:43] } 30. Qxg5
{ [%clk 0:07:09] } 30... Bxe4 { [%clk 0:06:34] } 31. dxe4 { [%clk 0:07:07] }
31... Rxb2 { [%clk 0:06:32] } 32. Rf1 { [%clk 0:07:03] } 32... d3
{ [%clk 0:06:12] } 33. Qc1 { [%clk 0:06:35] } 33... Rc2 { [%clk 0:06:09] } 34.
Qd1 { [%clk 0:06:33] } 34... c4 { [%clk 0:06:07] } 35. Rf3 { [%clk 0:06:22] }
35... Qxe5 { [%clk 0:06:04] } 0-1"
Rated Rapid game,https://lichess.org/zRYrHjR2,2024.08.01,-,AJU1990,Pafku,1/2-1/2,2024.08.01,08:46:31,2058,2128,,,C27,Vienna Game: Frankenstein-Dracula Variation,600+0,Time forfeit,"1. e4 { [%clk 0:10:00] } 1... e5 { [%clk 0:10:00] } 2. Bc4 { [%clk 0:09:58] }
2... Nf6 { [%clk 0:09:58] } 3. Nc3 { [%clk 0:09:56] } 3... Nxe4
{ [%clk 0:09:56] } 4. Bxf7+ { [%clk 0:09:54] } 4... Kxf7 { [%clk 0:09:56] } 5.
Nxe4 { [%clk 0:09:53] } 5... d5 { [%clk 0:09:55] } 6. Nc3 { [%clk 0:09:34] }
6... Be6 { [%clk 0:09:28] } 7. Nf3 { [%clk 0:09:30] } 7... Nd7
{ [%clk 0:09:22] } 8. d4 { [%clk 0:09:19] } 8... e4 { [%clk 0:09:13] } 9. Ng5+
{ [%clk 0:08:56] } 9... Ke7 { [%clk 0:08:58] } 10. Ngxe4 { [%clk 0:08:55] }
10... dxe4 { [%clk 0:08:53] } 11. Nxe4 { [%clk 0:08:53] } 11... Nf6
{ [%clk 0:08:49] } 12. Nxf6 { [%clk 0:08:51] } 12... gxf6 { [%clk 0:08:47] }
13. O-O { [%clk 0:08:42] } 13... Qd5 { [%clk 0:08:32] } 14. Re1
{ [%clk 0:08:39] } 14... Rg8 { [%clk 0:08:27] } 15. f3 { [%clk 0:08:22] } 15...
Re8 { [%clk 0:08:21] } 16. b3 { [%clk 0:08:17] } 16... b5 { [%clk 0:08:08] }
17. Ba3+ { [%clk 0:07:59] } 17... Kd7 { [%clk 0:08:01] } 18. Qd3
{ [%clk 0:07:56] } 18... Bxa3 { [%clk 0:07:44] } 19. c4 { [%clk 0:07:37] }
19... Qg5 { [%clk 0:07:25] } 20. Re2 { [%clk 0:07:19] } 20... Bf5
{ [%clk 0:06:57] } 21. Qd2 { [%clk 0:06:53] } 21... Rxe2 { [%clk 0:06:10] } 22.
Qxe2 { [%clk 0:06:52] } 22... Bd3 { [%clk 0:06:08] } 23. Qf2 { [%clk 0:06:39] }
23... bxc4 { [%clk 0:05:44] } 24. bxc4 { [%clk 0:06:37] } 24... Bxc4
{ [%clk 0:05:39] } 25. Re1 { [%clk 0:06:19] } 25... Bb4 { [%clk 0:04:49] } 26.
Rb1 { [%clk 0:05:52] } 26... Re8 { [%clk 0:04:18] } 27. h4 { [%clk 0:05:29] }
27... Qa5 { [%clk 0:03:43] } 28. Kh2 { [%clk 0:05:09] } 28... Re2
{ [%clk 0:03:36] } 29. Qg3 { [%clk 0:05:04] } 29... Bd6 { [%clk 0:03:33] } 30.
f4 { [%clk 0:05:03] } 30... Bd5 { [%clk 0:02:39] } 31. Qg4+ { [%clk 0:04:51] }
31... f5 { [%clk 0:01:55] } 32. Qxe2 { [%clk 0:04:50] } 32... Bxf4+
{ [%clk 0:01:52] } 33. Kh1 { [%clk 0:04:41] } 33... Qxa2 { [%clk 0:01:25] } 34.
Qxa2 { [%clk 0:04:10] } 34... Bxa2 { [%clk 0:01:23] } 35. Ra1
{ [%clk 0:04:10] } 35... Bd5 { [%clk 0:01:11] } 36. Rxa7 { [%clk 0:04:10] }
36... Bg3 { [%clk 0:00:55] } 37. Ra6 { [%clk 0:03:47] } 37... Bxh4
{ [%clk 0:00:34] } 38. Rh6 { [%clk 0:03:46] } 38... Bf2 { [%clk 0:00:31] } 39.
Rxh7+ { [%clk 0:03:44] } 39... Kc6 { [%clk 0:00:29] } 40. Rh6+
{ [%clk 0:03:34] } 40... Kb5 { [%clk 0:00:27] } 41. Rf6 { [%clk 0:03:20] }
41... Be4 { [%clk 0:00:26] } 42. Rf7 { [%clk 0:03:09] } 42... c6
{ [%clk 0:00:24] } 43. Rd7 { [%clk 0:03:05] } 43... Kc4 { [%clk 0:00:22] } 44.
Kh2 { [%clk 0:02:57] } 44... Bxd4 { [%clk 0:00:22] } 45. Kg3 { [%clk 0:02:52] }
45... Be5+ { [%clk 0:00:21] } 46. Kf2 { [%clk 0:02:50] } 46... c5
{ [%clk 0:00:21] } 47. g3 { [%clk 0:02:38] } 47... Bd4+ { [%clk 0:00:21] } 48.
Ke2 { [%clk 0:02:35] } 48... Kc3 { [%clk 0:00:19] } 49. Re7 { [%clk 0:02:28] }
49... c4 { [%clk 0:00:17] } 50. Re6 { [%clk 0:02:03] } 50... Kb4
{ [%clk 0:00:14] } 51. Kd2 { [%clk 0:01:46] } 51... c3+ { [%clk 0:00:13] } 52.
Kc1 { [%clk 0:01:43] } 52... Kc4 { [%clk 0:00:12] } 53. Re8 { [%clk 0:01:39] }
53... Kd3 { [%clk 0:00:12] } 54. Rd8 { [%clk 0:01:37] } 54... Ke3
{ [%clk 0:00:10] } 55. Re8 { [%clk 0:01:33] } 55... Bc5 { [%clk 0:00:09] } 56.
Rxe4+ { [%clk 0:01:23] } 56... fxe4 { [%clk 0:00:07] } 57. Kc2
{ [%clk 0:01:22] } 57... Kf3 { [%clk 0:00:06] } 58. Kxc3 { [%clk 0:01:21] }
58... Kxg3 { [%clk 0:00:06] } 59. Kd2 { [%clk 0:01:19] } 59... e3+
{ [%clk 0:00:06] } 60. Ke2 { [%clk 0:01:18] } 60... Kf4 { [%clk 0:00:05] } 61.
Kd3 { [%clk 0:01:15] } 61... Kf3 { [%clk 0:00:04] } 62. Kc2 { [%clk 0:01:14] }
62... Bb4 { [%clk 0:00:04] } 63. Kb3 { [%clk 0:01:13] } 63... Kf2
{ [%clk 0:00:04] } 64. Kxb4 { [%clk 0:01:12] } 64... e2 { [%clk 0:00:04] } 65.
Kc4 { [%clk 0:01:11] } 65... e1=Q { [%clk 0:00:03] } 66. Kc5 { [%clk 0:01:11] }
66... Qe3+ { [%clk 0:00:02] } 67. Kc6 { [%clk 0:01:11] } 67... Kf3
{ [%clk 0:00:02] } 68. Kb5 { [%clk 0:01:10] } 68... Qe4 { [%clk 0:00:02] } 69.
Kc5 { [%clk 0:01:08] } 69... Kf4 { [%clk 0:00:02] } 70. Kd6 { [%clk 0:01:07] }
70... Qe5+ { [%clk 0:00:01] } 71. Kc6 { [%clk 0:01:06] } 71... Ke4
{ [%clk 0:00:01] } 72. Kb6 { [%clk 0:01:04] } 72... Qd5 { [%clk 0:00:01] } 73.
Kc7 { [%clk 0:01:02] } 73... Kd4 { [%clk 0:00:01] } 74. Kb6 { [%clk 0:01:01] }
74... Qc5+ { [%clk 0:00:01] } 75. Kb7 { [%clk 0:01:00] } 75... Kd5
{ [%clk 0:00:01] } 76. Ka6 { [%clk 0:00:58] } 76... Qc6+ { [%clk 0:00:01] } 77.
Ka7 { [%clk 0:00:58] } 77... Qc4 { [%clk 0:00:00] } 78. Kb7 { [%clk 0:00:56] }
78... Qb3+ { [%clk 0:00:00] } 79. Kc7 { [%clk 0:00:55] } 1/2-1/2"
Rated Rapid game,https://lichess.org/lWAkHOpE,2024.08.01,-,gamer1234567856,ayushmaan235,0-1,2024.08.01,08:46:31,1908,1976,,,A04,Zukertort Opening: Black Mustang Defense,600+0,Normal,"1. Nf3 { [%clk 0:10:00] } 1... Nc6 { [%clk 0:10:00] } 2. b3 { [%clk 0:09:55] }
2... Nf6 { [%clk 0:09:55] } 3. Bb2 { [%clk 0:09:53] } 3... d5
{ [%clk 0:09:49] } 4. g3 { [%clk 0:09:49] } 4... g6 { [%clk 0:09:47] } 5. Bg2
{ [%clk 0:09:47] } 5... Bg7 { [%clk 0:09:46] } 6. e3 { [%clk 0:09:37] } 6...
O-O { [%clk 0:09:44] } 7. O-O { [%clk 0:09:35] } 7... Be6 { [%clk 0:09:38] } 8.
Nc3 { [%clk 0:08:46] } 8... Qd7 { [%clk 0:09:27] } 9. Re1 { [%clk 0:08:32] }
9... Bh3 { [%clk 0:09:23] } 10. Bh1 { [%clk 0:08:31] } 10... Bg4
{ [%clk 0:09:12] } 11. Qe2 { [%clk 0:08:01] } 11... Ne4 { [%clk 0:09:06] } 12.
d4 { [%clk 0:07:50] } 12... e5 { [%clk 0:08:46] } 13. Rad1 { [%clk 0:07:43] }
13... Nxc3 { [%clk 0:08:44] } 14. Bxc3 { [%clk 0:07:31] } 14... e4
{ [%clk 0:08:43] } 15. Ne5 { [%clk 0:07:11] } 15... Nxe5 { [%clk 0:08:30] } 16.
Qd2 { [%clk 0:07:04] } 16... Bxd1 { [%clk 0:08:28] } 17. Qxd1
{ [%clk 0:07:02] } 17... Nc6 { [%clk 0:08:26] } 18. Bg2 { [%clk 0:06:45] }
18... Rad8 { [%clk 0:08:02] } 19. a4 { [%clk 0:06:28] } 19... a6
{ [%clk 0:07:54] } 20. h4 { [%clk 0:06:26] } 20... Ne7 { [%clk 0:07:38] } 21.
Kh2 { [%clk 0:06:22] } 21... Nf5 { [%clk 0:07:19] } 22. Bh3 { [%clk 0:06:18] }
22... Qe6 { [%clk 0:06:54] } 23. Qe2 { [%clk 0:06:00] } 23... Qf6
{ [%clk 0:06:46] } 24. h5 { [%clk 0:05:49] } 24... Nd6 { [%clk 0:06:37] } 25.
hxg6 { [%clk 0:05:35] } 25... fxg6 { [%clk 0:06:35] } 26. Kg2
{ [%clk 0:05:29] } 26... Qf3+ { [%clk 0:06:29] } 27. Kh2 { [%clk 0:05:20] }
27... Qxf2+ { [%clk 0:06:26] } 28. Qxf2 { [%clk 0:05:18] } 28... Rxf2+
{ [%clk 0:06:25] } 29. Kg1 { [%clk 0:05:18] } 29... Rxc2 { [%clk 0:06:22] } 30.
Bb4 { [%clk 0:05:04] } 30... Rb2 { [%clk 0:06:15] } 31. Be6+ { [%clk 0:05:01] }
31... Kh8 { [%clk 0:06:13] } 32. Bxd5 { [%clk 0:05:00] } 32... c6
{ [%clk 0:06:11] } 33. Be6 { [%clk 0:04:30] } 33... Re8 { [%clk 0:05:52] } 34.
Bd7 { [%clk 0:04:09] } 34... Re7 { [%clk 0:05:46] } 35. Bc8 { [%clk 0:04:03] }
35... Nxc8 { [%clk 0:05:44] } 0-1"
Rated Rapid game,https://lichess.org/7qQ5dPOD,2024.08.01,-,Karkunaattori,let_my_queen,0-1,2024.08.01,08:46:31,1348,1354,,,C57,"Italian Game: Two Knights Defense, Fried Liver Attack",600+0,Normal,"1. e4 { [%clk 0:10:00] } 1... e5 { [%clk 0:10:00] } 2. Bc4 { [%clk 0:09:59] }
2... Nf6 { [%clk 0:09:51] } 3. Nf3 { [%clk 0:09:58] } 3... Nc6
{ [%clk 0:09:47] } 4. Ng5 { [%clk 0:09:57] } 4... d5 { [%clk 0:09:39] } 5. exd5
{ [%clk 0:09:56] } 5... Nxd5 { [%clk 0:09:34] } 6. Nxf7 { [%clk 0:09:55] } 6...
Kxf7 { [%clk 0:09:29] } 7. Qf3+ { [%clk 0:09:54] } 7... Ke6 { [%clk 0:09:15] }
8. Bxd5+ { [%clk 0:09:37] } 8... Qxd5 { [%clk 0:09:13] } 9. Qg4+
{ [%clk 0:09:34] } 9... Kd6 { [%clk 0:09:07] } 10. b3 { [%clk 0:09:25] } 10...
Bxg4 { [%clk 0:09:04] } 11. Ba3+ { [%clk 0:09:22] } 11... Kd7
{ [%clk 0:09:01] } 12. O-O { [%clk 0:09:19] } 12... Bxa3 { [%clk 0:08:53] } 13.
Nxa3 { [%clk 0:09:17] } 13... Raf8 { [%clk 0:08:43] } 14. c4 { [%clk 0:09:14] }
14... Qe6 { [%clk 0:08:33] } 15. h3 { [%clk 0:09:10] } 15... Bxh3
{ [%clk 0:08:24] } 16. gxh3 { [%clk 0:09:04] } 16... Qxh3 { [%clk 0:08:19] }
17. Rae1 { [%clk 0:08:56] } 17... Rf6 { [%clk 0:08:18] } 18. Re3
{ [%clk 0:08:52] } 18... Rg6+ { [%clk 0:08:16] } 19. Rg3 { [%clk 0:08:51] }
19... Rxg3+ { [%clk 0:08:11] } 20. fxg3 { [%clk 0:08:50] } 20... Nd4
{ [%clk 0:08:08] } 21. Rf7+ { [%clk 0:08:47] } 21... Kd8 { [%clk 0:08:00] } 22.
Rxg7 { [%clk 0:08:46] } 22... Ne2+ { [%clk 0:07:56] } 23. Kf2
{ [%clk 0:08:44] } 23... Qh2+ { [%clk 0:07:53] } 24. Ke3 { [%clk 0:08:42] }
24... Nc1 { [%clk 0:07:42] } 25. Nb5 { [%clk 0:08:41] } 25... Qe2#
{ [%clk 0:07:40] } 0-1"
Rated Rapid game,https://lichess.org/ay3xFajv,2024.08.01,-,xplox,serega_frol19,1-0,2024.08.01,08:46:31,1269,1258,,,D20,Queen's Gambit Accepted,600+0,Normal,"1. d4 { [%clk 0:10:00] } 1... d5 { [%clk 0:10:00] } 2. c4 { [%clk 0:09:59] }
2... dxc4 { [%clk 0:09:59] } 3. Nc3 { [%clk 0:09:57] } 3... Bf5
{ [%clk 0:09:51] } 4. e4 { [%clk 0:09:50] } 4... Bg6 { [%clk 0:09:46] } 5. Bxc4
{ [%clk 0:09:48] } 5... e6 { [%clk 0:09:43] } 6. Nf3 { [%clk 0:09:40] } 6...
Nc6 { [%clk 0:09:42] } 7. O-O { [%clk 0:09:33] } 7... Bb4 { [%clk 0:09:41] } 8.
Re1 { [%clk 0:09:16] } 8... Bxc3 { [%clk 0:09:39] } 9. bxc3 { [%clk 0:09:15] }
9... Qe7 { [%clk 0:09:33] } 10. Bg5 { [%clk 0:09:12] } 10... h6
{ [%clk 0:09:26] } 11. Bxe7 { [%clk 0:09:09] } 11... Ncxe7 { [%clk 0:09:14] }
12. Qa4+ { [%clk 0:09:01] } 12... c6 { [%clk 0:09:10] } 13. Ne5
{ [%clk 0:08:59] } 13... O-O-O { [%clk 0:09:08] } 14. Nxg6 { [%clk 0:08:57] }
14... Nxg6 { [%clk 0:09:06] } 15. Rab1 { [%clk 0:08:51] } 15... N8e7
{ [%clk 0:09:01] } 16. Qxa7 { [%clk 0:08:32] } 16... b5 { [%clk 0:08:44] } 17.
Bxb5 { [%clk 0:08:28] } 17... cxb5 { [%clk 0:08:43] } 18. Rxb5
{ [%clk 0:08:26] } 18... Rd7 { [%clk 0:08:38] } 19. Rb8# { [%clk 0:08:15] } 1-0"
Rated Rapid game,https://lichess.org/efpFIuXA,2024.08.01,-,Rdaxion,lkir,1-0,2024.08.01,08:46:31,1765,1770,,,A03,Bird Opening: Dutch Variation,600+0,Time forfeit,"1. f4 { [%clk 0:10:00] } 1... d5 { [%clk 0:10:00] } 2. Nf3 { [%clk 0:09:59] }
2... Nc6 { [%clk 0:09:58] } 3. d4 { [%clk 0:09:58] } 3... f5 { [%clk 0:09:56] }
4. e3 { [%clk 0:09:55] } 4... Nf6 { [%clk 0:09:55] } 5. Bb5 { [%clk 0:09:43] }
5... Bd7 { [%clk 0:09:52] } 6. Bxc6 { [%clk 0:09:28] } 6... Bxc6
{ [%clk 0:09:51] } 7. Ne5 { [%clk 0:09:27] } 7... Qd6 { [%clk 0:09:48] } 8.
Qh5+ { [%clk 0:09:18] } 8... Kd8 { [%clk 0:09:47] } 9. Nf7+ { [%clk 0:09:16] }
1-0"
Rated Rapid game,https://lichess.org/2ZI6F2Ij,2024.08.01,-,FritzBrown,Nikan116866,0-1,2024.08.01,08:46:31,2313,2184,,,A22,English Opening: Carls-Bremen System,600+0,Normal,"1. c4 { [%eval 0.12] [%clk 0:10:00] } 1... e5 { [%eval 0.12] [%clk 0:10:00] }
2. Nc3 { [%eval 0.07] [%clk 0:09:59] } 2... Nf6 { [%eval 0.14] [%clk 0:09:59] }
3. g3 { [%eval 0.0] [%clk 0:09:59] } 3... Be7 { [%eval 0.41] [%clk 0:09:54] }
4. Bg2 { [%eval 0.34] [%clk 0:09:57] } 4... c6 { [%eval 0.47] [%clk 0:09:47] }
5. Nf3 { [%eval 0.39] [%clk 0:09:55] } 5... Qc7 { [%eval 0.77] [%clk 0:09:45] }
6. d4 { [%eval 0.48] [%clk 0:09:53] } 6... e4 { [%eval 0.36] [%clk 0:09:43] }
7. Ng5 { [%eval 0.0] [%clk 0:09:48] } 7... d5 { [%eval 0.03] [%clk 0:09:41] }
8. O-O $6 { [%eval -0.88] [%clk 0:09:41] } 8... O-O $6
{ [%eval -0.02] [%clk 0:09:38] } 9. cxd5 { [%eval 0.08] [%clk 0:09:37] } 9...
cxd5 { [%eval 0.16] [%clk 0:09:37] } 10. Bf4 { [%eval -0.37] [%clk 0:09:37] }
10... Qb6 { [%eval -0.43] [%clk 0:09:27] } 11. Qd2
{ [%eval -0.59] [%clk 0:09:27] } 11... Nc6 { [%eval -0.58] [%clk 0:09:17] } 12.
Be5 { [%eval -0.87] [%clk 0:09:11] } 12... Rd8 { [%eval -0.92] [%clk 0:08:57] }
13. Nh3 { [%eval -0.93] [%clk 0:08:55] } 13... Ng4
{ [%eval -0.6] [%clk 0:08:24] } 14. Nf4 { [%eval -0.69] [%clk 0:08:46] } 14...
Be6 { [%eval -1.0] [%clk 0:08:20] } 15. Bh3 $6 { [%eval -1.79] [%clk 0:08:20] }
15... Bg5 $2 { [%eval 1.19] [%clk 0:07:56] } 16. Bxg4 $2
{ [%eval -1.48] [%clk 0:07:49] } 16... Bxg4 { [%eval -1.28] [%clk 0:07:43] }
17. h4 $6 { [%eval -1.98] [%clk 0:06:56] } 17... Bh6
{ [%eval -1.89] [%clk 0:07:40] } 18. Qd1 { [%eval -1.89] [%clk 0:04:09] } 18...
Nxe5 { [%eval -1.55] [%clk 0:07:03] } 19. dxe5 $2
{ [%eval -4.38] [%clk 0:04:07] } 19... Bxf4 { [%eval -4.08] [%clk 0:07:02] }
20. gxf4 { [%eval -4.35] [%clk 0:04:04] } 20... Bh3
{ [%eval -3.97] [%clk 0:06:34] } 21. Kh2 { [%eval -4.55] [%clk 0:03:32] } 21...
Bxf1 { [%eval -4.6] [%clk 0:06:12] } 22. Qxf1 { [%eval -4.43] [%clk 0:03:32] }
22... Qh6 { [%eval -3.78] [%clk 0:06:06] } 0-1"
Rated Rapid game,https://lichess.org/HL7xejld,2024.08.01,-,ossi777,PARED22,1-0,2024.08.01,08:46:31,1883,1887,,,C41,Philidor Defense,600+0,Normal,"1. e4 { [%clk 0:10:00] } 1... e5 { [%clk 0:10:00] } 2. Nf3 { [%clk 0:09:58] }
2... d6 { [%clk 0:09:59] } 3. Bc4 { [%clk 0:09:55] } 3... h6 { [%clk 0:09:57] }
4. O-O { [%clk 0:09:52] } 4... Nf6 { [%clk 0:09:56] } 5. d3 { [%clk 0:09:50] }
5... Bd7 { [%clk 0:09:52] } 6. c3 { [%clk 0:09:50] } 6... Qc8
{ [%clk 0:09:51] } 7. Qb3 { [%clk 0:09:46] } 7... Be6 { [%clk 0:09:37] } 8.
Bxe6 { [%clk 0:09:44] } 8... fxe6 { [%clk 0:09:36] } 9. Nh4 { [%clk 0:09:36] }
9... Kf7 { [%clk 0:09:27] } 10. f4 { [%clk 0:09:33] } 10... exf4
{ [%clk 0:09:24] } 11. Bxf4 { [%clk 0:09:26] } 11... Nc6 { [%clk 0:09:23] } 12.
Bg3 { [%clk 0:09:15] } 12... Be7 { [%clk 0:09:21] } 13. Nf5 { [%clk 0:09:11] }
13... Rf8 { [%clk 0:09:14] } 14. Nxe7 { [%clk 0:09:04] } 14... Nxe7
{ [%clk 0:09:11] } 15. e5 { [%clk 0:08:59] } 15... dxe5 { [%clk 0:09:10] } 16.
Bxe5 { [%clk 0:08:57] } 16... Kg8 { [%clk 0:09:09] } 17. Nd2 { [%clk 0:08:50] }
17... b6 { [%clk 0:08:59] } 18. Nf3 { [%clk 0:08:37] } 18... Qd7
{ [%clk 0:08:55] } 19. d4 { [%clk 0:08:35] } 19... Nfd5 { [%clk 0:08:48] } 20.
Rae1 { [%clk 0:08:30] } 20... Ng6 { [%clk 0:08:34] } 21. Bg3 { [%clk 0:08:25] }
21... Rae8 { [%clk 0:08:28] } 22. Ne5 { [%clk 0:08:21] } 22... Nxe5
{ [%clk 0:08:25] } 23. Rxf8+ { [%clk 0:08:11] } 23... Rxf8 { [%clk 0:08:24] }
24. Bxe5 { [%clk 0:08:10] } 24... Re8 { [%clk 0:08:21] } 25. Qc2
{ [%clk 0:08:01] } 25... Qe7 { [%clk 0:07:56] } 26. Qg6 { [%clk 0:07:56] }
26... c5 { [%clk 0:07:52] } 27. Rf1 { [%clk 0:07:51] } 27... cxd4
{ [%clk 0:07:48] } 28. cxd4 { [%clk 0:07:39] } 28... Rf8 { [%clk 0:07:40] } 29.
Rxf8+ { [%clk 0:07:31] } 29... Kxf8 { [%clk 0:07:39] } 30. h3
{ [%clk 0:07:25] } 30... Kg8 { [%clk 0:07:36] } 31. a3 { [%clk 0:07:13] } 31...
Ne3 { [%clk 0:07:34] } 32. Qg3 { [%clk 0:07:00] } 32... Nf5 { [%clk 0:07:31] }
33. Qf3 { [%clk 0:06:54] } 33... Qd7 { [%clk 0:07:27] } 34. Qd3
{ [%clk 0:06:40] } 34... Ne7 { [%clk 0:07:08] } 35. b4 { [%clk 0:06:37] } 35...
Nc6 { [%clk 0:07:05] } 36. Qe4 { [%clk 0:06:21] } 36... Ne7 { [%clk 0:07:01] }
37. Qg4 { [%clk 0:06:09] } 37... Nf5 { [%clk 0:06:58] } 38. Qe4
{ [%clk 0:05:56] } 38... Qa4 { [%clk 0:06:48] } 39. Qa8+ { [%clk 0:05:37] }
39... Kh7 { [%clk 0:06:46] } 40. Qb7 { [%clk 0:05:31] } 40... Qd1+
{ [%clk 0:06:39] } 41. Kh2 { [%clk 0:05:28] } 41... Qa4 { [%clk 0:06:08] } 42.
Qe4 { [%clk 0:05:13] } 42... Kg8 { [%clk 0:06:03] } 43. g4 { [%clk 0:05:11] }
43... Ne7 { [%clk 0:05:47] } 44. Bd6 { [%clk 0:04:49] } 44... Qd7
{ [%clk 0:05:39] } 45. Be5 { [%clk 0:04:39] } 45... Nd5 { [%clk 0:04:57] } 46.
Qg6 { [%clk 0:04:29] } 46... Ne7 { [%clk 0:04:47] } 1-0"
Rated Rapid game,https://lichess.org/qZLplFUh,2024.08.01,-,ChessLikeCheese01,tch_haonhan2017,1-0,2024.08.01,08:46:34,1123,1141,,,C42,Russian Game: Damiano Variation,600+0,Normal,"1. e4 { [%clk 0:10:00] } 1... e5 { [%clk 0:10:00] } 2. Nf3 { [%clk 0:09:58] }
2... Nf6 { [%clk 0:09:55] } 3. Nxe5 { [%clk 0:09:55] } 3... Nxe4
{ [%clk 0:09:53] } 4. Qf3 { [%clk 0:09:47] } 4... Nd6 { [%clk 0:09:38] } 5. b3
{ [%clk 0:09:33] } 5... Nc6 { [%clk 0:09:22] } 6. Nxc6 { [%clk 0:09:27] } 6...
bxc6 { [%clk 0:09:19] } 7. Ba3 { [%clk 0:09:26] } 7... Nb5 { [%clk 0:09:09] }
8. Bc4 { [%clk 0:09:19] } 8... Nd6 { [%clk 0:09:04] } 9. Bxd6
{ [%clk 0:09:17] } 9... cxd6 { [%clk 0:09:00] } 10. Qxf7# { [%clk 0:09:13] }
1-0"
Rated Rapid game,https://lichess.org/mKfzcIq1,2024.08.01,-,Abhi3458,Anonymous-2242,1/2-1/2,2024.08.01,08:46:34,1586,1514,,,C64,Ruy Lopez: Classical Variation,600+0,Normal,"1. e4 { [%eval 0.15] [%clk 0:10:00] } 1... e5 { [%eval 0.21] [%clk 0:10:00] }
2. Nf3 { [%eval 0.11] [%clk 0:09:55] } 2... Nc6 { [%eval 0.19] [%clk 0:09:58] }
3. Bb5 { [%eval 0.19] [%clk 0:09:50] } 3... Bc5 { [%eval 0.32] [%clk 0:09:53] }
4. O-O { [%eval 0.3] [%clk 0:09:41] } 4... d6 { [%eval 0.31] [%clk 0:09:48] }
5. d4 { [%eval 0.2] [%clk 0:09:36] } 5... a6 $4 { [%eval 5.07] [%clk 0:09:33] }
6. Bxc6+ { [%eval 5.04] [%clk 0:09:29] } 6... bxc6
{ [%eval 5.07] [%clk 0:09:30] } 7. dxc5 { [%eval 5.55] [%clk 0:09:24] } 7...
Nf6 { [%eval 5.58] [%clk 0:09:25] } 8. Bg5 { [%eval 5.5] [%clk 0:09:17] } 8...
Bg4 { [%eval 5.59] [%clk 0:09:18] } 9. h3 { [%eval 5.73] [%clk 0:09:11] } 9...
Bh5 { [%eval 5.56] [%clk 0:09:12] } 10. Nbd2 { [%eval 5.53] [%clk 0:09:07] }
10... O-O { [%eval 5.55] [%clk 0:08:56] } 11. cxd6
{ [%eval 5.42] [%clk 0:08:55] } 11... Qxd6 { [%eval 5.93] [%clk 0:08:53] } 12.
Qe2 { [%eval 5.91] [%clk 0:08:49] } 12... Qb4 { [%eval 6.29] [%clk 0:08:28] }
13. Rab1 { [%eval 5.82] [%clk 0:08:37] } 13... Bg6
{ [%eval 6.45] [%clk 0:08:24] } 14. Nxe5 { [%eval 6.18] [%clk 0:08:30] } 14...
Nxe4 { [%eval 6.84] [%clk 0:08:06] } 15. Nxc6 { [%eval 6.94] [%clk 0:08:21] }
15... Qc5 { [%eval 8.13] [%clk 0:07:26] } 16. Ne7+
{ [%eval 8.19] [%clk 0:08:12] } 16... Kh8 { [%eval 8.18] [%clk 0:07:15] } 17.
Nxg6+ { [%eval 8.06] [%clk 0:08:05] } 17... fxg6
{ [%eval 8.32] [%clk 0:07:10] } 18. Nxe4 { [%eval 8.36] [%clk 0:08:00] } 18...
Rfe8 { [%eval 8.45] [%clk 0:07:02] } 19. Nxc5 { [%eval 8.33] [%clk 0:07:52] }
19... Rxe2 { [%eval 8.39] [%clk 0:06:59] } 20. Rfc1
{ [%eval 8.35] [%clk 0:07:44] } 20... Re5 { [%eval 8.41] [%clk 0:06:55] } 21.
Be3 { [%eval 8.52] [%clk 0:07:37] } 21... c6 { [%eval 8.59] [%clk 0:06:34] }
22. b4 { [%eval 8.28] [%clk 0:07:31] } 22... Rd8
{ [%eval 8.69] [%clk 0:06:33] } 23. Rd1 { [%eval 8.64] [%clk 0:07:26] } 23...
Rxd1+ { [%eval 8.86] [%clk 0:06:29] } 24. Rxd1 { [%eval 8.76] [%clk 0:07:21] }
1/2-1/2"
Rated Rapid game,https://lichess.org/mva9337p,2024.08.01,-,qwerty18228,mintonsousa,1-0,2024.08.01,08:46:34,1234,1245,,,C40,King's Pawn Game: McConnell Defense,600+0,Normal,"1. e4 { [%clk 0:10:00] } 1... e5 { [%clk 0:10:00] } 2. Nf3 { [%clk 0:09:59] }
2... Qf6 { [%clk 0:09:58] } 3. Bc4 { [%clk 0:09:52] } 3... g5
{ [%clk 0:09:56] } 4. d3 { [%clk 0:09:43] } 4... h6 { [%clk 0:09:47] } 5. O-O
{ [%clk 0:09:37] } 5... Nc6 { [%clk 0:09:45] } 6. Nc3 { [%clk 0:09:29] } 6...
a6 { [%clk 0:09:42] } 7. Nd5 { [%clk 0:09:25] } 7... Qd8 { [%clk 0:09:38] } 8.
d4 { [%clk 0:09:12] } 8... f6 { [%clk 0:09:28] } 9. dxe5 { [%clk 0:09:03] }
9... fxe5 { [%clk 0:09:18] } 10. Nxe5 { [%clk 0:08:26] } 10... Nxe5
{ [%clk 0:09:16] } 11. Qh5+ { [%clk 0:08:21] } 1-0"
Rated Rapid game,https://lichess.org/07QivDws,2024.08.01,-,studentnumber8633846,MrMarvyn,0-1,2024.08.01,08:46:34,1790,1779,,,D01,"Rapport-Jobava System, with e6",600+0,Time forfeit,"1. d4 { [%clk 0:10:00] } 1... d5 { [%clk 0:10:00] } 2. Bf4 { [%clk 0:09:59] }
2... e6 { [%clk 0:09:40] } 3. Nc3 { [%clk 0:09:46] } 3... a6 { [%clk 0:09:38] }
4. e3 { [%clk 0:09:42] } 4... Nf6 { [%clk 0:09:00] } 5. Bd3 { [%clk 0:07:29] }
5... Nc6 { [%clk 0:08:39] } 6. Nf3 { [%clk 0:07:28] } 6... h6
{ [%clk 0:08:38] } 7. Ne5 { [%clk 0:07:25] } 7... Nxe5 { [%clk 0:08:33] } 8.
Bxe5 { [%clk 0:07:23] } 8... Nd7 { [%clk 0:08:32] } 9. Bf4 { [%clk 0:07:21] }
9... Nf6 { [%clk 0:08:29] } 10. O-O { [%clk 0:07:18] } 10... Bd6
{ [%clk 0:08:28] } 11. h3 { [%clk 0:07:13] } 11... Bxf4 { [%clk 0:08:24] } 12.
exf4 { [%clk 0:07:12] } 12... O-O { [%clk 0:08:23] } 13. Ne2 { [%clk 0:07:08] }
13... Qd6 { [%clk 0:08:21] } 14. Qd2 { [%clk 0:07:03] } 14... c5
{ [%clk 0:08:19] } 15. c3 { [%clk 0:06:58] } 15... c4 { [%clk 0:08:10] } 16.
Bc2 { [%clk 0:06:00] } 16... a5 { [%clk 0:07:59] } 17. g4 { [%clk 0:05:38] }
17... b5 { [%clk 0:07:55] } 18. a3 { [%clk 0:05:34] } 18... Bb7
{ [%clk 0:07:31] } 19. Ng3 { [%clk 0:05:28] } 19... Rab8 { [%clk 0:07:23] } 20.
g5 { [%clk 0:05:26] } 20... hxg5 { [%clk 0:07:20] } 21. fxg5 { [%clk 0:05:24] }
21... Nh7 { [%clk 0:07:06] } 22. g6 { [%clk 0:04:25] } 22... fxg6
{ [%clk 0:06:46] } 23. Bxg6 { [%clk 0:04:20] } 23... e5 { [%clk 0:06:41] } 24.
Nf5 { [%clk 0:03:51] } 24... Qf6 { [%clk 0:04:50] } 25. Nh6+ { [%clk 0:03:44] }
25... gxh6 { [%clk 0:04:45] } 26. Qxh6 { [%clk 0:03:44] } 26... Qg5+
{ [%clk 0:03:47] } 27. Qxg5 { [%clk 0:03:42] } 27... Nxg5 { [%clk 0:03:45] }
28. Kh2 { [%clk 0:03:05] } 28... exd4 { [%clk 0:03:10] } 29. cxd4
{ [%clk 0:02:38] } 29... Nf3+ { [%clk 0:03:05] } 30. Kg3 { [%clk 0:02:33] }
30... Nxd4 { [%clk 0:03:01] } 31. f4 { [%clk 0:02:29] } 31... Nb3
{ [%clk 0:02:49] } 32. Rae1 { [%clk 0:02:19] } 32... d4 { [%clk 0:02:45] } 33.
Re7 { [%clk 0:02:05] } 33... d3 { [%clk 0:02:39] } 34. f5 { [%clk 0:00:59] }
34... d2 { [%clk 0:02:30] } 35. Rd1 { [%clk 0:00:54] } 35... Rbd8
{ [%clk 0:02:27] } 36. Rxb7 { [%clk 0:00:50] } 36... Nc1 { [%clk 0:02:14] } 37.
Rxb5 { [%clk 0:00:41] } 37... Ne2+ { [%clk 0:02:13] } 38. Kf2
{ [%clk 0:00:39] } 38... c3 { [%clk 0:02:07] } 39. bxc3 { [%clk 0:00:29] }
39... Nxc3 { [%clk 0:02:05] } 40. Rxa5 { [%clk 0:00:07] } 40... Nxd1+
{ [%clk 0:02:03] } 41. Ke2 { [%clk 0:00:04] } 41... Nc3+ { [%clk 0:02:01] } 0-1"
Rated Rapid game,https://lichess.org/0YL8ZTx8,2024.08.01,-,AlifHaziem123,teettoo,1-0,2024.08.01,08:46:34,2061,2122,,,C24,Bishop's Opening: Vienna Hybrid,600+0,Normal,"1. e4 { [%eval 0.15] [%clk 0:10:00] } 1... e5 { [%eval 0.21] [%clk 0:10:00] }
2. Nc3 { [%eval 0.1] [%clk 0:09:59] } 2... Nc6 { [%eval 0.08] [%clk 0:09:54] }
3. Bc4 { [%eval 0.11] [%clk 0:09:55] } 3... Nf6 { [%eval 0.09] [%clk 0:09:52] }
4. d3 { [%eval 0.17] [%clk 0:09:54] } 4... h6 { [%eval 0.32] [%clk 0:09:50] }
5. Nf3 { [%eval 0.1] [%clk 0:09:53] } 5... Be7 { [%eval 0.32] [%clk 0:09:45] }
6. Be3 { [%eval 0.0] [%clk 0:09:51] } 6... O-O { [%eval 0.32] [%clk 0:09:43] }
7. a3 { [%eval 0.28] [%clk 0:09:49] } 7... a6 { [%eval 0.7] [%clk 0:09:41] } 8.
h3 { [%eval 0.52] [%clk 0:09:45] } 8... b5 { [%eval 0.62] [%clk 0:09:40] } 9.
Ba2 { [%eval 0.51] [%clk 0:09:42] } 9... d6 { [%eval 0.48] [%clk 0:09:30] } 10.
Ne2 { [%eval 0.1] [%clk 0:09:34] } 10... d5 { [%eval 0.05] [%clk 0:09:15] } 11.
Ng3 { [%eval 0.0] [%clk 0:09:27] } 11... d4 { [%eval 0.33] [%clk 0:09:11] } 12.
Bd2 { [%eval 0.31] [%clk 0:09:24] } 12... Be6 { [%eval 0.32] [%clk 0:08:58] }
13. Qb1 { [%eval 0.14] [%clk 0:09:02] } 13... Bxa2
{ [%eval 0.24] [%clk 0:08:44] } 14. Qxa2 { [%eval 0.29] [%clk 0:09:00] } 14...
Rb8 { [%eval 0.55] [%clk 0:08:31] } 15. Nf5 { [%eval 0.41] [%clk 0:08:50] }
15... Kh7 { [%eval 0.7] [%clk 0:08:10] } 16. g4 { [%eval 0.82] [%clk 0:08:32] }
16... Ng8 { [%eval 0.77] [%clk 0:07:46] } 17. Qd5
{ [%eval 0.73] [%clk 0:07:59] } 17... Qxd5 $6 { [%eval 1.32] [%clk 0:06:57] }
18. exd5 { [%eval 1.15] [%clk 0:07:56] } 18... g6 $2
{ [%eval 2.21] [%clk 0:06:48] } 19. dxc6 { [%eval 2.2] [%clk 0:07:48] } 19...
gxf5 { [%eval 2.15] [%clk 0:06:45] } 20. Nxe5 { [%eval 2.22] [%clk 0:07:46] }
20... Bf6 { [%eval 2.42] [%clk 0:06:39] } 21. Nd7
{ [%eval 2.32] [%clk 0:07:44] } 21... Rfe8+ { [%eval 2.34] [%clk 0:06:35] } 22.
Kd1 { [%eval 2.42] [%clk 0:07:39] } 22... Rbd8 { [%eval 2.46] [%clk 0:06:32] }
23. gxf5 { [%eval 2.37] [%clk 0:07:33] } 23... Bh4
{ [%eval 2.49] [%clk 0:06:20] } 24. Bf4 { [%eval 2.55] [%clk 0:06:43] } 24...
Rc8 { [%eval 2.53] [%clk 0:06:00] } 25. Bg3 { [%eval 2.51] [%clk 0:06:28] }
25... Bxg3 { [%eval 2.82] [%clk 0:05:30] } 26. fxg3
{ [%eval 2.84] [%clk 0:06:28] } 26... Re3 { [%eval 2.79] [%clk 0:05:29] } 27.
Kd2 { [%eval 2.81] [%clk 0:05:58] } 27... Rxg3 { [%eval 2.62] [%clk 0:05:26] }
28. Rag1 { [%eval 2.58] [%clk 0:05:53] } 28... Rxg1
{ [%eval 2.85] [%clk 0:05:19] } 29. Rxg1 { [%eval 2.91] [%clk 0:05:52] } 29...
f6 $2 { [%eval 3.94] [%clk 0:05:18] } 30. Rg4 { [%eval 3.82] [%clk 0:05:39] }
30... Re8 $2 { [%eval 5.11] [%clk 0:05:11] } 31. Rxd4
{ [%eval 5.09] [%clk 0:05:35] } 31... Kg7 { [%eval 5.4] [%clk 0:05:10] } 32.
Rg4+ $2 { [%eval 4.25] [%clk 0:05:28] } 32... Kf7
{ [%eval 4.22] [%clk 0:05:08] } 33. Nc5 { [%eval 4.08] [%clk 0:05:20] } 33...
a5 $2 { [%eval 5.49] [%clk 0:05:02] } 34. Re4 $2
{ [%eval 4.09] [%clk 0:05:13] } 34... Ne7 { [%eval 4.06] [%clk 0:04:58] } 35.
Ne6 { [%eval 3.5] [%clk 0:04:40] } 35... Nxc6 { [%eval 4.29] [%clk 0:04:28] }
36. Nxc7 { [%eval 3.68] [%clk 0:04:36] } 36... Rg8 $2
{ [%eval 4.94] [%clk 0:04:16] } 37. Nxb5 { [%eval 4.92] [%clk 0:04:33] } 37...
Rg2+ { [%eval 5.15] [%clk 0:04:10] } 38. Re2 { [%eval 5.02] [%clk 0:04:31] }
38... Rg3 { [%eval 5.06] [%clk 0:04:08] } 39. Nd6+
{ [%eval 5.13] [%clk 0:04:29] } 39... Kg7 { [%eval 5.05] [%clk 0:03:56] } 40.
Ne8+ { [%eval 4.71] [%clk 0:04:22] } 40... Kf8 { [%eval 4.82] [%clk 0:03:54] }
41. Nxf6 { [%eval 4.74] [%clk 0:04:18] } 41... Rxh3
{ [%eval 4.74] [%clk 0:03:49] } 42. Nd7+ { [%eval 4.39] [%clk 0:03:43] } 42...
Kg8 { [%eval 4.78] [%clk 0:03:37] } 43. Re8+ { [%eval 4.16] [%clk 0:03:38] }
43... Kf7 { [%eval 4.22] [%clk 0:03:35] } 44. Re6
{ [%eval 4.07] [%clk 0:03:28] } 44... Nd4 { [%eval 3.88] [%clk 0:03:26] } 45.
Re4 { [%eval 3.3] [%clk 0:03:13] } 45... Rh2+ { [%eval 3.59] [%clk 0:03:20] }
46. Kc3 { [%eval 3.57] [%clk 0:03:03] } 46... Nxf5
{ [%eval 3.49] [%clk 0:03:10] } 47. Rf4 { [%eval 3.1] [%clk 0:02:55] } 47...
Ke6 { [%eval 2.94] [%clk 0:03:07] } 48. Nf8+ { [%eval 2.85] [%clk 0:02:36] }
48... Ke5 { [%eval 3.33] [%clk 0:02:58] } 49. Ng6+
{ [%eval 3.11] [%clk 0:02:32] } 49... Kf6 $2 { [%eval 4.59] [%clk 0:02:57] }
50. Nf8 $4 { [%eval 1.32] [%clk 0:02:15] } 50... Kg5 $2
{ [%eval 3.3] [%clk 0:02:49] } 51. Ne6+ { [%eval 3.23] [%clk 0:02:00] } 51...
Kf6 $2 { [%eval 5.31] [%clk 0:02:47] } 52. Nd4 { [%eval 5.15] [%clk 0:01:56] }
52... Rh5 { [%eval 5.25] [%clk 0:02:44] } 53. Nxf5
{ [%eval 5.16] [%clk 0:01:47] } 53... Rxf5 { [%eval 5.15] [%clk 0:02:43] } 54.
Rh4 { [%eval 4.15] [%clk 0:01:35] } 54... Kg5 { [%eval 3.86] [%clk 0:02:39] }
55. Rh1 { [%eval 3.93] [%clk 0:01:33] } 55... h5
{ [%eval 4.55] [%clk 0:02:37] } 56. b4 { [%eval 4.43] [%clk 0:01:28] } 56... h4
{ [%eval 4.42] [%clk 0:02:34] } 57. Kd4 { [%eval 4.4] [%clk 0:01:16] } 57...
Kg4 { [%eval 4.26] [%clk 0:02:31] } 58. c4 { [%eval 4.61] [%clk 0:01:08] }
58... h3 { [%eval 5.06] [%clk 0:02:28] } 59. b5 { [%eval 4.93] [%clk 0:00:58] }
59... Kg3 { [%eval 4.93] [%clk 0:02:22] } 60. Ke4
{ [%eval 4.4] [%clk 0:00:55] } 60... Rc5 { [%eval 5.15] [%clk 0:02:14] } 61.
Kd4 { [%eval 5.17] [%clk 0:00:51] } 61... Rc8 { [%eval 5.33] [%clk 0:02:10] }
62. c5 { [%eval 4.89] [%clk 0:00:47] } 62... h2 { [%eval 5.93] [%clk 0:02:08] }
63. b6 { [%eval 5.89] [%clk 0:00:43] } 63... Kg2
{ [%eval 6.71] [%clk 0:02:07] } 64. Rxh2+ { [%eval 6.77] [%clk 0:00:38] } 64...
Kxh2 { [%eval 6.42] [%clk 0:02:05] } 65. Kc4 { [%eval 5.59] [%clk 0:00:34] }
65... Kg3 { [%eval 6.09] [%clk 0:01:59] } 66. Kb5
{ [%eval 5.65] [%clk 0:00:32] } 66... Kf4 { [%eval 7.21] [%clk 0:01:58] } 67.
c6 { [%eval 7.08] [%clk 0:00:31] } 67... Ke5 { [%eval 8.2] [%clk 0:01:56] } 68.
b7 { [%eval 11.14] [%clk 0:00:30] } 68... Rb8 { [%eval 11.08] [%clk 0:01:54] }
69. Kb6 { [%eval 9.1] [%clk 0:00:28] } 69... Rf8
{ [%eval 11.31] [%clk 0:01:39] } 70. c7 { [%eval 10.49] [%clk 0:00:26] } 1-0"
Rated Rapid game,https://lichess.org/gBAZPJSY,2024.08.01,-,Bhuvan_Konnur2498,venoksss,0-1,2024.08.01,08:46:34,1931,1961,,,B15,Caro-Kann Defense,600+0,Normal,"1. e4 { [%clk 0:10:00] } 1... c6 { [%clk 0:10:00] } 2. d4 { [%clk 0:09:58] }
2... d5 { [%clk 0:09:59] } 3. Nc3 { [%clk 0:09:57] } 3... a6 { [%clk 0:09:53] }
4. exd5 { [%clk 0:09:56] } 4... cxd5 { [%clk 0:09:52] } 5. Nf3
{ [%clk 0:09:54] } 5... Nc6 { [%clk 0:09:45] } 6. Ne2 { [%clk 0:09:53] } 6...
Nf6 { [%clk 0:09:36] } 7. Ng3 { [%clk 0:09:52] } 7... h6 { [%clk 0:09:32] } 8.
c3 { [%clk 0:09:50] } 8... Bg4 { [%clk 0:09:26] } 9. Be2 { [%clk 0:09:49] }
9... e6 { [%clk 0:09:17] } 10. h3 { [%clk 0:09:48] } 10... Bxf3
{ [%clk 0:09:13] } 11. Bxf3 { [%clk 0:09:48] } 11... Bd6 { [%clk 0:09:11] } 12.
O-O { [%clk 0:09:45] } 12... O-O { [%clk 0:09:10] } 13. Re1 { [%clk 0:09:42] }
13... Qc7 { [%clk 0:09:08] } 14. Ne2 { [%clk 0:09:41] } 14... Rfe8
{ [%clk 0:09:02] } 15. Be3 { [%clk 0:09:39] } 15... Na5 { [%clk 0:08:47] } 16.
Qc1 { [%clk 0:09:33] } 16... Nc4 { [%clk 0:08:43] } 17. Bf4 { [%clk 0:09:31] }
17... Bxf4 { [%clk 0:08:37] } 18. Qxf4 { [%clk 0:09:31] } 18... Qxf4
{ [%clk 0:08:31] } 19. Nxf4 { [%clk 0:09:31] } 19... b5 { [%clk 0:08:21] } 20.
b3 { [%clk 0:09:28] } 20... Nd2 { [%clk 0:08:18] } 21. Re3 { [%clk 0:09:18] }
21... Nxf3+ { [%clk 0:08:15] } 22. Rxf3 { [%clk 0:09:15] } 22... Rac8
{ [%clk 0:08:06] } 23. Re1 { [%clk 0:09:09] } 23... Ne4 { [%clk 0:08:04] } 24.
Ree3 { [%clk 0:09:00] } 24... Rc7 { [%clk 0:07:41] } 25. b4 { [%clk 0:08:50] }
25... Rec8 { [%clk 0:07:39] } 26. Ne2 { [%clk 0:08:47] } 26... a5
{ [%clk 0:07:31] } 27. a3 { [%clk 0:08:46] } 27... axb4 { [%clk 0:07:28] } 28.
axb4 { [%clk 0:08:46] } 28... Nd2 { [%clk 0:07:25] } 29. Rg3 { [%clk 0:08:41] }
29... Ra7 { [%clk 0:07:16] } 30. Kh2 { [%clk 0:08:38] } 30... Ra2
{ [%clk 0:07:11] } 31. Rgf3 { [%clk 0:08:31] } 31... Nxf3+ { [%clk 0:07:08] }
32. Rxf3 { [%clk 0:08:29] } 32... Rxe2 { [%clk 0:07:05] } 0-1"
Rated Rapid game,https://lichess.org/boV2i5Co,2024.08.01,-,NicoMaso,Fouad-aje,1-0,2024.08.01,08:46:34,839,829,,,C40,Gunderam Defense,600+0,Normal,"1. e4 { [%clk 0:10:00] } 1... e5 { [%clk 0:10:00] } 2. Nf3 { [%clk 0:09:58] }
2... Qe7 { [%clk 0:09:59] } 3. d3 { [%clk 0:09:47] } 3... Nc6
{ [%clk 0:09:54] } 4. Be2 { [%clk 0:09:40] } 4... Nd4 { [%clk 0:09:51] } 5. O-O
{ [%clk 0:09:34] } 5... g6 { [%clk 0:09:27] } 6. Be3 { [%clk 0:09:31] } 6...
Bh6 { [%clk 0:09:26] } 7. Bxh6 { [%clk 0:09:20] } 7... Nxh6 { [%clk 0:09:23] }
8. Nxd4 { [%clk 0:08:59] } 8... exd4 { [%clk 0:09:22] } 9. c3
{ [%clk 0:08:46] } 9... dxc3 { [%clk 0:09:17] } 10. Nxc3 { [%clk 0:08:45] }
10... O-O { [%clk 0:09:08] } 11. Qd2 { [%clk 0:08:42] } 11... Ng4
{ [%clk 0:09:04] } 12. Bxg4 { [%clk 0:08:37] } 12... d5 { [%clk 0:08:58] } 13.
Nxd5 { [%clk 0:08:30] } 13... Bxg4 { [%clk 0:08:55] } 14. Nxe7+
{ [%clk 0:08:13] } 14... Kg7 { [%clk 0:08:17] } 15. Qc3+ { [%clk 0:08:04] }
15... f6 { [%clk 0:08:14] } 16. f3 { [%clk 0:07:59] } 16... Rfb8
{ [%clk 0:08:14] } 17. fxg4 { [%clk 0:07:46] } 17... Re8 { [%clk 0:08:09] } 18.
Nd5 { [%clk 0:07:32] } 18... c6 { [%clk 0:08:07] } 19. Ne3 { [%clk 0:07:23] }
19... Rad8 { [%clk 0:07:59] } 20. Rad1 { [%clk 0:07:15] } 20... Re6
{ [%clk 0:07:47] } 21. g5 { [%clk 0:06:52] } 21... c5 { [%clk 0:07:24] } 22.
Ng4 { [%clk 0:06:37] } 22... b6 { [%clk 0:07:18] } 23. gxf6+ { [%clk 0:06:36] }
23... Kf7 { [%clk 0:07:15] } 24. d4 { [%clk 0:06:20] } 24... Rxe4
{ [%clk 0:07:02] } 25. h3 { [%clk 0:06:07] } 25... cxd4 { [%clk 0:06:55] } 26.
Qc4+ { [%clk 0:05:51] } 26... Kf8 { [%clk 0:06:46] } 27. f7 { [%clk 0:05:29] }
27... h5 { [%clk 0:06:41] } 28. Qb4+ { [%clk 0:05:26] } 28... Kg7
{ [%clk 0:06:23] } 29. Nf2 { [%clk 0:05:18] } 29... Rf4 { [%clk 0:06:14] } 30.
g3 { [%clk 0:02:45] } 30... Rxf7 { [%clk 0:05:50] } 31. g4 { [%clk 0:02:32] }
31... Rf3 { [%clk 0:05:46] } 32. gxh5 { [%clk 0:02:21] } 32... gxh5
{ [%clk 0:05:43] } 33. Rxd4 { [%clk 0:02:02] } 33... Rff8 { [%clk 0:05:38] }
34. Ne4 { [%clk 0:01:42] } 34... Rf6 { [%clk 0:05:23] } 35. Rxf6
{ [%clk 0:01:38] } 35... Re8 { [%clk 0:05:14] } 36. Rd7+ { [%clk 0:01:27] }
36... Kg8 { [%clk 0:05:01] } 37. Rg6+ { [%clk 0:01:14] } 37... Kh8
{ [%clk 0:04:56] } 38. Nf6 { [%clk 0:00:59] } 38... Rf8 { [%clk 0:04:46] } 39.
Rh7# { [%clk 0:00:55] } 1-0"
Rated Rapid game,https://lichess.org/pvbkzx16,2024.08.01,-,w85,Riksar,0-1,2024.08.01,08:46:34,1595,1590,,,D20,Queen's Gambit Accepted: Old Variation,600+0,Time forfeit,"1. d4 { [%clk 0:10:00] } 1... d5 { [%clk 0:10:00] } 2. c4 { [%clk 0:09:57] }
2... dxc4 { [%clk 0:09:59] } 3. e3 { [%clk 0:09:56] } 3... c6
{ [%clk 0:09:58] } 4. Bxc4 { [%clk 0:09:54] } 4... Bf5 { [%clk 0:09:57] } 5.
Nf3 { [%clk 0:09:53] } 5... Nf6 { [%clk 0:09:56] } 6. O-O { [%clk 0:09:51] }
6... Nbd7 { [%clk 0:09:55] } 7. Nc3 { [%clk 0:09:50] } 7... e6
{ [%clk 0:09:53] } 8. Re1 { [%clk 0:09:48] } 8... Nb6 { [%clk 0:09:52] } 9. Bb3
{ [%clk 0:09:46] } 9... Bb4 { [%clk 0:09:50] } 10. a3 { [%clk 0:09:40] } 10...
Be7 { [%clk 0:09:46] } 11. e4 { [%clk 0:09:33] } 11... Bg6 { [%clk 0:09:43] }
12. Bf4 { [%clk 0:09:22] } 12... O-O { [%clk 0:09:40] } 13. Bc2
{ [%clk 0:09:10] } 13... h6 { [%clk 0:09:36] } 14. Nh4 { [%clk 0:08:55] } 14...
Bh7 { [%clk 0:09:29] } 15. Rc1 { [%clk 0:08:08] } 15... Nxe4 { [%clk 0:09:27] }
0-1"
Rated Rapid game,https://lichess.org/3g0Qv7jP,2024.08.01,-,Kerolos_Nabil,Maximbasov2014,0-1,2024.08.01,08:46:34,1282,1260,,,B04,"Alekhine Defense: Modern Variation, Larsen Variation",600+0,Normal,"1. e4 { [%clk 0:10:00] } 1... Nf6 { [%clk 0:10:00] } 2. e5 { [%clk 0:09:58] }
2... Nd5 { [%clk 0:09:49] } 3. Nf3 { [%clk 0:09:53] } 3... d6
{ [%clk 0:09:45] } 4. d4 { [%clk 0:09:51] } 4... dxe5 { [%clk 0:09:39] } 5.
dxe5 { [%clk 0:09:48] } 5... Bg4 { [%clk 0:09:31] } 6. h3 { [%clk 0:09:39] }
6... Bxf3 { [%clk 0:08:58] } 7. Qxf3 { [%clk 0:09:39] } 7... e6
{ [%clk 0:08:53] } 8. Bc4 { [%clk 0:09:38] } 8... Nd7 { [%clk 0:08:31] } 9.
Bxd5 { [%clk 0:09:29] } 9... Nxe5 { [%clk 0:08:29] } 10. Bc6+
{ [%clk 0:08:53] } 10... Nxc6 { [%clk 0:08:24] } 11. Bf4 { [%clk 0:08:51] }
11... Qf6 { [%clk 0:08:07] } 12. O-O { [%clk 0:08:38] } 12... e5
{ [%clk 0:07:07] } 13. Bg3 { [%clk 0:08:30] } 13... Qxf3 { [%clk 0:07:04] } 14.
gxf3 { [%clk 0:08:27] } 14... O-O-O { [%clk 0:06:54] } 15. Nc3
{ [%clk 0:08:23] } 15... Bb4 { [%clk 0:06:38] } 16. Rfe1 { [%clk 0:08:13] }
16... f6 { [%clk 0:06:22] } 17. a3 { [%clk 0:08:10] } 17... Bxc3
{ [%clk 0:06:04] } 18. bxc3 { [%clk 0:08:08] } 18... Rd2 { [%clk 0:05:58] } 19.
Rac1 { [%clk 0:07:51] } 19... g5 { [%clk 0:05:34] } 20. h4 { [%clk 0:07:43] }
20... gxh4 { [%clk 0:05:26] } 21. Bxh4 { [%clk 0:07:42] } 21... Rg8+
{ [%clk 0:05:25] } 22. Kf1 { [%clk 0:07:39] } 22... f5 { [%clk 0:05:15] } 23.
Red1 { [%clk 0:07:10] } 23... Rxd1+ { [%clk 0:05:03] } 24. Rxd1
{ [%clk 0:07:09] } 24... Rg6 { [%clk 0:04:34] } 25. Ke2 { [%clk 0:06:30] }
25... f4 { [%clk 0:04:27] } 26. Kd3 { [%clk 0:06:15] } 26... Rd6+
{ [%clk 0:04:22] } 27. Ke2 { [%clk 0:06:13] } 27... Rxd1 { [%clk 0:04:16] } 28.
Kxd1 { [%clk 0:06:12] } 28... Kd7 { [%clk 0:04:13] } 29. Kd2 { [%clk 0:06:05] }
29... Ke6 { [%clk 0:03:54] } 30. Kd3 { [%clk 0:06:03] } 30... b5
{ [%clk 0:03:49] } 31. Ke4 { [%clk 0:06:00] } 31... Na5 { [%clk 0:03:39] } 32.
Bd8 { [%clk 0:05:51] } 32... Nb7 { [%clk 0:03:18] } 33. Bxc7 { [%clk 0:05:45] }
33... Nc5# { [%clk 0:03:16] } 0-1"
Rated Rapid game,https://lichess.org/5RoUiAF4,2024.08.01,-,Grey_1522,boykidpillow,1-0,2024.08.01,08:46:34,1634,1739,,,A45,Indian Defense,600+0,Normal,"1. d4 { [%clk 0:10:00] } 1... Nf6 { [%clk 0:10:00] } 2. e3 { [%clk 0:09:59] }
2... c5 { [%clk 0:09:56] } 3. Nf3 { [%clk 0:09:59] } 3... cxd4
{ [%clk 0:09:55] } 4. Nxd4 { [%clk 0:09:58] } 4... e5 { [%clk 0:09:51] } 5. Nf3
{ [%clk 0:09:56] } 5... Nc6 { [%clk 0:09:48] } 6. Bb5 { [%clk 0:09:51] } 6...
Qc7 { [%clk 0:09:12] } 7. Bxc6 { [%clk 0:09:44] } 7... bxc6 { [%clk 0:09:12] }
8. b3 { [%clk 0:09:36] } 8... Ba6 { [%clk 0:09:04] } 9. Bb2 { [%clk 0:09:34] }
9... d6 { [%clk 0:09:02] } 10. Nbd2 { [%clk 0:09:27] } 10... Be7
{ [%clk 0:08:53] } 11. Nc4 { [%clk 0:09:25] } 11... Bxc4 { [%clk 0:08:36] } 12.
bxc4 { [%clk 0:09:23] } 12... Rb8 { [%clk 0:08:18] } 13. Rb1 { [%clk 0:09:15] }
13... O-O { [%clk 0:08:17] } 14. O-O { [%clk 0:09:08] } 14... e4
{ [%clk 0:08:02] } 15. Nd4 { [%clk 0:08:52] } 15... Rb4 { [%clk 0:07:45] } 16.
Qe2 { [%clk 0:08:31] } 16... Rfb8 { [%clk 0:07:39] } 17. c3 { [%clk 0:08:17] }
17... R4b6 { [%clk 0:07:25] } 18. a4 { [%clk 0:07:46] } 18... Qb7
{ [%clk 0:07:19] } 19. Nf5 { [%clk 0:07:25] } 19... Bf8 { [%clk 0:07:16] } 20.
Rfd1 { [%clk 0:07:09] } 20... Rxb2 { [%clk 0:07:11] } 21. Rxb2
{ [%clk 0:07:07] } 21... Qxb2 { [%clk 0:07:08] } 22. Qxb2 { [%clk 0:07:05] }
22... Rxb2 { [%clk 0:07:07] } 23. h3 { [%clk 0:07:00] } 23... g6
{ [%clk 0:06:56] } 24. Nxd6 { [%clk 0:06:58] } 24... Bxd6 { [%clk 0:06:55] }
25. Rxd6 { [%clk 0:06:57] } 25... Kg7 { [%clk 0:06:45] } 26. Rxc6
{ [%clk 0:06:55] } 26... Rc2 { [%clk 0:06:44] } 27. Ra6 { [%clk 0:06:51] }
27... Rxc3 { [%clk 0:06:42] } 28. Rxa7 { [%clk 0:06:50] } 28... Rxc4
{ [%clk 0:06:41] } 29. Kf1 { [%clk 0:06:38] } 29... Rc1+ { [%clk 0:06:39] } 30.
Ke2 { [%clk 0:06:37] } 30... Nd5 { [%clk 0:06:30] } 31. Rd7 { [%clk 0:06:24] }
31... Nc3+ { [%clk 0:06:21] } 32. Kd2 { [%clk 0:06:21] } 32... Rd1+
{ [%clk 0:06:16] } 33. Kxc3 { [%clk 0:06:16] } 33... Rxd7 { [%clk 0:06:15] }
34. Kb4 { [%clk 0:06:14] } 34... Rb7+ { [%clk 0:06:10] } 35. Kc5
{ [%clk 0:06:11] } 35... Kf8 { [%clk 0:06:05] } 36. a5 { [%clk 0:06:09] } 36...
Ke8 { [%clk 0:05:59] } 37. a6 { [%clk 0:06:06] } 37... Re7 { [%clk 0:05:58] }
38. Kb6 { [%clk 0:06:05] } 38... Kd8 { [%clk 0:05:55] } 39. a7
{ [%clk 0:06:04] } 39... Re6+ { [%clk 0:05:38] } 40. Kb5 { [%clk 0:05:55] }
40... Re5+ { [%clk 0:05:18] } 41. Kb6 { [%clk 0:05:53] } 41... Re6+
{ [%clk 0:05:17] } 42. Kb5 { [%clk 0:05:51] } 42... Re5+ { [%clk 0:05:12] } 43.
Kb6 { [%clk 0:05:49] } 43... Re7 { [%clk 0:05:10] } 44. a8=Q+
{ [%clk 0:05:47] } 44... Kd7 { [%clk 0:05:09] } 45. Qc6+ { [%clk 0:05:44] }
45... Kd8 { [%clk 0:05:08] } 46. Qf6 { [%clk 0:05:28] } 46... Ke8
{ [%clk 0:05:06] } 47. Qh8+ { [%clk 0:05:18] } 47... Kd7 { [%clk 0:05:04] } 48.
Qxh7 { [%clk 0:05:17] } 48... g5 { [%clk 0:05:02] } 49. Qf5+ { [%clk 0:05:13] }
49... Re6+ { [%clk 0:05:01] } 50. Kc5 { [%clk 0:05:06] } 1-0"
Rated Rapid game,https://lichess.org/AdCiKmB9,2024.08.01,-,sashakross,leshka713,1-0,2024.08.01,08:46:36,1087,1074,,,C50,Italian Game: Giuoco Pianissimo,600+0,Time forfeit,"1. e4 { [%clk 0:10:00] } 1... e5 { [%clk 0:10:00] } 2. Nf3 { [%clk 0:09:58] }
2... Nc6 { [%clk 0:09:57] } 3. Bc4 { [%clk 0:09:55] } 3... Bc5
{ [%clk 0:09:53] } 4. d3 { [%clk 0:09:53] } 4... d6 { [%clk 0:09:36] } 5. Ng5
{ [%clk 0:09:50] } 5... Nf6 { [%clk 0:09:25] } 6. Nxf7 { [%clk 0:09:46] } 6...
Bg4 { [%clk 0:09:03] } 7. Qd2 { [%clk 0:09:35] } 7... Qd7 { [%clk 0:08:53] } 8.
Nxh8 { [%clk 0:09:21] } 8... O-O-O { [%clk 0:08:50] } 9. Nf7 { [%clk 0:09:16] }
9... b5 { [%clk 0:07:02] } 10. Nxd8 { [%clk 0:09:12] } 10... Qxd8
{ [%clk 0:06:55] } 11. Be6+ { [%clk 0:09:07] } 11... Kb8 { [%clk 0:06:45] } 12.
Bxg4 { [%clk 0:09:06] } 12... Nxg4 { [%clk 0:06:37] } 13. Qg5
{ [%clk 0:09:00] } 1-0"
Rated Rapid game,https://lichess.org/xl1WBNML,2024.08.01,-,Finalcut8,Mohdshana1157,1-0,2024.08.01,08:46:38,928,821,,,C46,Three Knights Opening,600+0,Time forfeit,"1. e4 { [%eval 0.15] [%clk 0:10:00] } 1... e5 { [%eval 0.21] [%clk 0:10:00] }
2. Nf3 { [%eval 0.11] [%clk 0:09:59] } 2... Nc6 { [%eval 0.19] [%clk 0:09:53] }
3. Nc3 { [%eval 0.12] [%clk 0:09:52] } 3... Bc5 { [%eval 0.45] [%clk 0:09:46] }
4. Bb5 { [%eval 0.03] [%clk 0:09:43] } 4... Nge7 { [%eval 0.2] [%clk 0:09:35] }
5. O-O { [%eval 0.09] [%clk 0:09:36] } 5... a6 $6
{ [%eval 0.77] [%clk 0:09:10] } 6. Bxc6 { [%eval 0.6] [%clk 0:09:29] } 6...
Nxc6 { [%eval 0.7] [%clk 0:08:52] } 7. d3 $6 { [%eval -0.11] [%clk 0:09:07] }
7... h6 { [%eval 0.2] [%clk 0:08:14] } 8. g4 $4 { [%eval -3.1] [%clk 0:08:48] }
8... d6 { [%eval -3.15] [%clk 0:07:47] } 9. g5 $6
{ [%eval -4.01] [%clk 0:08:30] } 9... hxg5 { [%eval -3.99] [%clk 0:07:41] } 10.
Bxg5 { [%eval -4.13] [%clk 0:08:27] } 10... f6 { [%eval -3.98] [%clk 0:07:34] }
11. Be3 { [%eval -3.76] [%clk 0:07:48] } 11... Bg4
{ [%eval -3.71] [%clk 0:07:17] } 12. d4 $2 { [%eval -5.22] [%clk 0:07:18] }
12... exd4 { [%eval -5.16] [%clk 0:06:55] } 13. Bxd4
{ [%eval -5.21] [%clk 0:07:11] } 13... Nxd4 { [%eval -5.18] [%clk 0:06:49] }
14. Nd5 $4 { [%eval #-9] [%clk 0:06:52] } 14... Nxf3+
{ [%eval #-10] [%clk 0:06:40] } 15. Kh1 { [%eval #-1] [%clk 0:06:42] } 15...
Nh4 $4 { [%eval -4.75] [%clk 0:06:35] } 16. Qxg4
{ [%eval -4.79] [%clk 0:06:22] } 16... Qd7 { [%eval -4.73] [%clk 0:06:10] } 17.
Qg3 { [%eval -4.8] [%clk 0:04:57] } 17... O-O-O
{ [%eval -4.77] [%clk 0:05:59] } 18. b4 { [%eval -4.6] [%clk 0:04:42] } 18...
Bd4 { [%eval -4.26] [%clk 0:05:50] } 19. Rab1 { [%eval -4.65] [%clk 0:04:30] }
19... c6 { [%eval -4.48] [%clk 0:05:37] } 20. Nb6+ $2
{ [%eval -5.92] [%clk 0:04:16] } 20... Bxb6 { [%eval -5.89] [%clk 0:05:32] }
21. b5 { [%eval -5.9] [%clk 0:04:13] } 21... axb5
{ [%eval -5.81] [%clk 0:05:22] } 22. c4 { [%eval -6.12] [%clk 0:04:09] } 22...
Rdg8 { [%eval -5.31] [%clk 0:04:54] } 23. cxb5 { [%eval -5.47] [%clk 0:04:06] }
23... cxb5 { [%eval -4.94] [%clk 0:04:50] } 24. Rb3
{ [%eval -5.65] [%clk 0:03:53] } 24... Kb8 { [%eval -5.56] [%clk 0:04:24] } 25.
Rfb1 { [%eval -5.52] [%clk 0:03:48] } 25... f5 { [%eval -5.62] [%clk 0:04:09] }
26. Rxb5 { [%eval -5.71] [%clk 0:03:44] } 26... f4
{ [%eval -5.64] [%clk 0:03:27] } 27. Qb3 $4 { [%eval #-14] [%clk 0:03:25] }
27... Nf3 $4 { [%eval -2.61] [%clk 0:02:29] } 28. Qxf3
{ [%eval -2.57] [%clk 0:02:31] } 28... Rxh2+ $4 { [%eval 4.58] [%clk 0:01:46] }
29. Kxh2 { [%eval 4.77] [%clk 0:02:20] } 29... Rh8+
{ [%eval 4.63] [%clk 0:01:40] } 30. Kg2 { [%eval 4.53] [%clk 0:02:16] } 30...
Qf7 { [%eval 5.46] [%clk 0:01:22] } 31. Rxb6 { [%eval 5.34] [%clk 0:01:45] }
31... Qg6+ { [%eval 5.3] [%clk 0:01:08] } 32. Kf1
{ [%eval 5.07] [%clk 0:01:43] } 32... Qf6 $4 { [%eval #4] [%clk 0:00:29] } 33.
Rxb7+ { [%eval #3] [%clk 0:01:39] } 33... Kc8 { [%eval #3] [%clk 0:00:24] } 34.
Rb8+ { [%eval #5] [%clk 0:00:23] } 34... Kd7 { [%eval #5] [%clk 0:00:21] } 35.
Rxh8 { [%eval #9] [%clk 0:00:20] } 35... Ke6 { [%eval #4] [%clk 0:00:17] } 36.
Qb3+ { [%eval #3] [%clk 0:00:18] } 36... Ke5 { [%eval #1] [%clk 0:00:13] } 37.
Re1 { [%eval #6] [%clk 0:00:16] } 37... Qg5 { [%eval #3] [%clk 0:00:07] } 38.
Re8+ { [%eval #2] [%clk 0:00:15] } 38... Kd4 { [%eval #2] [%clk 0:00:04] } 39.
Rd1+ { [%eval #1] [%clk 0:00:13] } 39... Kc5 { [%eval #1] [%clk 0:00:02] } 40.
Qc3+ { [%eval #3] [%clk 0:00:10] } 1-0"
Rated Rapid game,https://lichess.org/cXHnmlxr,2024.08.01,-,jorgelaertesjordi,fce,1-0,2024.08.01,08:46:38,1975,1913,,,D05,Queen's Pawn Game: Colle System,600+0,Normal,"1. d4 { [%clk 0:10:00] } 1... Nf6 { [%clk 0:10:00] } 2. e3 { [%clk 0:09:59] }
2... e6 { [%clk 0:09:59] } 3. Nf3 { [%clk 0:09:59] } 3... d5 { [%clk 0:09:58] }
4. c4 { [%clk 0:09:58] } 4... Be7 { [%clk 0:09:56] } 5. Nc3 { [%clk 0:09:56] }
5... O-O { [%clk 0:09:55] } 6. Be2 { [%clk 0:09:55] } 6... b6
{ [%clk 0:09:54] } 7. O-O { [%clk 0:09:54] } 7... Ba6 { [%clk 0:09:52] } 8. b3
{ [%clk 0:09:42] } 8... c5 { [%clk 0:09:51] } 9. Bb2 { [%clk 0:09:33] } 9...
dxc4 { [%clk 0:09:48] } 10. bxc4 { [%clk 0:09:31] } 10... cxd4
{ [%clk 0:09:46] } 11. exd4 { [%clk 0:09:30] } 11... Nc6 { [%clk 0:09:43] } 12.
Re1 { [%clk 0:08:49] } 12... Bb4 { [%clk 0:09:30] } 13. a3 { [%clk 0:08:34] }
13... Be7 { [%clk 0:09:27] } 14. Na2 { [%clk 0:08:16] } 14... Na5
{ [%clk 0:09:18] } 15. Rc1 { [%clk 0:08:11] } 15... Rc8 { [%clk 0:09:16] } 16.
Ne5 { [%clk 0:07:54] } 16... Nd7 { [%clk 0:09:06] } 17. Nb4 { [%clk 0:07:42] }
17... Bxb4 { [%clk 0:08:27] } 18. axb4 { [%clk 0:07:39] } 18... Nxe5
{ [%clk 0:08:19] } 19. bxa5 { [%clk 0:07:30] } 19... Nxc4 { [%clk 0:08:10] }
20. Bxc4 { [%clk 0:07:24] } 20... Bxc4 { [%clk 0:08:05] } 21. axb6
{ [%clk 0:07:23] } 21... axb6 { [%clk 0:08:05] } 22. Qf3 { [%clk 0:06:55] }
22... b5 { [%clk 0:07:55] } 23. Ba3 { [%clk 0:06:49] } 23... Re8
{ [%clk 0:07:52] } 24. Bc5 { [%clk 0:06:47] } 24... Qd5 { [%clk 0:07:41] } 25.
Qxd5 { [%clk 0:06:45] } 25... exd5 { [%clk 0:07:38] } 26. g3 { [%clk 0:06:37] }
26... Rxe1+ { [%clk 0:07:34] } 27. Rxe1 { [%clk 0:06:35] } 27... h6
{ [%clk 0:07:31] } 28. Kg2 { [%clk 0:06:33] } 28... Rb8 { [%clk 0:07:29] } 29.
Bb4 { [%clk 0:06:30] } 29... Ra8 { [%clk 0:07:27] } 30. Rb1 { [%clk 0:06:24] }
30... Ra4 { [%clk 0:07:20] } 31. h4 { [%clk 0:06:17] } 31... f6
{ [%clk 0:07:19] } 32. g4 { [%clk 0:06:11] } 32... g5 { [%clk 0:07:17] } 33.
hxg5 { [%clk 0:06:07] } 33... hxg5 { [%clk 0:07:12] } 34. Kg3
{ [%clk 0:06:05] } 34... Kf7 { [%clk 0:07:11] } 35. Bc5 { [%clk 0:06:00] }
35... Ra2 { [%clk 0:07:08] } 36. Re1 { [%clk 0:05:43] } 36... Rb2
{ [%clk 0:07:04] } 37. Re7+ { [%clk 0:05:36] } 37... Kg6 { [%clk 0:07:03] } 38.
Rb7 { [%clk 0:05:34] } 38... Bd3 { [%clk 0:06:48] } 39. Rb6 { [%clk 0:05:28] }
39... Rb1 { [%clk 0:06:26] } 40. Be7 { [%clk 0:05:23] } 40... Re1
{ [%clk 0:06:23] } 41. Bxf6 { [%clk 0:05:07] } 41... Re4 { [%clk 0:06:14] } 42.
Be5+ { [%clk 0:04:46] } 42... Kh7 { [%clk 0:06:05] } 43. Rd6 { [%clk 0:04:16] }
43... Bc4 { [%clk 0:05:58] } 44. Rb6 { [%clk 0:04:02] } 44... Be2
{ [%clk 0:05:53] } 45. f3 { [%clk 0:03:55] } 45... Re3 { [%clk 0:05:48] } 46.
Kf2 { [%clk 0:03:54] } 46... Rxf3+ { [%clk 0:05:36] } 47. Kxe2
{ [%clk 0:03:52] } 47... Rb3 { [%clk 0:05:33] } 48. Bd6 { [%clk 0:03:40] }
48... Rb2+ { [%clk 0:05:27] } 49. Kf3 { [%clk 0:03:39] } 49... Rb3+
{ [%clk 0:05:24] } 50. Kg2 { [%clk 0:03:36] } 50... Rb2+ { [%clk 0:05:23] } 51.
Kh3 { [%clk 0:03:23] } 51... Rb3+ { [%clk 0:05:22] } 52. Bg3 { [%clk 0:03:16] }
52... b4 { [%clk 0:05:09] } 53. Rb5 { [%clk 0:03:12] } 53... Rc3
{ [%clk 0:04:58] } 54. Rxb4 { [%clk 0:03:09] } 54... Rc1 { [%clk 0:04:53] } 55.
Kg2 { [%clk 0:03:07] } 55... Rc2+ { [%clk 0:04:52] } 56. Bf2 { [%clk 0:03:06] }
56... Rd2 { [%clk 0:04:50] } 57. Rb5 { [%clk 0:03:04] } 57... Kg6
{ [%clk 0:04:39] } 58. Rxd5 { [%clk 0:03:02] } 58... Kf6 { [%clk 0:04:37] } 59.
Rf5+ { [%clk 0:02:56] } 59... Kg6 { [%clk 0:04:36] } 60. Kf3 { [%clk 0:02:44] }
60... Rd1 { [%clk 0:04:28] } 61. Be3 { [%clk 0:02:38] } 61... Rf1+
{ [%clk 0:04:23] } 62. Ke4 { [%clk 0:02:36] } 1-0"
Rated Rapid game,https://lichess.org/NucmiYMe,2024.08.01,-,MLocke17,Chess1108197700,1-0,2024.08.01,08:46:38,1608,1597,,,C50,Italian Game: Anti-Fried Liver Defense,600+0,Normal,"1. e4 { [%clk 0:10:00] } 1... e5 { [%clk 0:10:00] } 2. Nf3 { [%clk 0:09:59] }
2... Nc6 { [%clk 0:09:37] } 3. Bc4 { [%clk 0:09:57] } 3... h6
{ [%clk 0:09:35] } 4. d3 { [%clk 0:09:51] } 4... Nf6 { [%clk 0:09:34] } 5. c3
{ [%clk 0:09:49] } 5... Bc5 { [%clk 0:09:33] } 6. b4 { [%clk 0:09:45] } 6...
Bb6 { [%clk 0:09:27] } 7. O-O { [%clk 0:09:44] } 7... O-O { [%clk 0:09:23] } 8.
Bb2 { [%clk 0:09:18] } 8... a6 { [%clk 0:09:06] } 9. d4 { [%clk 0:09:05] } 9...
Nxe4 { [%clk 0:08:57] } 10. dxe5 { [%clk 0:08:57] } 10... Ng5
{ [%clk 0:08:55] } 11. Bd5 { [%clk 0:08:42] } 11... Nxf3+ { [%clk 0:08:51] }
12. Qxf3 { [%clk 0:08:36] } 12... Nxe5 { [%clk 0:08:50] } 13. Qg3
{ [%clk 0:08:20] } 13... d6 { [%clk 0:08:39] } 14. c4 { [%clk 0:08:13] } 14...
c6 { [%clk 0:08:34] } 15. Be4 { [%clk 0:07:57] } 15... Nxc4 { [%clk 0:08:22] }
16. Qxg7# { [%clk 0:07:52] } 1-0"
Rated Rapid game,https://lichess.org/6iszanVA,2024.08.01,-,aakselip,cidkagenoh,1-0,2024.08.01,08:46:38,1470,1517,,,A10,English Opening: Anglo-Scandinavian Defense,600+0,Normal,"1. c4 { [%clk 0:10:00] } 1... d5 { [%clk 0:10:00] } 2. cxd5 { [%clk 0:09:57] }
2... Qxd5 { [%clk 0:10:00] } 3. Nc3 { [%clk 0:09:55] } 3... Qd8
{ [%clk 0:09:59] } 4. d4 { [%clk 0:09:50] } 4... Nc6 { [%clk 0:09:52] } 5. d5
{ [%clk 0:09:46] } 5... Nb4 { [%clk 0:09:47] } 6. Qa4+ { [%clk 0:09:35] } 6...
Nc6 { [%clk 0:09:37] } 7. dxc6 { [%clk 0:09:33] } 7... b6 { [%clk 0:09:29] } 8.
Nf3 { [%clk 0:09:23] } 8... Bf5 { [%clk 0:09:26] } 9. e4 { [%clk 0:09:18] }
9... Bg4 { [%clk 0:09:23] } 10. Be2 { [%clk 0:09:15] } 10... Nf6
{ [%clk 0:09:18] } 11. Bg5 { [%clk 0:09:03] } 11... h6 { [%clk 0:09:12] } 12.
Bh4 { [%clk 0:09:01] } 12... g5 { [%clk 0:09:11] } 13. Bg3 { [%clk 0:08:58] }
13... h5 { [%clk 0:09:10] } 14. h3 { [%clk 0:08:56] } 14... h4
{ [%clk 0:09:08] } 15. hxg4 { [%clk 0:08:52] } 15... Nxg4 { [%clk 0:08:43] }
16. Rd1 { [%clk 0:08:44] } 16... Qc8 { [%clk 0:08:37] } 17. Qd4
{ [%clk 0:08:26] } 17... f6 { [%clk 0:08:20] } 18. Qd7+ { [%clk 0:07:56] }
18... Qxd7 { [%clk 0:08:19] } 19. cxd7+ { [%clk 0:07:55] } 19... Kd8
{ [%clk 0:08:15] } 20. Bb5 { [%clk 0:07:48] } 20... a6 { [%clk 0:08:08] } 21.
Bc6 { [%clk 0:07:45] } 21... Ra7 { [%clk 0:08:07] } 22. Nd4 { [%clk 0:07:20] }
22... Bg7 { [%clk 0:08:00] } 23. Ne6# { [%clk 0:07:18] } 1-0"
Rated Rapid game,https://lichess.org/qOB9J9jt,2024.08.01,-,da4772,Ashokladdha,1-0,2024.08.01,08:46:38,1764,1740,,,C50,Italian Game: Anti-Fried Liver Defense,600+0,Normal,"1. e4 { [%clk 0:10:00] } 1... e5 { [%clk 0:10:00] } 2. Nf3 { [%clk 0:09:59] }
2... Nc6 { [%clk 0:09:58] } 3. Bc4 { [%clk 0:09:51] } 3... h6
{ [%clk 0:09:54] } 4. d4 { [%clk 0:09:49] } 4... exd4 { [%clk 0:09:52] } 5.
Nxd4 { [%clk 0:09:48] } 5... Ne5 { [%clk 0:09:51] } 6. Bb3 { [%clk 0:09:46] }
6... Nf6 { [%clk 0:09:43] } 7. Nc3 { [%clk 0:09:44] } 7... Bc5
{ [%clk 0:09:39] } 8. Nf3 { [%clk 0:09:41] } 8... Neg4 { [%clk 0:08:33] } 9.
O-O { [%clk 0:09:37] } 9... d6 { [%clk 0:08:27] } 10. Nd5 { [%clk 0:09:35] }
10... Be6 { [%clk 0:08:10] } 11. Nxf6+ { [%clk 0:09:31] } 11... Nxf6
{ [%clk 0:07:58] } 12. Bxe6 { [%clk 0:09:29] } 12... fxe6 { [%clk 0:07:43] }
13. e5 { [%clk 0:09:28] } 13... Nd5 { [%clk 0:07:32] } 14. exd6
{ [%clk 0:09:22] } 14... Bxd6 { [%clk 0:07:29] } 15. Nd4 { [%clk 0:09:19] }
15... O-O { [%clk 0:06:47] } 16. Nxe6 { [%clk 0:09:17] } 16... Qh4
{ [%clk 0:06:42] } 17. g3 { [%clk 0:09:12] } 17... Qh3 { [%clk 0:06:04] } 18.
Nxf8 { [%clk 0:09:08] } 18... Rxf8 { [%clk 0:06:03] } 19. Qxd5+
{ [%clk 0:09:06] } 1-0"
Rated Rapid game,https://lichess.org/ME6BT22E,2024.08.01,-,solimankhalaf,ahmedluqman2233,1-0,2024.08.01,08:46:38,1347,1345,,,A45,"Queen's Pawn Game: Veresov, Richter Attack",600+0,Normal,"1. d4 { [%clk 0:10:00] } 1... Nf6 { [%clk 0:10:00] } 2. Nc3 { [%clk 0:09:58] }
2... d5 { [%clk 0:09:54] } 3. f3 { [%clk 0:09:48] } 3... Nc6 { [%clk 0:09:50] }
4. Bg5 { [%clk 0:09:47] } 4... h6 { [%clk 0:09:45] } 5. Bxf6 { [%clk 0:09:46] }
5... exf6 { [%clk 0:09:44] } 6. e4 { [%clk 0:09:45] } 6... dxe4
{ [%clk 0:09:41] } 7. fxe4 { [%clk 0:09:43] } 7... Qxd4 { [%clk 0:09:38] } 8.
Bd3 { [%clk 0:09:36] } 8... Qe3+ { [%clk 0:09:27] } 9. Nge2 { [%clk 0:09:33] }
9... Bg4 { [%clk 0:09:12] } 10. Nd5 { [%clk 0:09:29] } 10... Qd4
{ [%clk 0:08:56] } 11. Nxc7+ { [%clk 0:09:26] } 11... Kd8 { [%clk 0:08:48] }
12. Nxa8 { [%clk 0:09:25] } 12... Qxb2 { [%clk 0:08:42] } 13. O-O
{ [%clk 0:09:23] } 13... Bc5+ { [%clk 0:08:37] } 14. Kh1 { [%clk 0:09:21] }
14... Nd4 { [%clk 0:08:29] } 15. Qd2 { [%clk 0:09:09] } 15... Kd7
{ [%clk 0:07:48] } 16. Nxd4 { [%clk 0:09:08] } 16... Bxd4 { [%clk 0:07:46] }
17. Bb5+ { [%clk 0:09:05] } 17... Qxb5 { [%clk 0:07:39] } 18. Qxd4+
{ [%clk 0:09:04] } 18... Ke7 { [%clk 0:07:29] } 19. Nc7 { [%clk 0:08:57] }
19... Qc6 { [%clk 0:07:16] } 20. Nd5+ { [%clk 0:08:49] } 20... Ke6
{ [%clk 0:07:13] } 21. c4 { [%clk 0:08:41] } 21... Be2 { [%clk 0:07:04] } 22.
Rfe1 { [%clk 0:08:29] } 22... Bxc4 { [%clk 0:06:56] } 23. Rac1
{ [%clk 0:08:25] } 23... b5 { [%clk 0:06:46] } 24. a4 { [%clk 0:08:16] } 24...
Rc8 { [%clk 0:06:37] } 25. axb5 { [%clk 0:08:12] } 25... Qxb5
{ [%clk 0:06:30] } 26. Qxa7 { [%clk 0:07:55] } 26... f5 { [%clk 0:06:11] } 27.
Nc7+ { [%clk 0:07:52] } 27... Rxc7 { [%clk 0:06:07] } 28. Qxc7
{ [%clk 0:07:50] } 28... g6 { [%clk 0:05:18] } 29. Qxc4+ { [%clk 0:07:38] }
29... Qxc4 { [%clk 0:05:16] } 30. Rxc4 { [%clk 0:07:37] } 30... fxe4
{ [%clk 0:05:15] } 31. Rexe4+ { [%clk 0:07:36] } 31... Kd5 { [%clk 0:05:13] }
32. g3 { [%clk 0:07:34] } 32... f5 { [%clk 0:05:10] } 33. Red4+
{ [%clk 0:07:30] } 33... Ke5 { [%clk 0:05:09] } 34. Rd8 { [%clk 0:07:28] }
34... h5 { [%clk 0:05:07] } 35. Rg8 { [%clk 0:07:27] } 35... Kf6
{ [%clk 0:05:05] } 36. Rc6+ { [%clk 0:07:26] } 36... Kg5 { [%clk 0:05:04] } 37.
Rcxg6# { [%clk 0:07:25] } 1-0"
Rated Rapid game,https://lichess.org/9eJNDBo6,2024.08.01,-,mavf53,Chuck-Andre1,0-1,2024.08.01,08:46:38,1432,1460,,,B21,"Sicilian Defense: Smith-Morra Gambit Accepted, Paulsen Formation",600+0,Normal,"1. e4 { [%clk 0:10:00] } 1... c5 { [%clk 0:10:00] } 2. d4 { [%clk 0:09:59] }
2... cxd4 { [%clk 0:09:58] } 3. c3 { [%clk 0:09:58] } 3... dxc3
{ [%clk 0:09:57] } 4. Nxc3 { [%clk 0:09:58] } 4... Nc6 { [%clk 0:09:56] } 5.
Nf3 { [%clk 0:09:57] } 5... a6 { [%clk 0:09:52] } 6. Bc4 { [%clk 0:09:55] }
6... e6 { [%clk 0:09:49] } 7. O-O { [%clk 0:09:53] } 7... Bb4
{ [%clk 0:09:44] } 8. a3 { [%clk 0:09:41] } 8... Ba5 { [%clk 0:09:39] } 9. b4
{ [%clk 0:09:39] } 9... Bb6 { [%clk 0:09:38] } 10. h3 { [%clk 0:09:12] } 10...
Nge7 { [%clk 0:09:34] } 11. Bd3 { [%clk 0:09:10] } 11... O-O { [%clk 0:09:33] }
12. e5 { [%clk 0:09:09] } 12... Ba7 { [%clk 0:09:17] } 13. Bxh7+
{ [%clk 0:09:07] } 13... Kxh7 { [%clk 0:09:15] } 14. Ng5+ { [%clk 0:09:06] }
14... Kg8 { [%clk 0:09:07] } 15. Qh5 { [%clk 0:09:05] } 15... Re8
{ [%clk 0:08:57] } 16. Qxf7+ { [%clk 0:09:02] } 16... Kh8 { [%clk 0:08:52] }
17. Qh5+ { [%clk 0:09:00] } 17... Kg8 { [%clk 0:08:49] } 18. Qh7+
{ [%clk 0:08:59] } 18... Kf8 { [%clk 0:08:47] } 19. Qh8+ { [%clk 0:08:57] }
19... Ng8 { [%clk 0:08:46] } 20. Nh7+ { [%clk 0:08:39] } 20... Kf7
{ [%clk 0:08:44] } 21. Ne4 { [%clk 0:08:22] } 21... Nh6 { [%clk 0:08:37] } 22.
Neg5+ { [%clk 0:08:14] } 22... Kg6 { [%clk 0:08:29] } 23. Nxe6
{ [%clk 0:07:22] } 23... dxe6 { [%clk 0:08:23] } 24. Nf8+ { [%clk 0:07:16] }
24... Rxf8 { [%clk 0:08:19] } 0-1"
Rated Rapid game,https://lichess.org/g6ep4wHf,2024.08.01,-,gimmee,Mass60,1-0,2024.08.01,08:46:38,996,1153,,,D01,Rapport-Jobava System,600+0,Normal,"1. d4 { [%clk 0:10:00] } 1... d5 { [%clk 0:10:00] } 2. Nc3 { [%clk 0:09:54] }
2... Nf6 { [%clk 0:09:53] } 3. Bf4 { [%clk 0:09:50] } 3... a6
{ [%clk 0:09:49] } 4. e3 { [%clk 0:09:22] } 4... Nc6 { [%clk 0:09:43] } 5. Nf3
{ [%clk 0:09:08] } 5... h6 { [%clk 0:09:39] } 6. Ne5 { [%clk 0:08:55] } 6...
Nxe5 { [%clk 0:09:31] } 7. Bxe5 { [%clk 0:08:54] } 7... Bg4 { [%clk 0:09:16] }
8. Be2 { [%clk 0:08:44] } 8... Qd7 { [%clk 0:08:59] } 9. Bxf6
{ [%clk 0:08:32] } 9... gxf6 { [%clk 0:08:53] } 10. Bxg4 { [%clk 0:08:30] }
10... Rg8 { [%clk 0:08:51] } 11. Bxd7+ { [%clk 0:08:23] } 1-0"
Rated Rapid game,https://lichess.org/dSFW19lm,2024.08.01,-,Elo_istiyorum,Alazhar00,1-0,2024.08.01,08:46:38,1796,1840,,,B10,Caro-Kann Defense: Two Knights Attack,600+0,Normal,"1. e4 { [%eval 0.15] [%clk 0:10:00] } 1... c6 { [%eval 0.26] [%clk 0:10:00] }
2. Nc3 { [%eval 0.36] [%clk 0:09:58] } 2... d5 { [%eval 0.32] [%clk 0:10:00] }
3. Nf3 { [%eval 0.16] [%clk 0:09:57] } 3... dxe4
{ [%eval 0.28] [%clk 0:09:59] } 4. Nxe4 { [%eval 0.17] [%clk 0:09:56] } 4...
Nf6 { [%eval 0.35] [%clk 0:09:59] } 5. Qe2 { [%eval 0.23] [%clk 0:09:54] } 5...
Nxe4 { [%eval 0.3] [%clk 0:09:46] } 6. Qxe4 { [%eval 0.17] [%clk 0:09:54] }
6... f6 $6 { [%eval 1.07] [%clk 0:09:27] } 7. Bc4
{ [%eval 1.11] [%clk 0:09:45] } 7... g6 { [%eval 1.61] [%clk 0:08:58] } 8. O-O
{ [%eval 1.5] [%clk 0:09:29] } 8... Bf5 { [%eval 1.54] [%clk 0:08:57] } 9. Qe3
{ [%eval 1.22] [%clk 0:09:16] } 9... Bg7 $2 { [%eval 2.66] [%clk 0:08:40] } 10.
Nd4 { [%eval 2.32] [%clk 0:09:02] } 10... Qd7 $2
{ [%eval 3.56] [%clk 0:08:15] } 11. Nxf5 { [%eval 3.31] [%clk 0:08:50] } 11...
Qxf5 { [%eval 3.39] [%clk 0:08:15] } 12. Bb3 $2 { [%eval 1.68] [%clk 0:08:30] }
12... Nd7 { [%eval 2.27] [%clk 0:08:04] } 13. Re1 $6
{ [%eval 1.4] [%clk 0:08:19] } 13... e5 { [%eval 1.8] [%clk 0:07:53] } 14. d4
{ [%eval 1.96] [%clk 0:08:11] } 14... O-O-O { [%eval 1.99] [%clk 0:07:49] } 15.
dxe5 $2 { [%eval 0.65] [%clk 0:08:06] } 15... Qxe5
{ [%eval 0.55] [%clk 0:07:36] } 16. Be6 { [%eval 0.43] [%clk 0:07:16] } 16...
Qxe3 { [%eval 0.6] [%clk 0:07:31] } 17. Bxe3 { [%eval 0.53] [%clk 0:07:12] }
17... f5 $4 { [%eval 3.64] [%clk 0:07:25] } 18. Bxa7 $2
{ [%eval 1.4] [%clk 0:07:02] } 18... Rhe8 { [%eval 1.23] [%clk 0:07:06] } 19.
Bxd7+ $6 { [%eval 0.64] [%clk 0:06:58] } 19... Kxd7
{ [%eval 0.69] [%clk 0:07:02] } 20. c3 $6 { [%eval -0.05] [%clk 0:06:45] }
20... Kc7 $2 { [%eval 1.27] [%clk 0:06:51] } 21. Be3
{ [%eval 1.35] [%clk 0:06:31] } 21... Rd5 { [%eval 1.67] [%clk 0:06:33] } 22.
Re2 { [%eval 1.1] [%clk 0:06:07] } 22... Red8 $6
{ [%eval 1.69] [%clk 0:06:21] } 23. g3 { [%eval 1.43] [%clk 0:05:25] } 23...
Rd1+ { [%eval 1.39] [%clk 0:06:19] } 24. Rxd1 { [%eval 1.07] [%clk 0:05:23] }
24... Rxd1+ { [%eval 1.07] [%clk 0:06:19] } 25. Kg2
{ [%eval 1.12] [%clk 0:05:22] } 25... Ra1 $6 { [%eval 2.09] [%clk 0:06:09] }
26. Bc5 { [%eval 1.61] [%clk 0:04:50] } 26... Bf6
{ [%eval 1.99] [%clk 0:05:39] } 27. a3 { [%eval 1.68] [%clk 0:04:36] } 27... h5
$2 { [%eval 4.29] [%clk 0:05:26] } 28. Re6 { [%eval 3.99] [%clk 0:04:24] }
28... Bh8 { [%eval 4.96] [%clk 0:04:55] } 29. Rxg6
{ [%eval 5.0] [%clk 0:04:12] } 29... b6 { [%eval 5.45] [%clk 0:04:34] } 30.
Bd6+ { [%eval 5.35] [%clk 0:03:59] } 30... Kd7 { [%eval 5.27] [%clk 0:04:23] }
31. Bf4 { [%eval 5.03] [%clk 0:03:19] } 31... Rb1
{ [%eval 6.09] [%clk 0:04:18] } 32. Rh6 { [%eval 6.09] [%clk 0:03:15] } 32...
Bxc3 { [%eval 6.21] [%clk 0:03:59] } 33. bxc3 { [%eval 6.11] [%clk 0:03:09] }
33... Rb3 { [%eval 6.16] [%clk 0:03:56] } 34. Rd6+
{ [%eval 6.18] [%clk 0:02:52] } 34... Ke7 { [%eval 6.69] [%clk 0:03:49] } 35.
Rxc6 { [%eval 6.37] [%clk 0:02:49] } 35... b5 { [%eval 6.62] [%clk 0:03:48] }
36. Rb6 { [%eval 6.5] [%clk 0:02:41] } 36... Rxc3
{ [%eval 6.61] [%clk 0:03:46] } 37. Rxb5 { [%eval 6.42] [%clk 0:02:35] } 37...
Rxa3 { [%eval 6.74] [%clk 0:03:45] } 38. Rxf5 { [%eval 6.65] [%clk 0:02:30] }
38... h4 { [%eval 6.49] [%clk 0:03:39] } 39. g4 { [%eval 6.67] [%clk 0:02:20] }
39... h3+ { [%eval 6.6] [%clk 0:03:35] } 40. Kf1
{ [%eval 6.47] [%clk 0:02:18] } 40... Ra1+ { [%eval 6.92] [%clk 0:03:29] } 41.
Ke2 { [%eval 6.62] [%clk 0:02:16] } 41... Rh1 { [%eval 7.31] [%clk 0:03:22] }
42. Rh5 { [%eval 7.22] [%clk 0:02:09] } 42... Kf6
{ [%eval 7.38] [%clk 0:03:18] } 43. Rxh3 { [%eval 7.23] [%clk 0:02:06] } 43...
Ra1 { [%eval 6.99] [%clk 0:03:13] } 44. Rd3 { [%eval 7.51] [%clk 0:02:01] }
44... Ra2+ { [%eval 7.44] [%clk 0:03:01] } 45. Rd2
{ [%eval 7.25] [%clk 0:01:55] } 45... Ra3 { [%eval 7.05] [%clk 0:02:59] } 46.
Rd6+ { [%eval 6.86] [%clk 0:01:53] } 46... Kg7 { [%eval 8.33] [%clk 0:02:55] }
47. Be5+ { [%eval 8.29] [%clk 0:01:42] } 47... Kf7
{ [%eval 7.8] [%clk 0:02:51] } 48. f4 { [%eval 7.69] [%clk 0:01:36] } 48... Rh3
{ [%eval 7.78] [%clk 0:02:49] } 49. f5 { [%eval 8.76] [%clk 0:01:31] } 49...
Rh4 { [%eval 8.86] [%clk 0:02:27] } 50. Kf3 { [%eval 8.13] [%clk 0:01:25] }
50... Ke7 $2 { [%eval #32] [%clk 0:02:24] } 51. Bf6+
{ [%eval 12.07] [%clk 0:01:18] } 1-0"
Rated Rapid game,https://lichess.org/6SvAfmu9,2024.08.01,-,titusoywa17,Fantasticchess2000,0-1,2024.08.01,08:46:38,2019,2086,,,C44,"Scotch Game: Scotch Gambit, Dubois Réti Defense",600+0,Normal,"1. e4 { [%clk 0:10:00] } 1... e5 { [%clk 0:10:00] } 2. Nf3 { [%clk 0:09:57] }
2... Nc6 { [%clk 0:09:59] } 3. Bc4 { [%clk 0:09:44] } 3... Nf6
{ [%clk 0:09:57] } 4. d4 { [%clk 0:09:42] } 4... exd4 { [%clk 0:09:54] } 5.
Nxd4 { [%clk 0:09:40] } 5... Nxe4 { [%clk 0:09:22] } 6. O-O { [%clk 0:09:38] }
6... Nf6 { [%clk 0:08:52] } 7. Nxc6 { [%clk 0:09:32] } 7... bxc6
{ [%clk 0:08:50] } 8. Re1+ { [%clk 0:09:24] } 8... Be7 { [%clk 0:08:49] } 9.
Qe2 { [%clk 0:09:23] } 9... d5 { [%clk 0:08:43] } 10. Bb3 { [%clk 0:09:13] }
10... Be6 { [%clk 0:08:40] } 11. f4 { [%clk 0:09:09] } 11... O-O
{ [%clk 0:08:29] } 12. Kh1 { [%clk 0:09:02] } 12... Bc5 { [%clk 0:08:21] } 13.
Nc3 { [%clk 0:08:57] } 13... Re8 { [%clk 0:08:12] } 14. Qf1 { [%clk 0:08:51] }
14... Ng4 { [%clk 0:08:06] } 15. Nd1 { [%clk 0:08:12] } 15... Bf5
{ [%clk 0:07:49] } 16. Rxe8+ { [%clk 0:08:02] } 16... Qxe8 { [%clk 0:07:45] }
17. h3 { [%clk 0:08:00] } 17... Ne3 { [%clk 0:07:33] } 18. Nxe3
{ [%clk 0:07:58] } 18... Bxe3 { [%clk 0:07:32] } 19. Bxe3 { [%clk 0:07:56] }
19... Qxe3 { [%clk 0:07:31] } 20. Re1 { [%clk 0:07:53] } 20... Qc5
{ [%clk 0:07:19] } 21. c3 { [%clk 0:07:47] } 21... Kf8 { [%clk 0:07:07] } 22.
Qa6 { [%clk 0:07:41] } 22... Re8 { [%clk 0:05:57] } 23. Rxe8+
{ [%clk 0:07:23] } 23... Kxe8 { [%clk 0:05:56] } 24. Ba4 { [%clk 0:07:10] }
24... Bd7 { [%clk 0:05:29] } 25. Qb7 { [%clk 0:07:08] } 25... Qb6
{ [%clk 0:05:19] } 26. Qxb6 { [%clk 0:06:56] } 26... cxb6 { [%clk 0:05:17] }
27. Kh2 { [%clk 0:06:52] } 27... c5 { [%clk 0:05:12] } 28. Bc2
{ [%clk 0:06:24] } 28... h6 { [%clk 0:05:06] } 29. h4 { [%clk 0:06:19] } 29...
Ke7 { [%clk 0:05:04] } 30. g4 { [%clk 0:06:18] } 30... Bxg4 { [%clk 0:05:02] }
31. Kg3 { [%clk 0:06:15] } 31... Bd7 { [%clk 0:04:56] } 32. f5
{ [%clk 0:06:11] } 32... Kf6 { [%clk 0:04:55] } 33. Kf4 { [%clk 0:06:10] }
33... a5 { [%clk 0:04:46] } 34. a3 { [%clk 0:06:00] } 34... g6
{ [%clk 0:04:22] } 35. fxg6 { [%clk 0:05:55] } 35... fxg6 { [%clk 0:04:21] }
36. b4 { [%clk 0:05:43] } 36... axb4 { [%clk 0:04:19] } 37. axb4
{ [%clk 0:05:42] } 37... cxb4 { [%clk 0:04:17] } 0-1"
Rated Rapid game,https://lichess.org/wQ3cSqs0,2024.08.01,-,domici,xysf,0-1,2024.08.01,08:46:38,620,772,,,C20,King's Pawn Game: Leonardis Variation,600+0,Normal,"1. e4 { [%clk 0:10:00] } 1... e5 { [%clk 0:10:00] } 2. d3 { [%clk 0:09:59] }
2... d5 { [%clk 0:09:52] } 3. Nf3 { [%clk 0:09:59] } 3... f6 { [%clk 0:09:40] }
4. Nc3 { [%clk 0:09:52] } 4... dxe4 { [%clk 0:09:37] } 5. dxe4
{ [%clk 0:09:50] } 5... Qxd1+ { [%clk 0:09:34] } 6. Kxd1 { [%clk 0:09:48] }
6... Ne7 { [%clk 0:09:17] } 7. Bb5+ { [%clk 0:09:45] } 7... Bd7
{ [%clk 0:09:10] } 8. a4 { [%clk 0:09:36] } 8... f5 { [%clk 0:09:00] } 9. Nxe5
{ [%clk 0:09:26] } 9... Bxb5 { [%clk 0:08:47] } 10. axb5 { [%clk 0:09:23] }
10... fxe4 { [%clk 0:08:46] } 11. Nxe4 { [%clk 0:09:21] } 11... c6
{ [%clk 0:08:39] } 12. c4 { [%clk 0:09:16] } 12... Nf5 { [%clk 0:08:24] } 13.
g4 { [%clk 0:09:11] } 13... Nh4 { [%clk 0:08:17] } 14. Bg5 { [%clk 0:08:56] }
14... Ng6 { [%clk 0:07:43] } 15. Nd6+ { [%clk 0:08:37] } 15... Bxd6
{ [%clk 0:07:37] } 16. Nxg6 { [%clk 0:08:23] } 16... hxg6 { [%clk 0:07:37] }
17. Re1+ { [%clk 0:08:11] } 17... Kd7 { [%clk 0:07:14] } 18. bxc6+
{ [%clk 0:08:06] } 18... bxc6 { [%clk 0:07:12] } 19. b4 { [%clk 0:08:03] }
19... Bxb4 { [%clk 0:07:02] } 20. f4 { [%clk 0:07:57] } 20... Bxe1
{ [%clk 0:07:01] } 21. Kxe1 { [%clk 0:07:56] } 21... Re8+ { [%clk 0:06:55] }
22. Kf1 { [%clk 0:07:53] } 22... Rh8 { [%clk 0:06:38] } 23. Rd1+
{ [%clk 0:07:51] } 23... Kc7 { [%clk 0:06:29] } 24. h4 { [%clk 0:07:36] } 24...
Na6 { [%clk 0:06:16] } 25. Kg2 { [%clk 0:07:28] } 25... Rae8 { [%clk 0:05:47] }
26. Rd7+ { [%clk 0:07:08] } 26... Kxd7 { [%clk 0:05:46] } 27. h5
{ [%clk 0:07:02] } 27... gxh5 { [%clk 0:05:22] } 28. gxh5 { [%clk 0:07:01] }
28... Rh6 { [%clk 0:05:21] } 29. Bxh6 { [%clk 0:06:59] } 29... gxh6
{ [%clk 0:05:17] } 30. f5 { [%clk 0:06:53] } 30... Rg8+ { [%clk 0:05:15] } 31.
Kf3 { [%clk 0:06:46] } 31... Nb4 { [%clk 0:05:07] } 32. f6 { [%clk 0:06:40] }
32... Ke6 { [%clk 0:04:57] } 33. f7 { [%clk 0:06:28] } 33... Kxf7
{ [%clk 0:04:54] } 34. c5 { [%clk 0:06:26] } 34... Nd3 { [%clk 0:04:50] } 35.
Ke4 { [%clk 0:06:26] } 35... Nxc5+ { [%clk 0:04:49] } 36. Kd4
{ [%clk 0:06:24] } 36... Nb3+ { [%clk 0:04:47] } 37. Kc3 { [%clk 0:06:23] }
37... Na5 { [%clk 0:04:38] } 38. Kb4 { [%clk 0:06:21] } 38... Rg5
{ [%clk 0:04:30] } 39. Ka4 { [%clk 0:06:18] } 39... Rxh5 { [%clk 0:04:29] } 40.
Kb4 { [%clk 0:06:17] } 40... c5+ { [%clk 0:04:27] } 41. Kxa5 { [%clk 0:06:15] }
41... c4+ { [%clk 0:04:25] } 42. Kb4 { [%clk 0:06:10] } 42... Rh4
{ [%clk 0:04:21] } 43. Kc3 { [%clk 0:06:08] } 43... a5 { [%clk 0:04:18] } 44.
Kb2 { [%clk 0:06:04] } 44... Rh2+ { [%clk 0:04:13] } 45. Kc3 { [%clk 0:05:59] }
45... a4 { [%clk 0:03:52] } 46. Kxc4 { [%clk 0:05:56] } 46... a3
{ [%clk 0:03:51] } 47. Kb3 { [%clk 0:05:55] } 47... Rh3+ { [%clk 0:03:46] } 48.
Ka2 { [%clk 0:05:53] } 48... h5 { [%clk 0:03:43] } 49. Ka1 { [%clk 0:05:51] }
49... h4 { [%clk 0:03:42] } 50. Ka2 { [%clk 0:05:49] } 50... Re3
{ [%clk 0:03:39] } 51. Ka1 { [%clk 0:05:47] } 51... h3 { [%clk 0:03:39] } 52.
Ka2 { [%clk 0:05:45] } 52... h2 { [%clk 0:03:38] } 53. Ka1 { [%clk 0:05:44] }
53... Re2 { [%clk 0:03:35] } 54. Kb1 { [%clk 0:05:40] } 54... h1=Q#
{ [%clk 0:03:34] } 0-1"
Rated Rapid game,https://lichess.org/T3vOYeW2,2024.08.01,-,Aronnax27,Alek_Sav,0-1,2024.08.01,08:46:38,1321,1340,,,C42,Russian Game: Italian Variation,600+0,Normal,"1. e4 { [%clk 0:10:00] } 1... e5 { [%clk 0:10:00] } 2. Nf3 { [%clk 0:09:58] }
2... Nf6 { [%clk 0:09:58] } 3. Bc4 { [%clk 0:09:54] } 3... Bc5
{ [%clk 0:09:55] } 4. d4 { [%clk 0:09:47] } 4... exd4 { [%clk 0:09:43] } 5.
Nxd4 { [%clk 0:09:19] } 5... Nxe4 { [%clk 0:09:35] } 6. Qf3 { [%clk 0:09:03] }
6... Qe7 { [%clk 0:09:20] } 7. Nf5 { [%clk 0:08:57] } 7... Nc3+
{ [%clk 0:07:58] } 8. Be3 { [%clk 0:08:21] } 8... Qe5 { [%clk 0:07:37] } 9.
Nxc3 { [%clk 0:07:10] } 9... Bd4 { [%clk 0:07:33] } 10. O-O { [%clk 0:06:24] }
10... Bxc3 { [%clk 0:07:13] } 11. bxc3 { [%clk 0:06:06] } 11... Qxc3
{ [%clk 0:07:11] } 12. Nd6+ { [%clk 0:05:40] } 12... cxd6 { [%clk 0:07:07] }
13. Qxf7+ { [%clk 0:05:37] } 13... Kd8 { [%clk 0:07:03] } 14. Bg5+
{ [%clk 0:05:19] } 14... Kc7 { [%clk 0:06:58] } 15. Qd5 { [%clk 0:05:05] }
15... Nc6 { [%clk 0:06:50] } 16. Be7 { [%clk 0:04:58] } 16... Nxe7
{ [%clk 0:06:44] } 17. Qa5+ { [%clk 0:04:38] } 17... Qxa5 { [%clk 0:06:40] }
18. Rae1 { [%clk 0:04:24] } 18... Nf5 { [%clk 0:06:10] } 19. Bd3
{ [%clk 0:04:14] } 19... Nd4 { [%clk 0:06:03] } 20. Re7 { [%clk 0:04:06] }
20... Qb4 { [%clk 0:05:33] } 21. Rxg7 { [%clk 0:03:54] } 21... Ne6
{ [%clk 0:05:15] } 22. Re7 { [%clk 0:03:45] } 22... Ng5 { [%clk 0:05:12] } 23.
Bf5 { [%clk 0:03:18] } 23... d5 { [%clk 0:05:03] } 24. h4 { [%clk 0:03:10] }
24... Qxe7 { [%clk 0:04:49] } 25. hxg5 { [%clk 0:03:07] } 25... Qxg5
{ [%clk 0:04:47] } 26. Bd3 { [%clk 0:03:00] } 26... Rg8 { [%clk 0:04:46] } 27.
g3 { [%clk 0:02:53] } 27... h5 { [%clk 0:04:43] } 28. Bh7 { [%clk 0:02:49] }
28... Rg7 { [%clk 0:04:41] } 29. Bd3 { [%clk 0:02:44] } 29... h4
{ [%clk 0:04:39] } 30. Rb1 { [%clk 0:02:35] } 30... b6 { [%clk 0:04:36] } 31.
Bf1 { [%clk 0:02:23] } 31... hxg3 { [%clk 0:04:34] } 32. fxg3
{ [%clk 0:01:59] } 32... Qxg3+ { [%clk 0:04:32] } 33. Kh1 { [%clk 0:01:42] }
33... Qg1# { [%clk 0:04:29] } 0-1"
Rated Rapid game,https://lichess.org/ojNJNCws,2024.08.01,-,LuckyHMH,mamyam,1-0,2024.08.01,08:46:38,984,985,,,C20,King's Pawn Game: Wayward Queen Attack,600+0,Normal,"1. e4 { [%clk 0:10:00] } 1... e5 { [%clk 0:10:00] } 2. Qh5 { [%clk 0:09:58] }
2... Nc6 { [%clk 0:09:56] } 3. Bc4 { [%clk 0:09:54] } 3... Nh6
{ [%clk 0:09:46] } 4. d3 { [%clk 0:09:47] } 4... Bb4+ { [%clk 0:09:42] } 5. c3
{ [%clk 0:09:45] } 5... Bc5 { [%clk 0:09:37] } 6. Bxh6 { [%clk 0:09:43] } 6...
O-O { [%clk 0:09:07] } 7. Qg4 { [%clk 0:09:37] } 7... d5 { [%clk 0:09:01] } 8.
Qxg7# { [%clk 0:09:36] } 1-0"
Rated Rapid game,https://lichess.org/q1ebnRDE,2024.08.01,-,shahmalomo,RRidy,0-1,2024.08.01,08:46:40,1432,1565,,,D30,Queen's Gambit Declined,600+0,Normal,"1. d4 { [%clk 0:10:00] } 1... d5 { [%clk 0:10:00] } 2. c4 { [%clk 0:09:57] }
2... e6 { [%clk 0:09:56] } 3. cxd5 { [%clk 0:09:51] } 3... Qxd5
{ [%clk 0:09:50] } 4. Nc3 { [%clk 0:09:48] } 4... Qd8 { [%clk 0:09:42] } 5. e4
{ [%clk 0:09:46] } 5... Nc6 { [%clk 0:09:37] } 6. Nf3 { [%clk 0:09:41] } 6...
Nf6 { [%clk 0:09:23] } 7. d5 { [%clk 0:09:32] } 7... exd5 { [%clk 0:09:20] } 8.
exd5 { [%clk 0:09:30] } 8... Ne7 { [%clk 0:09:08] } 9. Bc4 { [%clk 0:09:22] }
9... Nf5 { [%clk 0:08:47] } 10. O-O { [%clk 0:09:05] } 10... Bd6
{ [%clk 0:08:39] } 11. Re1+ { [%clk 0:08:57] } 11... Ne7 { [%clk 0:08:31] } 12.
Ne5 { [%clk 0:08:51] } 12... O-O { [%clk 0:08:26] } 13. f4 { [%clk 0:08:46] }
13... b6 { [%clk 0:08:19] } 14. Nb5 { [%clk 0:08:25] } 14... Bc5+
{ [%clk 0:08:05] } 15. Kh1 { [%clk 0:08:11] } 15... Bb7 { [%clk 0:08:03] } 16.
Nc6 { [%clk 0:08:00] } 16... Nxc6 { [%clk 0:08:01] } 17. dxc6
{ [%clk 0:07:58] } 17... Bxc6 { [%clk 0:07:51] } 18. Qc2 { [%clk 0:07:34] }
18... Re8 { [%clk 0:07:33] } 19. Bd2 { [%clk 0:07:28] } 19... Ng4
{ [%clk 0:07:17] } 20. Bc3 { [%clk 0:07:04] } 20... Nf2+ { [%clk 0:07:15] } 21.
Qxf2 { [%clk 0:07:01] } 21... Bxf2 { [%clk 0:07:13] } 22. Rxe8+
{ [%clk 0:06:53] } 22... Qxe8 { [%clk 0:07:08] } 23. Nxc7 { [%clk 0:06:51] }
23... Qe4 { [%clk 0:07:01] } 24. Bf1 { [%clk 0:06:43] } 24... Rc8
{ [%clk 0:06:45] } 25. Be5 { [%clk 0:06:37] } 25... f6 { [%clk 0:06:40] } 26.
Na6 { [%clk 0:06:22] } 26... fxe5 { [%clk 0:06:37] } 27. fxe5
{ [%clk 0:06:21] } 27... Qxe5 { [%clk 0:06:34] } 28. Rc1 { [%clk 0:06:16] }
28... Bxg2+ { [%clk 0:06:28] } 29. Bxg2 { [%clk 0:06:12] } 29... Rxc1+
{ [%clk 0:06:28] } 30. Bf1 { [%clk 0:06:08] } 30... Qe4# { [%clk 0:06:28] } 0-1"
Rated Rapid game,https://lichess.org/zF2Y2RmK,2024.08.01,-,sergeymakarin,ersinagin,1-0,2024.08.01,08:46:41,1531,1537,,,D06,Queen's Gambit Declined: Marshall Defense,600+0,Normal,"1. d4 { [%clk 0:10:00] } 1... d5 { [%clk 0:10:00] } 2. c4 { [%clk 0:09:59] }
2... Nf6 { [%clk 0:09:57] } 3. Nc3 { [%clk 0:09:57] } 3... dxc4
{ [%clk 0:09:56] } 4. e4 { [%clk 0:09:53] } 4... Nc6 { [%clk 0:09:51] } 5. d5
{ [%clk 0:09:49] } 5... Ne5 { [%clk 0:09:42] } 6. f4 { [%clk 0:09:43] } 6...
Bg4 { [%clk 0:09:35] } 7. Qd2 { [%clk 0:09:14] } 7... Nd3+ { [%clk 0:09:18] }
8. Bxd3 { [%clk 0:09:11] } 8... cxd3 { [%clk 0:09:15] } 9. Qxd3
{ [%clk 0:09:10] } 9... e6 { [%clk 0:09:02] } 10. h3 { [%clk 0:08:53] } 10...
Bh5 { [%clk 0:08:36] } 11. Nf3 { [%clk 0:08:48] } 11... Bxf3 { [%clk 0:08:31] }
12. Qxf3 { [%clk 0:08:46] } 12... Bd6 { [%clk 0:08:29] } 13. e5
{ [%clk 0:08:43] } 13... Nxd5 { [%clk 0:08:13] } 14. exd6 { [%clk 0:08:38] }
14... Nxc3 { [%clk 0:08:08] } 15. dxc7 { [%clk 0:08:23] } 15... Qxc7
{ [%clk 0:07:59] } 16. Qxc3 { [%clk 0:08:18] } 16... Qxc3+ { [%clk 0:07:41] }
17. bxc3 { [%clk 0:08:17] } 17... O-O { [%clk 0:07:41] } 18. O-O
{ [%clk 0:08:15] } 18... Rfc8 { [%clk 0:07:38] } 19. Bb2 { [%clk 0:08:13] }
19... Rc5 { [%clk 0:07:36] } 20. Rad1 { [%clk 0:08:05] } 20... h6
{ [%clk 0:07:20] } 21. Kh2 { [%clk 0:08:02] } 21... Rac8 { [%clk 0:07:18] } 22.
Rd7 { [%clk 0:07:47] } 22... b5 { [%clk 0:07:14] } 23. Rxa7 { [%clk 0:07:44] }
23... b4 { [%clk 0:07:12] } 24. cxb4 { [%clk 0:07:36] } 24... Rc2
{ [%clk 0:07:11] } 25. Be5 { [%clk 0:07:14] } 25... f6 { [%clk 0:07:07] } 26.
Bd6 { [%clk 0:07:04] } 26... Rb2 { [%clk 0:06:59] } 27. Bc5 { [%clk 0:07:02] }
27... Rd8 { [%clk 0:06:55] } 28. a4 { [%clk 0:06:47] } 28... Rdd2
{ [%clk 0:06:45] } 29. Rg1 { [%clk 0:06:44] } 29... h5 { [%clk 0:06:42] } 30.
a5 { [%clk 0:06:42] } 30... g5 { [%clk 0:06:41] } 31. fxg5 { [%clk 0:06:39] }
31... fxg5 { [%clk 0:06:40] } 32. a6 { [%clk 0:06:37] } 32... g4
{ [%clk 0:06:39] } 33. hxg4 { [%clk 0:06:35] } 33... hxg4 { [%clk 0:06:37] }
34. Kg3 { [%clk 0:06:31] } 34... e5 { [%clk 0:06:25] } 35. Kxg4
{ [%clk 0:06:29] } 35... Rf2 { [%clk 0:06:21] } 36. Bxf2 { [%clk 0:06:25] }
36... Rxb4+ { [%clk 0:06:20] } 37. Kf3 { [%clk 0:06:14] } 37... Rf4+
{ [%clk 0:06:18] } 38. Ke3 { [%clk 0:06:12] } 1-0"
Rated Rapid game,https://lichess.org/53eIhZnl,2024.08.01,-,stefan1311,bestpuncher,0-1,2024.08.01,08:46:41,1439,1447,,,A40,Horwitz Defense,600+0,Normal,"1. d4 { [%clk 0:10:00] } 1... e6 { [%clk 0:10:00] } 2. c4 { [%clk 0:09:59] }
2... d6 { [%clk 0:10:00] } 3. e3 { [%clk 0:09:58] } 3... h6 { [%clk 0:09:58] }
4. Nc3 { [%clk 0:09:58] } 4... a6 { [%clk 0:09:58] } 5. g3 { [%clk 0:09:56] }
5... Ne7 { [%clk 0:09:58] } 6. Bg2 { [%clk 0:09:55] } 6... Ng6
{ [%clk 0:09:57] } 7. e4 { [%clk 0:09:50] } 7... Nd7 { [%clk 0:09:57] } 8. Be3
{ [%clk 0:09:45] } 8... Nb6 { [%clk 0:09:55] } 9. Nf3 { [%clk 0:09:44] } 9...
Nxc4 { [%clk 0:09:54] } 10. Qa4+ { [%clk 0:09:36] } 10... Bd7
{ [%clk 0:09:48] } 11. Qxc4 { [%clk 0:09:35] } 11... b5 { [%clk 0:09:47] } 12.
Qb3 { [%clk 0:09:31] } 12... e5 { [%clk 0:09:33] } 13. dxe5 { [%clk 0:09:27] }
13... Be6 { [%clk 0:09:33] } 14. Qc2 { [%clk 0:09:21] } 14... Nxe5
{ [%clk 0:09:29] } 15. Nxe5 { [%clk 0:09:18] } 15... dxe5 { [%clk 0:09:28] }
16. O-O { [%clk 0:09:14] } 16... Bb4 { [%clk 0:09:27] } 17. Rad1
{ [%clk 0:09:08] } 17... Qe7 { [%clk 0:09:23] } 18. f4 { [%clk 0:09:06] } 18...
O-O { [%clk 0:09:15] } 19. fxe5 { [%clk 0:09:02] } 19... Bc5 { [%clk 0:09:12] }
20. Bxc5 { [%clk 0:09:00] } 20... Qxc5+ { [%clk 0:09:11] } 21. Kh1
{ [%clk 0:09:00] } 21... Qxe5 { [%clk 0:09:04] } 22. Ne2 { [%clk 0:08:54] }
22... c5 { [%clk 0:09:00] } 23. Nf4 { [%clk 0:08:51] } 23... Bxa2
{ [%clk 0:08:56] } 24. b3 { [%clk 0:08:47] } 24... Bxb3 { [%clk 0:08:46] } 25.
Qxb3 { [%clk 0:08:46] } 25... c4 { [%clk 0:08:45] } 26. Qe3 { [%clk 0:08:33] }
26... Rad8 { [%clk 0:08:41] } 27. Rxd8 { [%clk 0:08:31] } 27... Rxd8
{ [%clk 0:08:40] } 28. Bf3 { [%clk 0:08:26] } 28... Qb2 { [%clk 0:08:35] } 29.
Nd5 { [%clk 0:08:19] } 29... c3 { [%clk 0:08:23] } 30. Qxc3 { [%clk 0:08:14] }
30... Qxc3 { [%clk 0:08:20] } 31. Nxc3 { [%clk 0:08:13] } 31... Rd3
{ [%clk 0:08:16] } 32. Nd5 { [%clk 0:08:02] } 32... Rd2 { [%clk 0:08:11] } 33.
Nc7 { [%clk 0:07:58] } 33... Ra2 { [%clk 0:08:06] } 34. e5 { [%clk 0:07:54] }
34... b4 { [%clk 0:08:05] } 35. Rb1 { [%clk 0:07:50] } 35... a5
{ [%clk 0:08:01] } 36. Bc6 { [%clk 0:07:41] } 36... Rc2 { [%clk 0:07:58] } 37.
e6 { [%clk 0:07:21] } 37... fxe6 { [%clk 0:07:56] } 38. Nxe6 { [%clk 0:07:20] }
38... Rxc6 { [%clk 0:07:54] } 39. Nd4 { [%clk 0:07:15] } 39... Rd6
{ [%clk 0:07:50] } 40. Nb3 { [%clk 0:07:11] } 40... a4 { [%clk 0:07:47] } 41.
Na5 { [%clk 0:07:06] } 41... b3 { [%clk 0:07:44] } 42. Nxb3 { [%clk 0:07:00] }
42... axb3 { [%clk 0:07:41] } 43. Rxb3 { [%clk 0:06:59] } 43... Rd1+
{ [%clk 0:07:41] } 44. Kg2 { [%clk 0:06:58] } 44... Rd2+ { [%clk 0:07:40] } 45.
Kf3 { [%clk 0:06:55] } 45... Rxh2 { [%clk 0:07:37] } 46. g4 { [%clk 0:06:53] }
46... Rh3+ { [%clk 0:07:35] } 0-1"
Rated Rapid game,https://lichess.org/SNwWm2FJ,2024.08.01,-,joloboi,chessludmila,0-1,2024.08.01,08:46:41,866,968,,,C25,Vienna Game,600+0,Normal,"1. e4 { [%clk 0:10:00] } 1... e5 { [%clk 0:10:00] } 2. Nc3 { [%clk 0:10:00] }
2... Bb4 { [%clk 0:09:56] } 3. a3 { [%clk 0:09:47] } 3... Bxc3
{ [%clk 0:09:52] } 4. dxc3 { [%clk 0:09:39] } 4... Ne7 { [%clk 0:09:44] } 5.
Nf3 { [%clk 0:09:39] } 5... f6 { [%clk 0:09:39] } 6. g4 { [%clk 0:09:24] } 6...
b6 { [%clk 0:09:36] } 7. g5 { [%clk 0:09:19] } 7... f5 { [%clk 0:09:18] } 8.
exf5 { [%clk 0:09:10] } 8... Nxf5 { [%clk 0:09:12] } 9. Bh3 { [%clk 0:08:59] }
9... g6 { [%clk 0:08:46] } 10. Nxe5 { [%clk 0:08:42] } 10... Qe7
{ [%clk 0:08:36] } 11. f4 { [%clk 0:08:31] } 11... d6 { [%clk 0:08:15] } 12.
Qe2 { [%clk 0:07:32] } 12... dxe5 { [%clk 0:08:01] } 13. fxe5
{ [%clk 0:07:24] } 13... O-O { [%clk 0:07:44] } 14. Qc4+ { [%clk 0:07:01] }
14... Be6 { [%clk 0:07:33] } 15. Qe4 { [%clk 0:06:30] } 15... Nd7
{ [%clk 0:07:24] } 16. Bf4 { [%clk 0:06:23] } 16... Nc5 { [%clk 0:07:04] } 17.
Qc6 { [%clk 0:05:55] } 17... Ne4 { [%clk 0:06:35] } 18. O-O-O
{ [%clk 0:05:40] } 18... Nf2 { [%clk 0:06:25] } 0-1"
Rated Rapid game,https://lichess.org/ZyVCI48k,2024.08.01,-,mguerrero,msiemko30,1-0,2024.08.01,08:46:41,1558,1558,,,B21,"Sicilian Defense: Smith-Morra Gambit Accepted, Fianchetto Defense",600+0,Normal,"1. e4 { [%clk 0:10:00] } 1... c5 { [%clk 0:10:00] } 2. d4 { [%clk 0:09:58] }
2... cxd4 { [%clk 0:09:59] } 3. c3 { [%clk 0:09:57] } 3... dxc3
{ [%clk 0:09:57] } 4. Nxc3 { [%clk 0:09:55] } 4... Nc6 { [%clk 0:09:53] } 5.
Nf3 { [%clk 0:09:48] } 5... g6 { [%clk 0:09:52] } 6. Bc4 { [%clk 0:09:45] }
6... Bg7 { [%clk 0:09:51] } 7. O-O { [%clk 0:09:40] } 7... e6
{ [%clk 0:09:49] } 8. Re1 { [%clk 0:09:31] } 8... Nge7 { [%clk 0:09:48] } 9.
Bg5 { [%clk 0:09:21] } 9... O-O { [%clk 0:09:43] } 10. Qd2 { [%clk 0:09:11] }
10... Re8 { [%clk 0:09:28] } 11. e5 { [%clk 0:08:59] } 11... Qc7
{ [%clk 0:09:11] } 12. Bh6 { [%clk 0:08:56] } 12... Bh8 { [%clk 0:09:09] } 13.
Bg5 { [%clk 0:08:14] } 13... a6 { [%clk 0:09:07] } 14. Bf6 { [%clk 0:08:12] }
14... Bxf6 { [%clk 0:08:38] } 15. exf6 { [%clk 0:08:09] } 15... Nf5
{ [%clk 0:08:33] } 16. Bd3 { [%clk 0:07:55] } 16... Nfd4 { [%clk 0:08:23] } 17.
Qh6 { [%clk 0:07:48] } 17... Nxf3+ { [%clk 0:08:16] } 18. gxf3
{ [%clk 0:07:45] } 18... Nd4 { [%clk 0:08:09] } 19. Qg7# { [%clk 0:07:43] } 1-0"
Rated Rapid game,https://lichess.org/g4Z1YrXN,2024.08.01,-,Dulcinorix,ParadoxMnM,0-1,2024.08.01,08:46:41,1739,1705,,,B10,Caro-Kann Defense,600+0,Normal,"1. e4 { [%clk 0:10:00] } 1... c6 { [%clk 0:10:00] } 2. Nc3 { [%clk 0:09:35] }
2... d5 { [%clk 0:09:51] } 3. exd5 { [%clk 0:09:34] } 3... cxd5
{ [%clk 0:09:51] } 4. d4 { [%clk 0:09:32] } 4... Nf6 { [%clk 0:09:46] } 5. Nf3
{ [%clk 0:09:31] } 5... Bf5 { [%clk 0:09:44] } 6. h3 { [%clk 0:09:29] } 6... a6
{ [%clk 0:09:41] } 7. Be2 { [%clk 0:09:28] } 7... Nc6 { [%clk 0:09:40] } 8. a3
{ [%clk 0:09:27] } 8... e6 { [%clk 0:09:38] } 9. g4 { [%clk 0:09:26] } 9... Bg6
{ [%clk 0:09:37] } 10. g5 { [%clk 0:09:23] } 10... Ne4 { [%clk 0:09:30] } 11.
Nxe4 { [%clk 0:09:21] } 11... Bxe4 { [%clk 0:09:28] } 12. h4 { [%clk 0:09:17] }
12... Bd6 { [%clk 0:09:19] } 13. c3 { [%clk 0:09:16] } 13... Qe7
{ [%clk 0:09:11] } 14. Be3 { [%clk 0:09:12] } 14... f6 { [%clk 0:08:52] } 15.
gxf6 { [%clk 0:09:10] } 15... Qxf6 { [%clk 0:08:51] } 16. Rg1
{ [%clk 0:09:02] } 16... Rg8 { [%clk 0:08:38] } 17. Bg5 { [%clk 0:09:00] }
17... Qf7 { [%clk 0:08:32] } 18. Nd2 { [%clk 0:08:57] } 18... Bg6
{ [%clk 0:08:14] } 19. Bg4 { [%clk 0:08:21] } 19... h6 { [%clk 0:08:11] } 20.
Be3 { [%clk 0:08:16] } 20... Bf5 { [%clk 0:08:03] } 21. Qf3 { [%clk 0:08:00] }
21... Bxg4 { [%clk 0:07:54] } 22. Qxf7+ { [%clk 0:07:59] } 22... Kxf7
{ [%clk 0:07:54] } 23. Rxg4 { [%clk 0:07:57] } 23... Raf8 { [%clk 0:07:52] }
24. Nb3 { [%clk 0:07:44] } 24... Ke7 { [%clk 0:07:49] } 25. O-O-O
{ [%clk 0:07:41] } 25... Kd7 { [%clk 0:07:40] } 26. Nc5+ { [%clk 0:07:32] }
26... Bxc5 { [%clk 0:07:39] } 27. dxc5 { [%clk 0:07:32] } 27... Ne5
{ [%clk 0:07:33] } 28. Rf4 { [%clk 0:07:22] } 28... Nc4 { [%clk 0:07:25] } 29.
Rxf8 { [%clk 0:07:19] } 29... Rxf8 { [%clk 0:07:24] } 30. Bd4
{ [%clk 0:07:18] } 30... e5 { [%clk 0:07:17] } 31. Be3 { [%clk 0:07:12] } 31...
Nxe3 { [%clk 0:07:11] } 32. fxe3 { [%clk 0:07:10] } 32... Kc6
{ [%clk 0:07:10] } 33. b4 { [%clk 0:07:08] } 33... Rf3 { [%clk 0:07:07] } 34.
Re1 { [%clk 0:07:03] } 34... g5 { [%clk 0:06:56] } 35. hxg5 { [%clk 0:07:02] }
35... hxg5 { [%clk 0:06:56] } 36. Kd2 { [%clk 0:07:01] } 36... g4
{ [%clk 0:06:54] } 37. Rg1 { [%clk 0:06:57] } 37... g3 { [%clk 0:06:52] } 38.
Ke2 { [%clk 0:06:55] } 38... e4 { [%clk 0:06:51] } 39. a4 { [%clk 0:06:49] }
39... Rf2+ { [%clk 0:06:49] } 40. Kd1 { [%clk 0:06:47] } 40... g2
{ [%clk 0:06:48] } 41. Ke1 { [%clk 0:06:43] } 41... Rc2 { [%clk 0:06:41] } 42.
Kd1 { [%clk 0:06:40] } 42... Rxc3 { [%clk 0:06:37] } 43. Rxg2
{ [%clk 0:06:37] } 43... Rxe3 { [%clk 0:06:36] } 44. Rg6+ { [%clk 0:06:35] }
44... Kc7 { [%clk 0:06:34] } 45. Rg7+ { [%clk 0:06:33] } 45... Kb8
{ [%clk 0:06:33] } 46. Rd7 { [%clk 0:06:31] } 46... Rd3+ { [%clk 0:06:27] } 47.
Kc2 { [%clk 0:06:29] } 47... d4 { [%clk 0:06:19] } 48. Re7 { [%clk 0:06:23] }
48... Rc3+ { [%clk 0:06:17] } 49. Kb2 { [%clk 0:06:17] } 49... Re3
{ [%clk 0:06:12] } 50. Re6 { [%clk 0:06:11] } 50... d3 { [%clk 0:06:09] } 51.
Kc3 { [%clk 0:06:08] } 51... Re2 { [%clk 0:06:01] } 52. c6 { [%clk 0:06:01] }
52... bxc6 { [%clk 0:05:59] } 53. Rxc6 { [%clk 0:06:00] } 53... d2
{ [%clk 0:05:59] } 54. Rd6 { [%clk 0:05:57] } 54... e3 { [%clk 0:05:48] } 55.
Kc2 { [%clk 0:05:47] } 55... Re1 { [%clk 0:05:43] } 56. Rd8+ { [%clk 0:05:25] }
56... Kc7 { [%clk 0:05:41] } 57. Re8 { [%clk 0:05:20] } 57... Rc1+
{ [%clk 0:05:35] } 58. Kd3 { [%clk 0:05:15] } 58... d1=Q+ { [%clk 0:05:32] }
0-1"
Rated Rapid game,https://lichess.org/YnSnvgWO,2024.08.01,-,andylaw88,KashifHameed,1-0,2024.08.01,08:46:41,1938,1801,,,C46,Three Knights Opening,600+0,Normal,"1. e4 { [%clk 0:10:00] } 1... e5 { [%clk 0:10:00] } 2. Nf3 { [%clk 0:09:59] }
2... Nc6 { [%clk 0:09:58] } 3. Nc3 { [%clk 0:09:56] } 3... Bc5
{ [%clk 0:09:57] } 4. Bb5 { [%clk 0:09:50] } 4... Nge7 { [%clk 0:09:53] } 5. d3
{ [%clk 0:09:49] } 5... d6 { [%clk 0:09:51] } 6. Bc4 { [%clk 0:09:45] } 6...
Bg4 { [%clk 0:09:49] } 7. O-O { [%clk 0:09:42] } 7... Nd4 { [%clk 0:09:47] } 8.
Bxf7+ { [%clk 0:09:18] } 8... Kf8 { [%clk 0:08:57] } 9. Nxd4 { [%clk 0:08:56] }
9... exd4 { [%clk 0:06:34] } 10. Qxg4 { [%clk 0:08:44] } 10... dxc3
{ [%clk 0:06:04] } 11. Be6 { [%clk 0:08:35] } 11... Ng6 { [%clk 0:05:19] } 12.
Qf3+ { [%clk 0:08:28] } 12... Qf6 { [%clk 0:05:17] } 13. Qxf6+
{ [%clk 0:08:17] } 13... gxf6 { [%clk 0:05:15] } 14. bxc3 { [%clk 0:08:12] }
14... Ke7 { [%clk 0:05:11] } 15. Bb3 { [%clk 0:08:02] } 15... a5
{ [%clk 0:04:42] } 16. a4 { [%clk 0:07:59] } 16... h5 { [%clk 0:04:29] } 17. d4
{ [%clk 0:07:51] } 17... Ba7 { [%clk 0:04:15] } 18. Ba3 { [%clk 0:07:40] }
18... Rh7 { [%clk 0:04:03] } 19. Rae1 { [%clk 0:07:38] } 19... Rg7
{ [%clk 0:04:02] } 20. e5 { [%clk 0:07:35] } 20... fxe5 { [%clk 0:04:00] } 21.
dxe5 { [%clk 0:07:32] } 21... Kd7 { [%clk 0:03:37] } 22. e6+ { [%clk 0:07:25] }
22... Ke7 { [%clk 0:03:33] } 23. Bd5 { [%clk 0:07:15] } 23... c6
{ [%clk 0:03:19] } 24. Be4 { [%clk 0:07:08] } 24... Nh4 { [%clk 0:02:49] } 25.
g3 { [%clk 0:07:00] } 25... Rag8 { [%clk 0:02:45] } 26. Kh1 { [%clk 0:06:38] }
26... Ng6 { [%clk 0:02:42] } 27. Bf5 { [%clk 0:06:23] } 27... h4
{ [%clk 0:02:28] } 28. g4 { [%clk 0:06:16] } 28... Nf4 { [%clk 0:02:21] } 29.
h3 { [%clk 0:06:08] } 29... Nxh3 { [%clk 0:02:18] } 30. Bb2 { [%clk 0:06:01] }
30... Nxf2+ { [%clk 0:01:56] } 31. Rxf2 { [%clk 0:05:45] } 31... Bxf2
{ [%clk 0:01:52] } 32. Re2 { [%clk 0:05:41] } 32... Bg3 { [%clk 0:01:36] } 33.
c4 { [%clk 0:05:39] } 33... Be5 { [%clk 0:01:35] } 34. Bxe5 { [%clk 0:05:36] }
34... dxe5 { [%clk 0:01:33] } 35. Rxe5 { [%clk 0:05:35] } 35... b6
{ [%clk 0:01:22] } 36. c5 { [%clk 0:05:26] } 36... Rd8 { [%clk 0:01:20] } 37.
cxb6 { [%clk 0:05:21] } 37... Rd1+ { [%clk 0:01:17] } 38. Kh2
{ [%clk 0:05:15] } 38... Rb1 { [%clk 0:01:03] } 39. Rxa5 { [%clk 0:05:10] }
39... Rxb6 { [%clk 0:01:00] } 40. Ra7+ { [%clk 0:05:05] } 40... Kf6
{ [%clk 0:00:59] } 41. Ra8 { [%clk 0:04:41] } 41... Re7 { [%clk 0:00:57] } 42.
Rf8+ { [%clk 0:04:35] } 42... Ke5 { [%clk 0:00:56] } 43. a5 { [%clk 0:04:16] }
43... Rb2 { [%clk 0:00:54] } 44. Kh3 { [%clk 0:04:13] } 44... Ra2
{ [%clk 0:00:53] } 45. Ra8 { [%clk 0:04:04] } 45... Ra3+ { [%clk 0:00:51] } 46.
Kxh4 { [%clk 0:04:00] } 46... Kf4 { [%clk 0:00:50] } 47. Kh5 { [%clk 0:03:38] }
47... Rh3+ { [%clk 0:00:45] } 48. Kg6 { [%clk 0:03:36] } 48... Rhh7
{ [%clk 0:00:31] } 49. Rg8 { [%clk 0:03:29] } 49... Ra7 { [%clk 0:00:25] } 50.
Kf6 { [%clk 0:02:58] } 50... Rxa5 { [%clk 0:00:24] } 51. Bxh7
{ [%clk 0:02:55] } 1-0"
Rated Rapid game,https://lichess.org/NAwvz0EI,2024.08.01,-,kesavadas,Mohamed_Barakatovish,0-1,2024.08.01,08:46:41,1941,2000,,,C21,Danish Gambit Accepted,600+0,Normal,"1. e4 { [%eval 0.15] [%clk 0:10:00] } 1... e5 { [%eval 0.21] [%clk 0:10:00] }
2. d4 { [%eval -0.09] [%clk 0:09:59] } 2... exd4
{ [%eval -0.11] [%clk 0:09:58] } 3. c3 { [%eval -0.31] [%clk 0:09:57] } 3...
dxc3 { [%eval -0.32] [%clk 0:09:57] } 4. Bc4 { [%eval -0.51] [%clk 0:09:57] }
4... cxb2 { [%eval -0.52] [%clk 0:09:56] } 5. Bxb2
{ [%eval -0.45] [%clk 0:09:57] } 5... Nc6 { [%eval -0.2] [%clk 0:09:50] } 6.
Nc3 { [%eval -0.45] [%clk 0:09:54] } 6... d6 { [%eval -0.43] [%clk 0:09:49] }
7. Nge2 { [%eval -0.8] [%clk 0:09:52] } 7... Nf6
{ [%eval -0.57] [%clk 0:09:48] } 8. O-O { [%eval -0.81] [%clk 0:09:50] } 8...
Be7 { [%eval -0.79] [%clk 0:09:48] } 9. Kh1 { [%eval -0.82] [%clk 0:09:22] }
9... O-O { [%eval -0.84] [%clk 0:09:32] } 10. Qc2 $6
{ [%eval -1.64] [%clk 0:09:08] } 10... Be6 { [%eval -1.58] [%clk 0:09:12] } 11.
Bd3 $6 { [%eval -2.24] [%clk 0:09:06] } 11... d5
{ [%eval -2.11] [%clk 0:08:55] } 12. exd5 { [%eval -2.72] [%clk 0:08:45] }
12... Bxd5 $2 { [%eval -0.2] [%clk 0:08:50] } 13. Nxd5
{ [%eval -0.18] [%clk 0:08:41] } 13... Qxd5 { [%eval -0.21] [%clk 0:08:46] }
14. Rad1 $2 { [%eval -2.42] [%clk 0:08:34] } 14... Qh5 $2
{ [%eval -0.45] [%clk 0:08:39] } 15. Ng3 { [%eval -0.39] [%clk 0:08:28] } 15...
Qh4 $2 { [%eval 1.39] [%clk 0:08:26] } 16. Qc3 $2
{ [%eval -1.59] [%clk 0:08:05] } 16... Qb4 $2 { [%eval -0.02] [%clk 0:07:52] }
17. Qc1 { [%eval -0.11] [%clk 0:07:48] } 17... Qc5
{ [%eval -0.09] [%clk 0:07:27] } 18. Qf4 { [%eval -0.07] [%clk 0:07:21] } 18...
Bd6 { [%eval -0.03] [%clk 0:07:19] } 19. Qh4 { [%eval -0.11] [%clk 0:07:12] }
19... Be5 { [%eval -0.03] [%clk 0:06:59] } 20. Bc1 $2
{ [%eval -1.31] [%clk 0:06:21] } 20... Ne7 $6 { [%eval -0.43] [%clk 0:06:41] }
21. Nh5 $2 { [%eval -1.81] [%clk 0:05:56] } 21... Ng6
{ [%eval -1.67] [%clk 0:06:33] } 22. Nxf6+ { [%eval -1.66] [%clk 0:05:42] }
22... Bxf6 { [%eval -1.62] [%clk 0:06:30] } 23. Qh3 $6
{ [%eval -2.58] [%clk 0:05:33] } 23... Rad8 { [%eval -2.62] [%clk 0:06:20] }
24. Bb1 $2 { [%eval -4.21] [%clk 0:05:28] } 24... Rxd1
{ [%eval -4.22] [%clk 0:06:10] } 25. Rxd1 { [%eval -4.08] [%clk 0:05:28] }
25... Qxf2 { [%eval -4.13] [%clk 0:06:09] } 26. Qg4
{ [%eval -4.49] [%clk 0:03:50] } 26... Re8 { [%eval -4.58] [%clk 0:06:01] } 27.
Bd2 $4 { [%eval -7.9] [%clk 0:02:43] } 27... Qxd2
{ [%eval -7.68] [%clk 0:05:48] } 28. h3 { [%eval -9.63] [%clk 0:02:33] } 28...
Re1+ { [%eval -9.56] [%clk 0:05:45] } 29. Rxe1 { [%eval -9.89] [%clk 0:02:31] }
29... Qxe1+ { [%eval -9.85] [%clk 0:05:43] } 30. Kh2
{ [%eval -9.83] [%clk 0:02:31] } 30... Be5+ { [%eval -9.6] [%clk 0:05:40] } 31.
g3 { [%eval -9.5] [%clk 0:02:28] } 31... Qf2+ { [%eval -9.61] [%clk 0:05:31] }
32. Kh1 { [%eval -9.64] [%clk 0:02:25] } 32... Qe1+
{ [%eval -9.4] [%clk 0:05:23] } 33. Kg2 { [%eval -9.33] [%clk 0:02:22] } 33...
Qxb1 { [%eval -9.36] [%clk 0:05:16] } 0-1"
Rated Rapid game,https://lichess.org/x3YQj9ZH,2024.08.01,-,hunter0920,platonsn,1/2-1/2,2024.08.01,08:46:41,1047,1051,,,C02,"French Defense: Advance Variation, Steinitz Variation",600+0,Normal,"1. e4 { [%eval 0.15] [%clk 0:10:00] } 1... e6 { [%eval 0.25] [%clk 0:10:00] }
2. d4 { [%eval 0.3] [%clk 0:09:59] } 2... d5 { [%eval 0.31] [%clk 0:09:56] } 3.
e5 { [%eval 0.25] [%clk 0:09:57] } 3... c5 { [%eval 0.24] [%clk 0:09:52] } 4.
dxc5 $6 { [%eval -0.32] [%clk 0:09:55] } 4... Bxc5
{ [%eval -0.26] [%clk 0:09:46] } 5. Bb5+ { [%eval -0.69] [%clk 0:09:54] } 5...
Bd7 { [%eval -0.44] [%clk 0:09:39] } 6. Bxd7+ { [%eval -0.84] [%clk 0:09:53] }
6... Nxd7 { [%eval -0.9] [%clk 0:09:35] } 7. Nf3
{ [%eval -0.98] [%clk 0:09:51] } 7... Ne7 { [%eval -0.87] [%clk 0:09:31] } 8.
Bf4 $2 { [%eval -2.24] [%clk 0:09:47] } 8... O-O $2
{ [%eval -1.15] [%clk 0:09:26] } 9. O-O { [%eval -1.1] [%clk 0:09:45] } 9...
Nf5 $6 { [%eval -0.49] [%clk 0:09:21] } 10. c3 { [%eval -0.81] [%clk 0:09:38] }
10... Nb6 $6 { [%eval -0.14] [%clk 0:08:44] } 11. Ng5 $6
{ [%eval -1.02] [%clk 0:09:15] } 11... h6 { [%eval -0.99] [%clk 0:08:39] } 12.
Nf3 { [%eval -1.0] [%clk 0:09:03] } 12... Nc4 { [%eval -0.56] [%clk 0:08:11] }
13. Ne1 $2 { [%eval -3.14] [%clk 0:08:48] } 13... Qh4 $2
{ [%eval -1.66] [%clk 0:08:00] } 14. g3 $6 { [%eval -2.47] [%clk 0:08:43] }
14... Qh3 { [%eval -2.22] [%clk 0:07:54] } 15. b3 $2
{ [%eval -4.73] [%clk 0:08:25] } 15... Nb6 $4 { [%eval -1.17] [%clk 0:07:47] }
16. b4 { [%eval -1.59] [%clk 0:08:22] } 16... Be7
{ [%eval -1.58] [%clk 0:07:40] } 17. Nf3 $6 { [%eval -2.21] [%clk 0:06:57] }
17... Rac8 { [%eval -1.98] [%clk 0:07:01] } 18. a3
{ [%eval -2.08] [%clk 0:06:52] } 18... Nc4 { [%eval -2.03] [%clk 0:06:47] } 19.
Nbd2 $6 { [%eval -2.78] [%clk 0:06:47] } 19... Nce3 $4
{ [%eval 2.72] [%clk 0:06:25] } 20. Bxe3 { [%eval 2.62] [%clk 0:06:42] } 20...
Nh4 $2 { [%eval 5.51] [%clk 0:05:57] } 21. gxh4 { [%eval 5.41] [%clk 0:06:38] }
21... Bxh4 { [%eval 6.36] [%clk 0:05:33] } 22. Nxh4
{ [%eval 5.97] [%clk 0:06:36] } 22... Qxh4 { [%eval 5.82] [%clk 0:05:31] } 23.
Nf3 { [%eval 5.49] [%clk 0:06:29] } 23... Qg4+ { [%eval 5.61] [%clk 0:05:13] }
24. Kh1 { [%eval 5.54] [%clk 0:06:26] } 24... Rc4
{ [%eval 6.74] [%clk 0:04:50] } 25. Rg1 { [%eval 6.55] [%clk 0:06:24] } 25...
Qe4 { [%eval 6.6] [%clk 0:04:15] } 26. Bxh6 { [%eval 6.52] [%clk 0:06:20] }
26... Rxc3 { [%eval 7.66] [%clk 0:03:53] } 27. Rxg7+
{ [%eval 7.69] [%clk 0:06:13] } 27... Kh8 { [%eval 7.67] [%clk 0:03:49] } 28.
Kg1 $4 { [%eval 4.26] [%clk 0:05:46] } 28... Rxf3
{ [%eval 4.21] [%clk 0:03:34] } 29. Rg3 { [%eval 4.15] [%clk 0:05:36] } 29...
Rg8 { [%eval 3.98] [%clk 0:02:58] } 30. Rxg8+ { [%eval 3.2] [%clk 0:05:33] }
30... Kh7 $4 { [%eval 6.6] [%clk 0:02:52] } 31. Rg7+
{ [%eval 6.04] [%clk 0:05:05] } 31... Kxh6 { [%eval 6.12] [%clk 0:02:46] } 32.
Rxf7 $4 { [%eval -0.72] [%clk 0:05:03] } 32... Qg4+ $4
{ [%eval 8.22] [%clk 0:02:31] } 33. Kf1 $4 { [%eval 0.07] [%clk 0:05:00] }
33... Qh3+ { [%eval 0.05] [%clk 0:02:18] } 34. Ke2
{ [%eval 0.0] [%clk 0:04:56] } 34... Rxf7 { [%eval 0.0] [%clk 0:02:12] } 35.
Qd2+ { [%eval 0.0] [%clk 0:04:53] } 35... Kg7 { [%eval 0.13] [%clk 0:02:05] }
36. Rg1+ { [%eval 0.16] [%clk 0:04:52] } 36... Kf8 $6
{ [%eval 0.8] [%clk 0:01:57] } 37. Rc1 $6 { [%eval 0.0] [%clk 0:04:38] } 37...
Qf3+ { [%eval 0.0] [%clk 0:01:51] } 38. Ke1 $6 { [%eval -0.64] [%clk 0:04:33] }
38... Qh1+ $6 { [%eval 0.0] [%clk 0:01:43] } 39. Ke2
{ [%eval -0.01] [%clk 0:04:31] } 39... Qf3+ { [%eval -0.07] [%clk 0:01:38] }
40. Ke1 $6 { [%eval -0.66] [%clk 0:04:29] } 40... Qh1+ $6
{ [%eval 0.0] [%clk 0:01:36] } 41. Ke2 { [%eval 0.0] [%clk 0:04:28] } 41...
Qf3+ { [%eval 0.0] [%clk 0:01:35] } 1/2-1/2"
Rated Rapid game,https://lichess.org/FCor4YyJ,2024.08.01,-,artodynj,HOPEISPOTENTIAL,1/2-1/2,2024.08.01,08:46:41,1648,1660,,,D00,Queen's Pawn Game: Accelerated London System,600+0,Normal,"1. d4 { [%clk 0:10:00] } 1... d5 { [%clk 0:10:00] } 2. Bf4 { [%clk 0:09:59] }
2... e6 { [%clk 0:09:54] } 3. e3 { [%clk 0:09:57] } 3... Nc6 { [%clk 0:09:46] }
4. Nf3 { [%clk 0:09:56] } 4... Nf6 { [%clk 0:09:30] } 5. Bb5 { [%clk 0:09:53] }
5... Bd7 { [%clk 0:09:28] } 6. O-O { [%clk 0:09:50] } 6... Nh5
{ [%clk 0:09:26] } 7. Bg3 { [%clk 0:09:43] } 7... Nxg3 { [%clk 0:09:24] } 8.
fxg3 { [%clk 0:09:42] } 8... Qf6 { [%clk 0:09:21] } 9. Ne5 { [%clk 0:09:36] }
9... Qh6 { [%clk 0:09:15] } 10. Nxf7 { [%clk 0:09:10] } 10... Qxe3+
{ [%clk 0:09:12] } 11. Kh1 { [%clk 0:09:08] } 11... Rg8 { [%clk 0:09:10] } 12.
Bxc6 { [%clk 0:09:03] } 12... Bxc6 { [%clk 0:09:08] } 13. c3 { [%clk 0:08:54] }
13... g5 { [%clk 0:08:40] } 14. Qh5 { [%clk 0:08:48] } 14... Ke7
{ [%clk 0:08:25] } 15. Na3 { [%clk 0:08:25] } 15... Re8 { [%clk 0:08:09] } 16.
Rae1 { [%clk 0:08:20] } 16... Qd2 { [%clk 0:08:03] } 17. Qxh7
{ [%clk 0:08:00] } 17... Rg7 { [%clk 0:07:58] } 18. Qh5 { [%clk 0:07:50] }
18... Qxb2 { [%clk 0:07:48] } 19. Nxg5 { [%clk 0:07:28] } 19... Qxa3
{ [%clk 0:07:42] } 20. Rxe6+ { [%clk 0:07:24] } 20... Kd8 { [%clk 0:07:37] }
21. Rxe8+ { [%clk 0:07:15] } 21... Bxe8 { [%clk 0:07:35] } 22. Ne6+
{ [%clk 0:07:14] } 22... Kd7 { [%clk 0:07:21] } 23. Qf5 { [%clk 0:07:09] }
23... Rf7 { [%clk 0:07:15] } 24. Nc5+ { [%clk 0:07:01] } 24... Kd8
{ [%clk 0:07:03] } 25. Qxd5+ { [%clk 0:06:57] } 25... Ke7 { [%clk 0:06:45] }
26. Re1+ { [%clk 0:06:52] } 26... Kf6 { [%clk 0:06:41] } 27. Qe5+
{ [%clk 0:06:44] } 27... Kg6 { [%clk 0:06:35] } 28. Qe4+ { [%clk 0:06:30] }
28... Kh6 { [%clk 0:06:11] } 29. Qh4+ { [%clk 0:06:23] } 29... Kg6
{ [%clk 0:06:05] } 30. Re6+ { [%clk 0:06:20] } 30... Kg7 { [%clk 0:06:03] } 31.
Qh6+ { [%clk 0:06:17] } 31... Kg8 { [%clk 0:05:53] } 32. Rg6+
{ [%clk 0:06:05] } 32... Rg7 { [%clk 0:05:50] } 33. Rxg7+ { [%clk 0:05:46] }
33... Bxg7 { [%clk 0:05:47] } 34. Qe6+ { [%clk 0:05:42] } 34... Bf7
{ [%clk 0:05:37] } 35. Qe1 { [%clk 0:05:37] } 35... Qxa2 { [%clk 0:05:30] } 36.
Nxb7 { [%clk 0:05:34] } 36... Bd5 { [%clk 0:05:24] } 37. Qe8+
{ [%clk 0:05:29] } 37... Kh7 { [%clk 0:05:20] } 38. Qh5+ { [%clk 0:05:26] }
38... Kg8 { [%clk 0:05:14] } 39. Qe8+ { [%clk 0:05:20] } 39... Bf8
{ [%clk 0:05:13] } 40. Qg6+ { [%clk 0:05:16] } 40... Bg7 { [%clk 0:05:11] } 41.
Qe8+ { [%clk 0:05:12] } 1/2-1/2"
Rated Rapid game,https://lichess.org/htVSXLH3,2024.08.01,-,Alex_Overman,mosquitoze,1-0,2024.08.01,08:46:41,1616,1632,,,B01,Scandinavian Defense,600+0,Normal,"1. e4 { [%clk 0:10:00] } 1... d5 { [%clk 0:10:00] } 2. e5 { [%clk 0:09:59] }
2... e6 { [%clk 0:09:58] } 3. f4 { [%clk 0:09:58] } 3... c5 { [%clk 0:09:57] }
4. d3 { [%clk 0:09:57] } 4... Nc6 { [%clk 0:09:55] } 5. Nf3 { [%clk 0:09:55] }
5... Nge7 { [%clk 0:09:52] } 6. c3 { [%clk 0:09:54] } 6... Ng6
{ [%clk 0:09:50] } 7. Be2 { [%clk 0:09:52] } 7... Be7 { [%clk 0:09:49] } 8. O-O
{ [%clk 0:09:51] } 8... O-O { [%clk 0:09:48] } 9. a3 { [%clk 0:09:49] } 9... b5
{ [%clk 0:09:47] } 10. b4 { [%clk 0:09:42] } 10... c4 { [%clk 0:09:46] } 11. d4
{ [%clk 0:09:41] } 11... Bb7 { [%clk 0:09:41] } 12. Ng5 { [%clk 0:09:30] }
12... Bxg5 { [%clk 0:09:38] } 13. fxg5 { [%clk 0:09:29] } 13... a6
{ [%clk 0:09:36] } 14. Bg4 { [%clk 0:09:23] } 14... Nce7 { [%clk 0:09:33] } 15.
Qf3 { [%clk 0:09:21] } 15... Nh4 { [%clk 0:09:24] } 16. Qf2 { [%clk 0:09:19] }
16... Nhf5 { [%clk 0:09:21] } 17. Bxf5 { [%clk 0:09:18] } 17... Nxf5
{ [%clk 0:09:19] } 18. g4 { [%clk 0:09:12] } 18... Ne7 { [%clk 0:09:11] } 19.
h4 { [%clk 0:09:10] } 19... a5 { [%clk 0:08:56] } 20. h5 { [%clk 0:09:06] }
20... axb4 { [%clk 0:08:54] } 21. cxb4 { [%clk 0:09:05] } 21... Ra4
{ [%clk 0:08:50] } 22. Nc3 { [%clk 0:09:03] } 22... Ra6 { [%clk 0:08:47] } 23.
Nxb5 { [%clk 0:09:00] } 23... Qd7 { [%clk 0:08:20] } 24. Nd6 { [%clk 0:08:58] }
24... Rfa8 { [%clk 0:08:16] } 25. Qxf7+ { [%clk 0:08:55] } 25... Kh8
{ [%clk 0:08:13] } 26. h6 { [%clk 0:08:46] } 26... gxh6 { [%clk 0:08:06] } 27.
gxh6 { [%clk 0:08:43] } 27... Rg8 { [%clk 0:08:05] } 28. g5 { [%clk 0:08:40] }
28... Raa8 { [%clk 0:07:57] } 29. Qh5 { [%clk 0:08:37] } 29... Ng6
{ [%clk 0:07:53] } 30. Nf7+ { [%clk 0:08:35] } 30... Qxf7 { [%clk 0:07:49] }
31. Rxf7 { [%clk 0:08:33] } 31... Ba6 { [%clk 0:07:40] } 32. Rg7
{ [%clk 0:08:22] } 32... Rxg7 { [%clk 0:07:35] } 33. hxg7+ { [%clk 0:08:21] }
33... Kxg7 { [%clk 0:07:35] } 34. Qh6+ { [%clk 0:08:17] } 34... Kg8
{ [%clk 0:07:33] } 35. Bd2 { [%clk 0:08:12] } 35... Rf8 { [%clk 0:07:24] } 36.
Rf1 { [%clk 0:08:09] } 36... Rxf1+ { [%clk 0:07:20] } 37. Kxf1
{ [%clk 0:08:08] } 37... Bc8 { [%clk 0:07:18] } 38. a4 { [%clk 0:08:06] } 38...
Bd7 { [%clk 0:07:13] } 39. b5 { [%clk 0:08:04] } 39... Ne7 { [%clk 0:07:08] }
40. Bb4 { [%clk 0:07:54] } 40... Nf5 { [%clk 0:07:06] } 41. Qf8#
{ [%clk 0:07:46] } 1-0"
Rated Rapid game,https://lichess.org/TG85EEtP,2024.08.01,-,nikonor100,skyking_skyking,1-0,2024.08.01,08:46:42,1729,1721,,,B01,Scandinavian Defense: Valencian Variation,600+0,Normal,"1. e4 { [%clk 0:10:00] } 1... d5 { [%clk 0:10:00] } 2. exd5 { [%clk 0:09:58] }
2... Qxd5 { [%clk 0:09:59] } 3. Nc3 { [%clk 0:09:57] } 3... Qd8
{ [%clk 0:09:59] } 4. Nf3 { [%clk 0:09:56] } 4... e6 { [%clk 0:09:59] } 5. Bc4
{ [%clk 0:09:55] } 5... Nf6 { [%clk 0:09:55] } 6. d4 { [%clk 0:09:54] } 6...
Nbd7 { [%clk 0:09:53] } 7. O-O { [%clk 0:09:49] } 7... c6 { [%clk 0:09:49] } 8.
Bg5 { [%clk 0:09:47] } 8... Bd6 { [%clk 0:09:48] } 9. Re1 { [%clk 0:09:42] }
9... O-O { [%clk 0:09:46] } 10. Ne5 { [%clk 0:09:41] } 10... Bb8
{ [%clk 0:09:45] } 11. Nxd7 { [%clk 0:09:39] } 11... Bxd7 { [%clk 0:09:43] }
12. g3 { [%clk 0:09:22] } 12... b5 { [%clk 0:09:41] } 13. Bb3
{ [%clk 0:09:15] } 13... Bd6 { [%clk 0:09:40] } 14. Ne4 { [%clk 0:09:11] }
14... Be7 { [%clk 0:09:38] } 15. Nxf6+ { [%clk 0:09:10] } 15... Bxf6
{ [%clk 0:09:37] } 16. Bxf6 { [%clk 0:09:09] } 16... Qxf6 { [%clk 0:09:36] }
17. c4 { [%clk 0:08:54] } 17... bxc4 { [%clk 0:09:35] } 18. Bxc4
{ [%clk 0:08:51] } 18... Bc8 { [%clk 0:09:33] } 19. Rc1 { [%clk 0:08:46] }
19... Bb7 { [%clk 0:09:32] } 20. Qb3 { [%clk 0:08:34] } 20... Rab8
{ [%clk 0:09:28] } 21. Bxe6 { [%clk 0:08:13] } 21... fxe6 { [%clk 0:09:23] }
22. Rxe6 { [%clk 0:08:13] } 22... Qf7 { [%clk 0:09:14] } 23. Rce1
{ [%clk 0:08:02] } 23... Kh8 { [%clk 0:09:07] } 24. Qc2 { [%clk 0:07:44] }
24... c5 { [%clk 0:08:58] } 25. dxc5 { [%clk 0:07:31] } 25... Qf3
{ [%clk 0:08:56] } 26. c6 { [%clk 0:07:09] } 26... Bc8 { [%clk 0:08:32] } 27.
Re8 { [%clk 0:06:54] } 27... Bh3 { [%clk 0:08:26] } 28. Rxf8+
{ [%clk 0:06:51] } 28... Rxf8 { [%clk 0:08:24] } 29. Qe4 { [%clk 0:06:35] }
29... Qxe4 { [%clk 0:07:56] } 30. Rxe4 { [%clk 0:06:33] } 30... Bf5
{ [%clk 0:07:39] } 31. Rf4 { [%clk 0:06:26] } 31... Kg8 { [%clk 0:07:26] } 32.
c7 { [%clk 0:06:18] } 32... g6 { [%clk 0:07:16] } 33. Rd4 { [%clk 0:06:13] }
33... Rf7 { [%clk 0:06:56] } 34. Rd8+ { [%clk 0:06:02] } 34... Kg7
{ [%clk 0:06:54] } 35. c8=Q { [%clk 0:06:02] } 35... Bxc8 { [%clk 0:06:54] }
36. Rxc8 { [%clk 0:06:01] } 36... Rb7 { [%clk 0:06:53] } 37. Ra8
{ [%clk 0:05:59] } 37... h5 { [%clk 0:06:53] } 38. b3 { [%clk 0:05:49] } 38...
Kf6 { [%clk 0:06:50] } 39. Kg2 { [%clk 0:05:48] } 39... Ke5 { [%clk 0:06:49] }
40. Kf3 { [%clk 0:05:45] } 40... Kd4 { [%clk 0:06:48] } 41. Kf4
{ [%clk 0:05:44] } 41... Kc3 { [%clk 0:06:47] } 42. Kg5 { [%clk 0:05:43] }
42... Kb2 { [%clk 0:06:46] } 43. Kxg6 { [%clk 0:05:42] } 43... Kxa2
{ [%clk 0:06:45] } 44. Kxh5 { [%clk 0:05:39] } 44... Kxb3 { [%clk 0:06:44] }
45. g4 { [%clk 0:05:37] } 45... Kc4 { [%clk 0:06:44] } 46. g5
{ [%clk 0:05:36] } 46... Kd5 { [%clk 0:06:43] } 47. g6 { [%clk 0:05:35] } 47...
Ke6 { [%clk 0:06:42] } 48. Kh6 { [%clk 0:05:33] } 48... Kf6 { [%clk 0:06:41] }
49. h4 { [%clk 0:05:31] } 49... Rg7 { [%clk 0:06:35] } 50. Rf8+
{ [%clk 0:05:21] } 50... Ke7 { [%clk 0:06:13] } 51. Kxg7 { [%clk 0:05:12] }
51... Kd6 { [%clk 0:06:11] } 52. Kf6 { [%clk 0:05:10] } 1-0"
Rated Rapid game,https://lichess.org/OcH4CMLD,2024.08.01,-,LAA26,RoiLion100003,1-0,2024.08.01,08:46:43,1662,1758,,,A80,Dutch Defense,600+0,Normal,"1. d4 { [%clk 0:10:00] } 1... f5 { [%clk 0:10:00] } 2. Bf4 { [%clk 0:09:59] }
2... Nf6 { [%clk 0:09:47] } 3. e3 { [%clk 0:09:58] } 3... g6 { [%clk 0:09:43] }
4. h3 { [%clk 0:09:54] } 4... Bg7 { [%clk 0:09:41] } 5. Nf3 { [%clk 0:09:53] }
5... h6 { [%clk 0:09:36] } 6. Bc4 { [%clk 0:09:33] } 6... e6 { [%clk 0:09:27] }
7. a3 { [%clk 0:09:24] } 7... O-O { [%clk 0:09:18] } 8. h4 { [%clk 0:09:13] }
8... Kh8 { [%clk 0:09:09] } 9. Ne5 { [%clk 0:09:11] } 9... Qe8
{ [%clk 0:08:56] } 10. h5 { [%clk 0:08:49] } 10... Nxh5 { [%clk 0:08:53] } 11.
Nd2 { [%clk 0:08:33] } 11... d6 { [%clk 0:08:49] } 12. Nef3 { [%clk 0:08:12] }
12... Nxf4 { [%clk 0:08:45] } 13. exf4 { [%clk 0:08:06] } 13... d5
{ [%clk 0:08:42] } 14. Bd3 { [%clk 0:08:04] } 14... Nc6 { [%clk 0:08:36] } 15.
c3 { [%clk 0:08:00] } 15... a6 { [%clk 0:08:11] } 16. Qe2 { [%clk 0:07:58] }
16... b5 { [%clk 0:08:06] } 17. O-O-O { [%clk 0:07:54] } 17... Qe7
{ [%clk 0:07:50] } 18. Rh2 { [%clk 0:07:39] } 18... Kg8 { [%clk 0:07:47] } 19.
Rdh1 { [%clk 0:07:19] } 19... Rf6 { [%clk 0:07:23] } 20. Ne5 { [%clk 0:07:17] }
20... Nxe5 { [%clk 0:07:18] } 21. fxe5 { [%clk 0:06:55] } 21... Rf7
{ [%clk 0:07:04] } 22. g4 { [%clk 0:06:45] } 22... Kf8 { [%clk 0:06:26] } 23.
Nb3 { [%clk 0:06:31] } 23... Qg5+ { [%clk 0:06:18] } 24. Kb1 { [%clk 0:06:17] }
24... Qxg4 { [%clk 0:06:13] } 25. Nc5 { [%clk 0:06:09] } 25... Qxe2
{ [%clk 0:06:04] } 26. Bxe2 { [%clk 0:06:05] } 26... h5 { [%clk 0:05:57] } 27.
a4 { [%clk 0:05:52] } 27... bxa4 { [%clk 0:05:50] } 28. Nxa4 { [%clk 0:05:47] }
28... Ke7 { [%clk 0:05:15] } 29. Rg1 { [%clk 0:05:45] } 29... Bd7
{ [%clk 0:04:45] } 30. Nc5 { [%clk 0:05:42] } 30... Bb5 { [%clk 0:04:42] } 31.
f4 { [%clk 0:05:35] } 31... Bh6 { [%clk 0:04:14] } 32. Rxg6 { [%clk 0:05:26] }
32... Bxf4 { [%clk 0:04:10] } 33. Rxe6+ { [%clk 0:05:18] } 33... Kf8
{ [%clk 0:03:46] } 34. Rxh5 { [%clk 0:04:59] } 34... Kg7 { [%clk 0:03:43] } 35.
Bf3 { [%clk 0:04:39] } 35... Rh8 { [%clk 0:03:31] } 36. Rxh8 { [%clk 0:04:30] }
36... Kxh8 { [%clk 0:03:27] } 37. Bxd5 { [%clk 0:04:29] } 37... Rg7
{ [%clk 0:03:15] } 38. Nxa6 { [%clk 0:03:58] } 38... Bxa6 { [%clk 0:03:04] }
39. Rxa6 { [%clk 0:03:55] } 39... Bg5 { [%clk 0:02:51] } 40. Ka2
{ [%clk 0:03:47] } 40... f4 { [%clk 0:02:46] } 41. Ra8+ { [%clk 0:03:38] }
41... Kh7 { [%clk 0:01:56] } 42. Be4+ { [%clk 0:03:37] } 42... Rg6
{ [%clk 0:01:53] } 43. Bxg6+ { [%clk 0:03:32] } 43... Kxg6 { [%clk 0:01:52] }
44. Kb3 { [%clk 0:03:24] } 44... Be7 { [%clk 0:01:36] } 45. Ra1
{ [%clk 0:03:04] } 45... Kg5 { [%clk 0:01:28] } 46. Kc2 { [%clk 0:03:02] }
46... Kg4 { [%clk 0:01:26] } 47. Kd2 { [%clk 0:03:01] } 47... Bg5
{ [%clk 0:01:23] } 48. Rf1 { [%clk 0:02:48] } 48... Bh4 { [%clk 0:01:12] } 49.
Ke2 { [%clk 0:02:42] } 49... Bg3 { [%clk 0:01:02] } 50. b4 { [%clk 0:02:38] }
50... Kh3 { [%clk 0:01:01] } 51. c4 { [%clk 0:02:33] } 51... Kg2
{ [%clk 0:01:00] } 52. Rf3 { [%clk 0:02:24] } 1-0"
Rated Rapid game,https://lichess.org/ueNchfRc,2024.08.01,-,Sik-87,qPINHEADp,1-0,2024.08.01,08:46:45,1192,1243,,,B28,"Sicilian Defense: O'Kelly Variation, Normal System",600+0,Normal,"1. e4 { [%clk 0:10:00] } 1... c5 { [%clk 0:10:00] } 2. Nf3 { [%clk 0:09:59] }
2... a6 { [%clk 0:09:57] } 3. d4 { [%clk 0:09:57] } 3... d6 { [%clk 0:09:53] }
4. dxc5 { [%clk 0:09:55] } 4... Nc6 { [%clk 0:09:49] } 5. cxd6
{ [%clk 0:09:52] } 5... exd6 { [%clk 0:09:47] } 6. Bc4 { [%clk 0:09:50] } 6...
Nf6 { [%clk 0:09:44] } 7. Nc3 { [%clk 0:09:48] } 7... b5 { [%clk 0:09:42] } 8.
Bb3 { [%clk 0:09:46] } 8... Be6 { [%clk 0:09:40] } 9. O-O { [%clk 0:09:42] }
9... Rb8 { [%clk 0:09:29] } 10. e5 { [%clk 0:09:40] } 10... dxe5
{ [%clk 0:09:20] } 11. Bxe6 { [%clk 0:09:31] } 11... fxe6 { [%clk 0:09:10] }
12. Qe1 { [%clk 0:09:27] } 12... Bb4 { [%clk 0:09:07] } 13. a3
{ [%clk 0:09:25] } 13... Bxc3 { [%clk 0:09:05] } 14. Qxc3 { [%clk 0:09:23] }
14... e4 { [%clk 0:08:59] } 15. Qxc6+ { [%clk 0:09:21] } 1-0"
Rated Rapid game,https://lichess.org/zBPh0fNz,2024.08.01,-,salimkhedr,khaldoun7777,0-1,2024.08.01,08:46:45,1957,1960,,,A40,Queen's Pawn Game: Modern Defense,600+0,Normal,"1. d4 { [%clk 0:10:00] } 1... g6 { [%clk 0:10:00] } 2. e4 { [%clk 0:09:59] }
2... e6 { [%clk 0:09:59] } 3. f4 { [%clk 0:09:57] } 3... Bg7 { [%clk 0:09:49] }
4. Nc3 { [%clk 0:09:56] } 4... c6 { [%clk 0:09:47] } 5. Nf3 { [%clk 0:09:54] }
5... d5 { [%clk 0:09:46] } 6. Be3 { [%clk 0:09:45] } 6... Ne7
{ [%clk 0:09:43] } 7. Qd2 { [%clk 0:09:43] } 7... b5 { [%clk 0:09:39] } 8. exd5
{ [%clk 0:09:29] } 8... exd5 { [%clk 0:09:37] } 9. O-O-O { [%clk 0:09:25] }
9... a5 { [%clk 0:09:33] } 10. h4 { [%clk 0:09:20] } 10... Nf5
{ [%clk 0:09:26] } 11. h5 { [%clk 0:09:16] } 11... a4 { [%clk 0:09:14] } 12.
hxg6 { [%clk 0:09:13] } 12... fxg6 { [%clk 0:09:13] } 13. Ng5
{ [%clk 0:09:08] } 13... h6 { [%clk 0:09:01] } 14. Nf3 { [%clk 0:09:06] } 14...
O-O { [%clk 0:08:50] } 15. Ne5 { [%clk 0:09:03] } 15... Bxe5 { [%clk 0:08:38] }
16. fxe5 { [%clk 0:08:59] } 16... Nxe3 { [%clk 0:08:32] } 17. Qxe3
{ [%clk 0:08:56] } 17... Qg5 { [%clk 0:08:22] } 18. Rxh6 { [%clk 0:08:50] }
18... Qxe3+ { [%clk 0:08:20] } 0-1"
Rated Rapid tournament https://lichess.org/tournament/ALHgUrA9,https://lichess.org/8fzghYgZ,2024.08.01,-,Oguzhan-2016,berilaltintasi,1-0,2024.08.01,08:46:45,982,1075,,,C40,King's Pawn Game: Busch-Gass Gambit,600+0,Normal,"1. e4 { [%clk 0:10:00] } 1... e5 { [%clk 0:10:00] } 2. Nf3 { [%clk 0:09:55] }
2... Bc5 { [%clk 0:09:57] } 3. Nc3 { [%clk 0:09:50] } 3... g5
{ [%clk 0:09:51] } 4. d3 { [%clk 0:09:45] } 4... g4 { [%clk 0:09:47] } 5. Ng5
{ [%clk 0:09:43] } 5... Qf6 { [%clk 0:09:38] } 6. Qxg4 { [%clk 0:09:37] } 6...
Qxf2+ { [%clk 0:09:30] } 7. Kd1 { [%clk 0:09:33] } 7... Nf6 { [%clk 0:09:09] }
8. Qg3 { [%clk 0:09:22] } 8... Qd4 { [%clk 0:08:57] } 9. Be3 { [%clk 0:09:18] }
9... Qb4 { [%clk 0:08:50] } 10. a3 { [%clk 0:09:12] } 10... Qxb2
{ [%clk 0:08:48] } 11. Rb1 { [%clk 0:08:50] } 11... Qxc3 { [%clk 0:08:38] } 12.
Bd2 { [%clk 0:08:47] } 12... Qxa3 { [%clk 0:08:30] } 13. Bc1 { [%clk 0:08:41] }
13... Qa6 { [%clk 0:08:16] } 14. d4 { [%clk 0:08:39] } 14... Bxd4
{ [%clk 0:08:10] } 15. Bxa6 { [%clk 0:08:36] } 15... bxa6 { [%clk 0:08:06] }
16. Nf3 { [%clk 0:08:28] } 16... Nxe4 { [%clk 0:08:02] } 17. Qe1
{ [%clk 0:08:23] } 17... Nf2+ { [%clk 0:07:57] } 18. Kd2 { [%clk 0:08:18] }
18... Nxh1 { [%clk 0:07:55] } 19. Qxh1 { [%clk 0:08:16] } 19... Bb6
{ [%clk 0:07:48] } 20. Qe1 { [%clk 0:08:13] } 20... d6 { [%clk 0:07:44] } 21.
Nxe5 { [%clk 0:08:11] } 21... O-O { [%clk 0:07:38] } 22. Qe4 { [%clk 0:07:47] }
22... Re8 { [%clk 0:07:29] } 23. Qxa8 { [%clk 0:07:45] } 23... dxe5
{ [%clk 0:07:17] } 24. Qxb8 { [%clk 0:07:35] } 24... Ba5+ { [%clk 0:07:07] }
25. Kd3 { [%clk 0:07:30] } 25... e4+ { [%clk 0:07:03] } 26. Kd4
{ [%clk 0:07:23] } 26... Bb6+ { [%clk 0:06:54] } 27. Kd5 { [%clk 0:07:19] }
27... Be6+ { [%clk 0:06:49] } 28. Kxe4 { [%clk 0:07:16] } 28... Rxb8
{ [%clk 0:06:47] } 29. Bf4 { [%clk 0:07:13] } 29... Re8 { [%clk 0:06:40] } 30.
Ke5 { [%clk 0:07:06] } 30... c6 { [%clk 0:06:27] } 31. Kd6 { [%clk 0:07:01] }
31... Rd8+ { [%clk 0:06:19] } 32. Ke7 { [%clk 0:06:59] } 32... Bc5+
{ [%clk 0:06:10] } 33. Kxd8 { [%clk 0:06:56] } 33... f5 { [%clk 0:05:57] } 34.
Rb8 { [%clk 0:06:41] } 34... Kf7 { [%clk 0:05:47] } 35. Rb7+ { [%clk 0:06:29] }
35... Kf8 { [%clk 0:05:44] } 36. Bh6+ { [%clk 0:06:27] } 36... Kg8
{ [%clk 0:05:42] } 37. Rg7+ { [%clk 0:06:25] } 37... Kh8 { [%clk 0:05:40] } 38.
Rb7 { [%clk 0:06:19] } 38... f4 { [%clk 0:05:37] } 39. Bxf4 { [%clk 0:06:17] }
39... a5 { [%clk 0:05:33] } 40. Be5+ { [%clk 0:06:15] } 40... Kg8
{ [%clk 0:05:29] } 41. g4 { [%clk 0:06:11] } 41... a4 { [%clk 0:05:27] } 42.
Rb1 { [%clk 0:06:04] } 42... a3 { [%clk 0:05:22] } 43. Rg1 { [%clk 0:05:56] }
43... a2 { [%clk 0:05:15] } 44. Ra1 { [%clk 0:05:49] } 44... Bd4
{ [%clk 0:05:10] } 45. Bxd4 { [%clk 0:05:47] } 45... Bxg4 { [%clk 0:05:00] }
46. Rxa2 { [%clk 0:05:37] } 46... h5 { [%clk 0:04:55] } 47. Bxa7
{ [%clk 0:05:34] } 47... Bh3 { [%clk 0:04:47] } 48. Ra3 { [%clk 0:05:32] }
48... h4 { [%clk 0:04:42] } 49. Rxh3 { [%clk 0:05:30] } 1-0"
Rated Rapid tournament https://lichess.org/tournament/ALHgUrA9,https://lichess.org/syQhyF1i,2024.08.01,-,gogoce,Doruk35chess,0-1,2024.08.01,08:46:45,862,962,,,C40,King's Pawn Game: Busch-Gass Gambit,600+0,Normal,"1. e4 { [%clk 0:10:00] } 1... e5 { [%clk 0:10:00] } 2. Nf3 { [%clk 0:09:58] }
2... Bc5 { [%clk 0:09:58] } 3. d3 { [%clk 0:09:50] } 3... Nf6
{ [%clk 0:09:54] } 4. d4 { [%clk 0:09:47] } 4... exd4 { [%clk 0:09:52] } 5. Bc4
{ [%clk 0:09:44] } 5... d3 { [%clk 0:09:47] } 6. cxd3 { [%clk 0:09:39] } 6...
Nc6 { [%clk 0:09:37] } 7. Nc3 { [%clk 0:09:38] } 7... d6 { [%clk 0:09:29] } 8.
Bg5 { [%clk 0:09:36] } 8... Bg4 { [%clk 0:09:22] } 9. h3 { [%clk 0:09:34] }
9... Bh5 { [%clk 0:09:17] } 10. O-O { [%clk 0:09:28] } 10... Nd4
{ [%clk 0:09:08] } 11. Nd5 { [%clk 0:09:23] } 11... Nxf3+ { [%clk 0:08:41] }
12. gxf3 { [%clk 0:09:15] } 12... O-O { [%clk 0:08:34] } 13. Nxf6+
{ [%clk 0:09:12] } 13... gxf6 { [%clk 0:08:31] } 14. Bh6 { [%clk 0:09:08] }
14... Re8 { [%clk 0:08:19] } 15. f4 { [%clk 0:09:01] } 15... Bxd1
{ [%clk 0:08:15] } 16. Rfxd1 { [%clk 0:09:00] } 16... f5 { [%clk 0:08:04] } 17.
Kg2 { [%clk 0:08:59] } 17... Qh4 { [%clk 0:08:00] } 18. Kh2 { [%clk 0:08:57] }
18... Qxf2+ { [%clk 0:07:17] } 19. Kh1 { [%clk 0:08:55] } 19... fxe4
{ [%clk 0:07:14] } 20. dxe4 { [%clk 0:08:53] } 20... Rxe4 { [%clk 0:07:09] }
21. Rf1 { [%clk 0:08:52] } 21... Qg3 { [%clk 0:07:03] } 22. Rg1
{ [%clk 0:08:49] } 22... Bxg1 { [%clk 0:06:58] } 23. Rxg1 { [%clk 0:08:48] }
23... Qxg1+ { [%clk 0:06:51] } 24. Kxg1 { [%clk 0:08:46] } 24... Re1+
{ [%clk 0:06:49] } 25. Kf2 { [%clk 0:08:45] } 25... Rae8 { [%clk 0:06:46] } 26.
Bxf7+ { [%clk 0:08:40] } 26... Kxf7 { [%clk 0:06:44] } 27. Bg5
{ [%clk 0:08:38] } 27... R1e2+ { [%clk 0:06:39] } 28. Kf3 { [%clk 0:08:37] }
28... R2e3+ { [%clk 0:06:37] } 29. Kg4 { [%clk 0:08:35] } 29... Kg6
{ [%clk 0:06:31] } 30. Bh4 { [%clk 0:08:31] } 30... h5# { [%clk 0:06:28] } 0-1"
Rated Rapid tournament https://lichess.org/tournament/ALHgUrA9,https://lichess.org/3Twiq5Kd,2024.08.01,-,ZeynepArturk,cihangir25,0-1,2024.08.01,08:46:45,665,1285,,,B00,Pirc Defense,600+0,Normal,"1. e4 { [%clk 0:10:00] } 1... d6 { [%clk 0:10:00] } 2. Nf3 { [%clk 0:09:57] }
2... Nf6 { [%clk 0:09:49] } 3. Nc3 { [%clk 0:09:54] } 3... Bg4
{ [%clk 0:09:46] } 4. h3 { [%clk 0:09:44] } 4... Bxf3 { [%clk 0:09:43] } 5.
gxf3 { [%clk 0:09:43] } 5... Nc6 { [%clk 0:09:32] } 6. Bb5 { [%clk 0:09:36] }
6... e6 { [%clk 0:09:13] } 7. e5 { [%clk 0:09:26] } 7... dxe5
{ [%clk 0:09:08] } 8. d4 { [%clk 0:09:19] } 8... exd4 { [%clk 0:09:05] } 9. Bg5
{ [%clk 0:09:09] } 9... dxc3 { [%clk 0:09:00] } 10. bxc3 { [%clk 0:09:07] }
10... Qxd1+ { [%clk 0:08:34] } 11. Kxd1 { [%clk 0:09:05] } 11... Bc5
{ [%clk 0:08:27] } 12. c4 { [%clk 0:08:54] } 12... O-O { [%clk 0:08:22] } 13.
Re1 { [%clk 0:08:38] } 13... Rad8+ { [%clk 0:08:16] } 14. Kc1
{ [%clk 0:08:34] } 14... Nb4 { [%clk 0:08:15] } 15. Bxf6 { [%clk 0:08:24] }
15... gxf6 { [%clk 0:08:00] } 16. h4 { [%clk 0:07:59] } 16... Bxf2
{ [%clk 0:07:55] } 17. Rg1+ { [%clk 0:07:56] } 17... Bxg1 { [%clk 0:07:53] }
18. Kb2 { [%clk 0:07:54] } 18... Bd4+ { [%clk 0:07:50] } 19. Kb3
{ [%clk 0:07:51] } 19... Bxa1 { [%clk 0:07:47] } 20. Kxb4 { [%clk 0:07:49] }
20... c6 { [%clk 0:07:43] } 21. Ba4 { [%clk 0:07:45] } 21... b6
{ [%clk 0:07:33] } 22. Bxc6 { [%clk 0:07:40] } 22... Rd6 { [%clk 0:07:26] } 23.
Be4 { [%clk 0:07:36] } 23... Rc8 { [%clk 0:07:20] } 24. Kb3 { [%clk 0:07:26] }
24... a5 { [%clk 0:07:12] } 25. Bb7 { [%clk 0:07:19] } 25... Rc5
{ [%clk 0:07:08] } 26. Be4 { [%clk 0:07:13] } 26... Rd4 { [%clk 0:07:05] } 27.
Bb7 { [%clk 0:07:10] } 27... Rcxc4 { [%clk 0:06:57] } 28. Ba6
{ [%clk 0:06:57] } 28... Rb4+ { [%clk 0:06:51] } 29. Ka3 { [%clk 0:06:51] }
29... Ra4+ { [%clk 0:06:47] } 30. Kb3 { [%clk 0:06:49] } 30... Rdb4#
{ [%clk 0:06:45] } 0-1"
Rated Rapid game,https://lichess.org/UyFyF04e,2024.08.01,-,Cdzn1,ThoughtfulHedgehog,1-0,2024.08.01,08:46:46,1677,1716,,,C24,Bishop's Opening: Ponziani Gambit,600+0,Normal,"1. e4 { [%eval 0.15] [%clk 0:10:00] } 1... e5 { [%eval 0.21] [%clk 0:10:00] }
2. Bc4 { [%eval 0.05] [%clk 0:09:58] } 2... Nf6 { [%eval 0.1] [%clk 0:09:57] }
3. d4 { [%eval -0.24] [%clk 0:09:56] } 3... exd4
{ [%eval -0.18] [%clk 0:09:54] } 4. e5 { [%eval -0.71] [%clk 0:09:53] } 4...
Ng8 $2 { [%eval 0.44] [%clk 0:09:51] } 5. Qf3 $6
{ [%eval -0.39] [%clk 0:09:43] } 5... Qe7 { [%eval -0.5] [%clk 0:09:40] } 6.
Ne2 { [%eval -0.73] [%clk 0:09:41] } 6... Nc6 { [%eval -0.82] [%clk 0:09:29] }
7. Bf4 { [%eval -0.62] [%clk 0:09:31] } 7... Nh6
{ [%eval -0.71] [%clk 0:09:01] } 8. O-O { [%eval -0.86] [%clk 0:09:23] } 8...
Nxe5 { [%eval -0.68] [%clk 0:08:45] } 9. Bxe5 $6
{ [%eval -1.34] [%clk 0:09:15] } 9... Qxe5 { [%eval -1.36] [%clk 0:08:42] } 10.
Re1 { [%eval -1.81] [%clk 0:09:13] } 10... Be7 { [%eval -1.32] [%clk 0:08:24] }
11. Nd2 { [%eval -1.27] [%clk 0:09:07] } 11... O-O
{ [%eval -1.18] [%clk 0:08:18] } 12. Ne4 $2 { [%eval -3.19] [%clk 0:09:01] }
12... d5 { [%eval -3.31] [%clk 0:07:53] } 13. Nf4 $2
{ [%eval -5.42] [%clk 0:08:11] } 13... dxc4 { [%eval -5.14] [%clk 0:07:28] }
14. Ng3 { [%eval -5.9] [%clk 0:08:05] } 14... Qd6
{ [%eval -5.74] [%clk 0:07:17] } 15. Nfh5 { [%eval -5.84] [%clk 0:08:01] }
15... c6 { [%eval -5.47] [%clk 0:06:46] } 16. h3
{ [%eval -5.45] [%clk 0:07:45] } 16... Re8 { [%eval -5.39] [%clk 0:06:28] } 17.
Ne4 { [%eval -5.37] [%clk 0:07:32] } 17... Qc7 $4
{ [%eval -0.72] [%clk 0:06:15] } 18. Nef6+ { [%eval -0.68] [%clk 0:07:15] }
18... gxf6 $4 { [%eval 4.69] [%clk 0:05:41] } 19. Nxf6+ $4
{ [%eval -4.22] [%clk 0:07:13] } 19... Kf8 { [%eval -4.14] [%clk 0:05:34] } 20.
Nxe8 { [%eval -4.17] [%clk 0:07:06] } 20... Kxe8
{ [%eval -4.24] [%clk 0:05:27] } 21. Re4 $2 { [%eval -5.35] [%clk 0:07:03] }
21... c5 $2 { [%eval -3.67] [%clk 0:05:02] } 22. Rae1 $2
{ [%eval -4.84] [%clk 0:07:01] } 22... Be6 { [%eval -3.87] [%clk 0:04:55] } 23.
Qh5 { [%eval -3.93] [%clk 0:06:51] } 23... Bf8 $4
{ [%eval 6.25] [%clk 0:04:31] } 24. Rxe6+ { [%eval 5.58] [%clk 0:06:46] } 24...
Kd7 $4 { [%eval #6] [%clk 0:04:05] } 25. Qd5+ { [%eval #5] [%clk 0:06:36] }
25... Bd6 { [%eval #5] [%clk 0:03:55] } 26. Re7+ { [%eval #4] [%clk 0:06:27] }
1-0"
Rated Rapid game,https://lichess.org/SGTSO2ES,2024.08.01,-,adhammg,RoyalEnfield58,0-1,2024.08.01,08:46:46,1264,1265,,,C41,Philidor Defense,600+0,Normal,"1. e4 { [%eval 0.15] [%clk 0:10:00] } 1... e5 { [%eval 0.21] [%clk 0:10:00] }
2. Nf3 { [%eval 0.11] [%clk 0:09:59] } 2... d6 { [%eval 0.53] [%clk 0:09:51] }
3. Bc4 { [%eval 0.27] [%clk 0:09:55] } 3... Be6 { [%eval 0.47] [%clk 0:09:48] }
4. Bxe6 { [%eval 0.45] [%clk 0:09:48] } 4... fxe6
{ [%eval 0.38] [%clk 0:09:46] } 5. O-O { [%eval 0.46] [%clk 0:09:43] } 5... Nf6
{ [%eval 0.49] [%clk 0:09:43] } 6. Nc3 { [%eval 0.07] [%clk 0:09:40] } 6... d5
$2 { [%eval 1.65] [%clk 0:09:28] } 7. d3 $2 { [%eval 0.62] [%clk 0:09:33] }
7... dxe4 { [%eval 1.15] [%clk 0:09:26] } 8. dxe4 $6
{ [%eval 0.32] [%clk 0:09:32] } 8... Qxd1 { [%eval 0.36] [%clk 0:09:23] } 9.
Rxd1 { [%eval 0.43] [%clk 0:09:31] } 9... Bc5 $2
{ [%eval 1.56] [%clk 0:09:17] } 10. Nxe5 { [%eval 1.48] [%clk 0:09:29] } 10...
O-O { [%eval 1.39] [%clk 0:08:57] } 11. h3 $6 { [%eval 0.47] [%clk 0:08:57] }
11... Bxf2+ { [%eval 0.56] [%clk 0:08:35] } 12. Kxf2
{ [%eval 0.6] [%clk 0:08:54] } 12... Ng4+ { [%eval 0.59] [%clk 0:08:22] } 13.
Kg1 { [%eval 0.63] [%clk 0:08:35] } 13... Nxe5 { [%eval 0.66] [%clk 0:08:07] }
14. Bf4 $4 { [%eval -4.99] [%clk 0:08:32] } 14... Rxf4
{ [%eval -4.78] [%clk 0:07:51] } 15. Rd8+ { [%eval -5.31] [%clk 0:08:31] }
15... Rf8 { [%eval -5.14] [%clk 0:07:36] } 16. Rxf8+
{ [%eval -5.05] [%clk 0:08:26] } 16... Kxf8 { [%eval -5.17] [%clk 0:07:32] }
17. Rf1+ { [%eval -5.21] [%clk 0:08:25] } 17... Ke7
{ [%eval -5.35] [%clk 0:07:14] } 18. Nb5 { [%eval -5.31] [%clk 0:08:22] } 18...
Nbd7 { [%eval -5.33] [%clk 0:07:00] } 19. b3 { [%eval -5.28] [%clk 0:08:13] }
19... Rg8 { [%eval -5.57] [%clk 0:06:45] } 20. Nxc7
{ [%eval -5.97] [%clk 0:08:07] } 20... a6 { [%eval -6.19] [%clk 0:06:31] } 21.
Nd5+ { [%eval -6.1] [%clk 0:07:36] } 21... exd5
{ [%eval -6.12] [%clk 0:06:17] } 22. exd5 { [%eval -6.14] [%clk 0:07:35] }
22... b5 { [%eval -6.17] [%clk 0:05:59] } 23. Re1
{ [%eval -6.17] [%clk 0:07:33] } 23... Kd6 { [%eval -6.19] [%clk 0:05:42] } 24.
c4 { [%eval -6.4] [%clk 0:07:30] } 24... bxc4 { [%eval -6.33] [%clk 0:05:28] }
25. bxc4 { [%eval -6.28] [%clk 0:07:29] } 25... Rc8
{ [%eval -6.21] [%clk 0:05:12] } 26. Kf2 { [%eval -8.16] [%clk 0:06:49] } 26...
Nd3+ { [%eval -8.07] [%clk 0:04:56] } 27. Ke2 { [%eval -7.92] [%clk 0:06:45] }
27... Nxe1 { [%eval -7.84] [%clk 0:04:42] } 28. Kxe1
{ [%eval -7.65] [%clk 0:06:45] } 28... Rxc4 { [%eval -7.94] [%clk 0:04:28] }
29. g4 $2 { [%eval -36.17] [%clk 0:06:35] } 29... Kxd5
{ [%eval -35.64] [%clk 0:04:19] } 30. Ke2 { [%eval -36.28] [%clk 0:06:34] }
30... Rc2+ { [%eval -35.87] [%clk 0:03:59] } 31. Ke3
{ [%eval -36.21] [%clk 0:06:31] } 31... Rxa2 { [%eval -35.87] [%clk 0:03:58] }
32. Kf4 $6 { [%eval #-5] [%clk 0:06:27] } 32... Ra3
{ [%eval #-4] [%clk 0:03:42] } 33. h4 { [%eval #-4] [%clk 0:06:25] } 33... h6
{ [%eval #-3] [%clk 0:03:31] } 34. g5 { [%eval #-3] [%clk 0:06:21] } 34... Ne5
{ [%eval #-2] [%clk 0:03:19] } 35. Kf5 { [%eval #-1] [%clk 0:06:19] } 35...
Rf3# { [%clk 0:03:08] } 0-1"
Rated Rapid game,https://lichess.org/PYkSux0H,2024.08.01,-,mark7531,Happyrocker,1-0,2024.08.01,08:46:46,1089,1061,,,D20,"Queen's Gambit Accepted: Central Variation, Modern Defense",600+0,Normal,"1. d4 { [%clk 0:10:00] } 1... d5 { [%clk 0:10:00] } 2. c4 { [%clk 0:09:59] }
2... dxc4 { [%clk 0:09:58] } 3. e4 { [%clk 0:09:58] } 3... Nc6
{ [%clk 0:09:55] } 4. d5 { [%clk 0:09:56] } 4... Na5 { [%clk 0:09:52] } 5. Qa4+
{ [%clk 0:09:51] } 5... Bd7 { [%clk 0:09:45] } 6. Qxa5 { [%clk 0:09:50] } 6...
b6 { [%clk 0:09:43] } 7. Qd2 { [%clk 0:09:45] } 7... Nf6 { [%clk 0:09:37] } 8.
f3 { [%clk 0:09:31] } 8... e5 { [%clk 0:09:34] } 9. Bxc4 { [%clk 0:09:28] }
9... a5 { [%clk 0:09:28] } 10. Nc3 { [%clk 0:09:27] } 10... Bb4
{ [%clk 0:09:27] } 11. a3 { [%clk 0:09:22] } 11... Bxc3 { [%clk 0:09:25] } 12.
Qxc3 { [%clk 0:09:21] } 12... b5 { [%clk 0:09:17] } 13. Qxe5+
{ [%clk 0:09:12] } 13... Qe7 { [%clk 0:09:12] } 14. Qxe7+ { [%clk 0:09:11] }
14... Kxe7 { [%clk 0:09:10] } 15. Bd3 { [%clk 0:09:04] } 15... b4
{ [%clk 0:09:01] } 16. axb4 { [%clk 0:09:01] } 16... a4 { [%clk 0:08:55] } 17.
Ne2 { [%clk 0:08:56] } 17... c6 { [%clk 0:08:51] } 18. dxc6 { [%clk 0:08:52] }
18... Bxc6 { [%clk 0:08:49] } 19. Bg5 { [%clk 0:08:47] } 19... Rhd8
{ [%clk 0:08:45] } 20. Bxf6+ { [%clk 0:08:40] } 20... gxf6 { [%clk 0:08:44] }
21. O-O-O { [%clk 0:08:32] } 21... a3 { [%clk 0:08:37] } 22. bxa3
{ [%clk 0:08:24] } 22... Rxa3 { [%clk 0:08:35] } 23. Kb2 { [%clk 0:08:10] }
23... Ra4 { [%clk 0:08:22] } 24. Kb3 { [%clk 0:08:04] } 24... Rb8
{ [%clk 0:08:16] } 25. Kc4 { [%clk 0:07:45] } 25... Rbxb4+ { [%clk 0:08:10] }
26. Kc3 { [%clk 0:07:17] } 26... Rb6 { [%clk 0:07:57] } 27. Nd4
{ [%clk 0:07:09] } 27... Bd7 { [%clk 0:07:47] } 28. Rb1 { [%clk 0:07:01] }
28... Ra3+ { [%clk 0:07:44] } 29. Kc2 { [%clk 0:06:59] } 29... Rd6
{ [%clk 0:07:40] } 30. Nb5 { [%clk 0:06:48] } 30... Bxb5 { [%clk 0:07:34] } 31.
Bxb5 { [%clk 0:06:47] } 31... Ra2+ { [%clk 0:07:23] } 32. Rb2
{ [%clk 0:06:44] } 32... Ra3 { [%clk 0:07:17] } 33. Rd1 { [%clk 0:06:37] }
33... Rb6 { [%clk 0:07:12] } 34. Bd3 { [%clk 0:06:22] } 34... Rc6+
{ [%clk 0:07:07] } 35. Kb1 { [%clk 0:06:17] } 35... h5 { [%clk 0:06:53] } 36.
Rb7+ { [%clk 0:06:13] } 36... Kf8 { [%clk 0:06:48] } 37. Rb8+
{ [%clk 0:06:07] } 37... Kg7 { [%clk 0:06:46] } 38. Rc1 { [%clk 0:06:00] }
38... Rd6 { [%clk 0:06:39] } 39. Bb5 { [%clk 0:05:47] } 39... Rd2
{ [%clk 0:06:29] } 40. Be8 { [%clk 0:05:20] } 40... Raa2 { [%clk 0:06:21] } 41.
h3 { [%clk 0:05:02] } 41... Rxg2 { [%clk 0:06:18] } 42. Rb7 { [%clk 0:04:47] }
42... Kg6 { [%clk 0:06:05] } 43. Bxf7+ { [%clk 0:04:45] } 43... Kh6
{ [%clk 0:06:00] } 44. Bxa2 { [%clk 0:04:44] } 44... Rg3 { [%clk 0:05:52] } 45.
Bf7 { [%clk 0:04:31] } 45... Rxh3 { [%clk 0:05:47] } 46. Rc5 { [%clk 0:04:26] }
46... Kg7 { [%clk 0:05:37] } 47. Bxh5+ { [%clk 0:04:21] } 47... Kh6
{ [%clk 0:05:27] } 48. Bg4 { [%clk 0:04:15] } 48... Rh1+ { [%clk 0:05:24] } 49.
Kc2 { [%clk 0:04:13] } 49... Rg1 { [%clk 0:05:12] } 50. Rh5+ { [%clk 0:04:10] }
50... Kg6 { [%clk 0:05:07] } 51. Rb8 { [%clk 0:04:05] } 51... f5
{ [%clk 0:04:58] } 52. Rg8+ { [%clk 0:04:03] } 52... Kf6 { [%clk 0:04:56] } 53.
exf5 { [%clk 0:03:54] } 53... Ke5 { [%clk 0:04:47] } 54. Re8+
{ [%clk 0:03:48] } 54... Kf4 { [%clk 0:04:44] } 55. Re4+ { [%clk 0:03:43] }
55... Kg3 { [%clk 0:04:42] } 56. Rh3+ { [%clk 0:03:41] } 56... Kf2
{ [%clk 0:04:39] } 57. Kd2 { [%clk 0:03:26] } 57... Kg2 { [%clk 0:04:25] } 58.
Re2+ { [%clk 0:03:24] } 58... Kf1 { [%clk 0:04:10] } 59. Rhh2
{ [%clk 0:03:14] } 59... Rg3 { [%clk 0:03:56] } 60. Re1# { [%clk 0:03:12] } 1-0"
Rated Rapid game,https://lichess.org/Sk2cApAv,2024.08.01,-,Tckt9Z,Ol_chess,0-1,2024.08.01,08:46:46,2211,2289,,,A45,Indian Defense,600+0,Normal,"1. d4 { [%clk 0:10:00] } 1... Nf6 { [%clk 0:10:00] } 2. Bf4 { [%clk 0:09:59] }
2... d5 { [%clk 0:09:58] } 3. e3 { [%clk 0:09:57] } 3... e6 { [%clk 0:09:57] }
4. c4 { [%clk 0:09:56] } 4... Bb4+ { [%clk 0:09:49] } 5. Nd2 { [%clk 0:09:54] }
5... Ne4 { [%clk 0:09:45] } 6. Nf3 { [%clk 0:09:53] } 6... c6
{ [%clk 0:09:39] } 7. a3 { [%clk 0:09:52] } 7... Bxd2+ { [%clk 0:09:33] } 8.
Nxd2 { [%clk 0:09:50] } 8... Nxd2 { [%clk 0:09:24] } 9. Qxd2 { [%clk 0:09:49] }
9... O-O { [%clk 0:09:22] } 10. Bd3 { [%clk 0:09:47] } 10... a6
{ [%clk 0:09:16] } 11. b4 { [%clk 0:09:44] } 11... f6 { [%clk 0:09:08] } 12.
cxd5 { [%clk 0:09:38] } 12... cxd5 { [%clk 0:09:05] } 13. O-O
{ [%clk 0:09:35] } 13... Nc6 { [%clk 0:09:03] } 14. Rac1 { [%clk 0:09:30] }
14... e5 { [%clk 0:09:02] } 15. dxe5 { [%clk 0:09:29] } 15... fxe5
{ [%clk 0:09:02] } 16. Bg3 { [%clk 0:09:19] } 16... Qf6 { [%clk 0:08:51] } 17.
Bb1 { [%clk 0:09:04] } 17... Ne7 { [%clk 0:08:39] } 18. Ba2 { [%clk 0:08:52] }
18... Be6 { [%clk 0:08:30] } 19. Rc7 { [%clk 0:08:49] } 19... b5
{ [%clk 0:08:21] } 20. Rfc1 { [%clk 0:08:48] } 20... Rad8 { [%clk 0:08:12] }
21. h3 { [%clk 0:08:24] } 21... d4 { [%clk 0:07:58] } 22. exd4
{ [%clk 0:08:19] } 22... Rxd4 { [%clk 0:07:48] } 23. Bxe6+ { [%clk 0:08:03] }
23... Qxe6 { [%clk 0:07:44] } 24. Qe2 { [%clk 0:08:00] } 24... e4
{ [%clk 0:07:24] } 25. Qa2 { [%clk 0:06:48] } 0-1"
Rated Rapid game,https://lichess.org/m08R4KhL,2024.08.01,-,Fi50eenkeyz,iauglov,0-1,2024.08.01,08:46:46,1223,1226,,,C48,Four Knights Game: Spanish Variation,600+0,Time forfeit,"1. e4 { [%clk 0:10:00] } 1... e5 { [%clk 0:10:00] } 2. Nf3 { [%clk 0:09:47] }
2... Nf6 { [%clk 0:09:58] } 3. Nc3 { [%clk 0:09:34] } 3... Nc6
{ [%clk 0:09:55] } 4. Bb5 { [%clk 0:09:20] } 4... d6 { [%clk 0:09:49] } 5.
Bxc6+ { [%clk 0:09:17] } 5... bxc6 { [%clk 0:09:47] } 6. O-O { [%clk 0:09:01] }
6... Ba6 { [%clk 0:09:43] } 7. Re1 { [%clk 0:08:58] } 7... Be7
{ [%clk 0:09:35] } 8. d4 { [%clk 0:08:56] } 8... exd4 { [%clk 0:09:32] } 9.
Nxd4 { [%clk 0:08:48] } 9... O-O { [%clk 0:09:28] } 10. Nxc6 { [%clk 0:08:39] }
10... Qd7 { [%clk 0:09:19] } 11. Nb4 { [%clk 0:08:26] } 11... Bb7
{ [%clk 0:09:10] } 12. Nbd5 { [%clk 0:08:04] } 12... Bxd5 { [%clk 0:09:07] }
13. Nxd5 { [%clk 0:08:04] } 13... Nxd5 { [%clk 0:08:56] } 14. exd5
{ [%clk 0:08:02] } 14... Rae8 { [%clk 0:08:51] } 15. c4 { [%clk 0:07:55] }
15... c6 { [%clk 0:08:49] } 16. a4 { [%clk 0:07:41] } 16... cxd5
{ [%clk 0:08:48] } 17. cxd5 { [%clk 0:07:40] } 17... Bf6 { [%clk 0:08:38] } 18.
Re3 { [%clk 0:07:23] } 18... Rxe3 { [%clk 0:08:35] } 19. Bxe3
{ [%clk 0:07:23] } 19... Bxb2 { [%clk 0:08:31] } 20. Rb1 { [%clk 0:07:14] }
20... Be5 { [%clk 0:08:21] } 21. a5 { [%clk 0:07:03] } 21... a6
{ [%clk 0:08:15] } 22. h3 { [%clk 0:06:44] } 22... h6 { [%clk 0:08:08] } 23.
Rb6 { [%clk 0:06:29] } 23... f5 { [%clk 0:08:05] } 24. f4 { [%clk 0:06:05] }
24... Bc3 { [%clk 0:07:53] } 25. Rxa6 { [%clk 0:06:03] } 25... Qb5
{ [%clk 0:07:45] } 26. Rxd6 { [%clk 0:05:42] } 26... Qxa5 { [%clk 0:07:36] }
27. Qd3 { [%clk 0:05:20] } 27... Qa1+ { [%clk 0:07:18] } 28. Kh2
{ [%clk 0:05:16] } 28... Bb4 { [%clk 0:07:11] } 29. Ra6 { [%clk 0:04:51] }
29... Qe1 { [%clk 0:06:44] } 30. d6 { [%clk 0:04:17] } 30... g5
{ [%clk 0:06:40] } 31. Qd5+ { [%clk 0:03:55] } 31... Kh7 { [%clk 0:06:31] } 32.
Ra7+ { [%clk 0:03:37] } 32... Kg6 { [%clk 0:06:30] } 33. Qe6+
{ [%clk 0:02:28] } 33... Kh5 { [%clk 0:06:25] } 0-1"
Rated Rapid game,https://lichess.org/W1qEQm9y,2024.08.01,-,Upshbsw087,Einm,0-1,2024.08.01,08:46:46,1376,1430,,,B22,Sicilian Defense: Alapin Variation,600+0,Normal,"1. e4 { [%eval 0.15] [%clk 0:10:00] } 1... c5 { [%eval 0.25] [%clk 0:10:00] }
2. c3 { [%eval 0.07] [%clk 0:09:57] } 2... Nc6 { [%eval 0.15] [%clk 0:09:59] }
3. d4 { [%eval 0.1] [%clk 0:09:55] } 3... cxd4 { [%eval 0.42] [%clk 0:09:58] }
4. cxd4 { [%eval 0.24] [%clk 0:09:55] } 4... e6 { [%eval 0.54] [%clk 0:09:56] }
5. Nf3 { [%eval 0.45] [%clk 0:09:48] } 5... Nf6 { [%eval 0.51] [%clk 0:09:52] }
6. e5 { [%eval 0.2] [%clk 0:09:36] } 6... Nd5 { [%eval 0.25] [%clk 0:09:49] }
7. Bc4 { [%eval 0.2] [%clk 0:09:35] } 7... Qa5+ $6
{ [%eval 0.96] [%clk 0:09:45] } 8. Bd2 { [%eval 0.87] [%clk 0:09:27] } 8...
Ncb4 $6 { [%eval 1.82] [%clk 0:09:41] } 9. Bxd5 $2
{ [%eval 0.59] [%clk 0:09:14] } 9... Nd3+ { [%eval 0.41] [%clk 0:09:36] } 10.
Ke2 { [%eval 0.0] [%clk 0:09:02] } 10... Qxd5 $4
{ [%eval 3.94] [%clk 0:09:34] } 11. Kxd3 { [%eval 3.97] [%clk 0:08:59] } 11...
b6 { [%eval 3.79] [%clk 0:09:31] } 12. Nc3 { [%eval 3.85] [%clk 0:08:56] }
12... Ba6+ { [%eval 3.83] [%clk 0:09:28] } 13. Kc2
{ [%eval 3.48] [%clk 0:08:45] } 13... Qc4 $2 { [%eval 4.75] [%clk 0:09:25] }
14. Rc1 $4 { [%eval -4.82] [%clk 0:08:06] } 14... Qd3+
{ [%eval -4.82] [%clk 0:09:24] } 15. Kb3 { [%eval -4.72] [%clk 0:07:53] } 15...
Bc4+ { [%eval -4.64] [%clk 0:09:18] } 16. Ka4 { [%eval -4.58] [%clk 0:07:50] }
16... Ba6 $4 { [%eval 3.02] [%clk 0:09:06] } 17. Qb3
{ [%eval 3.61] [%clk 0:07:43] } 17... Rc8 $2 { [%eval 4.96] [%clk 0:08:52] }
18. a3 $4 { [%eval -5.1] [%clk 0:07:29] } 18... Rc4+
{ [%eval -4.93] [%clk 0:08:49] } 0-1"
Rated Rapid game,https://lichess.org/ygtprgAZ,2024.08.01,-,Summer0209,farisi44,1-0,2024.08.01,08:46:50,1874,1878,,,C41,Philidor Defense,600+0,Normal,"1. e4 { [%clk 0:10:00] } 1... e5 { [%clk 0:10:00] } 2. Nf3 { [%clk 0:09:59] }
2... d6 { [%clk 0:09:56] } 3. c4 { [%clk 0:09:56] } 3... Nf6 { [%clk 0:09:52] }
4. d3 { [%clk 0:09:53] } 4... Nc6 { [%clk 0:09:49] } 5. Nc3 { [%clk 0:09:51] }
5... Be7 { [%clk 0:09:42] } 6. Nd5 { [%clk 0:09:49] } 6... Nxd5
{ [%clk 0:09:41] } 7. cxd5 { [%clk 0:09:47] } 7... Nb8 { [%clk 0:09:33] } 8.
Be2 { [%clk 0:09:46] } 8... O-O { [%clk 0:09:31] } 9. O-O { [%clk 0:09:44] }
9... Nd7 { [%clk 0:09:18] } 10. Be3 { [%clk 0:09:43] } 10... Nb6
{ [%clk 0:09:12] } 11. d4 { [%clk 0:09:41] } 11... exd4 { [%clk 0:08:59] } 12.
Bxd4 { [%clk 0:09:39] } 12... Bg4 { [%clk 0:08:45] } 13. b3 { [%clk 0:09:29] }
13... Bxf3 { [%clk 0:08:27] } 14. Bxf3 { [%clk 0:09:28] } 14... Bf6
{ [%clk 0:08:25] } 15. Rc1 { [%clk 0:09:16] } 15... Nd7 { [%clk 0:08:20] } 16.
Rc4 { [%clk 0:09:08] } 16... Bxd4 { [%clk 0:08:17] } 17. Qxd4
{ [%clk 0:09:07] } 17... Ne5 { [%clk 0:08:15] } 18. Rc3 { [%clk 0:09:05] }
18... Qf6 { [%clk 0:07:40] } 19. Rd1 { [%clk 0:09:01] } 19... c5
{ [%clk 0:07:22] } 20. dxc6 { [%clk 0:08:58] } 20... bxc6 { [%clk 0:07:08] }
21. Qxd6 { [%clk 0:08:57] } 21... Qf4 { [%clk 0:06:08] } 22. Rcd3
{ [%clk 0:08:23] } 22... Nxf3+ { [%clk 0:05:58] } 23. Rxf3 { [%clk 0:08:20] }
23... Qxe4 { [%clk 0:05:55] } 24. Re3 { [%clk 0:08:13] } 24... Qh4
{ [%clk 0:05:43] } 25. Qxc6 { [%clk 0:08:09] } 25... Rad8 { [%clk 0:05:28] }
26. Rxd8 { [%clk 0:08:04] } 26... Rxd8 { [%clk 0:05:26] } 27. Re8+
{ [%clk 0:08:01] } 1-0"
Rated Rapid game,https://lichess.org/dM1KS7p7,2024.08.01,-,Sergey-Cergey,Osman2882,1-0,2024.08.01,08:46:50,1688,1666,,,B01,Scandinavian Defense,600+0,Normal,"1. e4 { [%clk 0:10:00] } 1... d5 { [%clk 0:10:00] } 2. exd5 { [%clk 0:09:58] }
2... Bf5 { [%clk 0:09:59] } 3. Nf3 { [%clk 0:09:48] } 3... c6
{ [%clk 0:09:58] } 4. dxc6 { [%clk 0:09:42] } 4... Nxc6 { [%clk 0:09:57] } 5.
c3 { [%clk 0:09:34] } 5... Nf6 { [%clk 0:09:50] } 6. d4 { [%clk 0:09:32] } 6...
e6 { [%clk 0:09:47] } 7. Bb5 { [%clk 0:09:27] } 7... Be7 { [%clk 0:09:42] } 8.
Ne5 { [%clk 0:09:17] } 8... O-O { [%clk 0:09:36] } 9. Nxc6 { [%clk 0:09:06] }
9... bxc6 { [%clk 0:09:34] } 10. Bxc6 { [%clk 0:09:06] } 10... Rc8
{ [%clk 0:09:33] } 11. Bf3 { [%clk 0:09:01] } 11... Ne4 { [%clk 0:09:25] } 12.
O-O { [%clk 0:08:55] } 12... Ng5 { [%clk 0:09:08] } 13. Bb7 { [%clk 0:08:43] }
13... Rc7 { [%clk 0:09:05] } 14. Ba6 { [%clk 0:08:42] } 14... Nh3+
{ [%clk 0:08:51] } 15. gxh3 { [%clk 0:08:33] } 15... Bxh3 { [%clk 0:08:49] }
16. Re1 { [%clk 0:08:28] } 16... Bh4 { [%clk 0:08:47] } 17. Qf3
{ [%clk 0:08:24] } 17... Bf5 { [%clk 0:08:30] } 18. Bd3 { [%clk 0:08:13] }
18... Bg6 { [%clk 0:08:23] } 19. Bf4 { [%clk 0:08:06] } 19... f5
{ [%clk 0:07:58] } 20. Bxc7 { [%clk 0:07:57] } 20... Qxc7 { [%clk 0:07:56] }
21. Rxe6 { [%clk 0:07:40] } 21... Qc8 { [%clk 0:07:20] } 22. Re1
{ [%clk 0:07:15] } 22... Qd8 { [%clk 0:07:11] } 23. Kh1 { [%clk 0:06:47] }
23... Bf7 { [%clk 0:07:02] } 24. Qh3 { [%clk 0:06:27] } 24... Bxf2
{ [%clk 0:06:52] } 25. Rg1 { [%clk 0:06:00] } 25... Bd5+ { [%clk 0:06:49] } 26.
Rg2 { [%clk 0:05:58] } 26... Qg5 { [%clk 0:06:26] } 27. Na3 { [%clk 0:05:45] }
27... Rb8 { [%clk 0:04:55] } 28. Bc4 { [%clk 0:05:41] } 28... Qd8
{ [%clk 0:04:24] } 29. Qf3 { [%clk 0:05:29] } 29... Rxb2 { [%clk 0:04:03] } 30.
Qxd5+ { [%clk 0:05:27] } 30... Qxd5 { [%clk 0:04:01] } 31. Bxd5+
{ [%clk 0:05:26] } 31... Kh8 { [%clk 0:03:58] } 32. Rf1 { [%clk 0:05:17] } 1-0"
Rated Rapid game,https://lichess.org/vh5NNl1O,2024.08.01,-,Finlo_A,SamsonSerg73,0-1,2024.08.01,08:46:50,2378,2235,,,C54,"Italian Game: Classical Variation, Greco Gambit",600+0,Normal,"1. e4 { [%eval 0.15] [%clk 0:10:00] } 1... e5 { [%eval 0.21] [%clk 0:10:00] }
2. Nf3 { [%eval 0.11] [%clk 0:09:59] } 2... Nc6 { [%eval 0.19] [%clk 0:09:59] }
3. d4 { [%eval 0.09] [%clk 0:09:57] } 3... exd4 { [%eval 0.13] [%clk 0:09:57] }
4. Bc4 { [%eval -0.02] [%clk 0:09:56] } 4... Bc5
{ [%eval 0.12] [%clk 0:09:55] } 5. c3 { [%eval 0.0] [%clk 0:09:55] } 5... Nf6
{ [%eval 0.0] [%clk 0:09:48] } 6. e5 { [%eval 0.0] [%clk 0:09:53] } 6... d5
{ [%eval 0.14] [%clk 0:09:46] } 7. Bb5 { [%eval 0.0] [%clk 0:09:53] } 7... Ne4
{ [%eval 0.0] [%clk 0:09:44] } 8. cxd4 { [%eval 0.07] [%clk 0:09:52] } 8... Be7
{ [%eval 0.42] [%clk 0:09:43] } 9. O-O { [%eval 0.34] [%clk 0:09:32] } 9... O-O
{ [%eval 0.48] [%clk 0:09:39] } 10. Nc3 { [%eval 0.43] [%clk 0:09:24] } 10...
Bf5 { [%eval 0.51] [%clk 0:09:00] } 11. Re1 $6 { [%eval -0.08] [%clk 0:08:49] }
11... a6 $6 { [%eval 0.6] [%clk 0:08:47] } 12. Bxc6 $6
{ [%eval -0.03] [%clk 0:08:45] } 12... bxc6 { [%eval 0.01] [%clk 0:08:46] } 13.
Be3 { [%eval -0.24] [%clk 0:08:41] } 13... Rb8 { [%eval -0.09] [%clk 0:08:15] }
14. Qe2 { [%eval -0.31] [%clk 0:08:33] } 14... a5
{ [%eval -0.3] [%clk 0:07:43] } 15. Rac1 $6 { [%eval -1.02] [%clk 0:08:14] }
15... c5 $2 { [%eval 1.44] [%clk 0:06:45] } 16. Red1 $2
{ [%eval -1.43] [%clk 0:07:33] } 16... c4 { [%eval -1.5] [%clk 0:06:34] } 17.
Na4 { [%eval -2.1] [%clk 0:06:18] } 17... Rb4 $2
{ [%eval -1.03] [%clk 0:05:17] } 18. Nc5 { [%eval -1.04] [%clk 0:06:02] } 18...
c6 { [%eval -1.07] [%clk 0:04:53] } 19. a3 { [%eval -1.6] [%clk 0:05:39] }
19... Rb5 { [%eval -1.36] [%clk 0:04:47] } 20. Nxe4 $6
{ [%eval -2.05] [%clk 0:05:28] } 20... Bxe4 { [%eval -2.07] [%clk 0:04:43] }
21. Rc3 { [%eval -2.08] [%clk 0:05:05] } 21... Qb8
{ [%eval -1.69] [%clk 0:03:58] } 22. Bc1 { [%eval -1.6] [%clk 0:04:52] } 22...
a4 { [%eval -1.64] [%clk 0:03:37] } 23. Nd2 { [%eval -1.83] [%clk 0:04:29] }
23... Bd3 { [%eval -1.69] [%clk 0:03:26] } 24. Qg4 $2
{ [%eval -2.98] [%clk 0:04:17] } 24... Qc8 { [%eval -2.35] [%clk 0:03:05] } 25.
Qg3 { [%eval -2.33] [%clk 0:04:08] } 25... Qf5 { [%eval -2.35] [%clk 0:02:52] }
26. Nf1 { [%eval -2.66] [%clk 0:03:44] } 26... Bd8
{ [%eval -2.42] [%clk 0:02:37] } 27. Ne3 { [%eval -2.63] [%clk 0:03:25] } 27...
Qg6 { [%eval -2.48] [%clk 0:02:32] } 28. Qxg6 { [%eval -2.6] [%clk 0:02:46] }
28... hxg6 { [%eval -2.73] [%clk 0:02:20] } 29. Rdxd3
{ [%eval -2.67] [%clk 0:02:38] } 29... cxd3 { [%eval -2.45] [%clk 0:02:18] }
30. Rxd3 { [%eval -2.39] [%clk 0:02:37] } 30... Bb6
{ [%eval -2.33] [%clk 0:02:04] } 31. Rc3 $2 { [%eval -4.0] [%clk 0:02:25] }
31... Bxd4 { [%eval -4.04] [%clk 0:01:55] } 32. Rxc6
{ [%eval -3.92] [%clk 0:02:23] } 32... Bxe5 { [%eval -3.83] [%clk 0:01:50] }
33. Nd1 { [%eval -4.51] [%clk 0:02:08] } 33... d4
{ [%eval -4.0] [%clk 0:01:36] } 34. Bd2 { [%eval -4.11] [%clk 0:02:03] } 34...
Rfb8 { [%eval -3.78] [%clk 0:01:13] } 35. Bb4 { [%eval -4.14] [%clk 0:01:59] }
35... Rd8 { [%eval -3.72] [%clk 0:01:07] } 36. Rc4
{ [%eval -4.3] [%clk 0:01:48] } 36... d3 $6 { [%eval -3.41] [%clk 0:01:05] }
37. Kf1 { [%eval -3.46] [%clk 0:01:44] } 37... Bf6
{ [%eval -3.43] [%clk 0:01:00] } 38. g3 { [%eval -3.94] [%clk 0:01:36] } 38...
Re5 { [%eval -4.0] [%clk 0:00:55] } 39. Bc3 { [%eval -4.19] [%clk 0:01:31] }
39... Re2 { [%eval -4.2] [%clk 0:00:53] } 40. Ne3 $2
{ [%eval -6.29] [%clk 0:01:25] } 40... Bxc3 { [%eval -6.12] [%clk 0:00:47] }
41. Rxc3 { [%eval -6.23] [%clk 0:01:22] } 41... Rxe3
{ [%eval -6.14] [%clk 0:00:44] } 42. fxe3 $4 { [%eval #-8] [%clk 0:01:20] }
42... d2 { [%eval #-7] [%clk 0:00:43] } 43. Kf2 { [%eval #-7] [%clk 0:01:11] }
43... d1=Q { [%eval #-6] [%clk 0:00:42] } 44. Kg2
{ [%eval #-2] [%clk 0:01:10] } 44... Rd2+ { [%eval #-1] [%clk 0:00:36] } 45.
Kh3 { [%eval #-1] [%clk 0:01:09] } 45... Qh5# { [%clk 0:00:35] } 0-1"
Rated Rapid game,https://lichess.org/SZ6VbyKV,2024.08.01,-,CBA-HaNgocTu2013,vau-ka,0-1,2024.08.01,08:46:50,1609,1626,,,C44,Scotch Game: Scotch Gambit,600+0,Time forfeit,"1. e4 { [%clk 0:10:00] } 1... e5 { [%clk 0:10:00] } 2. Nf3 { [%clk 0:09:59] }
2... Nc6 { [%clk 0:09:59] } 3. d4 { [%clk 0:09:58] } 3... exd4
{ [%clk 0:09:57] } 4. Bc4 { [%clk 0:09:57] } 4... f6 { [%clk 0:09:38] } 0-1"
Rated Rapid game,https://lichess.org/E8OlK4gL,2024.08.01,-,rithusaarangccs,rainbow80,1-0,2024.08.01,08:46:50,664,777,,,C40,King's Pawn Game: Busch-Gass Gambit,600+0,Normal,"1. e4 { [%clk 0:10:00] } 1... e5 { [%clk 0:10:00] } 2. Nf3 { [%clk 0:09:54] }
2... Bc5 { [%clk 0:09:59] } 3. Bc4 { [%clk 0:09:48] } 3... d6
{ [%clk 0:09:58] } 4. Ng5 { [%clk 0:09:35] } 4... Qxg5 { [%clk 0:09:50] } 5. d4
{ [%clk 0:09:30] } 5... exd4 { [%clk 0:09:45] } 6. Bxg5 { [%clk 0:09:20] } 6...
c6 { [%clk 0:09:32] } 1-0"
Rated Rapid game,https://lichess.org/hzeHUrKR,2024.08.01,-,camille_maneuvrier2,bossdady20,1-0,2024.08.01,08:46:50,1211,1250,,,E51,"Nimzo-Indian Defense: Normal Variation, Ragozin Variation",600+0,Normal,"1. d4 { [%eval 0.16] [%clk 0:10:00] } 1... d5 { [%eval 0.23] [%clk 0:10:00] }
2. c4 { [%eval 0.19] [%clk 0:09:59] } 2... e6 { [%eval 0.24] [%clk 0:09:58] }
3. Nc3 { [%eval 0.21] [%clk 0:09:57] } 3... Nf6 { [%eval 0.23] [%clk 0:09:56] }
4. Nf3 { [%eval 0.08] [%clk 0:09:54] } 4... Bb4 { [%eval 0.12] [%clk 0:09:54] }
5. e3 { [%eval 0.03] [%clk 0:09:44] } 5... O-O { [%eval 0.02] [%clk 0:09:51] }
6. Be2 { [%eval 0.04] [%clk 0:09:39] } 6... Ne4 { [%eval 0.37] [%clk 0:09:46] }
7. Bd2 { [%eval 0.09] [%clk 0:09:30] } 7... Nxf2 $4
{ [%eval 3.98] [%clk 0:09:44] } 8. Kxf2 { [%eval 3.98] [%clk 0:09:23] } 8...
Nc6 { [%eval 4.15] [%clk 0:09:30] } 9. Ne5 $2 { [%eval 2.63] [%clk 0:09:03] }
9... Na5 $2 { [%eval 3.88] [%clk 0:09:16] } 10. cxd5
{ [%eval 3.84] [%clk 0:08:52] } 10... exd5 { [%eval 3.98] [%clk 0:09:14] } 11.
e4 $2 { [%eval 2.03] [%clk 0:08:43] } 11... Bxc3 $2
{ [%eval 3.78] [%clk 0:09:08] } 12. bxc3 $2 { [%eval 2.73] [%clk 0:08:43] }
12... dxe4 { [%eval 2.8] [%clk 0:09:06] } 13. Re1
{ [%eval 2.79] [%clk 0:08:36] } 13... Qh4+ $6 { [%eval 3.55] [%clk 0:09:04] }
14. g3 $4 { [%eval -3.98] [%clk 0:08:23] } 14... Qxh2+
{ [%eval -3.96] [%clk 0:09:02] } 15. Ke3 { [%eval -4.12] [%clk 0:08:14] } 15...
Qxg3+ { [%eval -4.12] [%clk 0:08:56] } 16. Kxe4 $4
{ [%eval #-7] [%clk 0:08:14] } 16... f5+ { [%eval #-6] [%clk 0:08:41] } 17. Kd5
{ [%eval #-6] [%clk 0:08:09] } 17... c6+ $4 { [%eval 0.01] [%clk 0:08:29] } 18.
Kd6 $4 { [%eval -4.06] [%clk 0:08:02] } 18... b6
{ [%eval -4.2] [%clk 0:08:00] } 19. Ke7 $4 { [%eval #-4] [%clk 0:07:33] } 19...
Nc4 $4 { [%eval 5.63] [%clk 0:07:38] } 20. Bxc4+
{ [%eval 3.24] [%clk 0:07:21] } 20... Kh8 { [%eval 2.66] [%clk 0:07:31] } 21.
Kxf8 $2 { [%eval 0.0] [%clk 0:07:16] } 21... Be6+
{ [%eval 0.0] [%clk 0:07:26] } 22. Ke7 { [%eval 0.0] [%clk 0:07:13] } 22...
Bxc4 $4 { [%eval 3.05] [%clk 0:07:25] } 23. Nxc4
{ [%eval 2.72] [%clk 0:06:59] } 23... Qg5+ $4 { [%eval 10.55] [%clk 0:07:14] }
24. Bxg5 { [%eval 10.6] [%clk 0:06:56] } 24... Re8+ $6
{ [%eval #5] [%clk 0:07:11] } 25. Kxe8 { [%eval #4] [%clk 0:06:52] } 25... b5
{ [%eval #3] [%clk 0:07:06] } 26. Nd6 { [%eval #4] [%clk 0:06:50] } 26... f4
{ [%eval #3] [%clk 0:07:04] } 27. Bxf4 { [%eval #4] [%clk 0:06:48] } 27... c5
{ [%eval #3] [%clk 0:07:02] } 28. Qh5 { [%eval #3] [%clk 0:06:48] } 28... g6
{ [%eval #2] [%clk 0:07:01] } 29. Nf7+ { [%eval #2] [%clk 0:06:43] } 29... Kg7
{ [%eval #2] [%clk 0:07:00] } 30. Qe5+ { [%eval #1] [%clk 0:06:43] } 30... Kg8
{ [%eval #1] [%clk 0:06:56] } 31. Qh8# { [%clk 0:06:42] } 1-0"
Rated Rapid game,https://lichess.org/qPTY0BXc,2024.08.01,-,Mizoudj25,Soham_Mitra,0-1,2024.08.01,08:46:50,1763,1812,,,C44,King's Pawn Game: Tayler Opening,600+0,Normal,"1. e4 { [%clk 0:10:00] } 1... e5 { [%clk 0:10:00] } 2. Nf3 { [%clk 0:09:59] }
2... Nc6 { [%clk 0:09:56] } 3. Be2 { [%clk 0:09:58] } 3... f5
{ [%clk 0:09:55] } 4. exf5 { [%clk 0:09:57] } 4... e4 { [%clk 0:09:54] } 5. Ng1
{ [%clk 0:09:52] } 5... d5 { [%clk 0:09:52] } 6. d3 { [%clk 0:09:51] } 6...
Bxf5 { [%clk 0:09:46] } 7. dxe4 { [%clk 0:09:50] } 7... dxe4 { [%clk 0:09:37] }
8. Bd2 { [%clk 0:09:49] } 8... Nf6 { [%clk 0:09:36] } 9. Bg4 { [%clk 0:09:45] }
9... Bxg4 { [%clk 0:09:33] } 10. f3 { [%clk 0:09:44] } 10... Bf5
{ [%clk 0:09:27] } 11. fxe4 { [%clk 0:09:43] } 11... Nxe4 { [%clk 0:09:26] }
12. Qe2 { [%clk 0:09:41] } 12... Qe7 { [%clk 0:09:18] } 13. Nf3
{ [%clk 0:09:34] } 13... Nxd2 { [%clk 0:09:15] } 14. Nfxd2 { [%clk 0:09:32] }
14... Qxe2+ { [%clk 0:09:13] } 15. Kxe2 { [%clk 0:09:29] } 15... Nd4+
{ [%clk 0:09:06] } 16. Ke3 { [%clk 0:09:27] } 16... Nxc2+ { [%clk 0:09:05] }
17. Kf4 { [%clk 0:09:24] } 17... Bg6 { [%clk 0:09:04] } 18. Nc3
{ [%clk 0:09:22] } 18... Nxa1 { [%clk 0:09:02] } 19. Rxa1 { [%clk 0:09:20] }
19... O-O-O { [%clk 0:09:00] } 20. Nc4 { [%clk 0:09:18] } 20... Bd6+
{ [%clk 0:08:57] } 21. Kg5 { [%clk 0:09:16] } 21... Rhf8 { [%clk 0:08:43] } 22.
Nxd6+ { [%clk 0:09:15] } 22... Rxd6 { [%clk 0:08:40] } 23. Rc1
{ [%clk 0:09:13] } 23... Rf5+ { [%clk 0:08:25] } 24. Kg4 { [%clk 0:09:12] }
24... Rc6 { [%clk 0:08:12] } 25. Ne2 { [%clk 0:09:09] } 25... Rxc1
{ [%clk 0:08:05] } 26. Nxc1 { [%clk 0:09:07] } 26... Rc5 { [%clk 0:08:03] } 27.
Nd3 { [%clk 0:09:06] } 27... Bxd3 { [%clk 0:08:01] } 0-1"
Rated Rapid game,https://lichess.org/etVe8W1m,2024.08.01,-,Navinprasath,MihaelP,0-1,2024.08.01,08:46:50,1951,1935,,,B70,Sicilian Defense: Dragon Variation,600+0,Normal,"1. e4 { [%clk 0:10:00] } 1... c5 { [%clk 0:10:00] } 2. Nf3 { [%clk 0:09:58] }
2... d6 { [%clk 0:09:56] } 3. d4 { [%clk 0:09:57] } 3... cxd4
{ [%clk 0:09:54] } 4. Nxd4 { [%clk 0:09:56] } 4... Nf6 { [%clk 0:09:54] } 5.
Nc3 { [%clk 0:09:54] } 5... g6 { [%clk 0:09:52] } 6. Bc4 { [%clk 0:09:41] }
6... Bg7 { [%clk 0:09:50] } 7. O-O { [%clk 0:09:34] } 7... O-O
{ [%clk 0:09:37] } 8. Be3 { [%clk 0:08:16] } 8... Nc6 { [%clk 0:09:23] } 9. Qd2
{ [%clk 0:07:54] } 9... Qb6 { [%clk 0:09:08] } 10. Rab1 { [%clk 0:07:35] }
10... Nxe4 { [%clk 0:08:59] } 11. Nxe4 { [%clk 0:07:25] } 11... Bxd4
{ [%clk 0:08:49] } 12. Bh6 { [%clk 0:07:15] } 12... Bf5 { [%clk 0:08:29] } 13.
Bd3 { [%clk 0:06:46] } 13... Nb4 { [%clk 0:08:14] } 0-1"
Rated Rapid game,https://lichess.org/j9egaZqO,2024.08.01,-,RushBsmoke,FireUniverse01,1/2-1/2,2024.08.01,08:46:50,2047,2029,,,B20,Sicilian Defense: Bowdler Attack,600+0,Normal,"1. e4 { [%clk 0:10:00] } 1... c5 { [%clk 0:10:00] } 2. Bc4 { [%clk 0:09:59] }
2... e6 { [%clk 0:10:00] } 3. Nf3 { [%clk 0:09:56] } 3... Nc6
{ [%clk 0:10:00] } 4. O-O { [%clk 0:09:55] } 4... d5 { [%clk 0:09:59] } 5. exd5
{ [%clk 0:09:54] } 5... exd5 { [%clk 0:09:59] } 6. Bb5 { [%clk 0:09:53] } 6...
Nf6 { [%clk 0:09:57] } 7. Re1+ { [%clk 0:09:52] } 7... Be7 { [%clk 0:09:56] }
8. Bxc6+ { [%clk 0:09:50] } 8... bxc6 { [%clk 0:09:55] } 9. c3
{ [%clk 0:09:46] } 9... Bg4 { [%clk 0:09:53] } 10. h3 { [%clk 0:09:44] } 10...
Bxf3 { [%clk 0:09:52] } 11. Qxf3 { [%clk 0:09:43] } 11... Qd7
{ [%clk 0:09:52] } 12. d4 { [%clk 0:09:39] } 12... O-O-O { [%clk 0:09:46] } 13.
Bf4 { [%clk 0:09:34] } 13... cxd4 { [%clk 0:09:27] } 14. cxd4
{ [%clk 0:09:33] } 14... Rhe8 { [%clk 0:08:57] } 15. Nd2 { [%clk 0:09:29] }
15... Bd6 { [%clk 0:08:43] } 16. Bg5 { [%clk 0:09:22] } 16... Re6
{ [%clk 0:08:23] } 17. Rxe6 { [%clk 0:09:19] } 17... Qxe6 { [%clk 0:08:23] }
18. Bxf6 { [%clk 0:09:15] } 18... Qxf6 { [%clk 0:08:03] } 19. Qxf6
{ [%clk 0:09:14] } 19... gxf6 { [%clk 0:07:32] } 20. Rc1 { [%clk 0:09:13] }
20... Kb7 { [%clk 0:07:14] } 21. f3 { [%clk 0:09:09] } 21... Bf4
{ [%clk 0:07:01] } 22. Rd1 { [%clk 0:09:07] } 22... Be3+ { [%clk 0:06:58] } 23.
Kf1 { [%clk 0:09:06] } 23... Bxd4 { [%clk 0:06:58] } 24. b3 { [%clk 0:09:02] }
24... Re8 { [%clk 0:06:52] } 25. Rc1 { [%clk 0:08:32] } 25... Re3
{ [%clk 0:06:29] } 26. Rc2 { [%clk 0:08:29] } 26... Rc3 { [%clk 0:06:26] } 27.
Rxc3 { [%clk 0:08:22] } 27... Bxc3 { [%clk 0:06:26] } 28. Nb1
{ [%clk 0:08:22] } 28... Bb4 { [%clk 0:05:23] } 29. Ke2 { [%clk 0:08:19] }
29... Kb6 { [%clk 0:05:18] } 30. a3 { [%clk 0:08:18] } 30... Bd6
{ [%clk 0:05:14] } 31. Nc3 { [%clk 0:08:10] } 31... Be5 { [%clk 0:05:11] } 32.
Nd1 { [%clk 0:08:09] } 32... a5 { [%clk 0:05:06] } 33. Kd3 { [%clk 0:08:07] }
33... c5 { [%clk 0:05:04] } 34. a4 { [%clk 0:07:54] } 34... Kc6
{ [%clk 0:04:47] } 35. Ne3 { [%clk 0:07:45] } 35... Kd6 { [%clk 0:04:36] } 36.
Nf5+ { [%clk 0:07:40] } 36... Ke6 { [%clk 0:04:20] } 37. g4 { [%clk 0:07:38] }
37... Bf4 { [%clk 0:03:56] } 38. Ng7+ { [%clk 0:07:19] } 38... Ke5
{ [%clk 0:03:48] } 39. Ne8 { [%clk 0:06:36] } 39... f5 { [%clk 0:03:41] } 40.
Nc7 { [%clk 0:05:49] } 40... fxg4 { [%clk 0:03:25] } 41. hxg4
{ [%clk 0:05:46] } 41... f5 { [%clk 0:03:09] } 42. gxf5 { [%clk 0:05:43] }
42... Kxf5 { [%clk 0:03:07] } 43. Nxd5 { [%clk 0:05:42] } 43... h5
{ [%clk 0:03:05] } 44. Ke2 { [%clk 0:05:07] } 44... h4 { [%clk 0:02:56] } 45.
Kf2 { [%clk 0:04:59] } 45... h3 { [%clk 0:02:42] } 46. Ne7+ { [%clk 0:04:24] }
46... Ke6 { [%clk 0:02:28] } 47. Nc6 { [%clk 0:04:21] } 47... Kd5
{ [%clk 0:02:24] } 48. Nxa5 { [%clk 0:04:20] } 48... Kd4 { [%clk 0:02:10] } 49.
Nb7 { [%clk 0:04:03] } 49... Kc3 { [%clk 0:02:01] } 50. a5 { [%clk 0:03:15] }
50... Kxb3 { [%clk 0:01:35] } 51. a6 { [%clk 0:03:12] } 51... Be3+
{ [%clk 0:01:15] } 52. Kg3 { [%clk 0:02:24] } 52... c4 { [%clk 0:00:56] } 53.
Na5+ { [%clk 0:02:09] } 53... Kb4 { [%clk 0:00:46] } 54. Nxc4
{ [%clk 0:01:49] } 54... Kxc4 { [%clk 0:00:46] } 55. Kxh3 { [%clk 0:01:47] }
55... Kb5 { [%clk 0:00:45] } 56. Kg4 { [%clk 0:01:43] } 56... Kxa6
{ [%clk 0:00:44] } 57. Kf5 { [%clk 0:01:39] } 57... Bc5 { [%clk 0:00:44] } 58.
Ke4 { [%clk 0:01:38] } 58... Ba3 { [%clk 0:00:43] } 59. Ke5 { [%clk 0:01:36] }
59... Kb6 { [%clk 0:00:43] } 60. f4 { [%clk 0:01:35] } 60... Kc6
{ [%clk 0:00:43] } 61. Ke6 { [%clk 0:01:35] } 61... Kc7 { [%clk 0:00:43] } 62.
f5 { [%clk 0:01:34] } 62... Kd8 { [%clk 0:00:43] } 63. Kf7 { [%clk 0:01:33] }
63... Kd7 { [%clk 0:00:43] } 64. Kf6 { [%clk 0:01:27] } 64... Ke8
{ [%clk 0:00:43] } 65. Kg7 { [%clk 0:01:26] } 65... Bb2+ { [%clk 0:00:40] } 66.
Kg8 { [%clk 0:01:21] } 66... Ke7 { [%clk 0:00:40] } 67. Kh7 { [%clk 0:01:19] }
67... Kf6 { [%clk 0:00:40] } 68. Kh6 { [%clk 0:01:17] } 68... Bc1+
{ [%clk 0:00:40] } 69. Kh5 { [%clk 0:01:16] } 69... Bg5 { [%clk 0:00:40] } 70.
Kg4 { [%clk 0:01:15] } 70... Bh6 { [%clk 0:00:39] } 71. Kh5 { [%clk 0:01:14] }
71... Bf8 { [%clk 0:00:39] } 72. Kg4 { [%clk 0:01:13] } 72... Bd6
{ [%clk 0:00:39] } 73. Kh5 { [%clk 0:01:12] } 73... Ke5 { [%clk 0:00:39] } 74.
Kg6 { [%clk 0:01:11] } 74... Be7 { [%clk 0:00:39] } 75. Kf7 { [%clk 0:01:09] }
75... Bf6 { [%clk 0:00:39] } 76. Kg6 { [%clk 0:01:09] } 76... Bh8
{ [%clk 0:00:37] } 77. Kh7 { [%clk 0:01:07] } 77... Bf6 { [%clk 0:00:37] } 78.
Kg6 { [%clk 0:01:06] } 78... Bd8 { [%clk 0:00:37] } 79. Kh7 { [%clk 0:01:06] }
79... Kf6 { [%clk 0:00:36] } 80. Kg8 { [%clk 0:01:04] } 80... Bc7
{ [%clk 0:00:33] } 81. Kh7 { [%clk 0:01:04] } 81... Be5 { [%clk 0:00:33] } 82.
Kh6 { [%clk 0:01:03] } 82... Bf4+ { [%clk 0:00:33] } 83. Kh5 { [%clk 0:01:03] }
83... Bc1 { [%clk 0:00:31] } 84. Kg4 { [%clk 0:01:02] } 84... Bd2
{ [%clk 0:00:31] } 85. Kf3 { [%clk 0:01:01] } 85... Bg5 { [%clk 0:00:30] } 86.
Kg4 { [%clk 0:01:00] } 86... Bh6 { [%clk 0:00:30] } 87. Kf3 { [%clk 0:01:00] }
87... Bg7 { [%clk 0:00:30] } 88. Kg4 { [%clk 0:00:59] } 88... Bf8
{ [%clk 0:00:30] } 89. Kf3 { [%clk 0:00:59] } 89... Be7 { [%clk 0:00:30] } 90.
Kg4 { [%clk 0:00:58] } 90... Bd6 { [%clk 0:00:30] } 91. Kf3 { [%clk 0:00:58] }
91... Bc5 { [%clk 0:00:30] } 92. Ke4 { [%clk 0:00:57] } 92... Bb4
{ [%clk 0:00:30] } 93. Kf3 { [%clk 0:00:57] } 93... Ba3 { [%clk 0:00:29] } 94.
Kg4 { [%clk 0:00:56] } 94... Bb2 { [%clk 0:00:29] } 95. Kf3 { [%clk 0:00:56] }
95... Ba1 { [%clk 0:00:29] } 96. Ke4 { [%clk 0:00:55] } 96... Bb2
{ [%clk 0:00:29] } 97. Kf3 { [%clk 0:00:55] } 97... Bc1 { [%clk 0:00:29] } 98.
Kg4 { [%clk 0:00:54] } 98... Bb2 { [%clk 0:00:27] } 99. Kf3 { [%clk 0:00:53] }
1/2-1/2"
Rated Rapid game,https://lichess.org/fF1ZY74W,2024.08.01,-,MMMaks,josokarl,1-0,2024.08.01,08:46:50,782,786,,,B01,Scandinavian Defense: Gubinsky-Melts Defense,600+0,Normal,"1. e4 { [%clk 0:10:00] } 1... d5 { [%clk 0:10:00] } 2. exd5 { [%clk 0:09:55] }
2... Qxd5 { [%clk 0:09:56] } 3. Nc3 { [%clk 0:09:53] } 3... Qd6
{ [%clk 0:09:50] } 4. Bb5+ { [%clk 0:09:50] } 4... c6 { [%clk 0:09:46] } 5. Bc4
{ [%clk 0:09:46] } 5... Qc5 { [%clk 0:09:34] } 6. b3 { [%clk 0:09:42] } 6...
Be6 { [%clk 0:09:29] } 7. Bxe6 { [%clk 0:09:37] } 7... fxe6 { [%clk 0:09:17] }
8. Qh5+ { [%clk 0:09:33] } 8... Qxh5 { [%clk 0:09:10] } 9. Nf3
{ [%clk 0:09:26] } 9... Qg6 { [%clk 0:09:06] } 10. Ne5 { [%clk 0:09:22] } 10...
Qxc2 { [%clk 0:08:48] } 11. Ne2 { [%clk 0:08:40] } 11... Na6 { [%clk 0:08:10] }
12. Nd4 { [%clk 0:08:35] } 12... Qg6 { [%clk 0:07:58] } 13. Nxg6
{ [%clk 0:08:32] } 13... hxg6 { [%clk 0:07:57] } 14. Nxe6 { [%clk 0:08:28] }
14... Kd7 { [%clk 0:07:50] } 15. Nxf8+ { [%clk 0:08:25] } 15... Rxf8
{ [%clk 0:07:47] } 16. O-O { [%clk 0:08:23] } 16... Nf6 { [%clk 0:07:40] } 17.
d3 { [%clk 0:08:18] } 17... Rh6 { [%clk 0:07:35] } 18. Bxh6 { [%clk 0:08:15] }
18... gxh6 { [%clk 0:07:29] } 19. h3 { [%clk 0:07:55] } 19... h5
{ [%clk 0:07:26] } 20. h4 { [%clk 0:07:53] } 20... Kc8 { [%clk 0:07:20] } 21.
Rae1 { [%clk 0:07:46] } 21... Kb8 { [%clk 0:07:15] } 22. Rxe7
{ [%clk 0:07:42] } 22... Nd5 { [%clk 0:07:02] } 23. Ree1 { [%clk 0:07:37] }
23... Nf4 { [%clk 0:06:51] } 24. Re3 { [%clk 0:07:31] } 24... Nd5
{ [%clk 0:06:25] } 25. Ree1 { [%clk 0:07:15] } 25... Nc5 { [%clk 0:06:14] } 26.
d4 { [%clk 0:07:10] } 26... Nd3 { [%clk 0:06:08] } 27. Rd1 { [%clk 0:06:57] }
27... Nb2 { [%clk 0:05:46] } 28. Rd2 { [%clk 0:06:54] } 28... Nc4
{ [%clk 0:04:56] } 29. bxc4 { [%clk 0:06:52] } 29... Nc3 { [%clk 0:04:47] } 30.
d5 { [%clk 0:06:44] } 30... cxd5 { [%clk 0:04:45] } 31. cxd5 { [%clk 0:06:39] }
31... Ne4 { [%clk 0:04:35] } 32. Rd4 { [%clk 0:06:36] } 32... Nc5
{ [%clk 0:04:19] } 33. d6 { [%clk 0:06:28] } 33... Rd8 { [%clk 0:04:09] } 34.
Rc1 { [%clk 0:06:16] } 34... b6 { [%clk 0:04:00] } 35. a4 { [%clk 0:05:50] }
35... a6 { [%clk 0:03:51] } 36. Rb1 { [%clk 0:05:37] } 36... Kb7
{ [%clk 0:03:41] } 37. a5 { [%clk 0:05:34] } 37... Kc6 { [%clk 0:03:24] } 38.
Rxb6+ { [%clk 0:05:31] } 38... Kd7 { [%clk 0:03:09] } 39. Rc4
{ [%clk 0:05:13] } 39... Ke6 { [%clk 0:02:46] } 40. Rxc5 { [%clk 0:05:09] }
40... Ra8 { [%clk 0:02:19] } 41. Rb7 { [%clk 0:04:54] } 41... Kxd6
{ [%clk 0:02:08] } 42. Rcc7 { [%clk 0:04:36] } 42... Re8 { [%clk 0:01:36] } 43.
Rb6+ { [%clk 0:04:30] } 43... Kd5 { [%clk 0:01:31] } 44. Rxa6
{ [%clk 0:04:23] } 44... Re1+ { [%clk 0:01:26] } 45. Kh2 { [%clk 0:04:20] }
45... g5 { [%clk 0:01:17] } 46. hxg5 { [%clk 0:04:14] } 46... Re6
{ [%clk 0:01:10] } 47. Rcc6 { [%clk 0:04:06] } 47... Rxc6 { [%clk 0:01:02] }
48. Rxc6 { [%clk 0:04:01] } 48... Kxc6 { [%clk 0:01:00] } 49. g6
{ [%clk 0:03:58] } 49... Kd7 { [%clk 0:00:58] } 50. g7 { [%clk 0:03:56] } 50...
Ke8 { [%clk 0:00:56] } 51. g8=Q+ { [%clk 0:03:54] } 51... Ke7
{ [%clk 0:00:54] } 52. a6 { [%clk 0:03:50] } 1-0"
Rated Rapid game,https://lichess.org/cC8pQgx1,2024.08.01,-,live4g,kmdoraiswamy,1-0,2024.08.01,08:46:50,1398,1420,,,C25,Vienna Game: Max Lange Defense,600+0,Normal,"1. e4 { [%clk 0:10:00] } 1... e5 { [%clk 0:10:00] } 2. Nc3 { [%clk 0:09:58] }
2... Nc6 { [%clk 0:09:58] } 3. Bc4 { [%clk 0:09:57] } 3... f5
{ [%clk 0:09:56] } 4. f3 { [%clk 0:09:40] } 4... fxe4 { [%clk 0:09:48] } 5.
fxe4 { [%clk 0:09:38] } 5... Qh4+ { [%clk 0:09:44] } 6. g3 { [%clk 0:09:35] }
6... Qxe4+ { [%clk 0:09:42] } 7. Nxe4 { [%clk 0:09:33] } 1-0"
Rated Rapid game,https://lichess.org/PKJcTnDg,2024.08.01,-,Dou44,ifscastiel,1-0,2024.08.01,08:46:46,1051,1078,,,A00,Van Geet Opening: Napoleon Attack,600+0,Normal,"1. d4 { [%clk 0:10:00] } 1... Nc6 { [%clk 0:10:00] } 2. Nc3 { [%clk 0:09:49] }
2... e5 { [%clk 0:09:52] } 3. Nf3 { [%clk 0:09:40] } 3... f6 { [%clk 0:09:49] }
4. dxe5 { [%clk 0:09:28] } 4... fxe5 { [%clk 0:09:43] } 5. Nxe5
{ [%clk 0:09:25] } 5... Nxe5 { [%clk 0:09:41] } 6. f4 { [%clk 0:09:23] } 6...
Nc6 { [%clk 0:09:30] } 7. f5 { [%clk 0:09:21] } 7... Bb4 { [%clk 0:09:29] } 8.
h4 { [%clk 0:09:13] } 8... d6 { [%clk 0:09:17] } 9. Bg5 { [%clk 0:09:10] } 9...
Nge7 { [%clk 0:08:50] } 10. f6 { [%clk 0:09:05] } 10... h6 { [%clk 0:08:41] }
11. fxg7 { [%clk 0:09:01] } 11... Ng8 { [%clk 0:08:26] } 12. gxh8=Q
{ [%clk 0:08:58] } 1-0"
Rated Rapid game,https://lichess.org/j7jVWKrV,2024.08.01,-,MOSULIK,NyavoJr,0-1,2024.08.01,08:46:46,1721,1721,,,B10,Caro-Kann Defense,600+0,Time forfeit,"1. e4 { [%clk 0:10:00] } 1... c6 { [%clk 0:10:00] } 2. Nf3 { [%clk 0:09:59] }
2... d5 { [%clk 0:09:59] } 3. exd5 { [%clk 0:09:56] } 3... cxd5
{ [%clk 0:09:59] } 4. Bb5+ { [%clk 0:09:53] } 4... Bd7 { [%clk 0:09:38] } 5.
Bxd7+ { [%clk 0:09:51] } 5... Qxd7 { [%clk 0:09:38] } 6. d3 { [%clk 0:09:51] }
6... Nf6 { [%clk 0:09:35] } 7. Nc3 { [%clk 0:09:49] } 7... e6
{ [%clk 0:09:34] } 8. Ne5 { [%clk 0:09:37] } 8... Qc7 { [%clk 0:09:26] } 9. d4
{ [%clk 0:09:37] } 9... Bd6 { [%clk 0:09:22] } 10. Qe2 { [%clk 0:09:31] } 10...
Nc6 { [%clk 0:09:16] } 11. f4 { [%clk 0:09:24] } 11... Nxd4 { [%clk 0:09:13] }
12. Qd3 { [%clk 0:07:50] } 12... Bxe5 { [%clk 0:09:07] } 13. fxe5
{ [%clk 0:07:50] } 13... Qxe5+ { [%clk 0:09:06] } 14. Ne2 { [%clk 0:07:49] }
14... Nxe2 { [%clk 0:08:58] } 15. Qxe2 { [%clk 0:07:39] } 15... Qxe2+
{ [%clk 0:08:58] } 16. Kxe2 { [%clk 0:07:38] } 16... Rc8 { [%clk 0:08:57] } 17.
c3 { [%clk 0:07:30] } 17... O-O { [%clk 0:08:53] } 18. Rd1 { [%clk 0:07:18] }
18... Rc4 { [%clk 0:08:47] } 19. Be3 { [%clk 0:07:11] } 19... Re4
{ [%clk 0:08:44] } 20. Rd4 { [%clk 0:07:00] } 20... Rc8 { [%clk 0:08:35] } 21.
Rxe4 { [%clk 0:06:48] } 21... Nxe4 { [%clk 0:08:33] } 22. Bxa7
{ [%clk 0:06:45] } 22... Rc4 { [%clk 0:08:25] } 23. a4 { [%clk 0:06:14] } 23...
Nf6 { [%clk 0:08:15] } 24. a5 { [%clk 0:06:07] } 24... Re4+ { [%clk 0:08:11] }
25. Kd3 { [%clk 0:06:00] } 25... Ng4 { [%clk 0:08:03] } 26. b4
{ [%clk 0:05:30] } 26... Ne5+ { [%clk 0:07:49] } 27. Kd2 { [%clk 0:05:16] }
27... Nc4+ { [%clk 0:07:48] } 28. Kd3 { [%clk 0:05:11] } 28... Rg4
{ [%clk 0:07:30] } 29. g3 { [%clk 0:01:46] } 29... Ne5+ { [%clk 0:07:24] } 30.
Kc2 { [%clk 0:01:41] } 30... Re4 { [%clk 0:07:20] } 0-1"
Rated Rapid game,https://lichess.org/9N7qkaQg,2024.08.01,-,NiteshRana65,jasiuczerni2,0-1,2024.08.01,08:46:46,1980,1892,,,B20,Sicilian Defense: Bowdler Attack,600+0,Normal,"1. e4 { [%eval 0.15] [%clk 0:10:00] } 1... c5 { [%eval 0.25] [%clk 0:10:00] }
2. Bc4 { [%eval 0.0] [%clk 0:09:58] } 2... Nc6 { [%eval 0.05] [%clk 0:09:58] }
3. Nc3 { [%eval 0.0] [%clk 0:09:57] } 3... e6 { [%eval 0.0] [%clk 0:09:55] } 4.
Nf3 { [%eval 0.0] [%clk 0:09:53] } 4... Nf6 { [%eval 0.0] [%clk 0:09:50] } 5.
a3 $6 { [%eval -0.82] [%clk 0:09:51] } 5... g6 $2
{ [%eval 0.19] [%clk 0:09:48] } 6. O-O { [%eval 0.09] [%clk 0:09:47] } 6... Bg7
{ [%eval 0.16] [%clk 0:09:46] } 7. Rb1 { [%eval -0.31] [%clk 0:09:35] } 7...
O-O { [%eval -0.31] [%clk 0:09:44] } 8. b4 $6 { [%eval -0.91] [%clk 0:09:27] }
8... cxb4 $6 { [%eval -0.08] [%clk 0:09:30] } 9. axb4
{ [%eval -0.13] [%clk 0:09:26] } 9... d5 { [%eval -0.12] [%clk 0:09:27] } 10.
exd5 $6 { [%eval -0.7] [%clk 0:09:17] } 10... exd5
{ [%eval -0.66] [%clk 0:09:24] } 11. Ba2 { [%eval -0.94] [%clk 0:08:57] } 11...
Bg4 { [%eval -1.01] [%clk 0:09:03] } 12. h3 { [%eval -0.65] [%clk 0:08:55] }
12... Be6 $6 { [%eval 0.19] [%clk 0:08:53] } 13. b5
{ [%eval 0.2] [%clk 0:08:50] } 13... Na5 { [%eval 0.58] [%clk 0:08:34] } 14.
Ba3 { [%eval 0.2] [%clk 0:08:35] } 14... Re8 { [%eval 0.2] [%clk 0:08:26] } 15.
d3 { [%eval 0.06] [%clk 0:08:32] } 15... b6 { [%eval 0.43] [%clk 0:08:16] } 16.
Ne2 { [%eval 0.12] [%clk 0:08:19] } 16... Nb7 { [%eval 0.38] [%clk 0:08:04] }
17. Ned4 { [%eval -0.07] [%clk 0:08:15] } 17... Nc5
{ [%eval 0.43] [%clk 0:07:49] } 18. Ne5 $6 { [%eval -0.3] [%clk 0:07:52] }
18... Nh5 { [%eval 0.22] [%clk 0:07:23] } 19. Nec6
{ [%eval -0.01] [%clk 0:07:49] } 19... Qc7 $2 { [%eval 1.26] [%clk 0:07:07] }
20. Nxe6 $2 { [%eval 0.14] [%clk 0:07:34] } 20... fxe6
{ [%eval 0.12] [%clk 0:07:00] } 21. d4 { [%eval 0.09] [%clk 0:07:31] } 21...
Na4 $2 { [%eval 1.4] [%clk 0:06:51] } 22. Qd3 $2
{ [%eval -1.05] [%clk 0:07:16] } 22... a6 { [%eval -0.81] [%clk 0:06:03] } 23.
f3 $4 { [%eval -4.52] [%clk 0:07:02] } 23... axb5
{ [%eval -4.47] [%clk 0:05:50] } 24. Qxb5 { [%eval -4.59] [%clk 0:06:55] }
24... Nc3 { [%eval -4.59] [%clk 0:05:40] } 25. Qb3 $2
{ [%eval -6.34] [%clk 0:05:55] } 25... Nxb1 { [%eval -5.8] [%clk 0:05:33] } 26.
Ne7+ $4 { [%eval -9.09] [%clk 0:05:31] } 26... Rxe7
{ [%eval -8.88] [%clk 0:05:01] } 27. Bxe7 { [%eval -8.7] [%clk 0:05:29] } 27...
Qxe7 { [%eval -6.67] [%clk 0:04:57] } 28. Rxb1 { [%eval -9.05] [%clk 0:05:14] }
28... Bxd4+ { [%eval -8.93] [%clk 0:04:55] } 29. Kh1
{ [%eval -8.95] [%clk 0:05:13] } 29... Qd6 { [%eval -8.94] [%clk 0:04:27] } 30.
g4 { [%eval -8.36] [%clk 0:04:59] } 30... Ng3+ { [%eval -8.41] [%clk 0:04:21] }
31. Kg2 { [%eval -8.41] [%clk 0:04:57] } 31... Ne2
{ [%eval -8.3] [%clk 0:04:02] } 32. f4 { [%eval -8.33] [%clk 0:03:30] } 32...
Qxf4 { [%eval -8.33] [%clk 0:03:50] } 33. Qf3 { [%eval -8.41] [%clk 0:03:26] }
33... Qxf3+ { [%eval -8.27] [%clk 0:03:44] } 34. Kxf3
{ [%eval -8.21] [%clk 0:02:39] } 34... Nc3 { [%eval -7.58] [%clk 0:03:43] } 0-1"
Rated Rapid game,https://lichess.org/WKbX4S9B,2024.08.01,-,tjdisetlhe,wifitex,1-0,2024.08.01,08:46:46,1653,1676,,,B10,Caro-Kann Defense,600+0,Normal,"1. e4 { [%clk 0:10:00] } 1... c6 { [%clk 0:10:00] } 2. f4 { [%clk 0:09:54] }
2... d5 { [%clk 0:09:59] } 3. exd5 { [%clk 0:09:52] } 3... cxd5
{ [%clk 0:09:58] } 4. Nf3 { [%clk 0:09:50] } 4... Nf6 { [%clk 0:09:53] } 5. Be2
{ [%clk 0:09:43] } 5... Bg4 { [%clk 0:09:52] } 6. O-O { [%clk 0:09:41] } 6...
e6 { [%clk 0:09:51] } 7. Ne5 { [%clk 0:09:39] } 7... Bc5+ { [%clk 0:09:47] } 8.
d4 { [%clk 0:09:37] } 8... Bxe2 { [%clk 0:09:42] } 9. Qxe2 { [%clk 0:09:29] }
9... Bxd4+ { [%clk 0:09:40] } 10. Be3 { [%clk 0:09:25] } 10... Bxb2
{ [%clk 0:09:36] } 11. Nd2 { [%clk 0:09:21] } 11... Bxa1 { [%clk 0:09:34] } 12.
Rxa1 { [%clk 0:09:19] } 12... O-O { [%clk 0:09:33] } 13. Rb1 { [%clk 0:09:17] }
13... b6 { [%clk 0:09:30] } 14. Ndf3 { [%clk 0:09:12] } 14... Ne4
{ [%clk 0:09:25] } 15. Qd3 { [%clk 0:08:57] } 15... Qc8 { [%clk 0:09:16] } 16.
Ng5 { [%clk 0:08:51] } 16... Nxg5 { [%clk 0:09:08] } 17. fxg5
{ [%clk 0:08:47] } 17... Nd7 { [%clk 0:09:07] } 18. Ng4 { [%clk 0:08:39] }
18... Qb7 { [%clk 0:08:57] } 19. Bd4 { [%clk 0:08:36] } 19... Rfe8
{ [%clk 0:08:48] } 20. Qh3 { [%clk 0:08:33] } 20... e5 { [%clk 0:08:39] } 21.
Bb2 { [%clk 0:08:12] } 21... d4 { [%clk 0:08:27] } 22. Rf1 { [%clk 0:08:02] }
22... Qc6 { [%clk 0:08:11] } 23. Rf2 { [%clk 0:07:52] } 23... Qc5
{ [%clk 0:08:01] } 24. Nh6+ { [%clk 0:07:31] } 24... gxh6 { [%clk 0:07:40] }
25. gxh6 { [%clk 0:07:19] } 25... Qf8 { [%clk 0:07:16] } 26. Qxd7
{ [%clk 0:06:51] } 26... Qe7 { [%clk 0:07:13] } 27. Qg4+ { [%clk 0:06:43] }
27... Kh8 { [%clk 0:07:12] } 28. Qg7# { [%clk 0:06:41] } 1-0"
Rated Rapid game,https://lichess.org/Z8eKdfiu,2024.08.01,-,ufuktzn2019,MADMAC572,1/2-1/2,2024.08.01,08:46:46,1812,1859,,,B23,Sicilian Defense: Closed,600+0,Normal,"1. e4 { [%clk 0:10:00] } 1... c5 { [%clk 0:10:00] } 2. Nc3 { [%clk 0:09:56] }
2... a6 { [%clk 0:09:59] } 3. a3 { [%clk 0:09:49] } 3... Nc6 { [%clk 0:09:58] }
4. Bc4 { [%clk 0:09:46] } 4... b5 { [%clk 0:09:56] } 5. Bd5 { [%clk 0:09:45] }
5... Bb7 { [%clk 0:09:55] } 6. d3 { [%clk 0:09:41] } 6... e6 { [%clk 0:09:54] }
7. Bxc6 { [%clk 0:09:36] } 7... Bxc6 { [%clk 0:09:52] } 8. Bf4
{ [%clk 0:09:28] } 8... Nf6 { [%clk 0:09:48] } 9. Bg5 { [%clk 0:09:25] } 9...
Be7 { [%clk 0:09:46] } 10. f3 { [%clk 0:09:18] } 10... O-O { [%clk 0:09:43] }
11. Nge2 { [%clk 0:08:56] } 11... d5 { [%clk 0:09:41] } 12. exd5
{ [%clk 0:08:42] } 12... Nxd5 { [%clk 0:09:37] } 13. Bxe7 { [%clk 0:08:35] }
13... Qxe7 { [%clk 0:09:35] } 14. Nxd5 { [%clk 0:08:17] } 14... Bxd5
{ [%clk 0:08:12] } 15. O-O { [%clk 0:08:13] } 15... c4 { [%clk 0:08:11] } 16.
Re1 { [%clk 0:07:59] } 16... cxd3 { [%clk 0:08:10] } 17. Qxd3
{ [%clk 0:07:56] } 17... Bc4 { [%clk 0:08:03] } 18. Qc3 { [%clk 0:07:49] }
18... Bxe2 { [%clk 0:08:02] } 19. Rxe2 { [%clk 0:07:48] } 19... Rfc8
{ [%clk 0:08:00] } 20. Qe3 { [%clk 0:07:35] } 20... Qc5 { [%clk 0:07:55] } 21.
Rc1 { [%clk 0:07:22] } 21... Qxe3+ { [%clk 0:07:52] } 22. Rxe3
{ [%clk 0:07:21] } 22... Rc6 { [%clk 0:07:50] } 23. c3 { [%clk 0:07:17] } 23...
Rac8 { [%clk 0:07:49] } 24. b4 { [%clk 0:07:13] } 24... g6 { [%clk 0:07:46] }
25. Kf2 { [%clk 0:07:06] } 25... Rc4 { [%clk 0:07:45] } 26. Rd3
{ [%clk 0:07:02] } 26... Kg7 { [%clk 0:07:42] } 27. Ke2 { [%clk 0:06:58] }
27... Ra8 { [%clk 0:07:33] } 28. Rd4 { [%clk 0:06:44] } 28... Rac8
{ [%clk 0:07:28] } 29. Rd6 { [%clk 0:06:40] } 29... R8c6 { [%clk 0:07:21] } 30.
Rd3 { [%clk 0:06:33] } 30... h5 { [%clk 0:07:17] } 31. g3 { [%clk 0:06:29] }
31... Kf6 { [%clk 0:07:15] } 32. Kd2 { [%clk 0:06:25] } 32... Ke7
{ [%clk 0:07:11] } 33. Ra1 { [%clk 0:06:16] } 33... f5 { [%clk 0:07:06] } 34.
a4 { [%clk 0:06:14] } 34... bxa4 { [%clk 0:07:05] } 35. Rxa4 { [%clk 0:06:06] }
35... Kf6 { [%clk 0:07:04] } 36. Ra5 { [%clk 0:06:00] } 36... g5
{ [%clk 0:06:58] } 37. h3 { [%clk 0:05:35] } 37... g4 { [%clk 0:06:48] } 38.
fxg4 { [%clk 0:05:27] } 38... hxg4 { [%clk 0:06:46] } 39. h4 { [%clk 0:05:09] }
39... Kg6 { [%clk 0:06:40] } 40. Ra1 { [%clk 0:04:52] } 40... f4
{ [%clk 0:06:29] } 41. Ra5 { [%clk 0:03:50] } 41... f3 { [%clk 0:06:25] } 42.
Rg5+ { [%clk 0:03:48] } 42... Kh6 { [%clk 0:06:23] } 43. Rc5 { [%clk 0:03:22] }
43... R6xc5 { [%clk 0:06:16] } 44. bxc5 { [%clk 0:03:20] } 44... Rxc5
{ [%clk 0:06:15] } 45. Ke3 { [%clk 0:03:17] } 45... Kh5 { [%clk 0:06:08] } 46.
Kd4 { [%clk 0:03:14] } 46... Rd5+ { [%clk 0:06:06] } 47. Ke3 { [%clk 0:03:11] }
47... a5 { [%clk 0:06:00] } 48. c4 { [%clk 0:03:04] } 48... Rxd3+
{ [%clk 0:05:48] } 49. Kxd3 { [%clk 0:03:02] } 49... a4 { [%clk 0:05:48] } 50.
c5 { [%clk 0:02:52] } 50... a3 { [%clk 0:05:46] } 51. c6 { [%clk 0:02:45] }
51... a2 { [%clk 0:05:45] } 52. c7 { [%clk 0:02:44] } 52... a1=Q
{ [%clk 0:05:43] } 53. c8=Q { [%clk 0:02:43] } 53... Qd1+ { [%clk 0:05:40] }
54. Ke3 { [%clk 0:02:39] } 54... Qe2+ { [%clk 0:05:38] } 55. Kd4
{ [%clk 0:02:25] } 55... e5+ { [%clk 0:05:29] } 56. Kd5 { [%clk 0:02:24] }
56... f2 { [%clk 0:05:15] } 57. Qf5+ { [%clk 0:02:11] } 57... Kh6
{ [%clk 0:05:14] } 58. Qf6+ { [%clk 0:02:04] } 58... Kh7 { [%clk 0:05:12] } 59.
Qf7+ { [%clk 0:02:00] } 59... Kh8 { [%clk 0:05:10] } 60. Qf8+
{ [%clk 0:01:58] } 60... Kh7 { [%clk 0:05:08] } 61. Qf7+ { [%clk 0:01:50] }
61... Kh6 { [%clk 0:05:07] } 62. Qf6+ { [%clk 0:01:43] } 62... Kh7
{ [%clk 0:05:05] } 63. Qe7+ { [%clk 0:01:39] } 63... Kh8 { [%clk 0:05:00] } 64.
Qf6+ { [%clk 0:01:34] } 64... Kh7 { [%clk 0:04:57] } 1/2-1/2"
Rated Rapid game,https://lichess.org/cLpWfSRe,2024.08.01,-,swatshanmisi,Afri-Alhanan,1-0,2024.08.01,08:46:46,2082,2077,,,C52,"Italian Game: Evans Gambit, Slow Variation",600+0,Normal,"1. e4 { [%eval 0.15] [%clk 0:10:00] } 1... e5 { [%eval 0.21] [%clk 0:10:00] }
2. Nf3 { [%eval 0.11] [%clk 0:09:59] } 2... Nc6 { [%eval 0.19] [%clk 0:09:58] }
3. Bc4 { [%eval 0.14] [%clk 0:09:58] } 3... Bc5 { [%eval 0.13] [%clk 0:09:56] }
4. b4 { [%eval -0.25] [%clk 0:09:55] } 4... Bxb4
{ [%eval -0.17] [%clk 0:09:54] } 5. c3 { [%eval -0.27] [%clk 0:09:54] } 5...
Ba5 { [%eval -0.24] [%clk 0:09:53] } 6. O-O { [%eval -0.32] [%clk 0:09:41] }
6... Nf6 { [%eval -0.28] [%clk 0:09:51] } 7. Qb3 $6
{ [%eval -0.97] [%clk 0:09:28] } 7... O-O { [%eval -0.92] [%clk 0:09:47] } 8.
Ng5 $6 { [%eval -1.64] [%clk 0:09:16] } 8... Qe7
{ [%eval -1.67] [%clk 0:09:45] } 9. Ba3 { [%eval -2.18] [%clk 0:08:51] } 9...
d6 { [%eval -2.14] [%clk 0:09:43] } 10. h3 $2 { [%eval -3.26] [%clk 0:08:30] }
10... h6 { [%eval -3.13] [%clk 0:09:41] } 11. Nf3
{ [%eval -3.15] [%clk 0:08:18] } 11... Nxe4 { [%eval -3.19] [%clk 0:09:39] }
12. d3 { [%eval -3.27] [%clk 0:08:15] } 12... Ng5
{ [%eval -3.32] [%clk 0:09:13] } 13. Nxg5 { [%eval -3.51] [%clk 0:08:04] }
13... Qxg5 { [%eval -3.55] [%clk 0:09:08] } 14. Bc1
{ [%eval -3.9] [%clk 0:08:01] } 14... Qg6 { [%eval -3.8] [%clk 0:08:55] } 15.
Bd5 { [%eval -4.16] [%clk 0:07:45] } 15... Bb6 { [%eval -3.47] [%clk 0:08:45] }
16. Kh2 $6 { [%eval -4.36] [%clk 0:07:21] } 16... Be6
{ [%eval -3.73] [%clk 0:08:41] } 17. c4 { [%eval -3.96] [%clk 0:07:11] } 17...
Nd4 { [%eval -3.71] [%clk 0:08:30] } 18. Qd1 { [%eval -4.09] [%clk 0:07:02] }
18... Bf5 { [%eval -4.03] [%clk 0:08:19] } 19. Be4
{ [%eval -4.03] [%clk 0:06:04] } 19... Bxe4 { [%eval -4.03] [%clk 0:08:16] }
20. dxe4 { [%eval -4.06] [%clk 0:06:04] } 20... Qxe4
{ [%eval -3.94] [%clk 0:08:15] } 21. Nc3 { [%eval -4.03] [%clk 0:06:01] } 21...
Qg6 { [%eval -3.46] [%clk 0:07:59] } 22. Nd5 { [%eval -3.67] [%clk 0:05:52] }
22... c6 $4 { [%eval 3.31] [%clk 0:07:40] } 23. Ne7+
{ [%eval 3.16] [%clk 0:05:48] } 23... Kh7 { [%eval 3.17] [%clk 0:07:35] } 24.
Nxg6 { [%eval 3.21] [%clk 0:05:46] } 24... fxg6 { [%eval 3.34] [%clk 0:07:33] }
25. f4 { [%eval 3.15] [%clk 0:05:23] } 25... Rf5
{ [%eval 3.32] [%clk 0:07:19] } 26. Bb2 { [%eval 3.11] [%clk 0:05:08] } 26...
Raf8 { [%eval 2.98] [%clk 0:07:17] } 27. Qg4 $2 { [%eval 1.63] [%clk 0:04:12] }
27... g5 $2 { [%eval 4.15] [%clk 0:07:13] } 28. g3 $2
{ [%eval 2.25] [%clk 0:03:44] } 28... e4 $2 { [%eval 3.69] [%clk 0:06:53] } 29.
Rad1 { [%eval 3.4] [%clk 0:03:28] } 29... Nf3+ { [%eval 3.63] [%clk 0:06:28] }
30. Kh1 { [%eval 3.41] [%clk 0:02:56] } 30... g6 $2
{ [%eval 4.43] [%clk 0:06:22] } 31. Rxd6 { [%eval 4.57] [%clk 0:02:48] } 31...
h5 { [%eval 5.03] [%clk 0:06:19] } 32. Rd7+ { [%eval 4.81] [%clk 0:02:34] }
32... Kg8 $4 { [%eval #3] [%clk 0:06:09] } 33. Rg7+
{ [%eval #2] [%clk 0:02:22] } 33... Kh8 { [%eval #2] [%clk 0:06:07] } 34. Rxg6+
{ [%eval #1] [%clk 0:02:09] } 34... Kh7 { [%eval #1] [%clk 0:06:05] } 35. Qxh5#
{ [%clk 0:02:07] } 1-0"
Rated Rapid game,https://lichess.org/2clIa9T1,2024.08.01,-,sharathuk,brackanin1971,1-0,2024.08.01,08:46:46,1506,1554,,,B40,Sicilian Defense: Drazic Variation,600+0,Normal,"1. e4 { [%clk 0:10:00] } 1... c5 { [%clk 0:10:00] } 2. Nf3 { [%clk 0:09:58] }
2... a6 { [%clk 0:09:56] } 3. d4 { [%clk 0:09:57] } 3... e6 { [%clk 0:09:53] }
4. d5 { [%clk 0:09:56] } 4... b5 { [%clk 0:09:49] } 5. d6 { [%clk 0:09:52] }
5... Bb7 { [%clk 0:09:42] } 6. e5 { [%clk 0:09:51] } 6... Nc6
{ [%clk 0:09:39] } 7. Bf4 { [%clk 0:09:48] } 7... g6 { [%clk 0:09:38] } 8. Be2
{ [%clk 0:09:45] } 8... Bg7 { [%clk 0:09:36] } 9. O-O { [%clk 0:09:37] } 9...
c4 { [%clk 0:09:35] } 10. Nc3 { [%clk 0:09:33] } 10... Nh6 { [%clk 0:09:29] }
11. Qd2 { [%clk 0:09:30] } 11... Ng8 { [%clk 0:09:07] } 12. h3
{ [%clk 0:09:27] } 12... h5 { [%clk 0:08:59] } 13. Rfe1 { [%clk 0:09:25] }
13... Bh6 { [%clk 0:08:57] } 14. Rad1 { [%clk 0:09:17] } 14... Bxf4
{ [%clk 0:08:55] } 15. Qxf4 { [%clk 0:09:16] } 15... Qb6 { [%clk 0:08:42] } 16.
Ng5 { [%clk 0:09:10] } 16... Nh6 { [%clk 0:08:29] } 17. Bf3 { [%clk 0:09:02] }
17... O-O-O { [%clk 0:08:21] } 18. a4 { [%clk 0:09:00] } 18... Nf5
{ [%clk 0:08:14] } 19. axb5 { [%clk 0:08:57] } 19... axb5 { [%clk 0:08:12] }
20. Ra1 { [%clk 0:08:55] } 20... Ncd4 { [%clk 0:08:05] } 21. Nxf7
{ [%clk 0:08:49] } 21... Rh7 { [%clk 0:08:02] } 22. Bxb7+ { [%clk 0:08:47] }
22... Qxb7 { [%clk 0:07:59] } 23. Nxd8 { [%clk 0:08:46] } 23... Kxd8
{ [%clk 0:07:58] } 24. Rec1 { [%clk 0:08:41] } 24... Ke8 { [%clk 0:07:55] } 25.
Ne4 { [%clk 0:08:36] } 25... Kf7 { [%clk 0:07:53] } 26. Kf1 { [%clk 0:08:33] }
26... b4 { [%clk 0:07:45] } 27. Ng5+ { [%clk 0:08:29] } 27... Kg7
{ [%clk 0:07:41] } 28. Nxh7 { [%clk 0:08:27] } 28... Kxh7 { [%clk 0:07:40] }
29. Rd1 { [%clk 0:08:26] } 29... Nxc2 { [%clk 0:07:37] } 30. Rac1
{ [%clk 0:08:24] } 30... Ncd4 { [%clk 0:07:35] } 31. Rxd4 { [%clk 0:08:21] }
31... Nxd4 { [%clk 0:07:33] } 32. Qxd4 { [%clk 0:08:19] } 32... c3
{ [%clk 0:07:31] } 33. bxc3 { [%clk 0:08:18] } 33... b3 { [%clk 0:07:30] } 34.
Rb1 { [%clk 0:08:17] } 34... b2 { [%clk 0:07:29] } 35. Qd2 { [%clk 0:08:15] }
35... Qe4 { [%clk 0:07:26] } 36. Re1 { [%clk 0:08:02] } 1-0"
Rated Rapid tournament https://lichess.org/tournament/DsgKQQdY,https://lichess.org/Pwa5A7Hy,2024.08.01,-,Rex47,timur_shigab,1-0,2024.08.01,08:46:46,1721,1782,,,C57,"Italian Game: Two Knights Defense, Fried Liver Attack",600+0,Normal,"1. e4 { [%clk 0:10:00] } 1... e5 { [%clk 0:10:00] } 2. Nf3 { [%clk 0:09:53] }
2... Nc6 { [%clk 0:09:58] } 3. Bc4 { [%clk 0:09:51] } 3... Nf6
{ [%clk 0:09:42] } 4. Ng5 { [%clk 0:09:49] } 4... d5 { [%clk 0:09:35] } 5. exd5
{ [%clk 0:09:48] } 5... Nxd5 { [%clk 0:09:32] } 6. Nxf7 { [%clk 0:09:46] } 6...
Kxf7 { [%clk 0:09:25] } 7. Qf3+ { [%clk 0:09:43] } 7... Ke6 { [%clk 0:08:44] }
8. Nc3 { [%clk 0:09:41] } 1-0"
Rated Rapid tournament https://lichess.org/tournament/DsgKQQdY,https://lichess.org/CbnNOBXV,2024.08.01,-,Patryk2016,syamsul001,1-0,2024.08.01,08:46:46,1957,1999,,,B22,Sicilian Defense: Alapin Variation,600+0,Normal,"1. e4 { [%clk 0:10:00] } 1... c5 { [%clk 0:10:00] } 2. c3 { [%clk 0:09:58] }
2... d5 { [%clk 0:09:59] } 3. e5 { [%clk 0:09:51] } 3... d4 { [%clk 0:09:57] }
4. Bb5+ { [%clk 0:09:49] } 4... Nc6 { [%clk 0:09:55] } 5. cxd4
{ [%clk 0:09:39] } 5... cxd4 { [%clk 0:09:53] } 6. Nf3 { [%clk 0:09:37] } 6...
Bg4 { [%clk 0:09:51] } 7. h3 { [%clk 0:09:33] } 7... Bh5 { [%clk 0:09:23] } 8.
Qa4 { [%clk 0:09:25] } 8... Bxf3 { [%clk 0:09:18] } 9. gxf3 { [%clk 0:09:23] }
9... Qd5 { [%clk 0:09:15] } 10. Qb3 { [%clk 0:09:00] } 10... Qxe5+
{ [%clk 0:09:09] } 11. Kd1 { [%clk 0:08:58] } 11... e6 { [%clk 0:08:55] } 12.
Bxc6+ { [%clk 0:08:54] } 12... bxc6 { [%clk 0:08:52] } 13. Qb7
{ [%clk 0:08:53] } 13... Rd8 { [%clk 0:08:02] } 14. Qxc6+ { [%clk 0:08:48] }
14... Rd7 { [%clk 0:07:57] } 15. Qa8+ { [%clk 0:08:41] } 15... Ke7
{ [%clk 0:07:39] } 16. b3 { [%clk 0:08:30] } 16... Nf6 { [%clk 0:06:09] } 17.
Ba3+ { [%clk 0:08:27] } 17... Rd6 { [%clk 0:05:49] } 18. Qxa7+
{ [%clk 0:08:22] } 18... Nd7 { [%clk 0:05:47] } 19. Bxd6+ { [%clk 0:08:18] }
19... Qxd6 { [%clk 0:05:40] } 20. Qa3 { [%clk 0:08:16] } 20... Nc5
{ [%clk 0:05:16] } 21. Qa7+ { [%clk 0:08:11] } 21... Kf6 { [%clk 0:05:13] } 22.
Na3 { [%clk 0:07:52] } 22... Qd5 { [%clk 0:05:02] } 23. Nc4 { [%clk 0:07:08] }
23... Qxf3+ { [%clk 0:05:00] } 24. Kc2 { [%clk 0:07:05] } 24... d3+
{ [%clk 0:04:39] } 25. Kb2 { [%clk 0:06:57] } 25... g6 { [%clk 0:04:15] } 26.
Qc7 { [%clk 0:06:36] } 26... Qf5 { [%clk 0:03:45] } 27. Qd8+ { [%clk 0:06:26] }
27... Kg7 { [%clk 0:03:35] } 28. Qd4+ { [%clk 0:06:24] } 28... Kg8
{ [%clk 0:03:27] } 29. Nd6 { [%clk 0:06:13] } 29... Bg7 { [%clk 0:02:56] } 30.
Nxf5 { [%clk 0:06:06] } 30... exf5 { [%clk 0:02:47] } 31. Qxg7+
{ [%clk 0:06:04] } 31... Kxg7 { [%clk 0:02:45] } 32. a4 { [%clk 0:05:56] }
32... Rc8 { [%clk 0:02:39] } 33. a5 { [%clk 0:05:53] } 33... Na6
{ [%clk 0:02:34] } 34. Rhc1 { [%clk 0:05:48] } 34... Re8 { [%clk 0:02:24] } 35.
Rc4 { [%clk 0:05:39] } 35... Re2 { [%clk 0:02:22] } 36. Rd1 { [%clk 0:05:27] }
36... Rxf2 { [%clk 0:02:20] } 37. b4 { [%clk 0:05:23] } 37... f4
{ [%clk 0:02:13] } 38. b5 { [%clk 0:05:18] } 38... Nb8 { [%clk 0:02:06] } 39.
a6 { [%clk 0:05:16] } 39... Nxa6 { [%clk 0:01:53] } 40. bxa6 { [%clk 0:05:12] }
40... Re2 { [%clk 0:01:52] } 41. a7 { [%clk 0:05:04] } 41... Re8
{ [%clk 0:01:50] } 42. Rxf4 { [%clk 0:05:03] } 42... Ra8 { [%clk 0:01:47] } 43.
Ra4 { [%clk 0:05:02] } 43... h5 { [%clk 0:01:46] } 44. Ka3 { [%clk 0:04:59] }
44... g5 { [%clk 0:01:43] } 45. Rb1 { [%clk 0:04:57] } 45... f5
{ [%clk 0:01:41] } 46. Rb8 { [%clk 0:04:56] } 46... Rxa7 { [%clk 0:01:39] } 47.
Rxa7+ { [%clk 0:04:54] } 47... Kf6 { [%clk 0:01:39] } 48. Ra5
{ [%clk 0:04:51] } 48... g4 { [%clk 0:01:36] } 49. h4 { [%clk 0:04:49] } 49...
f4 { [%clk 0:01:34] } 50. Rb6+ { [%clk 0:04:48] } 50... Ke7 { [%clk 0:01:33] }
51. Ra7+ { [%clk 0:04:48] } 51... Kd8 { [%clk 0:01:32] } 52. Rb8#
{ [%clk 0:04:47] } 1-0"
Rated Rapid tournament https://lichess.org/tournament/DsgKQQdY,https://lichess.org/vXmN1ySv,2024.08.01,-,Philipap,voin55115,0-1,2024.08.01,08:46:46,1816,2212,,,A45,Indian Defense,600+0,Normal,"1. d4 { [%clk 0:10:00] } 1... Nf6 { [%clk 0:10:00] } 2. Bf4 { [%clk 0:09:59] }
2... d5 { [%clk 0:09:56] } 3. e3 { [%clk 0:09:58] } 3... c5 { [%clk 0:09:56] }
4. c3 { [%clk 0:09:56] } 4... Qb6 { [%clk 0:09:54] } 5. Qb3 { [%clk 0:09:53] }
5... c4 { [%clk 0:09:51] } 6. Qxb6 { [%clk 0:09:51] } 6... axb6
{ [%clk 0:09:51] } 7. f3 { [%clk 0:09:37] } 7... Nc6 { [%clk 0:09:47] } 8. Nd2
{ [%clk 0:09:26] } 8... Bf5 { [%clk 0:09:41] } 9. Ne2 { [%clk 0:09:15] } 9...
e6 { [%clk 0:09:38] } 10. Ng3 { [%clk 0:09:13] } 10... Bg6 { [%clk 0:09:34] }
11. Be2 { [%clk 0:09:05] } 11... b5 { [%clk 0:09:33] } 12. O-O
{ [%clk 0:09:03] } 12... b4 { [%clk 0:09:32] } 13. Rfe1 { [%clk 0:09:01] }
13... b5 { [%clk 0:09:27] } 14. Bf1 { [%clk 0:08:51] } 14... bxc3
{ [%clk 0:09:21] } 15. bxc3 { [%clk 0:08:50] } 15... b4 { [%clk 0:09:21] } 16.
cxb4 { [%clk 0:08:26] } 16... Bxb4 { [%clk 0:09:17] } 17. e4 { [%clk 0:08:17] }
17... Nxd4 { [%clk 0:09:07] } 18. Be5 { [%clk 0:07:37] } 18... Nc2
{ [%clk 0:08:58] } 19. Bxf6 { [%clk 0:07:35] } 19... gxf6 { [%clk 0:08:55] }
20. exd5 { [%clk 0:07:31] } 20... Nxe1 { [%clk 0:08:51] } 21. Nxc4
{ [%clk 0:07:21] } 21... exd5 { [%clk 0:08:32] } 22. Nb6 { [%clk 0:07:19] }
22... Ra5 { [%clk 0:08:24] } 23. a4 { [%clk 0:07:10] } 23... Bc5+
{ [%clk 0:08:15] } 24. Kh1 { [%clk 0:07:08] } 24... Nxf3 { [%clk 0:08:02] } 25.
Bb5+ { [%clk 0:07:04] } 25... Kd8 { [%clk 0:07:46] } 26. Nxd5
{ [%clk 0:07:03] } 26... Nd4 { [%clk 0:07:36] } 27. Nxf6 { [%clk 0:06:57] }
27... Nxb5 { [%clk 0:07:32] } 28. Rd1+ { [%clk 0:06:54] } 28... Nd4
{ [%clk 0:07:30] } 29. Ne2 { [%clk 0:06:39] } 29... Rxa4 { [%clk 0:07:26] } 30.
Nxd4 { [%clk 0:06:38] } 30... Rxd4 { [%clk 0:07:24] } 31. Ra1
{ [%clk 0:06:36] } 31... Ke7 { [%clk 0:07:20] } 32. Rf1 { [%clk 0:06:28] } 0-1"
Rated Rapid tournament https://lichess.org/tournament/DsgKQQdY,https://lichess.org/XbVMbo4D,2024.08.01,-,AzirMain01ea,tedy_bear,1/2-1/2,2024.08.01,08:46:46,1970,1713,,,D53,Queen's Gambit Declined,600+0,Normal,"1. d4 { [%clk 0:10:00] } 1... d5 { [%clk 0:10:00] } 2. c4 { [%clk 0:09:59] }
2... e6 { [%clk 0:09:58] } 3. Nc3 { [%clk 0:09:55] } 3... Nf6
{ [%clk 0:09:51] } 4. Bg5 { [%clk 0:09:53] } 4... Be7 { [%clk 0:09:43] } 5. e3
{ [%clk 0:09:52] } 5... c6 { [%clk 0:09:41] } 6. Nf3 { [%clk 0:09:50] } 6...
Nbd7 { [%clk 0:09:40] } 7. Bd3 { [%clk 0:09:23] } 7... dxc4 { [%clk 0:09:35] }
8. Bxc4 { [%clk 0:09:23] } 8... Bb4 { [%clk 0:09:33] } 9. Qc2
{ [%clk 0:08:35] } 9... Qa5 { [%clk 0:09:16] } 10. Bxf6 { [%clk 0:08:27] }
10... Nxf6 { [%clk 0:09:13] } 11. Nd2 { [%clk 0:08:26] } 11... Nd5
{ [%clk 0:09:08] } 12. Bxd5 { [%clk 0:08:07] } 12... cxd5 { [%clk 0:09:04] }
13. O-O { [%clk 0:07:59] } 13... Bd7 { [%clk 0:08:57] } 14. Nb3
{ [%clk 0:07:40] } 14... Qb6 { [%clk 0:08:50] } 15. a4 { [%clk 0:06:36] } 15...
Bxc3 { [%clk 0:08:37] } 16. Qxc3 { [%clk 0:05:55] } 16... O-O
{ [%clk 0:08:34] } 17. Nc5 { [%clk 0:05:54] } 17... Rac8 { [%clk 0:08:26] } 18.
Qa3 { [%clk 0:05:05] } 18... Bc6 { [%clk 0:08:13] } 19. Rfc1 { [%clk 0:04:58] }
19... Qd8 { [%clk 0:08:05] } 20. b4 { [%clk 0:04:49] } 20... b6
{ [%clk 0:07:49] } 21. Nd3 { [%clk 0:04:47] } 21... Bb7 { [%clk 0:07:45] } 22.
b5 { [%clk 0:04:01] } 22... Rxc1+ { [%clk 0:07:37] } 23. Rxc1
{ [%clk 0:04:01] } 23... Qd7 { [%clk 0:07:36] } 24. Ne5 { [%clk 0:03:58] }
24... Qd8 { [%clk 0:07:27] } 25. Nc6 { [%clk 0:03:47] } 25... Bxc6
{ [%clk 0:07:24] } 26. Rxc6 { [%clk 0:03:47] } 26... Qd7 { [%clk 0:07:19] } 27.
Qc3 { [%clk 0:03:45] } 27... h6 { [%clk 0:07:15] } 28. Rc7 { [%clk 0:03:44] }
28... Qd8 { [%clk 0:07:05] } 29. Rxa7 { [%clk 0:03:29] } 29... Qc8
{ [%clk 0:07:03] } 30. Rc7 { [%clk 0:03:26] } 30... Qa8 { [%clk 0:06:59] } 31.
Qc2 { [%clk 0:03:12] } 31... Rd8 { [%clk 0:06:53] } 32. g3 { [%clk 0:03:09] }
32... Qb8 { [%clk 0:06:49] } 33. Qc6 { [%clk 0:03:03] } 33... Qa8
{ [%clk 0:06:37] } 34. Qxa8 { [%clk 0:03:01] } 34... Rxa8 { [%clk 0:06:35] }
35. Rb7 { [%clk 0:03:01] } 35... Rxa4 { [%clk 0:06:34] } 36. Rb8+
{ [%clk 0:03:00] } 36... Kh7 { [%clk 0:06:32] } 37. Rxb6 { [%clk 0:03:00] }
37... Rb4 { [%clk 0:06:27] } 38. Rb7 { [%clk 0:02:59] } 38... Kg6
{ [%clk 0:06:25] } 39. b6 { [%clk 0:02:58] } 39... Rb1+ { [%clk 0:06:17] } 40.
Kg2 { [%clk 0:02:56] } 40... Kf6 { [%clk 0:05:58] } 41. Kf3 { [%clk 0:02:55] }
41... Rb2 { [%clk 0:05:56] } 42. h4 { [%clk 0:02:54] } 42... Kg6
{ [%clk 0:05:52] } 43. g4 { [%clk 0:02:51] } 43... Kf6 { [%clk 0:05:48] } 44.
Kg3 { [%clk 0:02:48] } 44... Rb1 { [%clk 0:05:43] } 45. Kf4 { [%clk 0:02:38] }
45... Rb2 { [%clk 0:05:36] } 46. f3 { [%clk 0:02:37] } 46... Rb4
{ [%clk 0:05:18] } 47. g5+ { [%clk 0:02:33] } 47... hxg5+ { [%clk 0:05:07] }
48. hxg5+ { [%clk 0:02:33] } 48... Kg6 { [%clk 0:05:06] } 49. Rb8
{ [%clk 0:02:30] } 49... f6 { [%clk 0:04:44] } 50. gxf6 { [%clk 0:02:27] }
50... gxf6 { [%clk 0:04:41] } 51. Kg3 { [%clk 0:02:24] } 51... Rb3
{ [%clk 0:04:37] } 52. b7 { [%clk 0:02:22] } 52... Kg7 { [%clk 0:04:32] } 53.
Re8 { [%clk 0:02:16] } 53... Rxb7 { [%clk 0:04:29] } 54. Rxe6
{ [%clk 0:02:15] } 54... Rd7 { [%clk 0:04:24] } 55. Kf4 { [%clk 0:02:12] }
55... Kg6 { [%clk 0:04:18] } 56. Rc6 { [%clk 0:02:02] } 56... Rd8
{ [%clk 0:04:13] } 57. Ra6 { [%clk 0:02:01] } 57... Rd7 { [%clk 0:04:10] } 58.
Kg4 { [%clk 0:02:00] } 58... Rd8 { [%clk 0:04:05] } 59. f4 { [%clk 0:01:56] }
59... Rd7 { [%clk 0:04:02] } 60. f5+ { [%clk 0:01:55] } 60... Kf7
{ [%clk 0:04:00] } 61. Kf4 { [%clk 0:01:53] } 61... Ke7 { [%clk 0:03:51] } 62.
Re6+ { [%clk 0:01:51] } 62... Kf7 { [%clk 0:03:50] } 63. e4 { [%clk 0:01:48] }
63... dxe4 { [%clk 0:03:47] } 64. Kxe4 { [%clk 0:01:47] } 64... Rb7
{ [%clk 0:03:43] } 65. Rc6 { [%clk 0:01:45] } 65... Rb1 { [%clk 0:03:41] } 66.
Rc3 { [%clk 0:01:43] } 66... Re1+ { [%clk 0:03:40] } 67. Re3 { [%clk 0:01:43] }
67... Rd1 { [%clk 0:03:38] } 68. d5 { [%clk 0:01:40] } 68... Ke7
{ [%clk 0:03:37] } 69. Rd3 { [%clk 0:01:39] } 69... Re1+ { [%clk 0:03:33] } 70.
Re3 { [%clk 0:01:36] } 70... Rd1 { [%clk 0:03:31] } 71. Kf4+ { [%clk 0:01:24] }
71... Kf7 { [%clk 0:03:18] } 72. Ke4 { [%clk 0:01:20] } 72... Ke7
{ [%clk 0:03:15] } 1/2-1/2"
Rated Rapid tournament https://lichess.org/tournament/DsgKQQdY,https://lichess.org/8t3NVFgK,2024.08.01,-,Darshg,cappedchild,0-1,2024.08.01,08:46:46,1574,2178,,,C00,French Defense: Knight Variation,600+0,Normal,"1. e4 { [%clk 0:10:00] } 1... e6 { [%clk 0:10:00] } 2. Nf3 { [%clk 0:10:00] }
2... d5 { [%clk 0:09:59] } 3. exd5 { [%clk 0:09:58] } 3... exd5
{ [%clk 0:09:59] } 4. d4 { [%clk 0:09:58] } 4... Nc6 { [%clk 0:09:56] } 5. Bb5
{ [%clk 0:09:56] } 5... Bg4 { [%clk 0:09:54] } 6. h3 { [%clk 0:09:52] } 6...
Bh5 { [%clk 0:09:53] } 7. Nc3 { [%clk 0:09:52] } 7... Bb4 { [%clk 0:09:50] } 8.
Bd2 { [%clk 0:09:50] } 8... Nf6 { [%clk 0:09:48] } 9. Qe2+ { [%clk 0:09:49] }
9... Be7 { [%clk 0:09:42] } 10. Bg5 { [%clk 0:09:46] } 10... O-O
{ [%clk 0:09:38] } 11. Bxc6 { [%clk 0:09:42] } 11... bxc6 { [%clk 0:09:37] }
12. Qe3 { [%clk 0:09:38] } 12... Rb8 { [%clk 0:09:27] } 13. b3
{ [%clk 0:09:36] } 13... Bb4 { [%clk 0:09:17] } 14. O-O { [%clk 0:09:25] }
14... Bxf3 { [%clk 0:09:12] } 15. Qxf3 { [%clk 0:09:24] } 15... h6
{ [%clk 0:09:10] } 16. Bxf6 { [%clk 0:09:20] } 16... Qxf6 { [%clk 0:09:09] }
17. Ne2 { [%clk 0:09:13] } 17... Qxf3 { [%clk 0:09:01] } 18. gxf3
{ [%clk 0:09:13] } 18... Rfe8 { [%clk 0:08:58] } 19. Ng3 { [%clk 0:09:09] }
19... Bc3 { [%clk 0:08:56] } 20. Rac1 { [%clk 0:09:08] } 20... Bxd4
{ [%clk 0:08:55] } 21. c4 { [%clk 0:09:04] } 21... Be5 { [%clk 0:08:47] } 22.
cxd5 { [%clk 0:09:01] } 22... cxd5 { [%clk 0:08:45] } 23. Rc5
{ [%clk 0:08:58] } 23... d4 { [%clk 0:08:40] } 24. Rd1 { [%clk 0:08:55] } 24...
Bxg3 { [%clk 0:08:35] } 25. fxg3 { [%clk 0:08:54] } 25... Re2
{ [%clk 0:08:29] } 26. Rd5 { [%clk 0:08:49] } 26... Rxa2 { [%clk 0:08:27] } 27.
R5xd4 { [%clk 0:08:47] } 27... Rxb3 { [%clk 0:08:26] } 28. Rd7
{ [%clk 0:08:46] } 28... Rxf3 { [%clk 0:08:24] } 29. Rxc7 { [%clk 0:08:45] }
29... Rxg3+ { [%clk 0:08:22] } 30. Kf1 { [%clk 0:08:43] } 30... Rxh3
{ [%clk 0:08:20] } 31. Rd8+ { [%clk 0:08:40] } 31... Kh7 { [%clk 0:08:18] } 32.
Kg1 { [%clk 0:08:36] } 32... Rb3 { [%clk 0:08:12] } 33. Rxf7 { [%clk 0:08:33] }
33... Rb1+ { [%clk 0:08:10] } 34. Rf1 { [%clk 0:08:32] } 34... Rxf1+
{ [%clk 0:08:10] } 35. Kxf1 { [%clk 0:08:32] } 35... a5 { [%clk 0:08:02] } 36.
Ke1 { [%clk 0:08:31] } 36... a4 { [%clk 0:08:01] } 37. Kd1 { [%clk 0:08:30] }
37... a3 { [%clk 0:08:01] } 38. Kc1 { [%clk 0:08:29] } 38... Rg2
{ [%clk 0:08:00] } 39. Ra8 { [%clk 0:08:27] } 39... a2 { [%clk 0:07:59] } 40.
Kd1 { [%clk 0:08:26] } 40... h5 { [%clk 0:07:58] } 41. Ke1 { [%clk 0:08:24] }
41... a1=Q+ { [%clk 0:07:57] } 42. Rxa1 { [%clk 0:08:22] } 42... Rg1+
{ [%clk 0:07:56] } 0-1"
Rated Rapid tournament https://lichess.org/tournament/DsgKQQdY,https://lichess.org/o3WYGGuF,2024.08.01,-,harmelessfrog,alonso92222,0-1,2024.08.01,08:46:46,1960,1622,,,C20,King's Pawn Game: Alapin Opening,600+0,Normal,"1. e4 { [%eval 0.15] [%clk 0:10:00] } 1... e5 { [%eval 0.21] [%clk 0:10:00] }
2. Ne2 { [%eval -0.09] [%clk 0:09:59] } 2... Nc6 { [%eval 0.1] [%clk 0:09:58] }
3. c3 $6 { [%eval -0.6] [%clk 0:09:57] } 3... Nf6
{ [%eval -0.78] [%clk 0:09:56] } 4. d3 { [%eval -0.71] [%clk 0:09:56] } 4... d5
{ [%eval -0.76] [%clk 0:09:53] } 5. f3 $6 { [%eval -1.6] [%clk 0:09:51] } 5...
d4 $6 { [%eval -0.64] [%clk 0:09:51] } 6. c4 $2
{ [%eval -2.26] [%clk 0:09:50] } 6... Ne7 $6 { [%eval -1.53] [%clk 0:09:45] }
7. g3 { [%eval -1.55] [%clk 0:09:49] } 7... c5 $6
{ [%eval -0.88] [%clk 0:09:43] } 8. Bg2 { [%eval -0.92] [%clk 0:09:46] } 8...
Nc6 { [%eval -0.94] [%clk 0:09:42] } 9. O-O { [%eval -0.92] [%clk 0:09:43] }
9... Be6 { [%eval -0.66] [%clk 0:09:41] } 10. a3
{ [%eval -1.07] [%clk 0:09:41] } 10... a5 { [%eval -0.64] [%clk 0:09:38] } 11.
Nd2 { [%eval -0.97] [%clk 0:09:39] } 11... Bd6 { [%eval -0.48] [%clk 0:09:34] }
12. h3 $2 { [%eval -1.51] [%clk 0:09:38] } 12... Qd7
{ [%eval -1.33] [%clk 0:09:33] } 13. f4 $6 { [%eval -1.93] [%clk 0:09:36] }
13... Bxh3 { [%eval -2.08] [%clk 0:09:30] } 14. Bxh3 $6
{ [%eval -2.92] [%clk 0:09:32] } 14... Qxh3 { [%eval -2.82] [%clk 0:09:29] }
15. Nf3 { [%eval -3.4] [%clk 0:09:07] } 15... Ng4
{ [%eval -3.46] [%clk 0:09:26] } 16. f5 { [%eval -3.4] [%clk 0:08:47] } 16...
h5 { [%eval -3.58] [%clk 0:09:17] } 17. Rf2 $2 { [%eval -4.92] [%clk 0:08:42] }
17... Nxf2 $2 { [%eval -3.1] [%clk 0:09:06] } 18. Kxf2
{ [%eval -3.16] [%clk 0:08:42] } 18... h4 $6 { [%eval -2.4] [%clk 0:09:05] }
19. Nxh4 $2 { [%eval -3.42] [%clk 0:08:38] } 19... Rxh4 $2
{ [%eval -2.3] [%clk 0:08:56] } 20. gxh4 { [%eval -2.36] [%clk 0:08:37] } 20...
Qxh4+ { [%eval -1.99] [%clk 0:08:56] } 21. Ng3 { [%eval -1.87] [%clk 0:08:35] }
21... O-O-O { [%eval -1.44] [%clk 0:08:54] } 22. Qh1
{ [%eval -1.78] [%clk 0:08:29] } 22... Qg4 { [%eval -1.35] [%clk 0:08:49] } 23.
Qh5 $2 { [%eval -3.06] [%clk 0:08:25] } 23... Qxh5
{ [%eval -3.05] [%clk 0:08:45] } 24. Nxh5 { [%eval -2.98] [%clk 0:08:25] }
24... g5 $2 { [%eval 0.0] [%clk 0:08:44] } 25. Bxg5
{ [%eval 0.17] [%clk 0:08:18] } 25... Rg8 { [%eval 0.45] [%clk 0:08:42] } 26.
Bd2 { [%eval 0.35] [%clk 0:08:07] } 26... a4 { [%eval 0.48] [%clk 0:08:41] }
27. Rg1 { [%eval 0.09] [%clk 0:08:05] } 27... Rxg1
{ [%eval 0.0] [%clk 0:08:39] } 28. Kxg1 { [%eval 0.0] [%clk 0:08:03] } 28...
Na7 { [%eval 0.39] [%clk 0:08:34] } 29. Kg2 { [%eval 0.0] [%clk 0:07:44] }
29... Kd7 { [%eval 0.43] [%clk 0:08:31] } 30. Kh3 $2
{ [%eval -0.62] [%clk 0:07:42] } 30... b5 { [%eval -0.3] [%clk 0:08:30] } 31.
Kg4 $2 { [%eval -2.42] [%clk 0:07:32] } 31... Be7 $2
{ [%eval -0.63] [%clk 0:08:27] } 32. Ng7 $4 { [%eval -4.11] [%clk 0:07:30] }
32... bxc4 { [%eval -4.15] [%clk 0:08:21] } 33. dxc4
{ [%eval -3.99] [%clk 0:07:28] } 33... Nc6 $4 { [%eval -0.39] [%clk 0:08:19] }
34. Bg5 $4 { [%eval -6.06] [%clk 0:06:59] } 34... Bxg5
{ [%eval -5.72] [%clk 0:08:15] } 0-1"
Rated Rapid tournament https://lichess.org/tournament/DsgKQQdY,https://lichess.org/ibDUptZg,2024.08.01,-,AnanygemMa,uller100,0-1,2024.08.01,08:46:46,1341,1651,,,A01,Nimzo-Larsen Attack,600+0,Time forfeit,"1. b3 { [%clk 0:05:00] } 1... g6 { [%clk 0:05:00] } 2. Bb2 { [%clk 0:04:59] }
2... Nf6 { [%clk 0:04:59] } 3. c4 { [%clk 0:04:56] } 3... Bg7
{ [%clk 0:04:58] } 4. g3 { [%clk 0:04:51] } 4... O-O { [%clk 0:04:57] } 5. Bg2
{ [%clk 0:04:51] } 5... c6 { [%clk 0:04:46] } 6. Nf3 { [%clk 0:04:50] } 6... d5
{ [%clk 0:04:42] } 7. cxd5 { [%clk 0:04:43] } 7... Nxd5 { [%clk 0:04:42] } 8.
Bxg7 { [%clk 0:04:34] } 8... Kxg7 { [%clk 0:04:42] } 9. O-O { [%clk 0:04:29] }
9... Nd7 { [%clk 0:04:38] } 10. Nc3 { [%clk 0:04:28] } 10... e5
{ [%clk 0:04:34] } 11. Qc2 { [%clk 0:04:09] } 11... Qe7 { [%clk 0:04:23] } 12.
d3 { [%clk 0:04:08] } 12... Nb4 { [%clk 0:04:16] } 13. Qb2 { [%clk 0:03:57] }
13... Nf6 { [%clk 0:04:13] } 14. a3 { [%clk 0:03:35] } 14... Nbd5
{ [%clk 0:04:10] } 15. Nxd5 { [%clk 0:03:32] } 15... cxd5 { [%clk 0:04:01] }
16. Qxe5 { [%clk 0:03:31] } 16... Qc5 { [%clk 0:03:54] } 17. b4
{ [%clk 0:02:50] } 17... Qc2 { [%clk 0:03:50] } 18. Nd4 { [%clk 0:02:31] }
18... Qa4 { [%clk 0:03:38] } 19. Rfc1 { [%clk 0:02:03] } 19... Be6
{ [%clk 0:03:24] } 20. Nxe6+ { [%clk 0:01:59] } 20... fxe6 { [%clk 0:03:21] }
21. Qxe6 { [%clk 0:01:37] } 21... Rae8 { [%clk 0:03:15] } 22. Rc7+
{ [%clk 0:01:00] } 22... Kh6 { [%clk 0:03:01] } 23. Re7 { [%clk 0:00:58] }
23... Rxe7 { [%clk 0:02:50] } 24. Qxe7 { [%clk 0:00:54] } 24... Nd7
{ [%clk 0:02:18] } 25. g4 { [%clk 0:00:27] } 25... Qc6 { [%clk 0:01:54] } 26.
g5+ { [%clk 0:00:22] } 26... Kh5 { [%clk 0:01:52] } 27. Bf3+ { [%clk 0:00:15] }
27... Kh4 { [%clk 0:01:51] } 28. Qxh7+ { [%clk 0:00:14] } 28... Kxg5
{ [%clk 0:01:48] } 29. h4+ { [%clk 0:00:07] } 29... Kf6 { [%clk 0:01:45] } 30.
Qh6 { [%clk 0:00:05] } 30... Ne5 { [%clk 0:01:37] } 31. Qg5+ { [%clk 0:00:03] }
31... Kg7 { [%clk 0:01:35] } 32. Kh2 { [%clk 0:00:03] } 32... Rxf3
{ [%clk 0:01:20] } 0-1"
Rated Rapid tournament https://lichess.org/tournament/DsgKQQdY,https://lichess.org/J93VNmId,2024.08.01,-,nikzal,kulbak,1-0,2024.08.01,08:46:46,2084,1383,,,A68,Benoni Defense: Four Pawns Attack,600+0,Normal,"1. d4 { [%clk 0:05:00] } 1... c5 { [%clk 0:10:00] } 2. d5 { [%clk 0:04:58] }
2... d6 { [%clk 0:09:58] } 3. c4 { [%clk 0:04:57] } 3... Nf6 { [%clk 0:09:53] }
4. Nc3 { [%clk 0:04:56] } 4... g6 { [%clk 0:09:52] } 5. e4 { [%clk 0:04:56] }
5... Bg7 { [%clk 0:09:51] } 6. f4 { [%clk 0:04:53] } 6... e6 { [%clk 0:09:27] }
7. Nf3 { [%clk 0:04:51] } 7... exd5 { [%clk 0:09:16] } 8. cxd5
{ [%clk 0:04:49] } 8... O-O { [%clk 0:09:14] } 9. Bd3 { [%clk 0:04:47] } 9...
Bg4 { [%clk 0:09:03] } 10. h3 { [%clk 0:04:44] } 10... Nxe4 { [%clk 0:08:29] }
11. Nxe4 { [%clk 0:04:36] } 11... Bxf3 { [%clk 0:08:27] } 12. Qxf3
{ [%clk 0:04:35] } 12... Re8 { [%clk 0:08:26] } 13. O-O { [%clk 0:04:34] }
13... Nd7 { [%clk 0:08:20] } 14. Nc3 { [%clk 0:04:29] } 14... Nf6
{ [%clk 0:08:17] } 15. f5 { [%clk 0:04:25] } 15... a6 { [%clk 0:08:06] } 16.
fxg6 { [%clk 0:04:24] } 16... fxg6 { [%clk 0:08:05] } 17. Bg5
{ [%clk 0:04:23] } 17... Rf8 { [%clk 0:07:55] } 18. Rae1 { [%clk 0:03:53] }
18... Qa5 { [%clk 0:07:41] } 19. Qg3 { [%clk 0:03:43] } 19... Qb6
{ [%clk 0:06:42] } 20. Kh1 { [%clk 0:03:24] } 20... Rad8 { [%clk 0:06:30] } 21.
Rf2 { [%clk 0:03:05] } 21... Rd7 { [%clk 0:06:28] } 22. Re6 { [%clk 0:03:03] }
22... Nh5 { [%clk 0:06:05] } 23. Rxf8+ { [%clk 0:02:58] } 23... Bxf8
{ [%clk 0:06:02] } 24. Qg4 { [%clk 0:02:46] } 24... Qxb2 { [%clk 0:05:49] } 25.
Bxg6 { [%clk 0:02:42] } 25... Qxc3 { [%clk 0:05:09] } 26. Bxh5
{ [%clk 0:02:13] } 26... Qa1+ { [%clk 0:04:45] } 27. Kh2 { [%clk 0:02:11] }
27... Qxa2 { [%clk 0:04:43] } 28. Be7+ { [%clk 0:01:15] } 28... Kh8
{ [%clk 0:04:35] } 29. Bxf8 { [%clk 0:01:13] } 29... Qb2 { [%clk 0:04:20] } 30.
Bh6 { [%clk 0:01:11] } 30... Rd8 { [%clk 0:03:32] } 31. Re7 { [%clk 0:01:02] }
31... Rg8 { [%clk 0:03:21] } 32. Qe2 { [%clk 0:01:01] } 32... Qf6
{ [%clk 0:02:59] } 33. Bd2 { [%clk 0:00:52] } 33... Qf5 { [%clk 0:02:38] } 34.
Bc3+ { [%clk 0:00:49] } 34... Rg7 { [%clk 0:02:31] } 35. Re8+
{ [%clk 0:00:48] } 35... Qf8 { [%clk 0:02:26] } 36. Rxf8# { [%clk 0:00:48] }
1-0"
Rated Rapid tournament https://lichess.org/tournament/DsgKQQdY,https://lichess.org/cgKZRmII,2024.08.01,-,DavitMinasyan,v-a-c-h,1/2-1/2,2024.08.01,08:46:46,1925,1838,,,C15,"French Defense: Winawer Variation, Delayed Exchange Variation",600+0,Normal,"1. e4 { [%eval 0.15] [%clk 0:05:00] } 1... e6 { [%eval 0.25] [%clk 0:10:00] }
2. d4 { [%eval 0.3] [%clk 0:04:58] } 2... d5 { [%eval 0.31] [%clk 0:09:59] } 3.
Nc3 { [%eval 0.28] [%clk 0:04:57] } 3... Bb4 { [%eval 0.49] [%clk 0:09:56] } 4.
exd5 { [%eval 0.18] [%clk 0:04:53] } 4... exd5 { [%eval 0.18] [%clk 0:09:54] }
5. Bd2 { [%eval -0.06] [%clk 0:04:50] } 5... Ne7
{ [%eval 0.27] [%clk 0:09:50] } 6. Nf3 { [%eval 0.0] [%clk 0:04:48] } 6... h6
{ [%eval 0.26] [%clk 0:09:46] } 7. a3 { [%eval 0.18] [%clk 0:04:37] } 7... Ba5
{ [%eval 0.38] [%clk 0:09:42] } 8. b4 { [%eval -0.08] [%clk 0:04:36] } 8... Bb6
{ [%eval 0.02] [%clk 0:09:41] } 9. Bb5+ { [%eval -0.32] [%clk 0:04:34] } 9...
c6 { [%eval -0.55] [%clk 0:09:37] } 10. Ba4 $6 { [%eval -1.24] [%clk 0:04:33] }
10... a6 $6 { [%eval -0.49] [%clk 0:09:22] } 11. O-O
{ [%eval -0.72] [%clk 0:04:30] } 11... Nd7 $6 { [%eval -0.13] [%clk 0:09:13] }
12. Re1 { [%eval -0.27] [%clk 0:04:25] } 12... O-O
{ [%eval -0.25] [%clk 0:09:08] } 13. Be3 $6 { [%eval -0.81] [%clk 0:04:20] }
13... Nf6 { [%eval -0.75] [%clk 0:09:04] } 14. Bb3 $6
{ [%eval -1.46] [%clk 0:04:18] } 14... Bc7 $6 { [%eval -0.76] [%clk 0:09:00] }
15. Na4 $2 { [%eval -2.31] [%clk 0:04:15] } 15... Ng4 $2
{ [%eval -0.31] [%clk 0:08:45] } 16. h3 { [%eval -0.69] [%clk 0:04:10] } 16...
Nxe3 { [%eval -0.63] [%clk 0:08:37] } 17. Rxe3 { [%eval -0.64] [%clk 0:04:10] }
17... Nf5 { [%eval -0.76] [%clk 0:08:27] } 18. Re1
{ [%eval -0.54] [%clk 0:04:05] } 18... Bd6 { [%eval -0.12] [%clk 0:08:09] } 19.
Nc5 { [%eval -0.1] [%clk 0:04:03] } 19... Bxc5 $6
{ [%eval 0.56] [%clk 0:08:06] } 20. dxc5 { [%eval 0.15] [%clk 0:04:02] } 20...
Ne7 $6 { [%eval 1.05] [%clk 0:08:01] } 21. c4 { [%eval 1.03] [%clk 0:03:59] }
21... Be6 { [%eval 1.09] [%clk 0:07:56] } 22. cxd5 $6
{ [%eval 0.21] [%clk 0:03:58] } 22... Bxd5 { [%eval 0.44] [%clk 0:07:50] } 23.
Bxd5 { [%eval 0.18] [%clk 0:03:56] } 23... Nxd5 { [%eval 0.28] [%clk 0:07:45] }
24. Qb3 { [%eval 0.0] [%clk 0:03:46] } 24... Qc7
{ [%eval 0.18] [%clk 0:07:34] } 25. Rad1 { [%eval 0.03] [%clk 0:03:41] } 25...
Rfe8 { [%eval 0.03] [%clk 0:07:30] } 26. g3 { [%eval 0.04] [%clk 0:03:19] }
26... a5 { [%eval 0.28] [%clk 0:07:03] } 27. Nd4 { [%eval 0.0] [%clk 0:03:12] }
27... axb4 { [%eval 0.0] [%clk 0:06:36] } 28. axb4
{ [%eval 0.0] [%clk 0:03:10] } 28... g6 { [%eval 0.0] [%clk 0:06:18] } 29. Qf3
$6 { [%eval -0.85] [%clk 0:02:50] } 29... Kg7 $6 { [%eval 0.0] [%clk 0:06:01] }
30. Qg4 { [%eval -0.02] [%clk 0:02:41] } 30... Nf6 $2
{ [%eval 1.62] [%clk 0:05:46] } 31. Qf3 $2 { [%eval -0.3] [%clk 0:02:13] }
1/2-1/2"
Rated Rapid tournament https://lichess.org/tournament/DsgKQQdY,https://lichess.org/WFcOljza,2024.08.01,-,Oessiblunder,dazcat,0-1,2024.08.01,08:46:46,1402,1729,,,B00,Nimzowitsch Defense: Franco-Nimzowitsch Variation,600+0,Normal,"1. Nf3 { [%clk 0:10:00] } 1... e6 { [%clk 0:10:00] } 2. e4 { [%clk 0:09:58] }
2... Nc6 { [%clk 0:09:58] } 3. Nc3 { [%clk 0:09:55] } 3... h6
{ [%clk 0:09:56] } 4. d4 { [%clk 0:09:48] } 4... d5 { [%clk 0:09:46] } 5. e5
{ [%clk 0:09:40] } 5... Nge7 { [%clk 0:09:43] } 6. h4 { [%clk 0:09:33] } 6...
Nf5 { [%clk 0:09:05] } 7. g3 { [%clk 0:09:20] } 7... Bb4 { [%clk 0:09:03] } 8.
Bd2 { [%clk 0:09:17] } 8... Ba5 { [%clk 0:09:02] } 9. Ne2 { [%clk 0:08:51] }
9... Bb6 { [%clk 0:08:59] } 10. c3 { [%clk 0:08:48] } 10... Nfe7
{ [%clk 0:08:47] } 11. Nf4 { [%clk 0:08:38] } 11... a6 { [%clk 0:08:28] } 12.
Qc2 { [%clk 0:08:16] } 12... Na7 { [%clk 0:08:25] } 13. Bd3 { [%clk 0:08:13] }
13... Bd7 { [%clk 0:08:21] } 14. Nh5 { [%clk 0:07:41] } 14... Kf8
{ [%clk 0:07:41] } 15. Nf4 { [%clk 0:07:23] } 15... c5 { [%clk 0:07:38] } 16.
Be3 { [%clk 0:07:07] } 16... c4 { [%clk 0:07:33] } 17. Be2 { [%clk 0:07:06] }
17... Bc7 { [%clk 0:07:28] } 18. b3 { [%clk 0:07:00] } 18... b5
{ [%clk 0:07:16] } 19. bxc4 { [%clk 0:06:57] } 19... dxc4 { [%clk 0:07:07] }
20. O-O { [%clk 0:06:53] } 20... Bc6 { [%clk 0:07:02] } 21. Rad1
{ [%clk 0:06:20] } 21... Nd5 { [%clk 0:06:56] } 22. Nxd5 { [%clk 0:06:18] }
22... Qxd5 { [%clk 0:06:52] } 23. Qb2 { [%clk 0:05:51] } 23... Nc8
{ [%clk 0:06:42] } 24. Qb4+ { [%clk 0:05:18] } 24... Kg8 { [%clk 0:06:38] } 25.
Qc5 { [%clk 0:05:00] } 25... Qd7 { [%clk 0:06:18] } 26. Qa3 { [%clk 0:04:40] }
26... Bb6 { [%clk 0:06:11] } 27. Bf4 { [%clk 0:04:29] } 27... Qd5
{ [%clk 0:06:09] } 28. Kg2 { [%clk 0:04:13] } 28... Ne7 { [%clk 0:04:10] } 29.
Qxe7 { [%clk 0:04:01] } 29... a5 { [%clk 0:03:40] } 30. Qa3 { [%clk 0:03:58] }
30... Kh7 { [%clk 0:03:38] } 31. Qb2 { [%clk 0:03:50] } 31... b4
{ [%clk 0:03:35] } 32. Qc2+ { [%clk 0:03:49] } 32... g6 { [%clk 0:03:34] } 33.
cxb4 { [%clk 0:03:44] } 33... Bb5 { [%clk 0:03:25] } 34. Qc3 { [%clk 0:03:34] }
34... Rhc8 { [%clk 0:03:17] } 35. Kg1 { [%clk 0:03:20] } 35... axb4
{ [%clk 0:03:10] } 36. Qxb4 { [%clk 0:03:03] } 36... Rxa2 { [%clk 0:03:04] }
37. Rd2 { [%clk 0:02:53] } 37... Ba5 { [%clk 0:03:01] } 38. Qb1
{ [%clk 0:02:02] } 38... Ra3 { [%clk 0:02:55] } 39. Kg2 { [%clk 0:01:48] }
39... Bxd2 { [%clk 0:02:44] } 40. Bxd2 { [%clk 0:01:42] } 40... Rca8
{ [%clk 0:02:26] } 41. Kh3 { [%clk 0:01:00] } 41... Bc6 { [%clk 0:02:19] } 42.
Ng5+ { [%clk 0:00:53] } 42... hxg5 { [%clk 0:02:15] } 43. Bxg5
{ [%clk 0:00:51] } 43... Qg2+ { [%clk 0:02:07] } 44. Kg4 { [%clk 0:00:47] }
44... Bd5 { [%clk 0:01:26] } 45. Qb7 { [%clk 0:00:22] } 0-1"
Rated Rapid game,https://lichess.org/hYmyXB0N,2024.08.01,-,farhat1957,Mkmt2025,1-0,2024.08.01,08:46:57,1712,1682,,,B01,Scandinavian Defense: Valencian Variation,600+0,Time forfeit,"1. e4 { [%clk 0:10:00] } 1... d5 { [%clk 0:10:00] } 2. exd5 { [%clk 0:09:58] }
2... Qxd5 { [%clk 0:09:59] } 3. Nc3 { [%clk 0:09:58] } 3... Qd8
{ [%clk 0:09:58] } 4. Bc4 { [%clk 0:09:54] } 4... e6 { [%clk 0:09:53] } 5. d3
{ [%clk 0:09:54] } 5... Bc5 { [%clk 0:09:48] } 6. Nf3 { [%clk 0:09:51] } 6...
Nf6 { [%clk 0:09:33] } 7. Bg5 { [%clk 0:09:47] } 7... Bxf2+ { [%clk 0:09:00] }
8. Kxf2 { [%clk 0:09:42] } 8... Ng4+ { [%clk 0:08:59] } 9. Kg3
{ [%clk 0:09:30] } 9... Nf6 { [%clk 0:08:40] } 10. Re1 { [%clk 0:09:24] } 10...
h6 { [%clk 0:08:36] } 11. Bd2 { [%clk 0:09:15] } 11... Nc6 { [%clk 0:08:16] }
12. h3 { [%clk 0:09:10] } 12... Qd6+ { [%clk 0:07:41] } 13. Kf2
{ [%clk 0:08:53] } 13... Nd4 { [%clk 0:07:27] } 14. Nxd4 { [%clk 0:08:42] }
14... Qxd4+ { [%clk 0:07:25] } 15. Be3 { [%clk 0:08:40] } 15... Qh4+
{ [%clk 0:07:22] } 16. Kg1 { [%clk 0:08:32] } 16... O-O { [%clk 0:07:09] } 17.
Bf2 { [%clk 0:08:29] } 17... Qf4 { [%clk 0:07:01] } 18. Ne2 { [%clk 0:08:23] }
18... Qg5 { [%clk 0:06:36] } 19. Bg3 { [%clk 0:08:19] } 19... Nh5
{ [%clk 0:06:31] } 20. Bxc7 { [%clk 0:08:12] } 20... e5 { [%clk 0:06:21] } 21.
Nc3 { [%clk 0:07:54] } 21... Bxh3 { [%clk 0:06:09] } 22. Qf3 { [%clk 0:07:44] }
22... Bg4 { [%clk 0:05:12] } 23. Qxb7 { [%clk 0:07:31] } 23... Rae8
{ [%clk 0:04:47] } 24. Ne4 { [%clk 0:06:54] } 24... Qf4 { [%clk 0:03:58] } 25.
Rf1 { [%clk 0:06:51] } 25... Qe3+ { [%clk 0:03:51] } 26. Rf2 { [%clk 0:06:28] }
26... Kh8 { [%clk 0:03:22] } 27. Bd6 { [%clk 0:06:05] } 27... Bc8
{ [%clk 0:02:17] } 28. Qc7 { [%clk 0:05:31] } 28... Nf4 { [%clk 0:01:38] } 29.
Bxf8 { [%clk 0:05:14] } 29... Rxf8 { [%clk 0:01:35] } 30. Qxe5
{ [%clk 0:04:28] } 30... Nxg2 { [%clk 0:00:57] } 31. Kxg2 { [%clk 0:04:16] }
31... Qh3+ { [%clk 0:00:45] } 32. Kg1 { [%clk 0:04:15] } 32... Qg4+
{ [%clk 0:00:39] } 33. Qg3 { [%clk 0:04:11] } 33... Qh5 { [%clk 0:00:31] } 34.
Rh2 { [%clk 0:04:05] } 34... Qf5 { [%clk 0:00:26] } 35. Rf1 { [%clk 0:03:55] }
35... Qa5 { [%clk 0:00:17] } 36. Rxf7 { [%clk 0:03:42] } 36... Rxf7
{ [%clk 0:00:12] } 37. Bxf7 { [%clk 0:03:40] } 37... Qxa2 { [%clk 0:00:03] }
38. Bxa2 { [%clk 0:03:38] } 1-0"
Rated Rapid game,https://lichess.org/kUAwbzt2,2024.08.01,-,AphofisIV,Alaa2000111,1-0,2024.08.01,08:46:53,1859,1835,,,C60,Ruy Lopez,600+0,Normal,"1. e4 { [%clk 0:10:00] } 1... e5 { [%clk 0:10:00] } 2. Nf3 { [%clk 0:09:58] }
2... Nc6 { [%clk 0:09:57] } 3. Bb5 { [%clk 0:09:57] } 3... Qf6
{ [%clk 0:09:52] } 4. Bxc6 { [%clk 0:09:54] } 4... dxc6 { [%clk 0:09:52] } 5.
h3 { [%clk 0:09:53] } 5... h6 { [%clk 0:09:51] } 6. d3 { [%clk 0:09:52] } 6...
Ne7 { [%clk 0:09:49] } 7. O-O { [%clk 0:09:50] } 7... Ng6 { [%clk 0:09:47] } 8.
c4 { [%clk 0:09:47] } 8... Be6 { [%clk 0:09:31] } 9. Nc3 { [%clk 0:09:45] }
9... O-O-O { [%clk 0:09:29] } 10. b4 { [%clk 0:09:43] } 10... Bxc4
{ [%clk 0:09:25] } 11. Qa4 { [%clk 0:09:36] } 11... Ba6 { [%clk 0:09:17] } 12.
b5 { [%clk 0:09:25] } 12... cxb5 { [%clk 0:09:15] } 13. Nxb5 { [%clk 0:09:24] }
13... Bc5 { [%clk 0:08:25] } 14. Be3 { [%clk 0:09:19] } 14... Bxe3
{ [%clk 0:08:00] } 15. fxe3 { [%clk 0:09:17] } 15... Qb6 { [%clk 0:07:59] } 16.
Rab1 { [%clk 0:09:03] } 16... Bxb5 { [%clk 0:07:54] } 17. Qxb5
{ [%clk 0:09:00] } 17... Qxe3+ { [%clk 0:07:44] } 18. Kh1 { [%clk 0:08:57] }
18... Qb6 { [%clk 0:07:36] } 19. Qa4 { [%clk 0:08:47] } 19... Qd4
{ [%clk 0:07:19] } 20. Nxd4 { [%clk 0:08:43] } 20... Rxd4 { [%clk 0:07:19] }
21. Qxa7 { [%clk 0:08:39] } 21... Kd7 { [%clk 0:07:16] } 22. Qxb7
{ [%clk 0:08:35] } 22... Rd8 { [%clk 0:07:10] } 23. Rxf7+ { [%clk 0:08:30] }
23... Ke6 { [%clk 0:07:07] } 24. Rxg7 { [%clk 0:08:27] } 24... Nf4
{ [%clk 0:07:05] } 25. Qxc7 { [%clk 0:08:12] } 25... Rxd3 { [%clk 0:06:54] }
26. Qe7# { [%clk 0:08:07] } 1-0"
Rated Rapid game,https://lichess.org/JEC18O2g,2024.08.01,-,DeinAndrei_99,nazzz,1-0,2024.08.01,08:46:53,1785,1764,,,C42,Russian Game: Classical Attack,600+0,Normal,"1. e4 { [%eval 0.15] [%clk 0:10:00] } 1... e5 { [%eval 0.21] [%clk 0:10:00] }
2. Nf3 { [%eval 0.11] [%clk 0:09:59] } 2... Nf6 { [%eval 0.3] [%clk 0:09:59] }
3. d4 { [%eval 0.24] [%clk 0:09:57] } 3... Nxe4 { [%eval 0.25] [%clk 0:09:57] }
4. Nxe5 { [%eval 0.22] [%clk 0:09:55] } 4... d6 { [%eval 0.36] [%clk 0:09:56] }
5. Nf3 { [%eval 0.28] [%clk 0:09:25] } 5... Bg4 { [%eval 0.52] [%clk 0:09:50] }
6. Bd3 { [%eval 0.5] [%clk 0:09:05] } 6... d5 { [%eval 0.45] [%clk 0:09:33] }
7. c4 $6 { [%eval -0.22] [%clk 0:08:53] } 7... Bb4+
{ [%eval -0.29] [%clk 0:08:15] } 8. Nc3 $4 { [%eval -3.49] [%clk 0:08:27] }
8... Nxc3 { [%eval -3.7] [%clk 0:08:13] } 9. bxc3
{ [%eval -3.51] [%clk 0:08:16] } 9... Bxc3+ { [%eval -3.39] [%clk 0:08:13] }
10. Bd2 { [%eval -3.37] [%clk 0:08:08] } 10... Bxd4 $2
{ [%eval -0.69] [%clk 0:08:11] } 11. Qe2+ { [%eval -0.62] [%clk 0:07:54] }
11... Qe7 $4 { [%eval 4.16] [%clk 0:08:08] } 12. Qxe7+
{ [%eval 4.11] [%clk 0:07:08] } 12... Kxe7 { [%eval 4.03] [%clk 0:08:08] } 13.
Nxd4 { [%eval 4.05] [%clk 0:07:06] } 13... Re8 { [%eval 4.73] [%clk 0:08:03] }
14. O-O { [%eval 4.91] [%clk 0:06:44] } 14... dxc4
{ [%eval 5.0] [%clk 0:07:55] } 15. Bxc4 { [%eval 4.61] [%clk 0:06:42] } 15...
Kf8 { [%eval 4.6] [%clk 0:07:52] } 16. Bb4+ { [%eval 4.45] [%clk 0:06:32] }
16... Kg8 { [%eval 4.25] [%clk 0:07:49] } 17. Nb5
{ [%eval 3.51] [%clk 0:06:25] } 17... Na6 { [%eval 3.59] [%clk 0:07:45] } 18.
Ba3 { [%eval 3.28] [%clk 0:06:04] } 18... c6 $2 { [%eval 4.91] [%clk 0:07:39] }
19. Nd6 { [%eval 4.99] [%clk 0:05:57] } 19... Re7
{ [%eval 4.89] [%clk 0:07:27] } 20. Bxa6 { [%eval 4.29] [%clk 0:05:48] } 20...
bxa6 { [%eval 4.34] [%clk 0:07:24] } 21. Rac1 { [%eval 3.59] [%clk 0:05:33] }
21... Rd8 { [%eval 4.47] [%clk 0:07:19] } 22. Rxc6
{ [%eval 3.92] [%clk 0:05:21] } 22... Red7 { [%eval 4.66] [%clk 0:07:10] } 23.
Rxa6 $2 { [%eval 1.81] [%clk 0:05:18] } 23... Be2
{ [%eval 1.87] [%clk 0:07:09] } 24. Rc6 { [%eval 1.79] [%clk 0:04:56] } 24...
Bxf1 { [%eval 1.78] [%clk 0:07:04] } 25. Kxf1 { [%eval 1.86] [%clk 0:04:54] }
25... h6 { [%eval 1.97] [%clk 0:06:58] } 26. Bb4
{ [%eval 1.73] [%clk 0:04:33] } 26... a5 { [%eval 1.87] [%clk 0:06:51] } 27.
Bc5 { [%eval 2.03] [%clk 0:04:25] } 27... Kf8 $4
{ [%eval 5.45] [%clk 0:06:39] } 28. Nb7+ { [%eval 5.31] [%clk 0:04:21] } 28...
Ke8 { [%eval 5.53] [%clk 0:06:35] } 29. Nxd8 { [%eval 5.37] [%clk 0:04:19] }
29... Kxd8 { [%eval 6.42] [%clk 0:06:35] } 30. Ra6
{ [%eval 5.69] [%clk 0:04:16] } 30... Rd5 { [%eval 6.47] [%clk 0:06:33] } 31.
Bb6+ { [%eval 5.58] [%clk 0:04:14] } 31... Kc8 { [%eval 5.81] [%clk 0:06:31] }
32. Rxa5 { [%eval 5.76] [%clk 0:04:12] } 32... Kb7 $2
{ [%eval 8.33] [%clk 0:06:30] } 33. Rxd5 { [%eval 8.37] [%clk 0:04:11] } 1-0"
Rated Rapid game,https://lichess.org/m1xAv7UF,2024.08.01,-,waychess2024,JN90Nour,0-1,2024.08.01,08:46:53,1507,1528,,,B50,Sicilian Defense,600+0,Normal,"1. e4 { [%eval 0.15] [%clk 0:10:00] } 1... c5 { [%eval 0.25] [%clk 0:10:00] }
2. Nf3 { [%eval 0.22] [%clk 0:09:59] } 2... d6 { [%eval 0.26] [%clk 0:09:58] }
3. d4 { [%eval 0.26] [%clk 0:09:58] } 3... cxd4 { [%eval 0.31] [%clk 0:09:56] }
4. Nxd4 { [%eval 0.18] [%clk 0:09:57] } 4... a6 { [%eval 0.55] [%clk 0:09:55] }
5. Bd3 { [%eval 0.17] [%clk 0:09:56] } 5... e5 { [%eval 0.57] [%clk 0:09:54] }
6. Nf3 { [%eval 0.76] [%clk 0:09:55] } 6... Nc6 { [%eval 0.63] [%clk 0:09:51] }
7. Nc3 { [%eval 0.19] [%clk 0:09:54] } 7... Nf6 { [%eval 0.28] [%clk 0:09:48] }
8. Bg5 { [%eval 0.28] [%clk 0:09:49] } 8... Be7 { [%eval 0.26] [%clk 0:09:41] }
9. Bxf6 { [%eval 0.24] [%clk 0:09:43] } 9... Bxf6
{ [%eval 0.28] [%clk 0:09:39] } 10. Nd5 { [%eval 0.28] [%clk 0:09:43] } 10...
O-O { [%eval 0.26] [%clk 0:09:28] } 11. Qd2 { [%eval 0.31] [%clk 0:09:36] }
11... Be6 { [%eval 0.26] [%clk 0:09:25] } 12. O-O-O
{ [%eval -0.26] [%clk 0:09:29] } 12... Bg4 $6 { [%eval 0.54] [%clk 0:09:12] }
13. h3 $6 { [%eval -0.42] [%clk 0:09:15] } 13... Bxf3
{ [%eval -0.45] [%clk 0:09:10] } 14. gxf3 { [%eval -0.42] [%clk 0:09:14] }
14... Bg5 { [%eval -0.48] [%clk 0:09:09] } 15. Ne3
{ [%eval -0.53] [%clk 0:09:10] } 15... d5 $2 { [%eval 1.76] [%clk 0:08:52] }
16. Kb1 $4 { [%eval -3.58] [%clk 0:09:08] } 16... d4
{ [%eval -3.52] [%clk 0:08:49] } 17. h4 { [%eval -3.5] [%clk 0:09:00] } 17...
dxe3 { [%eval -3.48] [%clk 0:08:46] } 18. fxe3 { [%eval -3.42] [%clk 0:08:58] }
18... Bh6 { [%eval -3.45] [%clk 0:08:39] } 19. Qf2
{ [%eval -3.54] [%clk 0:08:31] } 19... Qb6 { [%eval -3.66] [%clk 0:08:28] } 20.
Rde1 { [%eval -3.96] [%clk 0:08:14] } 20... Rad8
{ [%eval -3.97] [%clk 0:08:16] } 21. f4 $2 { [%eval -5.49] [%clk 0:08:03] }
21... exf4 { [%eval -5.47] [%clk 0:08:12] } 22. Qf3
{ [%eval -5.71] [%clk 0:07:46] } 22... fxe3 { [%eval -5.59] [%clk 0:08:03] }
23. h5 { [%eval -5.78] [%clk 0:07:42] } 23... Ne5
{ [%eval -5.73] [%clk 0:07:58] } 24. Qg3 { [%eval -6.0] [%clk 0:06:36] } 24...
Nxd3 { [%eval -6.07] [%clk 0:07:52] } 25. cxd3 { [%eval -6.61] [%clk 0:06:34] }
25... Rxd3 { [%eval -6.47] [%clk 0:07:41] } 26. Rhg1
{ [%eval -6.87] [%clk 0:06:19] } 26... g6 { [%eval -6.61] [%clk 0:07:37] } 27.
hxg6 { [%eval -7.19] [%clk 0:06:17] } 27... fxg6
{ [%eval -6.75] [%clk 0:07:31] } 28. Rc1 { [%eval -9.02] [%clk 0:06:00] } 28...
Bg7 { [%eval -7.94] [%clk 0:07:27] } 29. Qh3 $2 { [%eval #-1] [%clk 0:05:37] }
29... Qxb2# { [%clk 0:07:22] } 0-1"
Rated Rapid game,https://lichess.org/CyXEkGjP,2024.08.01,-,Aspar_14,Surya130499,1-0,2024.08.01,08:46:53,1134,1147,,,C57,"Italian Game: Two Knights Defense, Knight Attack",600+0,Normal,"1. e4 { [%clk 0:10:00] } 1... e5 { [%clk 0:10:00] } 2. Nf3 { [%clk 0:09:59] }
2... Nc6 { [%clk 0:10:00] } 3. Bc4 { [%clk 0:09:57] } 3... Nf6
{ [%clk 0:10:00] } 4. Ng5 { [%clk 0:09:55] } 4... h6 { [%clk 0:09:58] } 5. Nxf7
{ [%clk 0:09:54] } 5... Qe7 { [%clk 0:09:46] } 6. Nxh8 { [%clk 0:09:52] } 6...
Qc5 { [%clk 0:09:43] } 7. Bf7+ { [%clk 0:09:40] } 7... Ke7 { [%clk 0:09:41] }
8. Bd5 { [%clk 0:09:31] } 8... Ng4 { [%clk 0:09:39] } 9. Ng6+
{ [%clk 0:09:13] } 9... Kf6 { [%clk 0:09:36] } 10. O-O { [%clk 0:08:55] } 10...
Kxg6 { [%clk 0:09:32] } 11. Qxg4+ { [%clk 0:08:51] } 11... Kf6
{ [%clk 0:09:26] } 12. Qf5+ { [%clk 0:08:47] } 12... Ke7 { [%clk 0:09:21] } 13.
Qf7+ { [%clk 0:08:33] } 13... Kd8 { [%clk 0:09:15] } 14. c3 { [%clk 0:07:48] }
14... Ne7 { [%clk 0:09:04] } 15. Qxf8# { [%clk 0:07:39] } 1-0"
Rated Rapid game,https://lichess.org/7sUpAEyK,2024.08.01,-,skiran25,naderbeigi62,1-0,2024.08.01,08:46:53,1552,1536,,,C50,"Italian Game: Classical Variation, Albin Gambit",600+0,Normal,"1. c3 { [%clk 0:10:00] } 1... e5 { [%clk 0:10:00] } 2. e4 { [%clk 0:09:59] }
2... Nf6 { [%clk 0:09:57] } 3. Nf3 { [%clk 0:09:58] } 3... Nc6
{ [%clk 0:09:54] } 4. Bc4 { [%clk 0:09:56] } 4... Bc5 { [%clk 0:09:48] } 5. O-O
{ [%clk 0:09:55] } 5... O-O { [%clk 0:09:46] } 6. d4 { [%clk 0:09:53] } 6...
exd4 { [%clk 0:09:41] } 7. cxd4 { [%clk 0:09:51] } 7... Bb6 { [%clk 0:09:36] }
8. Bg5 { [%clk 0:09:50] } 8... Qe8 { [%clk 0:09:17] } 9. e5 { [%clk 0:09:49] }
9... Nh5 { [%clk 0:09:09] } 10. Nc3 { [%clk 0:09:39] } 10... Kh8
{ [%clk 0:09:07] } 11. Bh4 { [%clk 0:09:23] } 11... f6 { [%clk 0:09:04] } 12.
exf6 { [%clk 0:09:19] } 12... Nxf6 { [%clk 0:09:02] } 13. Ng5
{ [%clk 0:09:12] } 13... Na5 { [%clk 0:08:52] } 14. Nf7+ { [%clk 0:09:09] }
14... Kg8 { [%clk 0:08:47] } 15. Nd6+ { [%clk 0:09:08] } 15... Nxc4
{ [%clk 0:08:44] } 16. Nxe8 { [%clk 0:09:07] } 1-0"
Rated Rapid game,https://lichess.org/H7Y1xKCN,2024.08.01,-,Skyzeem,patheticgamer,1-0,2024.08.01,08:46:53,1762,1752,,,C00,French Defense: Knight Variation,600+0,Normal,"1. e4 { [%clk 0:10:00] } 1... e6 { [%clk 0:10:00] } 2. Nf3 { [%clk 0:09:59] }
2... d5 { [%clk 0:09:59] } 3. exd5 { [%clk 0:09:58] } 3... exd5
{ [%clk 0:09:58] } 4. d4 { [%clk 0:09:58] } 4... c6 { [%clk 0:09:57] } 5. Nc3
{ [%clk 0:09:56] } 5... Bd6 { [%clk 0:09:56] } 6. Bd3 { [%clk 0:09:55] } 6...
Nf6 { [%clk 0:09:55] } 7. Qe2+ { [%clk 0:09:53] } 7... Be6 { [%clk 0:09:53] }
8. Bf5 { [%clk 0:09:50] } 8... Qd7 { [%clk 0:09:47] } 9. Bxe6
{ [%clk 0:09:49] } 9... fxe6 { [%clk 0:09:45] } 10. Ng5 { [%clk 0:09:42] } 1-0"
Rated Rapid game,https://lichess.org/gwnfgSSw,2024.08.01,-,DaN41KZ,sycamoresnake,0-1,2024.08.01,08:46:53,1058,1062,,,C00,French Defense: Normal Variation,600+0,Normal,"1. e4 { [%clk 0:10:00] } 1... e6 { [%clk 0:10:00] } 2. d4 { [%clk 0:09:58] }
2... Ne7 { [%clk 0:09:57] } 3. Nf3 { [%clk 0:09:57] } 3... d5
{ [%clk 0:09:56] } 4. e5 { [%clk 0:09:54] } 4... c6 { [%clk 0:09:55] } 5. Bg5
{ [%clk 0:09:42] } 5... h6 { [%clk 0:09:52] } 6. Bf4 { [%clk 0:09:37] } 6...
Ng6 { [%clk 0:09:49] } 7. Be3 { [%clk 0:09:23] } 7... Bb4+ { [%clk 0:09:41] }
8. Nbd2 { [%clk 0:09:15] } 8... Bxd2+ { [%clk 0:09:38] } 9. Qxd2
{ [%clk 0:09:13] } 9... a5 { [%clk 0:09:37] } 10. O-O-O { [%clk 0:09:11] }
10... b6 { [%clk 0:09:36] } 11. h3 { [%clk 0:09:00] } 11... Ba6
{ [%clk 0:09:34] } 12. Bxa6 { [%clk 0:08:55] } 12... Nxa6 { [%clk 0:09:33] }
13. g4 { [%clk 0:08:50] } 13... Nh4 { [%clk 0:09:27] } 14. Qe2
{ [%clk 0:08:33] } 14... Nxf3 { [%clk 0:09:25] } 15. Qxf3 { [%clk 0:08:31] }
15... O-O { [%clk 0:09:21] } 16. Rdg1 { [%clk 0:08:24] } 16... Nb4
{ [%clk 0:09:18] } 17. Kb1 { [%clk 0:08:20] } 17... a4 { [%clk 0:09:17] } 18.
a3 { [%clk 0:08:16] } 18... Na6 { [%clk 0:09:03] } 19. g5 { [%clk 0:08:14] }
19... hxg5 { [%clk 0:09:01] } 20. Rxg5 { [%clk 0:08:08] } 20... f6
{ [%clk 0:08:57] } 21. exf6 { [%clk 0:08:05] } 21... Rxf6 { [%clk 0:08:55] }
22. Rhg1 { [%clk 0:08:01] } 22... Rxf3 { [%clk 0:08:53] } 23. Rxg7+
{ [%clk 0:07:58] } 23... Kh8 { [%clk 0:08:52] } 0-1"
Rated Rapid game,https://lichess.org/7YTkIdXZ,2024.08.01,-,hereismaan,LevonArmChess,1-0,2024.08.01,08:46:53,1294,1311,,,A01,Nimzo-Larsen Attack: Modern Variation,600+0,Normal,"1. b3 { [%clk 0:10:00] } 1... e5 { [%clk 0:10:00] } 2. Bb2 { [%clk 0:09:58] }
2... Nc6 { [%clk 0:09:57] } 3. e3 { [%clk 0:09:56] } 3... d5 { [%clk 0:09:55] }
4. Nf3 { [%clk 0:09:51] } 4... e4 { [%clk 0:09:49] } 5. Nd4 { [%clk 0:09:49] }
5... Nxd4 { [%clk 0:09:44] } 6. Bxd4 { [%clk 0:09:47] } 6... Nf6
{ [%clk 0:09:35] } 7. d3 { [%clk 0:09:31] } 7... c5 { [%clk 0:09:26] } 8. Bb2
{ [%clk 0:09:22] } 8... d4 { [%clk 0:09:11] } 9. exd4 { [%clk 0:09:03] } 9...
cxd4 { [%clk 0:09:07] } 10. dxe4 { [%clk 0:09:00] } 10... Nxe4
{ [%clk 0:09:00] } 11. Bxd4 { [%clk 0:08:49] } 11... Bb4+ { [%clk 0:08:55] }
12. c3 { [%clk 0:08:33] } 12... Bf8 { [%clk 0:07:58] } 13. Bd3
{ [%clk 0:08:18] } 13... Bf5 { [%clk 0:07:21] } 14. Qf3 { [%clk 0:08:11] }
14... Qe7 { [%clk 0:06:52] } 15. O-O { [%clk 0:08:05] } 15... Bg6
{ [%clk 0:06:37] } 16. Re1 { [%clk 0:08:04] } 16... f5 { [%clk 0:06:20] } 17.
Nd2 { [%clk 0:07:45] } 17... Qa3 { [%clk 0:06:10] } 18. Nc4 { [%clk 0:07:26] }
18... Qa6 { [%clk 0:05:29] } 19. Nd6+ { [%clk 0:07:23] } 19... Qxd6
{ [%clk 0:05:23] } 20. Bb5+ { [%clk 0:06:42] } 20... Kf7 { [%clk 0:05:06] } 21.
Bc4+ { [%clk 0:06:31] } 21... Ke7 { [%clk 0:04:43] } 22. b4 { [%clk 0:06:20] }
22... Kd8 { [%clk 0:04:24] } 23. Rad1 { [%clk 0:06:15] } 23... Qc6
{ [%clk 0:03:48] } 24. Bb3 { [%clk 0:05:26] } 24... Nxc3 { [%clk 0:03:40] } 25.
Bxc3+ { [%clk 0:05:20] } 25... Kc8 { [%clk 0:03:37] } 26. Be6+
{ [%clk 0:05:13] } 26... Kb8 { [%clk 0:03:33] } 27. Be5+ { [%clk 0:05:08] }
27... Bd6 { [%clk 0:03:24] } 28. Bxd6+ { [%clk 0:05:02] } 28... Qc7
{ [%clk 0:03:22] } 29. Bxc7+ { [%clk 0:04:56] } 29... Kxc7 { [%clk 0:03:21] }
30. Qc3+ { [%clk 0:04:48] } 30... Kb6 { [%clk 0:03:19] } 31. Qc5+
{ [%clk 0:04:41] } 31... Ka6 { [%clk 0:03:18] } 32. Rd6+ { [%clk 0:04:39] } 1-0"
Rated Rapid game,https://lichess.org/Cx5vnUsj,2024.08.01,-,alihaji83,ffitz,0-1,2024.08.01,08:46:53,1188,1500,,,C42,Russian Game: Three Knights Game,600+0,Normal,"1. e4 { [%eval 0.15] [%clk 0:10:00] } 1... e5 { [%eval 0.21] [%clk 0:10:00] }
2. Nc3 { [%eval 0.1] [%clk 0:09:59] } 2... Nf6 { [%eval 0.17] [%clk 0:09:59] }
3. Nf3 { [%eval 0.07] [%clk 0:09:57] } 3... Bc5 $6
{ [%eval 0.96] [%clk 0:09:57] } 4. Nxe5 { [%eval 0.89] [%clk 0:09:57] } 4...
Nc6 $6 { [%eval 1.5] [%clk 0:09:56] } 5. Nxc6 { [%eval 1.36] [%clk 0:09:54] }
5... dxc6 { [%eval 1.47] [%clk 0:09:56] } 6. Bc4 $2
{ [%eval -0.55] [%clk 0:09:52] } 6... Ng4 { [%eval -0.31] [%clk 0:09:51] } 7.
Qf3 { [%eval -0.77] [%clk 0:09:48] } 7... Ne5 { [%eval -0.77] [%clk 0:09:38] }
8. Qf4 $4 { [%eval -3.88] [%clk 0:09:41] } 8... Nxc4
{ [%eval -3.79] [%clk 0:09:34] } 9. O-O { [%eval -4.42] [%clk 0:09:33] } 9...
O-O { [%eval -4.47] [%clk 0:08:45] } 10. e5 { [%eval -4.52] [%clk 0:09:31] }
10... Nb6 { [%eval -4.61] [%clk 0:08:38] } 11. a3
{ [%eval -4.9] [%clk 0:09:26] } 11... Be7 { [%eval -5.07] [%clk 0:08:27] } 12.
b4 { [%eval -5.27] [%clk 0:09:24] } 12... Bg5 { [%eval -4.79] [%clk 0:08:14] }
13. Qg3 { [%eval -4.86] [%clk 0:09:18] } 13... Nd5
{ [%eval -4.05] [%clk 0:07:53] } 14. Nxd5 { [%eval -4.14] [%clk 0:09:09] }
14... cxd5 { [%eval -4.11] [%clk 0:07:44] } 15. f4
{ [%eval -4.03] [%clk 0:09:05] } 15... Bh4 { [%eval -4.09] [%clk 0:07:16] } 16.
Qf3 { [%eval -4.12] [%clk 0:08:56] } 16... c6 { [%eval -3.91] [%clk 0:07:04] }
17. Bb2 { [%eval -3.8] [%clk 0:08:52] } 17... Be6 $4
{ [%eval -0.55] [%clk 0:06:57] } 18. f5 { [%eval -0.2] [%clk 0:08:50] } 18...
Bd7 { [%eval 0.21] [%clk 0:06:44] } 19. e6 $4 { [%eval -4.89] [%clk 0:08:40] }
19... fxe6 { [%eval -4.78] [%clk 0:06:39] } 20. fxe6 $2
{ [%eval -6.76] [%clk 0:08:40] } 20... Rxf3 { [%eval -6.77] [%clk 0:06:38] }
0-1"
Rated Rapid game,https://lichess.org/V4VY1kHi,2024.08.01,-,hsn21,romliashter,1-0,2024.08.01,08:46:53,2146,2096,,,A46,"Queen's Pawn Game: Veresov Attack, Classical Defense",600+0,Normal,"1. d4 { [%clk 0:10:00] } 1... d5 { [%clk 0:10:00] } 2. Nf3 { [%clk 0:09:59] }
2... Nf6 { [%clk 0:09:59] } 3. Nc3 { [%clk 0:09:58] } 3... e6
{ [%clk 0:09:58] } 4. Bg5 { [%clk 0:09:57] } 4... Be7 { [%clk 0:09:57] } 5. g3
{ [%clk 0:09:56] } 5... O-O { [%clk 0:09:56] } 6. Bg2 { [%clk 0:09:55] } 6...
c6 { [%clk 0:09:55] } 7. O-O { [%clk 0:09:54] } 7... Nbd7 { [%clk 0:09:54] } 8.
Re1 { [%clk 0:09:53] } 8... h6 { [%clk 0:09:53] } 9. Bf4 { [%clk 0:09:49] }
9... Nh5 { [%clk 0:09:49] } 10. Bd2 { [%clk 0:09:47] } 10... a6
{ [%clk 0:09:47] } 11. e4 { [%clk 0:09:44] } 11... dxe4 { [%clk 0:09:29] } 12.
Nxe4 { [%clk 0:09:44] } 12... Nhf6 { [%clk 0:09:27] } 13. Nxf6+
{ [%clk 0:09:33] } 13... Nxf6 { [%clk 0:09:25] } 14. c3 { [%clk 0:09:29] }
14... Qb6 { [%clk 0:09:22] } 15. Qb3 { [%clk 0:09:26] } 15... Qxb3
{ [%clk 0:09:08] } 16. axb3 { [%clk 0:09:26] } 16... b5 { [%clk 0:09:07] } 17.
Ne5 { [%clk 0:09:24] } 17... c5 { [%clk 0:08:45] } 18. Bxa8 { [%clk 0:09:22] }
1-0"
Rated Rapid game,https://lichess.org/wX76y4BM,2024.08.01,-,pedbashi,aslisunda,1-0,2024.08.01,08:46:53,2013,2033,,,C40,King's Pawn Game: Busch-Gass Gambit,600+0,Time forfeit,"1. e4 { [%clk 0:10:00] } 1... e5 { [%clk 0:10:00] } 2. Nf3 { [%clk 0:09:58] }
2... Bc5 { [%clk 0:09:56] } 3. Bc4 { [%clk 0:09:55] } 3... Nf6
{ [%clk 0:09:54] } 4. c3 { [%clk 0:09:47] } 4... O-O { [%clk 0:09:46] } 5. b4
{ [%clk 0:09:43] } 5... Bxf2+ { [%clk 0:09:40] } 6. Kxf2 { [%clk 0:09:40] }
6... Nxe4+ { [%clk 0:09:38] } 7. Kg1 { [%clk 0:09:34] } 7... d5
{ [%clk 0:09:32] } 8. Bd3 { [%clk 0:08:55] } 8... f5 { [%clk 0:09:18] } 9. Bxe4
{ [%clk 0:08:45] } 9... fxe4 { [%clk 0:09:03] } 10. Nxe5 { [%clk 0:08:16] }
10... Qd6 { [%clk 0:08:59] } 11. d4 { [%clk 0:08:05] } 11... exd3
{ [%clk 0:08:51] } 12. Nxd3 { [%clk 0:07:43] } 12... Bf5 { [%clk 0:08:28] } 13.
Be3 { [%clk 0:07:30] } 13... Nd7 { [%clk 0:08:07] } 14. Na3 { [%clk 0:06:55] }
14... Rae8 { [%clk 0:07:54] } 15. Qd2 { [%clk 0:06:12] } 15... a6
{ [%clk 0:07:32] } 16. Re1 { [%clk 0:05:50] } 16... Re4 { [%clk 0:07:23] } 17.
Nc2 { [%clk 0:05:36] } 17... Bg6 { [%clk 0:06:57] } 18. h4 { [%clk 0:05:08] }
18... Rg4 { [%clk 0:06:18] } 19. Rh2 { [%clk 0:04:33] } 19... Be4
{ [%clk 0:06:10] } 20. Nf2 { [%clk 0:03:50] } 20... Qxh2+ { [%clk 0:05:39] }
21. Kxh2 { [%clk 0:03:37] } 21... Rxg2+ { [%clk 0:05:37] } 22. Kh3
{ [%clk 0:03:11] } 22... Ne5 { [%clk 0:04:18] } 23. Nxe4 { [%clk 0:02:43] }
23... Rxd2 { [%clk 0:04:06] } 24. Nxd2 { [%clk 0:02:41] } 24... h5
{ [%clk 0:03:45] } 25. Bd4 { [%clk 0:02:37] } 25... Ng4 { [%clk 0:03:32] } 26.
Re7 { [%clk 0:02:29] } 26... Rf4 { [%clk 0:03:06] } 27. Rxg7+
{ [%clk 0:02:24] } 27... Kf8 { [%clk 0:03:03] } 28. Rg5 { [%clk 0:02:17] }
28... Nf2+ { [%clk 0:02:19] } 29. Bxf2 { [%clk 0:02:14] } 29... Rxf2
{ [%clk 0:02:16] } 30. Rg2 { [%clk 0:02:05] } 30... Rf5 { [%clk 0:02:03] } 31.
Nd4 { [%clk 0:02:01] } 31... Re5 { [%clk 0:01:56] } 32. N2f3 { [%clk 0:01:58] }
32... Re3 { [%clk 0:01:53] } 33. Rc2 { [%clk 0:01:44] } 33... b6
{ [%clk 0:01:50] } 34. c4 { [%clk 0:01:41] } 34... c5 { [%clk 0:01:47] } 35.
bxc5 { [%clk 0:01:31] } 35... bxc5 { [%clk 0:01:43] } 36. Kg2
{ [%clk 0:01:22] } 36... cxd4 { [%clk 0:01:37] } 37. Nxd4 { [%clk 0:01:20] }
37... Re4 { [%clk 0:01:17] } 38. Nc6 { [%clk 0:01:12] } 38... dxc4
{ [%clk 0:01:07] } 39. Kg3 { [%clk 0:01:08] } 39... Re3+ { [%clk 0:01:01] } 40.
Kf4 { [%clk 0:01:04] } 40... Ra3 { [%clk 0:00:56] } 41. Kg5 { [%clk 0:01:01] }
41... c3 { [%clk 0:00:47] } 42. Kxh5 { [%clk 0:00:57] } 42... Kg7
{ [%clk 0:00:44] } 43. Nb4 { [%clk 0:00:54] } 43... Ra5+ { [%clk 0:00:40] } 44.
Kg4 { [%clk 0:00:52] } 44... Ra4 { [%clk 0:00:37] } 45. a3 { [%clk 0:00:49] }
45... a5 { [%clk 0:00:33] } 46. Rxc3 { [%clk 0:00:46] } 46... axb4
{ [%clk 0:00:31] } 47. axb4 { [%clk 0:00:42] } 47... Rxb4+ { [%clk 0:00:30] }
48. Kg5 { [%clk 0:00:41] } 48... Rb5+ { [%clk 0:00:29] } 49. Kg4
{ [%clk 0:00:40] } 49... Kh6 { [%clk 0:00:26] } 50. Rc6+ { [%clk 0:00:38] }
50... Kh7 { [%clk 0:00:25] } 51. h5 { [%clk 0:00:36] } 51... Kh8
{ [%clk 0:00:23] } 52. h6 { [%clk 0:00:33] } 52... Kh7 { [%clk 0:00:21] } 53.
Kf4 { [%clk 0:00:30] } 53... Kh8 { [%clk 0:00:19] } 54. Kg4 { [%clk 0:00:29] }
54... Kh7 { [%clk 0:00:17] } 55. Rf6 { [%clk 0:00:27] } 55... Kh8
{ [%clk 0:00:16] } 56. Rf5 { [%clk 0:00:25] } 56... Rb6 { [%clk 0:00:14] } 57.
Kg5 { [%clk 0:00:24] } 57... Kh7 { [%clk 0:00:13] } 58. Rf7+ { [%clk 0:00:22] }
58... Kh8 { [%clk 0:00:11] } 59. Rf6 { [%clk 0:00:21] } 59... Rb5+
{ [%clk 0:00:10] } 60. Kg6 { [%clk 0:00:19] } 60... Rb8 { [%clk 0:00:09] } 61.
Re6 { [%clk 0:00:17] } 61... Rf8 { [%clk 0:00:07] } 62. Ra6 { [%clk 0:00:14] }
62... Rd8 { [%clk 0:00:06] } 63. h7 { [%clk 0:00:12] } 63... Re8
{ [%clk 0:00:04] } 64. Rf6 { [%clk 0:00:10] } 64... Rd8 { [%clk 0:00:02] } 65.
Kh6 { [%clk 0:00:08] } 65... Re8 { [%clk 0:00:01] } 66. Rg6 { [%clk 0:00:07] }
66... Rc8 { [%clk 0:00:00] } 67. Ra6 { [%clk 0:00:05] } 1-0"
Rated Rapid game,https://lichess.org/ex8eIDrA,2024.08.01,-,Philipp_Fed,Ahmedzdc,1/2-1/2,2024.08.01,08:46:53,1492,1506,,,C24,Bishop's Opening: Berlin Defense,600+0,Normal,"1. e4 { [%clk 0:10:00] } 1... e5 { [%clk 0:10:00] } 2. Bc4 { [%clk 0:09:58] }
2... Nf6 { [%clk 0:09:57] } 3. d3 { [%clk 0:09:56] } 3... Bc5
{ [%clk 0:09:54] } 4. h3 { [%clk 0:09:53] } 4... d5 { [%clk 0:09:48] } 5. exd5
{ [%clk 0:09:51] } 5... Nxd5 { [%clk 0:09:46] } 6. a4 { [%clk 0:09:47] } 6...
Nb6 { [%clk 0:09:44] } 7. Ba2 { [%clk 0:09:43] } 7... Qf6 { [%clk 0:09:35] } 8.
Qf3 { [%clk 0:09:36] } 8... Qxf3 { [%clk 0:09:26] } 9. Nxf3 { [%clk 0:09:34] }
9... O-O { [%clk 0:09:23] } 10. b3 { [%clk 0:09:29] } 10... Be6
{ [%clk 0:09:19] } 11. O-O { [%clk 0:09:26] } 11... N8d7 { [%clk 0:09:09] } 12.
c3 { [%clk 0:09:21] } 12... a5 { [%clk 0:08:56] } 13. Ba3 { [%clk 0:09:14] }
13... Bxa3 { [%clk 0:08:52] } 14. Nxa3 { [%clk 0:09:12] } 14... Nd5
{ [%clk 0:08:50] } 15. c4 { [%clk 0:08:45] } 15... Nf4 { [%clk 0:08:44] } 16.
d4 { [%clk 0:08:40] } 16... exd4 { [%clk 0:08:30] } 17. Nxd4 { [%clk 0:08:37] }
17... Nxh3+ { [%clk 0:08:19] } 18. gxh3 { [%clk 0:08:35] } 18... Bxh3
{ [%clk 0:08:18] } 19. Rfe1 { [%clk 0:08:33] } 19... f5 { [%clk 0:08:08] } 20.
Re7 { [%clk 0:08:26] } 20... Nc5 { [%clk 0:07:50] } 21. Rxc7 { [%clk 0:07:55] }
21... b6 { [%clk 0:07:48] } 22. Nac2 { [%clk 0:07:35] } 22... Rf6
{ [%clk 0:07:44] } 23. b4 { [%clk 0:07:11] } 23... axb4 { [%clk 0:07:41] } 24.
Nxb4 { [%clk 0:07:09] } 24... Rg6+ { [%clk 0:07:39] } 25. Kh2
{ [%clk 0:07:04] } 25... Rh6 { [%clk 0:07:37] } 26. Kg3 { [%clk 0:07:01] }
26... f4+ { [%clk 0:07:29] } 27. Kxf4 { [%clk 0:06:55] } 27... Rf8+
{ [%clk 0:07:17] } 28. Ke3 { [%clk 0:06:52] } 28... Bg2 { [%clk 0:07:03] } 29.
Nd3 { [%clk 0:06:30] } 29... Rh3+ { [%clk 0:06:58] } 30. Ke2 { [%clk 0:06:22] }
30... Re8+ { [%clk 0:06:47] } 31. Kd2 { [%clk 0:06:11] } 31... Rxd3+
{ [%clk 0:06:45] } 32. Kc2 { [%clk 0:06:07] } 32... Be4 { [%clk 0:06:24] } 33.
Kb2 { [%clk 0:05:54] } 33... Nxa4+ { [%clk 0:06:19] } 34. Kc1
{ [%clk 0:05:48] } 34... Rc3+ { [%clk 0:05:52] } 35. Kd1 { [%clk 0:05:24] }
35... Rd3+ { [%clk 0:05:51] } 36. Kc1 { [%clk 0:05:19] } 36... Rxd4
{ [%clk 0:05:49] } 37. c5+ { [%clk 0:05:12] } 37... Kh8 { [%clk 0:05:40] } 38.
cxb6 { [%clk 0:05:10] } 38... Bf3 { [%clk 0:05:29] } 39. Rb1 { [%clk 0:04:48] }
39... Rd1+ { [%clk 0:05:21] } 40. Kc2 { [%clk 0:04:46] } 40... Be4+
{ [%clk 0:04:58] } 41. Kxd1 { [%clk 0:04:42] } 41... Bxb1 { [%clk 0:04:52] }
42. Bxb1 { [%clk 0:04:40] } 42... Nxb6 { [%clk 0:04:50] } 43. Rb7
{ [%clk 0:04:27] } 43... Nd5 { [%clk 0:04:47] } 44. f3 { [%clk 0:04:21] } 44...
Nc3+ { [%clk 0:04:46] } 45. Kc2 { [%clk 0:04:20] } 45... Rc8 { [%clk 0:04:40] }
46. Kb2 { [%clk 0:04:14] } 46... Na4+ { [%clk 0:04:26] } 47. Ka3
{ [%clk 0:04:11] } 47... Nc5 { [%clk 0:04:23] } 48. Rf7 { [%clk 0:04:04] }
48... Kg8 { [%clk 0:04:13] } 49. Rf5 { [%clk 0:04:00] } 49... Ra8+
{ [%clk 0:04:04] } 50. Kb4 { [%clk 0:03:58] } 50... Rb8+ { [%clk 0:03:54] } 51.
Kxc5 { [%clk 0:03:48] } 51... Rxb1 { [%clk 0:03:52] } 52. Kd5
{ [%clk 0:03:44] } 52... g6 { [%clk 0:03:50] } 53. Rf4 { [%clk 0:03:38] } 53...
Rb5+ { [%clk 0:03:47] } 54. Ke6 { [%clk 0:03:35] } 54... Rb6+
{ [%clk 0:03:14] } 55. Ke7 { [%clk 0:03:25] } 55... Rb7+ { [%clk 0:03:09] } 56.
Ke8 { [%clk 0:03:19] } 56... Rb8+ { [%clk 0:03:06] } 57. Ke7 { [%clk 0:03:17] }
57... Rb7+ { [%clk 0:03:04] } 58. Ke8 { [%clk 0:03:15] } 58... Rb8+
{ [%clk 0:03:01] } 59. Ke7 { [%clk 0:03:13] } 59... Rb7+ { [%clk 0:03:00] }
1/2-1/2"
Rated Rapid game,https://lichess.org/VaZrYGwE,2024.08.01,-,wa7shelzalam365,bibek123physics,1-0,2024.08.01,08:46:58,1443,1413,,,C42,Russian Game,600+0,Normal,"1. e4 { [%clk 0:10:00] } 1... e5 { [%clk 0:10:00] } 2. Nf3 { [%clk 0:09:59] }
2... Nf6 { [%clk 0:10:00] } 3. Bd3 { [%clk 0:09:55] } 3... d6
{ [%clk 0:09:59] } 4. O-O { [%clk 0:09:52] } 4... Nbd7 { [%clk 0:09:57] } 5.
Bb5 { [%clk 0:09:50] } 5... Be7 { [%clk 0:09:55] } 6. Bxd7+ { [%clk 0:09:49] }
6... Bxd7 { [%clk 0:09:53] } 7. d3 { [%clk 0:09:45] } 7... O-O
{ [%clk 0:09:48] } 8. Bg5 { [%clk 0:09:44] } 8... h6 { [%clk 0:09:46] } 9. Bxf6
{ [%clk 0:09:43] } 9... Bxf6 { [%clk 0:09:46] } 10. c3 { [%clk 0:09:42] } 10...
Bg4 { [%clk 0:09:44] } 11. Nbd2 { [%clk 0:09:40] } 11... Bxf3
{ [%clk 0:09:43] } 12. Nxf3 { [%clk 0:09:39] } 12... d5 { [%clk 0:09:39] } 13.
exd5 { [%clk 0:09:31] } 13... Qxd5 { [%clk 0:09:38] } 14. Qe2
{ [%clk 0:09:29] } 14... Rae8 { [%clk 0:09:33] } 15. Qe4 { [%clk 0:09:25] }
15... Qxe4 { [%clk 0:09:29] } 16. dxe4 { [%clk 0:09:24] } 16... c6
{ [%clk 0:09:27] } 17. Rad1 { [%clk 0:09:22] } 17... Rd8 { [%clk 0:09:25] } 18.
Rxd8 { [%clk 0:09:16] } 18... Rxd8 { [%clk 0:09:22] } 19. h4 { [%clk 0:09:10] }
19... Rd2 { [%clk 0:09:20] } 20. Nxd2 { [%clk 0:09:08] } 20... Bxh4
{ [%clk 0:09:11] } 21. g3 { [%clk 0:09:07] } 21... Bf6 { [%clk 0:09:09] } 22.
Nc4 { [%clk 0:09:04] } 22... h5 { [%clk 0:09:08] } 23. Nd6 { [%clk 0:09:03] }
23... h4 { [%clk 0:09:05] } 24. Kg2 { [%clk 0:08:59] } 24... g5
{ [%clk 0:09:01] } 25. Nxb7 { [%clk 0:08:57] } 25... g4 { [%clk 0:08:57] } 26.
Na5 { [%clk 0:08:50] } 26... Kg7 { [%clk 0:08:55] } 27. Nxc6 { [%clk 0:08:49] }
27... Kg6 { [%clk 0:08:55] } 28. Nxa7 { [%clk 0:08:46] } 28... Kg5
{ [%clk 0:08:55] } 29. f4+ { [%clk 0:08:41] } 29... Kh5 { [%clk 0:08:52] } 30.
f5 { [%clk 0:08:34] } 30... hxg3 { [%clk 0:08:37] } 31. Kxg3 { [%clk 0:08:33] }
31... Bh4+ { [%clk 0:08:36] } 32. Kg2 { [%clk 0:08:30] } 32... Bg5
{ [%clk 0:08:29] } 33. Rh1+ { [%clk 0:08:29] } 33... Bh4 { [%clk 0:08:24] } 34.
Nc6 { [%clk 0:08:24] } 34... Kg5 { [%clk 0:08:23] } 35. Nxe5 { [%clk 0:08:22] }
35... g3 { [%clk 0:08:21] } 36. Nxf7+ { [%clk 0:08:21] } 36... Kf4
{ [%clk 0:08:19] } 37. Rxh4+ { [%clk 0:08:17] } 1-0"
Rated Rapid game,https://lichess.org/kctjRe9d,2024.08.01,-,mehranam1993,sideon,0-1,2024.08.01,08:46:58,1763,1728,,,C50,Italian Game: Anti-Fried Liver Defense,600+0,Time forfeit,"1. e4 { [%clk 0:10:00] } 1... e5 { [%clk 0:10:00] } 2. Bc4 { [%clk 0:09:57] }
2... Nc6 { [%clk 0:09:56] } 3. Nf3 { [%clk 0:09:56] } 3... h6
{ [%clk 0:09:53] } 4. d4 { [%clk 0:09:54] } 4... exd4 { [%clk 0:09:45] } 5.
Nxd4 { [%clk 0:09:53] } 5... Ne5 { [%clk 0:09:41] } 6. Bb3 { [%clk 0:09:40] }
6... c5 { [%clk 0:09:35] } 7. Nf3 { [%clk 0:09:34] } 7... c4 { [%clk 0:08:55] }
0-1"
Rated Rapid game,https://lichess.org/8XXSLK4O,2024.08.01,-,HCM_VSC_QUOCBAO2018,tatianaivanov452,0-1,2024.08.01,08:46:58,977,980,,,C20,King's Pawn Game: Wayward Queen Attack,600+0,Normal,"1. e4 { [%clk 0:10:00] } 1... e5 { [%clk 0:10:00] } 2. Qh5 { [%clk 0:09:58] }
2... Qe7 { [%clk 0:09:58] } 3. Nc3 { [%clk 0:09:53] } 3... g6
{ [%clk 0:09:54] } 4. Qe2 { [%clk 0:09:42] } 4... Nc6 { [%clk 0:09:50] } 5. Nf3
{ [%clk 0:09:34] } 5... f5 { [%clk 0:09:48] } 6. exf5 { [%clk 0:09:25] } 6...
gxf5 { [%clk 0:09:44] } 7. Nd5 { [%clk 0:09:22] } 7... Qd8 { [%clk 0:09:32] }
8. Qxe5+ { [%clk 0:09:10] } 8... Nxe5 { [%clk 0:09:29] } 9. Nxe5
{ [%clk 0:09:09] } 9... d6 { [%clk 0:09:22] } 10. Nf3 { [%clk 0:09:01] } 10...
Be6 { [%clk 0:09:10] } 11. c4 { [%clk 0:08:56] } 11... c6 { [%clk 0:09:05] }
12. Nb4 { [%clk 0:08:48] } 12... c5 { [%clk 0:09:02] } 13. Nd3
{ [%clk 0:08:42] } 13... a6 { [%clk 0:08:57] } 14. Be2 { [%clk 0:08:39] } 14...
b5 { [%clk 0:08:55] } 15. cxb5 { [%clk 0:08:33] } 15... axb5 { [%clk 0:08:53] }
16. O-O { [%clk 0:08:30] } 16... c4 { [%clk 0:08:51] } 17. Nb4
{ [%clk 0:08:26] } 17... d5 { [%clk 0:08:44] } 18. h3 { [%clk 0:08:07] } 18...
Bxb4 { [%clk 0:08:41] } 19. Ne5 { [%clk 0:07:56] } 19... Bd6 { [%clk 0:08:36] }
20. Nc6 { [%clk 0:07:51] } 20... Qc8 { [%clk 0:08:22] } 21. Nd4
{ [%clk 0:07:37] } 21... Nf6 { [%clk 0:08:06] } 22. Re1 { [%clk 0:07:30] }
22... Rg8 { [%clk 0:08:04] } 23. a3 { [%clk 0:07:07] } 23... b4
{ [%clk 0:07:52] } 24. Rb1 { [%clk 0:07:01] } 24... bxa3 { [%clk 0:07:49] } 25.
bxa3 { [%clk 0:06:59] } 25... Kd7 { [%clk 0:07:29] } 26. Bf3 { [%clk 0:06:36] }
26... Qe8 { [%clk 0:07:23] } 27. Rb7+ { [%clk 0:06:30] } 27... Bc7
{ [%clk 0:07:14] } 28. Nb5 { [%clk 0:05:59] } 28... Qg6 { [%clk 0:07:06] } 29.
Rxc7+ { [%clk 0:05:51] } 29... Kd8 { [%clk 0:07:00] } 30. Rc6
{ [%clk 0:05:17] } 30... Ra5 { [%clk 0:06:51] } 31. Nc7 { [%clk 0:05:01] }
31... Rxa3 { [%clk 0:06:43] } 32. Nxe6+ { [%clk 0:04:57] } 32... Kd7
{ [%clk 0:06:37] } 33. Nd4 { [%clk 0:04:32] } 33... Rxf3 { [%clk 0:06:32] } 34.
Nxf3 { [%clk 0:04:14] } 34... Qxg2# { [%clk 0:06:30] } 0-1"
Rated Rapid game,https://lichess.org/iwLZlFSi,2024.08.01,-,dirpee,hislim,1-0,2024.08.01,08:46:58,1140,1134,,,C20,King's Pawn Game: Leonardis Variation,600+0,Normal,"1. e4 { [%clk 0:10:00] } 1... e5 { [%clk 0:10:00] } 2. d3 { [%clk 0:09:58] }
2... b5 { [%clk 0:09:55] } 3. f4 { [%clk 0:09:55] } 3... d6 { [%clk 0:09:53] }
4. Nf3 { [%clk 0:09:50] } 4... Bb7 { [%clk 0:09:48] } 5. a3 { [%clk 0:09:45] }
5... h6 { [%clk 0:09:43] } 6. Nc3 { [%clk 0:09:42] } 6... a6 { [%clk 0:09:40] }
7. d4 { [%clk 0:09:29] } 7... g5 { [%clk 0:09:24] } 8. dxe5 { [%clk 0:09:09] }
8... g4 { [%clk 0:09:13] } 9. Nh4 { [%clk 0:08:58] } 9... Qxh4+
{ [%clk 0:09:10] } 10. g3 { [%clk 0:08:53] } 10... Qe7 { [%clk 0:09:03] } 11.
Nd5 { [%clk 0:08:41] } 11... Bxd5 { [%clk 0:08:56] } 12. exd5
{ [%clk 0:08:41] } 12... dxe5 { [%clk 0:08:54] } 13. fxe5 { [%clk 0:08:38] }
13... Qxe5+ { [%clk 0:08:51] } 14. Qe2 { [%clk 0:08:37] } 14... f6
{ [%clk 0:08:39] } 15. Bg2 { [%clk 0:08:35] } 15... b4 { [%clk 0:08:33] } 16.
d6 { [%clk 0:08:32] } 16... Bxd6 { [%clk 0:08:29] } 17. Bxa8 { [%clk 0:08:30] }
17... bxa3 { [%clk 0:08:24] } 18. Qxe5+ { [%clk 0:08:21] } 18... Bxe5
{ [%clk 0:08:22] } 19. Rxa3 { [%clk 0:08:18] } 19... Ne7 { [%clk 0:08:15] } 20.
O-O { [%clk 0:08:06] } 20... O-O { [%clk 0:08:12] } 21. Bxh6 { [%clk 0:07:59] }
21... Rf7 { [%clk 0:08:03] } 22. Bf4 { [%clk 0:07:53] } 22... Nd7
{ [%clk 0:07:55] } 23. Bxe5 { [%clk 0:07:49] } 23... Nxe5 { [%clk 0:07:52] }
24. Rxa6 { [%clk 0:07:46] } 24... f5 { [%clk 0:07:43] } 25. Ra5
{ [%clk 0:07:37] } 25... N7g6 { [%clk 0:07:39] } 26. Bd5 { [%clk 0:07:32] }
26... Nf3+ { [%clk 0:07:13] } 27. Rxf3 { [%clk 0:07:07] } 27... gxf3
{ [%clk 0:07:02] } 28. Bxf7+ { [%clk 0:07:04] } 28... Kxf7 { [%clk 0:07:01] }
29. Rxf5+ { [%clk 0:07:03] } 29... Kg7 { [%clk 0:06:59] } 30. Rxf3
{ [%clk 0:07:03] } 30... Ne5 { [%clk 0:06:57] } 31. Re3 { [%clk 0:07:00] }
31... Nc4 { [%clk 0:06:53] } 32. Re7+ { [%clk 0:06:57] } 32... Kg6
{ [%clk 0:06:51] } 33. Rxc7 { [%clk 0:06:54] } 33... Nxb2 { [%clk 0:06:50] }
34. c4 { [%clk 0:06:49] } 34... Nd3 { [%clk 0:06:43] } 35. c5
{ [%clk 0:06:48] } 35... Ne5 { [%clk 0:06:37] } 36. c6 { [%clk 0:06:40] } 36...
Kh5 { [%clk 0:06:32] } 37. Kf2 { [%clk 0:06:36] } 37... Kg4 { [%clk 0:06:29] }
38. Kg2 { [%clk 0:06:35] } 38... Kg5 { [%clk 0:06:23] } 39. Rg7+
{ [%clk 0:06:31] } 39... Kf6 { [%clk 0:06:21] } 40. c7 { [%clk 0:06:23] } 40...
Kxg7 { [%clk 0:06:12] } 41. c8=Q { [%clk 0:06:21] } 41... Kf6
{ [%clk 0:06:09] } 42. Qf8+ { [%clk 0:06:18] } 42... Kg6 { [%clk 0:06:07] } 43.
Qe8+ { [%clk 0:06:09] } 43... Kf6 { [%clk 0:06:03] } 44. h4 { [%clk 0:06:07] }
44... Ng4 { [%clk 0:05:56] } 45. Qc6+ { [%clk 0:06:03] } 45... Kg7
{ [%clk 0:05:53] } 46. Qd7+ { [%clk 0:05:57] } 46... Kf6 { [%clk 0:05:49] } 1-0"
Rated Rapid game,https://lichess.org/ZaHDHX6H,2024.08.01,-,Amilamir,Lazgin,0-1,2024.08.01,08:46:58,1842,1810,,,A40,English Defense,600+0,Normal,"1. d4 { [%clk 0:10:00] } 1... b6 { [%clk 0:10:00] } 2. e4 { [%clk 0:09:58] }
2... Bb7 { [%clk 0:09:59] } 3. Bd3 { [%clk 0:09:51] } 3... e6
{ [%clk 0:09:56] } 4. c4 { [%clk 0:09:50] } 4... Nf6 { [%clk 0:09:55] } 5. Nc3
{ [%clk 0:09:46] } 5... Bb4 { [%clk 0:09:52] } 6. a3 { [%clk 0:09:42] } 6...
Bxc3+ { [%clk 0:09:50] } 7. bxc3 { [%clk 0:09:42] } 7... Nxe4
{ [%clk 0:09:46] } 8. Bxe4 { [%clk 0:09:36] } 8... Bxe4 { [%clk 0:09:44] } 9.
d5 { [%clk 0:09:26] } 9... Bxg2 { [%clk 0:09:39] } 0-1"
Rated Rapid game,https://lichess.org/JBhaHR0w,2024.08.01,-,Egyeki,moos90,0-1,2024.08.01,08:46:58,1482,1464,,,C02,French Defense: Advance Variation,600+0,Normal,"1. e4 { [%clk 0:10:00] } 1... e6 { [%clk 0:10:00] } 2. d4 { [%clk 0:09:59] }
2... d5 { [%clk 0:09:58] } 3. e5 { [%clk 0:09:57] } 3... f6 { [%clk 0:09:58] }
4. Nf3 { [%clk 0:09:55] } 4... Nc6 { [%clk 0:09:57] } 5. Bf4 { [%clk 0:09:51] }
5... Bd7 { [%clk 0:09:52] } 6. Bb5 { [%clk 0:09:48] } 6... g5
{ [%clk 0:09:50] } 7. Bg3 { [%clk 0:09:47] } 7... h5 { [%clk 0:09:47] } 8. h4
{ [%clk 0:09:44] } 8... g4 { [%clk 0:09:43] } 9. Nfd2 { [%clk 0:09:41] } 9...
a6 { [%clk 0:09:38] } 10. Bxc6 { [%clk 0:09:39] } 10... Bxc6 { [%clk 0:09:38] }
11. O-O { [%clk 0:09:37] } 11... Qe7 { [%clk 0:09:36] } 12. c3
{ [%clk 0:09:35] } 12... O-O-O { [%clk 0:09:35] } 13. f3 { [%clk 0:09:31] }
13... Nh6 { [%clk 0:09:34] } 14. fxg4 { [%clk 0:09:29] } 14... Nxg4
{ [%clk 0:09:31] } 15. exf6 { [%clk 0:09:22] } 15... Qf7 { [%clk 0:09:29] } 16.
Qf3 { [%clk 0:09:05] } 16... Rh6 { [%clk 0:09:21] } 17. Qf4 { [%clk 0:08:58] }
17... Rxf6 { [%clk 0:09:15] } 18. Qg5 { [%clk 0:08:33] } 18... Rxf1+
{ [%clk 0:09:05] } 19. Nxf1 { [%clk 0:08:32] } 19... Be7 { [%clk 0:08:56] } 20.
Qf4 { [%clk 0:08:23] } 20... Qxf4 { [%clk 0:08:42] } 21. Bxf4
{ [%clk 0:08:23] } 21... Rf8 { [%clk 0:08:38] } 22. g3 { [%clk 0:08:13] } 22...
Rg8 { [%clk 0:08:21] } 23. Nbd2 { [%clk 0:08:05] } 23... Bf6 { [%clk 0:08:16] }
24. Nf3 { [%clk 0:08:00] } 24... e5 { [%clk 0:08:14] } 25. Nxe5
{ [%clk 0:07:55] } 25... Bxh4 { [%clk 0:07:56] } 26. gxh4 { [%clk 0:07:47] }
26... Nxe5+ { [%clk 0:07:53] } 27. Kf2 { [%clk 0:07:44] } 27... Nd3+
{ [%clk 0:07:51] } 28. Ke3 { [%clk 0:07:40] } 28... Nxf4 { [%clk 0:07:45] } 29.
Kxf4 { [%clk 0:07:40] } 29... Rg4+ { [%clk 0:07:44] } 30. Ke3
{ [%clk 0:07:37] } 30... Rxh4 { [%clk 0:07:43] } 31. Ng3 { [%clk 0:07:30] }
31... Rh3 { [%clk 0:07:41] } 32. Kf2 { [%clk 0:07:28] } 32... Rh2+
{ [%clk 0:07:36] } 33. Kg1 { [%clk 0:07:25] } 33... Rh3 { [%clk 0:07:32] } 34.
Nf5 { [%clk 0:07:19] } 34... h4 { [%clk 0:07:28] } 35. Ne7+ { [%clk 0:07:17] }
35... Kd7 { [%clk 0:07:26] } 36. Nxc6 { [%clk 0:07:14] } 36... Kxc6
{ [%clk 0:07:25] } 37. Kg2 { [%clk 0:07:07] } 37... Rd3 { [%clk 0:07:23] } 38.
Rh1 { [%clk 0:07:05] } 38... Rd2+ { [%clk 0:07:19] } 39. Kh3 { [%clk 0:07:04] }
39... Rxb2 { [%clk 0:07:17] } 40. Kxh4 { [%clk 0:07:03] } 40... Rxa2
{ [%clk 0:07:15] } 41. Rc1 { [%clk 0:07:02] } 41... Rh2+ { [%clk 0:07:08] } 42.
Kg3 { [%clk 0:07:00] } 42... Ra2 { [%clk 0:07:05] } 43. c4 { [%clk 0:06:55] }
43... dxc4 { [%clk 0:07:04] } 44. Rxc4+ { [%clk 0:06:55] } 44... Kd6
{ [%clk 0:07:03] } 45. Kf4 { [%clk 0:06:52] } 45... b5 { [%clk 0:07:01] } 46.
Rb4 { [%clk 0:06:46] } 46... Ra4 { [%clk 0:06:58] } 47. Rxa4 { [%clk 0:06:42] }
47... bxa4 { [%clk 0:06:57] } 48. Ke3 { [%clk 0:06:42] } 48... a3
{ [%clk 0:06:56] } 49. Kd3 { [%clk 0:06:42] } 49... a2 { [%clk 0:06:56] } 50.
Kc4 { [%clk 0:06:42] } 50... a1=Q { [%clk 0:06:55] } 51. Kb4 { [%clk 0:06:40] }
51... Qb2+ { [%clk 0:06:53] } 52. Ka5 { [%clk 0:06:35] } 52... Qb5#
{ [%clk 0:06:51] } 0-1"
Rated Rapid game,https://lichess.org/HqDtAGaL,2024.08.01,-,butilicapetrica,heatly2002,0-1,2024.08.01,08:46:58,2040,2151,,,B06,Modern Defense,600+0,Normal,"1. e4 { [%clk 0:10:00] } 1... g6 { [%clk 0:10:00] } 2. Nf3 { [%clk 0:09:59] }
2... Bg7 { [%clk 0:09:59] } 3. d4 { [%clk 0:09:57] } 3... d5 { [%clk 0:09:58] }
4. e5 { [%clk 0:09:55] } 4... c5 { [%clk 0:09:57] } 5. dxc5 { [%clk 0:09:47] }
5... Qa5+ { [%clk 0:09:55] } 6. Bd2 { [%clk 0:09:36] } 6... Qxc5
{ [%clk 0:09:54] } 7. Nc3 { [%clk 0:09:29] } 7... Nc6 { [%clk 0:09:27] } 8. Bb5
{ [%clk 0:09:18] } 8... Bd7 { [%clk 0:09:15] } 9. Bxc6 { [%clk 0:09:16] } 9...
Bxc6 { [%clk 0:09:10] } 10. O-O { [%clk 0:09:16] } 10... e6 { [%clk 0:09:08] }
11. Be3 { [%clk 0:09:09] } 11... Qa5 { [%clk 0:09:02] } 12. Bd4
{ [%clk 0:09:07] } 12... Ne7 { [%clk 0:09:00] } 13. a3 { [%clk 0:09:01] } 13...
O-O { [%clk 0:08:58] } 14. b4 { [%clk 0:08:58] } 14... Qc7 { [%clk 0:08:56] }
15. h4 { [%clk 0:08:47] } 15... Nf5 { [%clk 0:08:54] } 16. Re1
{ [%clk 0:08:18] } 16... Rac8 { [%clk 0:08:24] } 17. Bc5 { [%clk 0:07:55] }
17... Rfd8 { [%clk 0:08:20] } 18. g4 { [%clk 0:07:15] } 18... Nh6
{ [%clk 0:07:47] } 19. Bd6 { [%clk 0:06:22] } 19... Rxd6 { [%clk 0:07:46] } 20.
exd6 { [%clk 0:06:20] } 20... Qxd6 { [%clk 0:07:46] } 21. Nh2
{ [%clk 0:06:13] } 21... Bxc3 { [%clk 0:07:43] } 22. Re3 { [%clk 0:06:00] }
22... Bxa1 { [%clk 0:07:22] } 23. Qxa1 { [%clk 0:05:58] } 23... Qf4
{ [%clk 0:07:21] } 24. h5 { [%clk 0:05:43] } 24... Nxg4 { [%clk 0:07:12] } 25.
Nxg4 { [%clk 0:05:40] } 25... Qxg4+ { [%clk 0:07:11] } 26. Rg3
{ [%clk 0:05:39] } 26... Qxh5 { [%clk 0:07:07] } 27. Qf6 { [%clk 0:05:35] }
27... d4 { [%clk 0:06:59] } 28. f3 { [%clk 0:05:32] } 28... Qf5
{ [%clk 0:06:38] } 29. Qxd4 { [%clk 0:05:16] } 29... Bd5 { [%clk 0:06:28] } 30.
c3 { [%clk 0:05:03] } 30... Rc4 { [%clk 0:06:23] } 31. Qxa7 { [%clk 0:04:44] }
31... Rxc3 { [%clk 0:06:02] } 32. Qb8+ { [%clk 0:04:39] } 32... Kg7
{ [%clk 0:06:01] } 33. a4 { [%clk 0:03:57] } 33... Bxf3 { [%clk 0:05:46] } 34.
a5 { [%clk 0:03:47] } 34... Qb1+ { [%clk 0:05:44] } 35. Kf2 { [%clk 0:03:22] }
35... Qb2+ { [%clk 0:05:43] } 0-1"
Rated Rapid game,https://lichess.org/Ih51zVZQ,2024.08.01,-,okorimi,vpspiridonov,1-0,2024.08.01,08:46:58,1372,1387,,,B00,Owen Defense: Smith Gambit,600+0,Normal,"1. e4 { [%clk 0:10:00] } 1... b6 { [%clk 0:10:00] } 2. Nf3 { [%clk 0:09:59] }
2... Bb7 { [%clk 0:09:59] } 3. d4 { [%clk 0:09:59] } 3... Bxe4
{ [%clk 0:09:55] } 4. Bd3 { [%clk 0:09:55] } 4... Bxf3 { [%clk 0:09:52] } 5.
Qxf3 { [%clk 0:09:54] } 5... h6 { [%clk 0:09:43] } 6. Qxa8 { [%clk 0:09:52] }
6... Nc6 { [%clk 0:09:33] } 7. Qxd8+ { [%clk 0:09:50] } 7... Kxd8
{ [%clk 0:09:31] } 8. Nc3 { [%clk 0:09:47] } 8... e6 { [%clk 0:09:19] } 9. d5
{ [%clk 0:09:45] } 9... Ne5 { [%clk 0:09:16] } 10. dxe6 { [%clk 0:09:43] }
10... dxe6 { [%clk 0:09:13] } 11. Bf4 { [%clk 0:09:39] } 11... Nc6
{ [%clk 0:09:01] } 12. O-O-O { [%clk 0:09:37] } 12... Nb4 { [%clk 0:08:55] }
13. Ba6+ { [%clk 0:09:24] } 13... Ke7 { [%clk 0:08:52] } 14. Bxc7
{ [%clk 0:09:16] } 14... Nxa6 { [%clk 0:08:46] } 15. Bd6+ { [%clk 0:09:08] }
15... Ke8 { [%clk 0:08:42] } 16. Bxf8 { [%clk 0:09:00] } 16... Kxf8
{ [%clk 0:08:40] } 17. Nb5 { [%clk 0:08:28] } 17... Nb4 { [%clk 0:08:28] } 18.
Rd8+ { [%clk 0:08:26] } 18... Ke7 { [%clk 0:08:27] } 19. Rhd1
{ [%clk 0:08:24] } 19... Nxa2+ { [%clk 0:08:19] } 20. Kb1 { [%clk 0:08:21] }
20... Nb4 { [%clk 0:08:15] } 21. R1d7+ { [%clk 0:08:19] } 21... Kf6
{ [%clk 0:08:12] } 22. Nd4 { [%clk 0:08:02] } 22... Nd5 { [%clk 0:08:05] } 23.
f4 { [%clk 0:07:55] } 23... Nxf4 { [%clk 0:08:02] } 24. g4 { [%clk 0:07:48] }
24... g5 { [%clk 0:07:56] } 25. Rxa7 { [%clk 0:07:33] } 25... Ng6
{ [%clk 0:07:54] } 26. Ra6 { [%clk 0:07:27] } 26... N8e7 { [%clk 0:07:51] } 27.
Rxh8 { [%clk 0:07:24] } 27... Nxh8 { [%clk 0:07:49] } 28. Rxb6
{ [%clk 0:07:22] } 28... Nd5 { [%clk 0:07:45] } 29. Rb8 { [%clk 0:07:18] }
29... Ng6 { [%clk 0:07:43] } 30. b4 { [%clk 0:07:13] } 30... Ne5
{ [%clk 0:07:38] } 31. b5 { [%clk 0:07:07] } 31... Nc3+ { [%clk 0:07:32] } 32.
Kb2 { [%clk 0:07:03] } 32... Na4+ { [%clk 0:07:30] } 33. Kc1 { [%clk 0:07:01] }
33... Nc4 { [%clk 0:07:24] } 34. Rh8 { [%clk 0:06:50] } 34... Kg6
{ [%clk 0:07:20] } 35. Rg8+ { [%clk 0:06:40] } 35... Kf6 { [%clk 0:07:16] } 36.
Nc6 { [%clk 0:06:23] } 36... Nab6 { [%clk 0:06:59] } 37. Kb1 { [%clk 0:06:20] }
37... Ne3 { [%clk 0:06:53] } 38. Rb8 { [%clk 0:06:12] } 38... Nec4
{ [%clk 0:06:48] } 39. Ka2 { [%clk 0:06:07] } 39... Nd7 { [%clk 0:06:41] } 40.
Rd8 { [%clk 0:05:57] } 40... Nce5 { [%clk 0:06:37] } 41. Nxe5
{ [%clk 0:05:52] } 41... Nxe5 { [%clk 0:06:35] } 42. b6 { [%clk 0:05:50] }
42... Nc6 { [%clk 0:06:33] } 43. c4 { [%clk 0:05:43] } 43... Ke7
{ [%clk 0:06:31] } 44. Rc8 { [%clk 0:05:38] } 44... Nd8 { [%clk 0:06:26] } 45.
b7 { [%clk 0:05:33] } 45... Nxb7 { [%clk 0:06:24] } 46. Rc7+ { [%clk 0:05:32] }
46... Kd6 { [%clk 0:06:22] } 47. Rxb7 { [%clk 0:05:31] } 47... Kc5
{ [%clk 0:06:21] } 48. Rc7+ { [%clk 0:05:28] } 48... Kd6 { [%clk 0:06:18] } 49.
Rc8 { [%clk 0:05:26] } 49... e5 { [%clk 0:06:16] } 50. Kb3 { [%clk 0:05:25] }
50... e4 { [%clk 0:06:15] } 51. Kc3 { [%clk 0:05:23] } 51... Ke5
{ [%clk 0:06:13] } 52. c5 { [%clk 0:05:20] } 52... Kf4 { [%clk 0:06:11] } 53.
c6 { [%clk 0:05:19] } 53... e3 { [%clk 0:06:10] } 54. c7 { [%clk 0:05:18] }
54... e2 { [%clk 0:06:09] } 55. Re8 { [%clk 0:05:17] } 55... Kf3
{ [%clk 0:06:07] } 56. c8=Q { [%clk 0:05:15] } 56... Kf2 { [%clk 0:06:06] } 57.
Qc5+ { [%clk 0:05:09] } 57... Kf1 { [%clk 0:06:03] } 58. Qf5+
{ [%clk 0:04:54] } 58... Kg2 { [%clk 0:05:59] } 59. Rxe2+ { [%clk 0:04:52] }
59... Kh3 { [%clk 0:05:55] } 60. Qxf7 { [%clk 0:04:47] } 60... h5
{ [%clk 0:05:46] } 61. Qxh5# { [%clk 0:04:45] } 1-0"
Rated Rapid game,https://lichess.org/GcS1oVdf,2024.08.01,-,randomlysid,serjo1,1-0,2024.08.01,08:46:58,1253,1289,,,B00,Nimzowitsch Defense: Declined Variation,600+0,Normal,"1. e4 { [%clk 0:10:00] } 1... Nc6 { [%clk 0:10:00] } 2. Nf3 { [%clk 0:09:58] }
2... Nf6 { [%clk 0:09:59] } 3. d3 { [%clk 0:09:54] } 3... d5 { [%clk 0:09:57] }
4. c3 { [%clk 0:09:53] } 4... dxe4 { [%clk 0:09:54] } 5. dxe4
{ [%clk 0:09:48] } 5... Qxd1+ { [%clk 0:09:52] } 6. Kxd1 { [%clk 0:09:45] }
6... Nxe4 { [%clk 0:09:51] } 7. Be3 { [%clk 0:09:38] } 7... e6
{ [%clk 0:09:44] } 8. Bd3 { [%clk 0:09:36] } 8... Nf6 { [%clk 0:09:35] } 9. Ke2
{ [%clk 0:09:31] } 9... Be7 { [%clk 0:09:33] } 10. Re1 { [%clk 0:09:29] } 10...
O-O { [%clk 0:09:32] } 11. Nbd2 { [%clk 0:09:27] } 11... Nd5 { [%clk 0:09:25] }
12. Kf1 { [%clk 0:09:16] } 12... Nxe3+ { [%clk 0:09:23] } 13. Rxe3
{ [%clk 0:09:15] } 13... Bg5 { [%clk 0:09:07] } 14. Nxg5 { [%clk 0:09:11] }
14... f6 { [%clk 0:09:05] } 15. Bxh7+ { [%clk 0:09:05] } 15... Kh8
{ [%clk 0:09:03] } 16. Rh3 { [%clk 0:08:54] } 16... fxg5 { [%clk 0:09:01] } 17.
Be4+ { [%clk 0:08:50] } 17... Kg8 { [%clk 0:09:00] } 18. Nf3 { [%clk 0:08:48] }
18... e5 { [%clk 0:08:58] } 19. Rh5 { [%clk 0:08:38] } 19... Kf7
{ [%clk 0:08:53] } 20. Rxg5 { [%clk 0:08:36] } 20... Kf6 { [%clk 0:08:34] } 21.
Rg6+ { [%clk 0:08:31] } 21... Kf7 { [%clk 0:08:27] } 22. Ng5+
{ [%clk 0:08:30] } 22... Ke8 { [%clk 0:08:21] } 23. Rxg7 { [%clk 0:08:25] }
23... Bf5 { [%clk 0:07:55] } 24. Rxc7 { [%clk 0:08:11] } 24... Bxe4
{ [%clk 0:07:45] } 25. Nxe4 { [%clk 0:08:08] } 25... Rb8 { [%clk 0:07:44] } 26.
Re1 { [%clk 0:08:05] } 26... Kd8 { [%clk 0:07:43] } 27. Rh7 { [%clk 0:07:56] }
27... Kc8 { [%clk 0:07:40] } 28. b4 { [%clk 0:07:54] } 28... b6
{ [%clk 0:07:37] } 29. a4 { [%clk 0:07:52] } 29... Rb7 { [%clk 0:07:36] } 30.
Nd6+ { [%clk 0:07:50] } 1-0"
Rated Rapid game,https://lichess.org/aGPzqVqX,2024.08.01,-,skakkolomatto,DangKhoiTKC,0-1,2024.08.01,08:46:58,1666,1678,,,C57,"Italian Game: Two Knights Defense, Traxler Counterattack, Knight Sacrifice Line",600+0,Normal,"1. e4 { [%clk 0:10:00] } 1... e5 { [%clk 0:10:00] } 2. Nf3 { [%clk 0:09:56] }
2... Nc6 { [%clk 0:09:57] } 3. Bc4 { [%clk 0:09:53] } 3... Nf6
{ [%clk 0:09:54] } 4. Ng5 { [%clk 0:09:51] } 4... Bc5 { [%clk 0:09:53] } 5.
Nxf7 { [%clk 0:09:38] } 5... d6 { [%clk 0:09:51] } 6. Nxd8 { [%clk 0:09:35] }
6... Kxd8 { [%clk 0:09:50] } 7. h3 { [%clk 0:09:29] } 7... Rf8
{ [%clk 0:09:42] } 8. c3 { [%clk 0:09:23] } 8... Bxf2+ { [%clk 0:09:33] } 9.
Kxf2 { [%clk 0:09:20] } 9... Nxe4+ { [%clk 0:09:31] } 10. Ke3
{ [%clk 0:09:10] } 10... Ng3 { [%clk 0:09:26] } 11. Re1 { [%clk 0:08:48] }
11... h5 { [%clk 0:09:23] } 12. d4 { [%clk 0:08:39] } 12... exd4+
{ [%clk 0:09:20] } 13. cxd4 { [%clk 0:08:31] } 13... Nf5+ { [%clk 0:09:18] }
14. Kd3 { [%clk 0:08:23] } 14... Nfxd4 { [%clk 0:09:08] } 15. Qxh5
{ [%clk 0:08:11] } 15... Bf5+ { [%clk 0:09:06] } 16. Kc3 { [%clk 0:08:04] }
16... g6 { [%clk 0:08:43] } 17. Qg5+ { [%clk 0:07:30] } 17... Kc8
{ [%clk 0:08:39] } 18. Be6+ { [%clk 0:07:18] } 18... Bxe6 { [%clk 0:08:35] }
19. Qxg6 { [%clk 0:06:46] } 19... Bf5 { [%clk 0:08:33] } 20. Re8+
{ [%clk 0:06:42] } 20... Nd8 { [%clk 0:08:20] } 21. Kxd4 { [%clk 0:06:26] }
21... Bxg6 { [%clk 0:08:11] } 22. Rxf8 { [%clk 0:06:23] } 22... Kd7
{ [%clk 0:08:07] } 23. Bg5 { [%clk 0:06:18] } 23... Nc6+ { [%clk 0:08:05] } 0-1"
Rated Rapid game,https://lichess.org/Eg3rGpYa,2024.08.01,-,ups5891,pervan,1-0,2024.08.01,08:46:58,1499,1491,,,C00,French Defense: Normal Variation,600+0,Normal,"1. d4 { [%clk 0:10:00] } 1... e6 { [%clk 0:10:00] } 2. e4 { [%clk 0:09:57] }
2... b6 { [%clk 0:09:56] } 3. Nf3 { [%clk 0:09:49] } 3... Bb7
{ [%clk 0:09:55] } 4. Bd3 { [%clk 0:09:44] } 4... Nc6 { [%clk 0:09:47] } 5. d5
{ [%clk 0:09:42] } 5... exd5 { [%clk 0:09:42] } 6. exd5 { [%clk 0:09:40] } 6...
Nb4 { [%clk 0:09:33] } 7. Nc3 { [%clk 0:09:34] } 7... Nxd5 { [%clk 0:09:26] }
8. Nxd5 { [%clk 0:09:27] } 8... Bxd5 { [%clk 0:09:25] } 9. Be3
{ [%clk 0:09:21] } 9... Bb4+ { [%clk 0:08:56] } 10. c3 { [%clk 0:08:43] } 10...
Bd6 { [%clk 0:08:52] } 11. O-O { [%clk 0:08:27] } 11... Ne7 { [%clk 0:08:28] }
12. Bxh7 { [%clk 0:08:13] } 12... Rxh7 { [%clk 0:08:19] } 13. Re1
{ [%clk 0:08:05] } 13... Bxf3 { [%clk 0:08:00] } 14. Qxf3 { [%clk 0:08:03] }
14... Bxh2+ { [%clk 0:07:50] } 15. Kf1 { [%clk 0:08:00] } 15... Bd6
{ [%clk 0:07:28] } 16. Bg5 { [%clk 0:07:49] } 16... Rh1+ { [%clk 0:07:23] } 17.
Ke2 { [%clk 0:07:48] } 17... f6 { [%clk 0:07:20] } 18. Rxh1 { [%clk 0:07:36] }
18... fxg5 { [%clk 0:07:19] } 19. Rh8+ { [%clk 0:07:34] } 1-0"
Rated Rapid game,https://lichess.org/PSE2a5Ed,2024.08.01,-,tugsjargal_0829,artin2761,1-0,2024.08.01,08:46:58,1867,1849,,,C41,Philidor Defense: Exchange Variation,600+0,Normal,"1. e4 { [%clk 0:10:00] } 1... d6 { [%clk 0:10:00] } 2. Nf3 { [%clk 0:09:57] }
2... e5 { [%clk 0:09:59] } 3. d4 { [%clk 0:09:52] } 3... exd4
{ [%clk 0:09:56] } 4. Nxd4 { [%clk 0:09:46] } 4... Nf6 { [%clk 0:09:55] } 5.
Bg5 { [%clk 0:09:37] } 5... Be7 { [%clk 0:09:54] } 6. Nd2 { [%clk 0:09:34] }
6... Bd7 { [%clk 0:09:47] } 7. Bd3 { [%clk 0:09:29] } 7... h6
{ [%clk 0:09:45] } 8. Be3 { [%clk 0:09:19] } 8... Nc6 { [%clk 0:09:44] } 9. a3
{ [%clk 0:09:13] } 9... Nxd4 { [%clk 0:09:41] } 10. Bxd4 { [%clk 0:09:10] }
10... Bc6 { [%clk 0:09:39] } 11. O-O { [%clk 0:09:05] } 11... a6
{ [%clk 0:09:35] } 12. Re1 { [%clk 0:08:58] } 12... O-O { [%clk 0:09:33] } 13.
e5 { [%clk 0:08:50] } 13... dxe5 { [%clk 0:09:30] } 14. Bxe5 { [%clk 0:08:48] }
14... Qd5 { [%clk 0:09:20] } 15. Nf3 { [%clk 0:08:26] } 15... Bd6
{ [%clk 0:09:05] } 16. Bxf6 { [%clk 0:08:14] } 16... gxf6 { [%clk 0:09:03] }
17. c4 { [%clk 0:07:54] } 17... Qh5 { [%clk 0:09:00] } 18. h3
{ [%clk 0:07:50] } 18... Bxf3 { [%clk 0:08:49] } 19. Qxf3 { [%clk 0:07:47] }
19... Qxf3 { [%clk 0:08:48] } 20. gxf3 { [%clk 0:07:44] } 20... Rfe8
{ [%clk 0:08:40] } 21. Kh1 { [%clk 0:07:41] } 21... Be5 { [%clk 0:08:36] } 22.
Rab1 { [%clk 0:07:34] } 22... Bd4 { [%clk 0:08:31] } 23. Rg1+
{ [%clk 0:07:24] } 23... Kh8 { [%clk 0:08:28] } 24. Rg2 { [%clk 0:07:14] }
24... Re7 { [%clk 0:08:10] } 25. Rbg1 { [%clk 0:07:07] } 25... Rae8
{ [%clk 0:08:07] } 26. Rg7 { [%clk 0:07:03] } 26... Bxf2 { [%clk 0:07:50] } 27.
Rh7# { [%clk 0:06:58] } 1-0"
Rated Rapid game,https://lichess.org/VWs8w0da,2024.08.01,-,AkashM14,mustapha004,1-0,2024.08.01,08:46:58,1616,1654,,,B30,Sicilian Defense: Old Sicilian,600+0,Normal,"1. e4 { [%clk 0:10:00] } 1... c5 { [%clk 0:10:00] } 2. Nf3 { [%clk 0:09:59] }
2... Nc6 { [%clk 0:09:59] } 3. Nc3 { [%clk 0:09:59] } 3... d6
{ [%clk 0:09:55] } 4. a3 { [%clk 0:09:59] } 4... Nf6 { [%clk 0:09:54] } 5. d3
{ [%clk 0:09:57] } 5... e5 { [%clk 0:09:53] } 6. Bg5 { [%clk 0:09:57] } 6... g6
{ [%clk 0:09:50] } 7. Qd2 { [%clk 0:09:55] } 7... Bg7 { [%clk 0:09:49] } 8. Be2
{ [%clk 0:09:54] } 8... O-O { [%clk 0:09:46] } 9. O-O { [%clk 0:09:53] } 9...
Qe8 { [%clk 0:09:45] } 10. Nh4 { [%clk 0:09:50] } 10... Nd4 { [%clk 0:09:24] }
11. Bd1 { [%clk 0:09:48] } 11... Bg4 { [%clk 0:09:05] } 12. Bxf6
{ [%clk 0:09:41] } 12... Bxd1 { [%clk 0:08:55] } 13. Bxg7 { [%clk 0:09:38] }
13... Kxg7 { [%clk 0:08:18] } 14. Raxd1 { [%clk 0:09:36] } 14... f5
{ [%clk 0:08:15] } 15. Nd5 { [%clk 0:09:28] } 15... Qd8 { [%clk 0:07:58] } 16.
c3 { [%clk 0:09:25] } 16... Qxh4 { [%clk 0:06:50] } 17. cxd4 { [%clk 0:09:22] }
17... fxe4 { [%clk 0:06:36] } 18. dxe5 { [%clk 0:09:18] } 18... Rf5
{ [%clk 0:06:24] } 19. dxe4 { [%clk 0:09:11] } 19... Rxe5 { [%clk 0:06:14] }
20. Rfe1 { [%clk 0:08:53] } 20... Rf8 { [%clk 0:06:11] } 21. f3
{ [%clk 0:08:39] } 21... g5 { [%clk 0:05:18] } 22. Qa5 { [%clk 0:08:17] } 22...
g4 { [%clk 0:04:57] } 23. Qc7+ { [%clk 0:08:14] } 23... Rf7 { [%clk 0:04:51] }
24. Qxd6 { [%clk 0:08:11] } 24... Rg5 { [%clk 0:04:25] } 25. fxg4
{ [%clk 0:07:03] } 25... Qf2+ { [%clk 0:04:07] } 26. Kh1 { [%clk 0:06:56] }
26... Rxg4 { [%clk 0:03:21] } 27. Qe5+ { [%clk 0:06:39] } 27... Rf6
{ [%clk 0:03:19] } 28. Qxf6+ { [%clk 0:06:33] } 28... Qxf6 { [%clk 0:03:11] }
29. Nxf6 { [%clk 0:06:32] } 29... Kxf6 { [%clk 0:03:09] } 30. Rd7
{ [%clk 0:06:28] } 1-0"
Rated Rapid tournament https://lichess.org/tournament/hfavrWA4,https://lichess.org/pbnYqTBb,2024.08.01,-,Niyukth,Advait001,0-1,2024.08.01,08:47:01,976,1517,,,C50,"Italian Game: Giuoco Pianissimo, Italian Four Knights Variation",600+0,Normal,"1. e4 { [%clk 0:10:00] } 1... e5 { [%clk 0:10:00] } 2. Nf3 { [%clk 0:09:57] }
2... Nc6 { [%clk 0:10:00] } 3. Bc4 { [%clk 0:09:49] } 3... Nf6
{ [%clk 0:09:59] } 4. Nc3 { [%clk 0:09:42] } 4... Bc5 { [%clk 0:09:56] } 5. d3
{ [%clk 0:09:37] } 5... d6 { [%clk 0:09:55] } 6. Be3 { [%clk 0:09:26] } 6...
Bb6 { [%clk 0:09:53] } 7. Bxb6 { [%clk 0:09:23] } 7... axb6 { [%clk 0:09:49] }
8. Nh4 { [%clk 0:09:15] } 8... Bg4 { [%clk 0:09:39] } 9. f3 { [%clk 0:09:11] }
9... Nh5 { [%clk 0:09:21] } 10. fxg4 { [%clk 0:09:05] } 10... Qxh4+
{ [%clk 0:09:17] } 11. g3 { [%clk 0:09:02] } 11... Nxg3 { [%clk 0:09:16] } 12.
Rg1 { [%clk 0:08:10] } 12... Nxe4+ { [%clk 0:09:12] } 13. Rg3
{ [%clk 0:07:11] } 13... Nxg3 { [%clk 0:09:09] } 14. hxg3 { [%clk 0:07:09] }
14... Qxg3+ { [%clk 0:09:09] } 15. Kd2 { [%clk 0:07:04] } 15... Nd4
{ [%clk 0:09:03] } 16. Qf1 { [%clk 0:06:43] } 16... Qh2+ { [%clk 0:08:58] } 17.
Ke1 { [%clk 0:06:36] } 17... Nxc2+ { [%clk 0:08:33] } 18. Kd1
{ [%clk 0:06:30] } 18... Ne3+ { [%clk 0:08:32] } 19. Ke1 { [%clk 0:05:09] }
19... Nxf1 { [%clk 0:08:29] } 20. Kxf1 { [%clk 0:05:07] } 20... Qh1+
{ [%clk 0:08:29] } 21. Ke2 { [%clk 0:05:04] } 21... Qxa1 { [%clk 0:08:29] } 22.
Nd5 { [%clk 0:04:58] } 22... Qxb2+ { [%clk 0:08:26] } 23. Ke3
{ [%clk 0:04:49] } 23... Qd4+ { [%clk 0:08:23] } 24. Ke2 { [%clk 0:04:44] }
24... Qxg4+ { [%clk 0:08:19] } 25. Ke3 { [%clk 0:04:41] } 25... Qd4+
{ [%clk 0:08:16] } 26. Ke2 { [%clk 0:04:39] } 26... Rc8 { [%clk 0:08:13] } 27.
Bb5+ { [%clk 0:04:29] } 27... c6 { [%clk 0:08:12] } 28. Nxb6 { [%clk 0:04:21] }
28... Qxb6 { [%clk 0:08:09] } 0-1"
Rated Rapid tournament https://lichess.org/tournament/hfavrWA4,https://lichess.org/02JCHe7a,2024.08.01,-,Sershhh,hayimes,1-0,2024.08.01,08:47:01,1337,1177,,,A40,Englund Gambit Declined: Reversed French,600+0,Normal,"1. e3 { [%eval 0.03] [%clk 0:10:00] } 1... e5 { [%eval 0.2] [%clk 0:10:00] } 2.
d4 { [%eval 0.22] [%clk 0:09:59] } 2... d5 $6 { [%eval 0.84] [%clk 0:10:00] }
3. dxe5 { [%eval 0.9] [%clk 0:09:53] } 3... Bf5 { [%eval 0.96] [%clk 0:09:56] }
4. Nc3 { [%eval 1.21] [%clk 0:09:38] } 4... c6 { [%eval 1.77] [%clk 0:09:53] }
5. Bd3 { [%eval 1.8] [%clk 0:09:25] } 5... Bxd3 { [%eval 1.83] [%clk 0:09:46] }
6. Qxd3 $6 { [%eval 1.12] [%clk 0:09:24] } 6... Bb4
{ [%eval 1.4] [%clk 0:09:42] } 7. Qd4 { [%eval 0.96] [%clk 0:09:06] } 7...
Bxc3+ { [%eval 1.21] [%clk 0:09:40] } 8. Qxc3 { [%eval 1.17] [%clk 0:09:04] }
8... Qg5 { [%eval 1.24] [%clk 0:09:37] } 9. g3 { [%eval 1.18] [%clk 0:08:46] }
9... Nd7 { [%eval 1.29] [%clk 0:09:28] } 10. Nf3 $6
{ [%eval 0.47] [%clk 0:08:43] } 10... Qh5 { [%eval 0.52] [%clk 0:09:13] } 11.
Nd4 $2 { [%eval -0.72] [%clk 0:07:16] } 11... Nxe5
{ [%eval -0.93] [%clk 0:09:05] } 12. Bd2 { [%eval -0.92] [%clk 0:06:14] } 12...
Nc4 $2 { [%eval 0.12] [%clk 0:08:48] } 13. f3 { [%eval 0.05] [%clk 0:05:50] }
13... Nf6 { [%eval 0.04] [%clk 0:08:33] } 14. O-O-O
{ [%eval 0.02] [%clk 0:05:44] } 14... c5 { [%eval 0.08] [%clk 0:08:10] } 15.
Nb5 { [%eval -0.1] [%clk 0:05:07] } 15... Kd7 $2
{ [%eval 2.24] [%clk 0:07:59] } 16. g4 { [%eval 2.11] [%clk 0:04:43] } 16...
Qh3 $2 { [%eval 3.3] [%clk 0:07:41] } 17. b3 $2 { [%eval 1.82] [%clk 0:04:21] }
17... Nxd2 $2 { [%eval 3.16] [%clk 0:07:31] } 18. Rxd2
{ [%eval 2.54] [%clk 0:04:11] } 18... Qxf3 { [%eval 3.13] [%clk 0:07:30] } 19.
Qxc5 $4 { [%eval -2.35] [%clk 0:04:05] } 19... Qxh1+
{ [%eval -2.41] [%clk 0:07:19] } 20. Kb2 { [%eval -2.06] [%clk 0:03:57] } 20...
Rac8 $4 { [%eval 1.56] [%clk 0:06:39] } 21. Qxa7 $2
{ [%eval -1.28] [%clk 0:03:48] } 21... Rhe8 $4 { [%eval #5] [%clk 0:06:19] }
22. Qxb7+ { [%eval #4] [%clk 0:03:39] } 22... Kd8 { [%eval #2] [%clk 0:06:17] }
23. Nd6 $4 { [%eval 0.15] [%clk 0:03:32] } 23... Rc7
{ [%eval 0.12] [%clk 0:06:06] } 24. Qb8+ { [%eval -0.29] [%clk 0:03:21] } 24...
Kd7 { [%eval -0.24] [%clk 0:06:00] } 25. Nxe8 { [%eval -0.13] [%clk 0:02:54] }
25... Nxe8 { [%eval -0.31] [%clk 0:06:00] } 26. Qb5+
{ [%eval -0.14] [%clk 0:02:45] } 26... Kc8 $4 { [%eval 5.79] [%clk 0:05:43] }
27. Rxd5 { [%eval 5.84] [%clk 0:02:43] } 27... Qe4
{ [%eval 6.23] [%clk 0:05:34] } 28. Qa6+ { [%eval 6.45] [%clk 0:02:25] } 28...
Kb8 $4 { [%eval #2] [%clk 0:05:27] } 29. Rd8+ { [%eval #1] [%clk 0:02:19] }
29... Rc8 { [%eval #1] [%clk 0:05:24] } 30. Rxc8# { [%clk 0:02:12] } 1-0"
Rated Rapid game,https://lichess.org/Kt6XZEax,2024.08.01,-,belasko1958,The_chess_house,1-0,2024.08.01,08:47:01,1796,1769,,,C44,Ponziani Opening: Jaenisch Counterattack,600+0,Normal,"1. e4 { [%clk 0:10:00] } 1... e5 { [%clk 0:10:00] } 2. Nf3 { [%clk 0:09:58] }
2... Nc6 { [%clk 0:09:58] } 3. c3 { [%clk 0:09:57] } 3... Nf6
{ [%clk 0:09:55] } 4. d4 { [%clk 0:09:54] } 4... exd4 { [%clk 0:09:52] } 5. e5
{ [%clk 0:09:53] } 5... Ng4 { [%clk 0:09:50] } 6. cxd4 { [%clk 0:09:51] } 6...
Bb4+ { [%clk 0:09:45] } 7. Nc3 { [%clk 0:09:50] } 7... d6 { [%clk 0:09:40] } 8.
h3 { [%clk 0:09:49] } 8... Nh6 { [%clk 0:09:34] } 9. Bxh6 { [%clk 0:09:47] }
9... gxh6 { [%clk 0:09:34] } 10. Qd2 { [%clk 0:09:45] } 10... dxe5
{ [%clk 0:09:29] } 11. Nxe5 { [%clk 0:09:36] } 11... Nxe5 { [%clk 0:09:28] }
12. dxe5 { [%clk 0:09:35] } 12... Qe7 { [%clk 0:09:22] } 13. f4
{ [%clk 0:09:24] } 13... Qh4+ { [%clk 0:09:18] } 14. Qf2 { [%clk 0:09:19] }
14... Qxf2+ { [%clk 0:09:11] } 15. Kxf2 { [%clk 0:09:17] } 15... Bf5
{ [%clk 0:09:09] } 16. Nd5 { [%clk 0:09:11] } 16... Bc5+ { [%clk 0:09:06] } 17.
Kf3 { [%clk 0:09:04] } 17... O-O-O { [%clk 0:09:04] } 18. Bc4
{ [%clk 0:08:45] } 18... Be6 { [%clk 0:08:56] } 19. Rad1 { [%clk 0:08:41] }
19... c6 { [%clk 0:08:51] } 20. Ne3 { [%clk 0:08:21] } 20... Bxe3
{ [%clk 0:08:45] } 21. Bxe6+ { [%clk 0:08:19] } 21... fxe6 { [%clk 0:08:43] }
22. Kxe3 { [%clk 0:08:17] } 22... Rxd1 { [%clk 0:08:41] } 23. Rxd1
{ [%clk 0:08:15] } 23... Rd8 { [%clk 0:08:41] } 24. Rxd8+ { [%clk 0:08:10] }
24... Kxd8 { [%clk 0:08:41] } 25. g4 { [%clk 0:08:08] } 25... Kd7
{ [%clk 0:08:38] } 26. Ke4 { [%clk 0:08:06] } 26... c5 { [%clk 0:08:37] } 27.
f5 { [%clk 0:08:05] } 27... exf5+ { [%clk 0:08:36] } 28. gxf5
{ [%clk 0:08:04] } 28... Ke7 { [%clk 0:08:34] } 29. e6 { [%clk 0:08:01] } 29...
b6 { [%clk 0:08:29] } 30. a3 { [%clk 0:07:56] } 30... h5 { [%clk 0:08:28] } 31.
h4 { [%clk 0:07:55] } 31... h6 { [%clk 0:08:26] } 32. Ke5 { [%clk 0:07:52] }
32... a6 { [%clk 0:08:18] } 33. f6+ { [%clk 0:07:49] } 33... Ke8
{ [%clk 0:08:16] } 34. Kd6 { [%clk 0:07:44] } 34... c4 { [%clk 0:08:14] } 35.
Kc6 { [%clk 0:07:29] } 35... b5 { [%clk 0:08:07] } 36. Kb6 { [%clk 0:07:27] }
1-0"
Rated Rapid game,https://lichess.org/B5JLGI4t,2024.08.01,-,samirvieira,ParsaParvin,0-1,2024.08.01,08:47:02,1714,1698,,,C02,French Defense: Advance Variation,600+0,Normal,"1. d4 { [%clk 0:10:00] } 1... e6 { [%clk 0:10:00] } 2. e4 { [%clk 0:09:59] }
2... d5 { [%clk 0:09:59] } 3. e5 { [%clk 0:09:57] } 3... c5 { [%clk 0:09:57] }
4. Bb5+ { [%clk 0:09:55] } 4... Nc6 { [%clk 0:09:55] } 5. Bxc6+
{ [%clk 0:09:54] } 5... bxc6 { [%clk 0:09:54] } 6. c3 { [%clk 0:09:53] } 6...
cxd4 { [%clk 0:09:53] } 7. cxd4 { [%clk 0:09:51] } 7... Bb4+ { [%clk 0:09:51] }
8. Bd2 { [%clk 0:09:48] } 8... Qa5 { [%clk 0:09:32] } 9. Bxb4
{ [%clk 0:09:43] } 9... Qxb4+ { [%clk 0:09:31] } 10. Qd2 { [%clk 0:09:42] }
10... a5 { [%clk 0:09:19] } 11. Qxb4 { [%clk 0:09:38] } 11... axb4
{ [%clk 0:09:17] } 12. Ne2 { [%clk 0:09:23] } 12... Ba6 { [%clk 0:09:13] } 13.
Nc1 { [%clk 0:09:09] } 13... Ne7 { [%clk 0:09:06] } 14. Nb3 { [%clk 0:09:07] }
14... Nf5 { [%clk 0:08:57] } 15. N1d2 { [%clk 0:08:43] } 15... O-O
{ [%clk 0:08:49] } 16. Nf3 { [%clk 0:08:40] } 16... Bc4 { [%clk 0:08:45] } 17.
Nc1 { [%clk 0:08:27] } 17... Rfc8 { [%clk 0:08:20] } 18. b3 { [%clk 0:08:24] }
18... Bb5 { [%clk 0:08:16] } 19. g4 { [%clk 0:08:10] } 19... Nh6
{ [%clk 0:08:07] } 20. h3 { [%clk 0:07:54] } 20... Kf8 { [%clk 0:07:52] } 21.
Nh4 { [%clk 0:07:36] } 21... c5 { [%clk 0:07:39] } 22. Nf3 { [%clk 0:07:24] }
22... c4 { [%clk 0:07:23] } 23. Kd2 { [%clk 0:06:45] } 23... c3+
{ [%clk 0:07:11] } 24. Kc2 { [%clk 0:06:43] } 24... f5 { [%clk 0:06:57] } 25.
g5 { [%clk 0:06:28] } 25... Nf7 { [%clk 0:06:55] } 26. h4 { [%clk 0:06:26] }
26... g6 { [%clk 0:06:53] } 27. Nd3 { [%clk 0:05:54] } 27... Bxd3+
{ [%clk 0:06:43] } 28. Kxd3 { [%clk 0:05:52] } 28... Ke7 { [%clk 0:06:42] } 29.
Rhc1 { [%clk 0:05:40] } 29... h5 { [%clk 0:06:29] } 30. Ne1 { [%clk 0:05:34] }
30... Nd8 { [%clk 0:06:19] } 31. Nc2 { [%clk 0:05:32] } 31... Rcb8
{ [%clk 0:06:14] } 32. a4 { [%clk 0:05:22] } 32... Ra5 { [%clk 0:06:06] } 33.
f4 { [%clk 0:05:09] } 33... Rb6 { [%clk 0:06:02] } 34. Ne3 { [%clk 0:04:34] }
34... Ra8 { [%clk 0:05:30] } 35. a5 { [%clk 0:04:28] } 35... Rb5
{ [%clk 0:05:26] } 36. a6 { [%clk 0:04:17] } 36... Rb6 { [%clk 0:05:16] } 37.
Nc2 { [%clk 0:04:03] } 37... Nc6 { [%clk 0:05:01] } 38. Ra4 { [%clk 0:03:54] }
38... Rbxa6 { [%clk 0:04:56] } 39. Rca1 { [%clk 0:03:26] } 39... Rxa4
{ [%clk 0:04:51] } 40. Rxa4 { [%clk 0:03:10] } 40... Rxa4 { [%clk 0:04:49] }
41. bxa4 { [%clk 0:03:09] } 41... b3 { [%clk 0:03:47] } 42. Na3
{ [%clk 0:03:02] } 42... c2 { [%clk 0:03:33] } 43. Kd2 { [%clk 0:02:56] } 43...
Nxd4 { [%clk 0:03:26] } 44. a5 { [%clk 0:02:46] } 44... Kd7 { [%clk 0:03:22] }
45. a6 { [%clk 0:02:45] } 45... Kc7 { [%clk 0:03:20] } 46. Kc1
{ [%clk 0:02:21] } 46... Kb6 { [%clk 0:03:15] } 47. Kb2 { [%clk 0:01:58] }
47... Kxa6 { [%clk 0:03:04] } 48. Nxc2 { [%clk 0:01:32] } 48... bxc2
{ [%clk 0:03:01] } 49. Kc1 { [%clk 0:01:29] } 49... Kb5 { [%clk 0:03:00] } 0-1"
Rated Rapid game,https://lichess.org/V7KvH3hq,2024.08.01,-,karadi111,PARASKUF,1-0,2024.08.01,08:47:03,1876,1863,,,D04,Queen's Pawn Game: Colle System,600+0,Normal,"1. d4 { [%clk 0:10:00] } 1... Nf6 { [%clk 0:10:00] } 2. e3 { [%clk 0:09:59] }
2... d5 { [%clk 0:09:58] } 3. Nf3 { [%clk 0:09:59] } 3... Bg4
{ [%clk 0:09:56] } 4. Be2 { [%clk 0:09:55] } 4... e6 { [%clk 0:09:55] } 5. O-O
{ [%clk 0:09:54] } 5... Bd6 { [%clk 0:09:52] } 6. h3 { [%clk 0:09:54] } 6...
Bh5 { [%clk 0:09:49] } 7. Nh2 { [%clk 0:09:43] } 7... O-O { [%clk 0:09:47] } 8.
Bxh5 { [%clk 0:09:40] } 1-0"
Rated Rapid game,https://lichess.org/og4SkbI9,2024.08.01,-,Nandar25,Sergei88,0-1,2024.08.01,08:47:03,1587,1554,,,C41,Philidor Defense,600+0,Normal,"1. e4 { [%clk 0:10:00] } 1... e5 { [%clk 0:10:00] } 2. Nf3 { [%clk 0:09:54] }
2... d6 { [%clk 0:09:57] } 3. Bc4 { [%clk 0:09:52] } 3... h6 { [%clk 0:09:55] }
4. h3 { [%clk 0:09:51] } 4... Nc6 { [%clk 0:09:54] } 5. c3 { [%clk 0:09:45] }
5... Nge7 { [%clk 0:09:46] } 6. Qb3 { [%clk 0:09:41] } 6... d5
{ [%clk 0:09:03] } 7. Bxd5 { [%clk 0:09:28] } 7... Nxd5 { [%clk 0:08:55] } 8.
exd5 { [%clk 0:09:25] } 8... Ne7 { [%clk 0:08:48] } 9. Nxe5 { [%clk 0:09:22] }
9... Qxd5 { [%clk 0:08:42] } 10. Qxd5 { [%clk 0:09:15] } 10... Nxd5
{ [%clk 0:08:42] } 11. d4 { [%clk 0:09:14] } 11... Bd6 { [%clk 0:08:39] } 12.
Bf4 { [%clk 0:09:12] } 12... O-O { [%clk 0:08:36] } 13. Bg3 { [%clk 0:08:55] }
13... Re8 { [%clk 0:08:35] } 14. O-O { [%clk 0:08:52] } 14... f6
{ [%clk 0:08:32] } 15. Ng6 { [%clk 0:08:44] } 15... Bxg3 { [%clk 0:08:30] } 16.
fxg3 { [%clk 0:08:42] } 16... Ne3 { [%clk 0:08:25] } 17. Re1 { [%clk 0:08:36] }
17... Bd7 { [%clk 0:08:14] } 18. Na3 { [%clk 0:08:33] } 18... Nc2
{ [%clk 0:08:12] } 19. Nxc2 { [%clk 0:08:31] } 19... Bf5 { [%clk 0:08:10] } 20.
Rxe8+ { [%clk 0:08:18] } 20... Rxe8 { [%clk 0:08:05] } 21. a4
{ [%clk 0:07:49] } 21... Bxc2 { [%clk 0:08:03] } 22. Nf4 { [%clk 0:07:47] }
22... Bb3 { [%clk 0:07:58] } 23. Nd3 { [%clk 0:07:41] } 23... Bc4
{ [%clk 0:07:57] } 24. Nc5 { [%clk 0:07:39] } 24... b6 { [%clk 0:07:50] } 25.
b3 { [%clk 0:07:21] } 25... Bd5 { [%clk 0:07:36] } 26. c4 { [%clk 0:07:11] }
26... Be4 { [%clk 0:07:33] } 27. Nxe4 { [%clk 0:07:09] } 27... Rxe4
{ [%clk 0:07:33] } 28. c5 { [%clk 0:07:06] } 28... Rxd4 { [%clk 0:07:29] } 29.
cxb6 { [%clk 0:07:04] } 29... cxb6 { [%clk 0:07:20] } 30. a5 { [%clk 0:07:00] }
30... Rb4 { [%clk 0:07:13] } 31. Ra3 { [%clk 0:06:55] } 31... bxa5
{ [%clk 0:07:00] } 32. Rxa5 { [%clk 0:06:54] } 32... Rb7 { [%clk 0:06:58] } 33.
b4 { [%clk 0:06:52] } 33... Kf7 { [%clk 0:06:57] } 34. Kf2 { [%clk 0:06:43] }
34... Ke6 { [%clk 0:06:55] } 35. Ke3 { [%clk 0:06:42] } 35... Kd6
{ [%clk 0:06:54] } 36. Kf4 { [%clk 0:06:37] } 36... Kc6 { [%clk 0:06:52] } 37.
Kf5 { [%clk 0:06:32] } 37... Kb6 { [%clk 0:06:48] } 38. g4 { [%clk 0:06:29] }
38... a6 { [%clk 0:06:47] } 39. h4 { [%clk 0:06:23] } 39... Rc7
{ [%clk 0:06:16] } 40. Kg6 { [%clk 0:06:14] } 40... Rc4 { [%clk 0:06:11] } 41.
Kxg7 { [%clk 0:06:12] } 41... Rxb4 { [%clk 0:06:07] } 42. Ra1
{ [%clk 0:06:11] } 42... Rxg4+ { [%clk 0:06:06] } 43. Kxf6 { [%clk 0:06:10] }
43... Rxh4 { [%clk 0:06:05] } 44. Rb1+ { [%clk 0:06:04] } 44... Kc5
{ [%clk 0:06:02] } 45. Kg6 { [%clk 0:05:58] } 45... Rh2 { [%clk 0:05:57] } 46.
g4 { [%clk 0:05:56] } 46... a5 { [%clk 0:05:53] } 47. g5 { [%clk 0:05:53] }
47... hxg5 { [%clk 0:05:51] } 48. Kxg5 { [%clk 0:05:51] } 48... a4
{ [%clk 0:05:51] } 49. Kf4 { [%clk 0:05:50] } 49... a3 { [%clk 0:05:50] } 50.
Ke3 { [%clk 0:05:49] } 50... a2 { [%clk 0:05:49] } 51. Ra1 { [%clk 0:05:48] }
51... Kb4 { [%clk 0:05:47] } 52. Kd3 { [%clk 0:05:47] } 52... Kb3
{ [%clk 0:05:47] } 53. Rxa2 { [%clk 0:05:40] } 53... Kxa2 { [%clk 0:05:45] }
54. Kc3 { [%clk 0:05:39] } 54... Rh4 { [%clk 0:05:41] } 55. Kd3
{ [%clk 0:05:37] } 55... Kb3 { [%clk 0:05:40] } 56. Ke3 { [%clk 0:05:35] }
56... Kc3 { [%clk 0:05:39] } 57. Ke2 { [%clk 0:05:34] } 57... Rh3
{ [%clk 0:05:37] } 58. Kf2 { [%clk 0:05:32] } 58... Kd3 { [%clk 0:05:36] } 59.
Kg2 { [%clk 0:05:31] } 59... Re3 { [%clk 0:05:34] } 60. Kf2 { [%clk 0:05:31] }
60... Kd2 { [%clk 0:05:33] } 61. Kg2 { [%clk 0:05:28] } 61... Ke2
{ [%clk 0:05:31] } 62. Kg1 { [%clk 0:05:27] } 62... Rf3 { [%clk 0:05:25] } 63.
Kg2 { [%clk 0:05:26] } 63... Re3 { [%clk 0:05:15] } 64. Kg1 { [%clk 0:05:25] }
64... Kd3 { [%clk 0:05:14] } 65. Kf2 { [%clk 0:05:24] } 65... Ke4
{ [%clk 0:05:13] } 66. Kg2 { [%clk 0:05:21] } 66... Kf4 { [%clk 0:05:12] } 67.
Kf2 { [%clk 0:05:20] } 67... Ke4 { [%clk 0:05:11] } 68. Kg2 { [%clk 0:05:19] }
68... Kf4 { [%clk 0:05:09] } 69. Kf2 { [%clk 0:05:18] } 69... Ra3
{ [%clk 0:05:09] } 70. Ke2 { [%clk 0:05:17] } 70... Rh3 { [%clk 0:04:56] } 71.
Kd2 { [%clk 0:05:13] } 71... Ke4 { [%clk 0:04:53] } 72. Kc2 { [%clk 0:05:13] }
72... Kd4 { [%clk 0:04:52] } 73. Kd1 { [%clk 0:05:12] } 73... Ke3
{ [%clk 0:04:49] } 74. Kc2 { [%clk 0:05:11] } 74... Kd4 { [%clk 0:04:48] } 75.
Kd2 { [%clk 0:05:09] } 75... Rh2+ { [%clk 0:04:46] } 76. Ke1 { [%clk 0:05:08] }
76... Ke3 { [%clk 0:04:45] } 77. Kf1 { [%clk 0:05:08] } 77... Ra2
{ [%clk 0:04:43] } 78. Kg1 { [%clk 0:05:05] } 78... Kf3 { [%clk 0:04:42] } 79.
Kf1 { [%clk 0:05:04] } 79... Ra1# { [%clk 0:04:41] } 0-1"
Rated Rapid game,https://lichess.org/uXYrUdIa,2024.08.01,-,Kellyiwe,capitan01SS,1-0,2024.08.01,08:47:03,854,849,,,C24,Bishop's Opening: Berlin Defense,600+0,Normal,"1. e4 { [%clk 0:10:00] } 1... e5 { [%clk 0:10:00] } 2. Bc4 { [%clk 0:09:58] }
2... Nf6 { [%clk 0:09:55] } 3. d3 { [%clk 0:09:56] } 3... Bc5
{ [%clk 0:09:49] } 4. c3 { [%clk 0:09:53] } 4... Ng4 { [%clk 0:09:47] } 5. Qxg4
{ [%clk 0:09:46] } 5... Qf6 { [%clk 0:09:45] } 6. Qf3 { [%clk 0:09:42] } 6...
Qxf3 { [%clk 0:09:44] } 7. Nxf3 { [%clk 0:09:41] } 7... f6 { [%clk 0:09:41] }
8. h4 { [%clk 0:09:39] } 8... a5 { [%clk 0:09:39] } 9. a4 { [%clk 0:09:37] }
9... b6 { [%clk 0:09:37] } 10. h5 { [%clk 0:09:34] } 10... h6
{ [%clk 0:09:35] } 11. Nh4 { [%clk 0:09:24] } 11... g5 { [%clk 0:09:33] } 12.
Ng6 { [%clk 0:09:21] } 12... Rh7 { [%clk 0:09:27] } 13. b3 { [%clk 0:08:40] }
13... d6 { [%clk 0:09:24] } 14. g3 { [%clk 0:08:28] } 14... Nc6
{ [%clk 0:09:23] } 15. b4 { [%clk 0:07:57] } 15... axb4 { [%clk 0:09:20] } 16.
a5 { [%clk 0:07:46] } 16... bxa5 { [%clk 0:09:15] } 17. cxb4 { [%clk 0:07:40] }
17... Nxb4 { [%clk 0:09:10] } 18. Bd2 { [%clk 0:07:34] } 18... Nxd3+
{ [%clk 0:09:04] } 19. Bxd3 { [%clk 0:07:29] } 19... a4 { [%clk 0:08:57] } 20.
Bc4 { [%clk 0:07:27] } 20... a3 { [%clk 0:08:53] } 21. Nc3 { [%clk 0:07:24] }
21... Rg7 { [%clk 0:08:44] } 22. Nb5 { [%clk 0:07:20] } 22... c6
{ [%clk 0:08:41] } 23. Nc3 { [%clk 0:06:56] } 23... d5 { [%clk 0:08:35] } 24.
exd5 { [%clk 0:06:27] } 24... cxd5 { [%clk 0:08:33] } 25. Nxd5
{ [%clk 0:06:21] } 25... Bb7 { [%clk 0:08:26] } 26. Rg1 { [%clk 0:06:05] }
26... Bxd5 { [%clk 0:08:22] } 27. Bxd5 { [%clk 0:06:02] } 27... Rd8
{ [%clk 0:08:16] } 28. Bc6+ { [%clk 0:05:57] } 28... Kf7 { [%clk 0:08:14] } 29.
Bd5+ { [%clk 0:05:36] } 29... Rxd5 { [%clk 0:08:11] } 30. Rh1
{ [%clk 0:05:16] } 30... f5 { [%clk 0:08:08] } 31. Nh8+ { [%clk 0:05:08] }
31... Kg8 { [%clk 0:08:03] } 32. Ng6 { [%clk 0:05:02] } 32... g4
{ [%clk 0:08:00] } 33. Bxh6 { [%clk 0:04:52] } 33... Ra7 { [%clk 0:07:57] } 34.
Ke2 { [%clk 0:04:47] } 34... Kh7 { [%clk 0:07:55] } 35. Bg5 { [%clk 0:04:27] }
35... e4 { [%clk 0:07:45] } 36. Nf4 { [%clk 0:04:16] } 36... Rd4
{ [%clk 0:07:36] } 37. Ne6 { [%clk 0:04:04] } 37... Rdd7 { [%clk 0:07:28] } 38.
Nxc5 { [%clk 0:04:00] } 38... Rd5 { [%clk 0:07:20] } 39. Ne6 { [%clk 0:03:45] }
39... Rb7 { [%clk 0:07:06] } 40. Rxa3 { [%clk 0:03:36] } 40... Rb2+
{ [%clk 0:07:04] } 41. Ke3 { [%clk 0:03:27] } 41... Kg8 { [%clk 0:06:49] } 42.
Raa1 { [%clk 0:03:22] } 42... Kf7 { [%clk 0:06:38] } 43. Nf4 { [%clk 0:03:16] }
43... Ke8 { [%clk 0:06:35] } 44. Bf6 { [%clk 0:03:13] } 44... Rc5
{ [%clk 0:06:30] } 45. Bxb2 { [%clk 0:03:10] } 45... Kf7 { [%clk 0:06:15] } 46.
Ba3 { [%clk 0:03:06] } 46... Rc3+ { [%clk 0:06:10] } 47. Kd4 { [%clk 0:02:58] }
47... Kf6 { [%clk 0:06:09] } 48. Nd5+ { [%clk 0:02:53] } 48... Kg5
{ [%clk 0:06:07] } 49. Nxc3 { [%clk 0:02:51] } 49... Kf6 { [%clk 0:06:05] } 50.
h6 { [%clk 0:02:46] } 50... Kg5 { [%clk 0:06:03] } 51. Nd5 { [%clk 0:02:41] }
51... f4 { [%clk 0:06:03] } 52. gxf4+ { [%clk 0:02:38] } 52... Kf5
{ [%clk 0:06:01] } 53. Rh5+ { [%clk 0:02:27] } 53... Ke6 { [%clk 0:05:59] } 54.
Nc7+ { [%clk 0:02:23] } 54... Kd7 { [%clk 0:05:58] } 55. Nb5 { [%clk 0:02:20] }
55... Kc6 { [%clk 0:05:56] } 56. Nc3 { [%clk 0:02:17] } 56... Kb6
{ [%clk 0:05:55] } 57. Bb2 { [%clk 0:02:12] } 57... Kc6 { [%clk 0:05:53] } 58.
Raa5 { [%clk 0:02:08] } 58... Kd6 { [%clk 0:05:53] } 59. h7 { [%clk 0:02:04] }
59... Ke6 { [%clk 0:05:52] } 60. Rh6+ { [%clk 0:02:02] } 60... Kf7
{ [%clk 0:05:48] } 61. Raa6 { [%clk 0:02:00] } 61... Kg7 { [%clk 0:05:47] } 62.
Rhf6 { [%clk 0:01:52] } 62... Kxh7 { [%clk 0:05:45] } 63. Rh6+
{ [%clk 0:01:50] } 63... Kg7 { [%clk 0:05:43] } 64. Bc1 { [%clk 0:01:43] }
64... Kf7 { [%clk 0:05:41] } 65. Rh7+ { [%clk 0:01:41] } 65... Kg8
{ [%clk 0:05:39] } 66. Rhh6 { [%clk 0:01:36] } 66... Kg7 { [%clk 0:05:38] } 67.
Rhe6 { [%clk 0:01:30] } 67... Kf7 { [%clk 0:05:37] } 68. Red6
{ [%clk 0:01:28] } 68... Ke7 { [%clk 0:05:35] } 69. Rh6 { [%clk 0:01:27] }
69... Kf7 { [%clk 0:05:33] } 70. Rh7+ { [%clk 0:01:24] } 70... Kg8
{ [%clk 0:05:32] } 71. Rd7 { [%clk 0:01:21] } 71... Kf8 { [%clk 0:05:28] } 72.
Ra8# { [%clk 0:01:19] } 1-0"
Rated Rapid game,https://lichess.org/03DSNB8R,2024.08.01,-,ModeRRno,A_Man_Chooses,0-1,2024.08.01,08:47:03,1454,1449,,,C50,Italian Game: Anti-Fried Liver Defense,600+0,Normal,"1. e4 { [%clk 0:10:00] } 1... e5 { [%clk 0:10:00] } 2. Nf3 { [%clk 0:09:58] }
2... Nc6 { [%clk 0:09:59] } 3. Bc4 { [%clk 0:09:55] } 3... h6
{ [%clk 0:09:58] } 4. d3 { [%clk 0:09:54] } 4... Nf6 { [%clk 0:09:55] } 5. b3
{ [%clk 0:09:48] } 5... Bc5 { [%clk 0:09:53] } 6. Bb2 { [%clk 0:09:45] } 6...
Bd4 { [%clk 0:09:52] } 7. Nxd4 { [%clk 0:09:37] } 7... Nxd4 { [%clk 0:09:50] }
8. h4 { [%clk 0:09:16] } 8... a6 { [%clk 0:09:48] } 9. g4 { [%clk 0:09:15] }
9... b5 { [%clk 0:09:47] } 10. Bd5 { [%clk 0:09:09] } 10... c6
{ [%clk 0:09:45] } 11. Bxf7+ { [%clk 0:09:03] } 11... Kxf7 { [%clk 0:09:44] }
12. g5 { [%clk 0:09:02] } 12... hxg5 { [%clk 0:09:39] } 13. hxg5
{ [%clk 0:09:01] } 13... Rxh1+ { [%clk 0:09:35] } 0-1"
Rated Rapid game,https://lichess.org/KzsROLVX,2024.08.01,-,SirRonnie,BHngtranminhnguyen,0-1,2024.08.01,08:47:03,1012,872,,,A40,Queen's Pawn Game: Modern Defense,600+0,Normal,"1. d4 { [%clk 0:10:00] } 1... g6 { [%clk 0:10:00] } 2. Bf4 { [%clk 0:09:58] }
2... Bg7 { [%clk 0:09:54] } 3. Nc3 { [%clk 0:09:53] } 3... Nf6
{ [%clk 0:09:51] } 4. Nb5 { [%clk 0:09:42] } 4... d6 { [%clk 0:09:34] } 5. e3
{ [%clk 0:08:51] } 5... c6 { [%clk 0:09:09] } 6. Nc3 { [%clk 0:08:37] } 6...
Bf5 { [%clk 0:09:00] } 7. Bd3 { [%clk 0:08:30] } 7... Bxd3 { [%clk 0:08:55] }
8. Qxd3 { [%clk 0:08:18] } 8... O-O { [%clk 0:08:48] } 9. O-O-O
{ [%clk 0:07:54] } 9... Nbd7 { [%clk 0:08:39] } 10. Kb1 { [%clk 0:07:35] }
10... c5 { [%clk 0:08:12] } 11. Nf3 { [%clk 0:07:17] } 11... cxd4
{ [%clk 0:08:08] } 12. Nxd4 { [%clk 0:06:59] } 12... Ng4 { [%clk 0:07:51] } 13.
Rhf1 { [%clk 0:06:48] } 13... Bxd4 { [%clk 0:07:45] } 14. Qxd4
{ [%clk 0:06:28] } 14... e5 { [%clk 0:07:29] } 15. Qxd6 { [%clk 0:06:12] }
15... exf4 { [%clk 0:07:19] } 16. Qxf4 { [%clk 0:06:10] } 16... Ndf6
{ [%clk 0:07:03] } 17. Rxd8 { [%clk 0:06:06] } 17... Raxd8 { [%clk 0:06:55] }
18. Rd1 { [%clk 0:05:45] } 18... Rxd1+ { [%clk 0:06:44] } 19. Nxd1
{ [%clk 0:05:43] } 19... Rd8 { [%clk 0:06:40] } 20. Nc3 { [%clk 0:05:31] }
20... b5 { [%clk 0:06:33] } 21. Kc1 { [%clk 0:05:24] } 21... b4
{ [%clk 0:06:25] } 22. Ne4 { [%clk 0:05:08] } 22... Nxe4 { [%clk 0:06:18] } 23.
Qxe4 { [%clk 0:05:02] } 23... Nxf2 { [%clk 0:06:15] } 24. Qxb4
{ [%clk 0:03:49] } 24... Rd1# { [%clk 0:06:07] } 0-1"
Rated Rapid game,https://lichess.org/jVbIBwGK,2024.08.01,-,rocksdxebec38,ChessPlayer_09,1-0,2024.08.01,08:47:03,1507,1467,,,C50,"Italian Game: Giuoco Pianissimo, Normal",600+0,Normal,"1. e4 { [%clk 0:10:00] } 1... e5 { [%clk 0:10:00] } 2. Nf3 { [%clk 0:09:59] }
2... Nc6 { [%clk 0:09:59] } 3. Bc4 { [%clk 0:09:58] } 3... Nf6
{ [%clk 0:09:59] } 4. d3 { [%clk 0:09:56] } 4... Bc5 { [%clk 0:09:57] } 5. Be3
{ [%clk 0:09:52] } 5... d6 { [%clk 0:09:55] } 6. O-O { [%clk 0:09:50] } 6...
O-O { [%clk 0:09:54] } 7. a3 { [%clk 0:09:47] } 7... Be6 { [%clk 0:09:52] } 8.
Bxe6 { [%clk 0:09:43] } 8... fxe6 { [%clk 0:09:45] } 9. Bxc5 { [%clk 0:09:41] }
9... dxc5 { [%clk 0:09:40] } 10. Nbd2 { [%clk 0:09:39] } 10... b6
{ [%clk 0:09:38] } 11. Re1 { [%clk 0:09:34] } 11... Nd4 { [%clk 0:09:36] } 12.
Nxe5 { [%clk 0:09:29] } 12... Qd6 { [%clk 0:09:33] } 13. f4 { [%clk 0:09:22] }
13... Nd7 { [%clk 0:09:17] } 14. Nec4 { [%clk 0:09:12] } 14... Qxf4
{ [%clk 0:09:13] } 15. Rf1 { [%clk 0:09:01] } 15... Qe3+ { [%clk 0:09:04] } 16.
Nxe3 { [%clk 0:08:59] } 1-0"
Rated Rapid game,https://lichess.org/HGHpLAIn,2024.08.01,-,puturrudefoi,Gilmour9,1-0,2024.08.01,08:47:03,1221,1309,,,C40,Elephant Gambit,600+0,Time forfeit,"1. e4 { [%clk 0:10:00] } 1... e5 { [%clk 0:10:00] } 2. Nf3 { [%clk 0:09:56] }
2... d5 { [%clk 0:09:51] } 3. Qe2 { [%clk 0:09:53] } 3... Na6
{ [%clk 0:09:34] } 4. Nxe5 { [%clk 0:09:47] } 4... Nf6 { [%clk 0:09:17] } 5. g3
{ [%clk 0:09:39] } 5... Nxe4 { [%clk 0:09:12] } 6. Qf3 { [%clk 0:09:32] } 6...
f6 { [%clk 0:09:09] } 7. Ng4 { [%clk 0:08:29] } 7... Ng5 { [%clk 0:08:15] } 8.
Qe2+ { [%clk 0:08:22] } 8... Be7 { [%clk 0:02:05] } 9. Bg2 { [%clk 0:08:12] }
9... Bxg4 { [%clk 0:01:48] } 10. Qxg4 { [%clk 0:08:00] } 10... Qd6
{ [%clk 0:01:34] } 11. Qa4+ { [%clk 0:07:51] } 11... c6 { [%clk 0:01:11] } 12.
O-O { [%clk 0:07:34] } 12... O-O { [%clk 0:00:57] } 13. Nc3 { [%clk 0:07:24] }
13... Nc5 { [%clk 0:00:53] } 14. Qd4 { [%clk 0:07:06] } 14... Nce4
{ [%clk 0:00:41] } 15. Bxe4 { [%clk 0:06:16] } 15... dxe4 { [%clk 0:00:30] }
16. Qxd6 { [%clk 0:06:00] } 16... Bxd6 { [%clk 0:00:27] } 17. Kg2
{ [%clk 0:05:44] } 17... f5 { [%clk 0:00:16] } 18. h4 { [%clk 0:05:33] } 18...
Ne6 { [%clk 0:00:10] } 19. Re1 { [%clk 0:05:11] } 19... Nd4 { [%clk 0:00:08] }
20. d3 { [%clk 0:04:47] } 20... Nxc2 { [%clk 0:00:08] } 21. Re2
{ [%clk 0:04:39] } 21... Nxa1 { [%clk 0:00:04] } 22. dxe4 { [%clk 0:04:37] }
1-0"
Rated Rapid game,https://lichess.org/zEVMt7gG,2024.08.01,-,jozkozak,Baochaungo,1-0,2024.08.01,08:47:03,1616,1590,,,B30,Sicilian Defense: Nyezhmetdinov-Rossolimo Attack,600+0,Normal,"1. e4 { [%clk 0:10:00] } 1... c5 { [%clk 0:10:00] } 2. Nf3 { [%clk 0:09:59] }
2... Nc6 { [%clk 0:09:59] } 3. Bb5 { [%clk 0:09:57] } 3... Qc7
{ [%clk 0:09:57] } 4. O-O { [%clk 0:09:52] } 4... Nf6 { [%clk 0:09:55] } 5. Re1
{ [%clk 0:09:49] } 5... e6 { [%clk 0:09:54] } 6. d4 { [%clk 0:09:41] } 6...
cxd4 { [%clk 0:09:52] } 7. Nxd4 { [%clk 0:09:27] } 7... a6 { [%clk 0:09:50] }
8. Bxc6 { [%clk 0:09:25] } 8... dxc6 { [%clk 0:09:49] } 9. Bg5
{ [%clk 0:09:22] } 9... Bd7 { [%clk 0:09:44] } 10. e5 { [%clk 0:09:15] } 10...
Nd5 { [%clk 0:09:39] } 11. c4 { [%clk 0:09:03] } 11... Nb6 { [%clk 0:09:32] }
12. b3 { [%clk 0:08:56] } 12... Be7 { [%clk 0:09:29] } 13. Bxe7
{ [%clk 0:08:52] } 13... Kxe7 { [%clk 0:09:28] } 14. Qg4 { [%clk 0:08:43] }
14... Rhg8 { [%clk 0:09:22] } 15. Qg5+ { [%clk 0:08:25] } 15... f6
{ [%clk 0:09:20] } 16. exf6+ { [%clk 0:08:16] } 16... gxf6 { [%clk 0:09:17] }
17. Qh6 { [%clk 0:08:10] } 17... Rg7 { [%clk 0:09:03] } 18. Nf5+
{ [%clk 0:08:01] } 18... Kf7 { [%clk 0:09:02] } 1-0"
Rated Rapid game,https://lichess.org/mrcQB7Ag,2024.08.01,-,ocaliptusaslan,ChernikovAnton,0-1,2024.08.01,08:47:03,1323,1319,,,C44,Scotch Game: Scotch Gambit,600+0,Time forfeit,"1. e4 { [%clk 0:10:00] } 1... e5 { [%clk 0:10:00] } 2. Nf3 { [%clk 0:09:48] }
2... Nc6 { [%clk 0:09:52] } 3. d4 { [%clk 0:09:45] } 3... exd4
{ [%clk 0:09:42] } 4. Bc4 { [%clk 0:09:23] } 4... d6 { [%clk 0:09:31] } 5. O-O
{ [%clk 0:08:45] } 5... Bg4 { [%clk 0:08:49] } 6. Bf4 { [%clk 0:08:12] } 6...
Nf6 { [%clk 0:08:32] } 0-1"
Rated Rapid game,https://lichess.org/3DCRKYIi,2024.08.01,-,umuterdm,BBboomsta,1-0,2024.08.01,08:47:03,1031,1120,,,C20,King's Pawn Game: Wayward Queen Attack,600+0,Normal,"1. e4 { [%clk 0:10:00] } 1... e5 { [%clk 0:10:00] } 2. Qh5 { [%clk 0:09:59] }
2... Nc6 { [%clk 0:09:57] } 3. Bc4 { [%clk 0:09:57] } 3... Qe7
{ [%clk 0:09:55] } 4. Nc3 { [%clk 0:09:53] } 4... Nf6 { [%clk 0:09:53] } 5. Qf3
{ [%clk 0:09:52] } 5... d6 { [%clk 0:09:44] } 6. Nge2 { [%clk 0:09:45] } 6...
Bg4 { [%clk 0:09:40] } 7. Qg3 { [%clk 0:09:35] } 7... h5 { [%clk 0:09:25] } 8.
h4 { [%clk 0:09:28] } 8... Qd7 { [%clk 0:09:12] } 9. O-O { [%clk 0:09:18] }
9... Na5 { [%clk 0:08:32] } 10. f3 { [%clk 0:09:13] } 10... Bxf3
{ [%clk 0:08:20] } 11. Qxf3 { [%clk 0:08:37] } 11... Nxc4 { [%clk 0:08:15] }
12. a4 { [%clk 0:08:22] } 12... O-O-O { [%clk 0:08:00] } 13. a5
{ [%clk 0:08:17] } 13... Qb5 { [%clk 0:07:48] } 14. Nxb5 { [%clk 0:08:14] } 1-0"
Rated Rapid game,https://lichess.org/WOAN9hfq,2024.08.01,-,nirvana99,Gilles_Aubin,0-1,2024.08.01,08:47:03,1908,1911,,,A40,Horwitz Defense,600+0,Normal,"1. d4 { [%clk 0:10:00] } 1... e6 { [%clk 0:10:00] } 2. Nc3 { [%clk 0:09:57] }
2... c5 { [%clk 0:09:58] } 3. d5 { [%clk 0:09:55] } 3... d6 { [%clk 0:09:52] }
4. e4 { [%clk 0:09:53] } 4... Ne7 { [%clk 0:09:49] } 5. Nf3 { [%clk 0:09:51] }
5... Ng6 { [%clk 0:09:36] } 6. h4 { [%clk 0:09:47] } 6... h5 { [%clk 0:09:03] }
7. Bd3 { [%clk 0:09:44] } 7... Be7 { [%clk 0:09:00] } 8. Bg5 { [%clk 0:09:42] }
8... exd5 { [%clk 0:08:55] } 9. exd5 { [%clk 0:09:40] } 9... Bg4
{ [%clk 0:08:53] } 10. Qd2 { [%clk 0:09:37] } 10... Nd7 { [%clk 0:08:26] } 11.
Bxg6 { [%clk 0:09:35] } 11... fxg6 { [%clk 0:08:23] } 12. O-O-O
{ [%clk 0:09:35] } 12... Rf8 { [%clk 0:08:05] } 13. Bxe7 { [%clk 0:09:32] }
13... Qxe7 { [%clk 0:08:02] } 14. Rde1 { [%clk 0:09:30] } 14... Ne5
{ [%clk 0:07:57] } 15. Nxe5 { [%clk 0:09:28] } 15... dxe5 { [%clk 0:07:53] }
16. Rxe5 { [%clk 0:09:27] } 16... Qxe5 { [%clk 0:07:50] } 17. Re1
{ [%clk 0:09:26] } 17... Qxe1+ { [%clk 0:07:06] } 18. Qxe1+ { [%clk 0:09:26] }
18... Kd7 { [%clk 0:07:04] } 19. f3 { [%clk 0:09:24] } 19... Rae8
{ [%clk 0:06:40] } 20. Qd2 { [%clk 0:09:19] } 20... Bf5 { [%clk 0:06:17] } 21.
Na4 { [%clk 0:09:10] } 21... Kd6 { [%clk 0:05:48] } 22. Qa5 { [%clk 0:09:04] }
22... Rc8 { [%clk 0:05:13] } 23. Qxa7 { [%clk 0:08:48] } 23... Rf7
{ [%clk 0:05:00] } 24. Qb6+ { [%clk 0:08:34] } 24... Kxd5 { [%clk 0:04:48] }
25. Qb3+ { [%clk 0:08:04] } 25... c4 { [%clk 0:04:37] } 26. Qb5+
{ [%clk 0:07:55] } 26... Kd4 { [%clk 0:03:55] } 27. c3+ { [%clk 0:07:52] }
27... Ke3 { [%clk 0:03:42] } 28. Qe8+ { [%clk 0:07:47] } 28... Rxe8
{ [%clk 0:03:34] } 0-1"
Rated Rapid game,https://lichess.org/VGNS63O7,2024.08.01,-,notagayfish,UrFathxrLeftForMilk,0-1,2024.08.01,08:47:03,1676,1720,,,D00,Queen's Pawn Game: Chigorin Variation,600+0,Normal,"1. d4 { [%clk 0:10:00] } 1... d5 { [%clk 0:10:00] } 2. Nc3 { [%clk 0:09:59] }
2... Nc6 { [%clk 0:09:59] } 3. Bf4 { [%clk 0:09:59] } 3... Bf5
{ [%clk 0:09:56] } 4. a3 { [%clk 0:09:52] } 4... Nf6 { [%clk 0:09:54] } 5. e3
{ [%clk 0:09:48] } 5... e6 { [%clk 0:09:54] } 6. h3 { [%clk 0:09:46] } 6... Bd6
{ [%clk 0:09:50] } 7. g4 { [%clk 0:09:42] } 7... Bxf4 { [%clk 0:09:48] } 8.
exf4 { [%clk 0:09:41] } 8... Be4 { [%clk 0:09:47] } 9. f3 { [%clk 0:09:38] }
9... Bg6 { [%clk 0:09:41] } 10. f5 { [%clk 0:09:31] } 10... exf5
{ [%clk 0:09:39] } 11. gxf5 { [%clk 0:09:28] } 11... Bxf5 { [%clk 0:09:38] }
12. Bd3 { [%clk 0:09:26] } 12... Bxd3 { [%clk 0:09:36] } 13. Qxd3
{ [%clk 0:09:25] } 13... O-O { [%clk 0:09:35] } 14. O-O-O { [%clk 0:09:23] }
14... Re8 { [%clk 0:09:34] } 15. Nge2 { [%clk 0:09:17] } 15... Nh5
{ [%clk 0:09:30] } 16. f4 { [%clk 0:09:05] } 16... Qh4 { [%clk 0:09:28] } 17.
f5 { [%clk 0:08:50] } 17... Qg5+ { [%clk 0:09:26] } 18. Kb1 { [%clk 0:08:40] }
18... Nf4 { [%clk 0:09:25] } 19. Qg3 { [%clk 0:08:27] } 19... Qxg3
{ [%clk 0:09:21] } 20. Nxg3 { [%clk 0:08:25] } 20... g6 { [%clk 0:09:13] } 21.
fxg6 { [%clk 0:08:20] } 21... hxg6 { [%clk 0:09:11] } 22. h4 { [%clk 0:08:18] }
22... Rad8 { [%clk 0:09:07] } 23. Rhf1 { [%clk 0:08:01] } 23... Ne6
{ [%clk 0:09:03] } 24. h5 { [%clk 0:07:59] } 24... gxh5 { [%clk 0:08:58] } 25.
Nxh5 { [%clk 0:07:56] } 25... Nexd4 { [%clk 0:08:56] } 26. Nf6+
{ [%clk 0:07:55] } 26... Kf8 { [%clk 0:08:54] } 27. Nxe8 { [%clk 0:07:50] }
27... Kxe8 { [%clk 0:08:53] } 28. Rde1+ { [%clk 0:07:33] } 28... Ne6
{ [%clk 0:08:52] } 29. Rh1 { [%clk 0:07:30] } 29... d4 { [%clk 0:08:51] } 30.
Rh8+ { [%clk 0:07:26] } 30... Ke7 { [%clk 0:08:50] } 31. Rxd8
{ [%clk 0:07:24] } 31... Kxd8 { [%clk 0:08:48] } 32. Ne4 { [%clk 0:07:13] }
32... Ke7 { [%clk 0:08:41] } 33. c3 { [%clk 0:07:10] } 33... f5
{ [%clk 0:08:37] } 34. Nc5 { [%clk 0:07:00] } 34... Nd8 { [%clk 0:08:31] } 35.
Nxe6 { [%clk 0:06:54] } 35... Nxe6 { [%clk 0:08:27] } 36. cxd4
{ [%clk 0:06:53] } 36... Kd6 { [%clk 0:08:26] } 37. Kc2 { [%clk 0:06:49] }
37... Nxd4+ { [%clk 0:08:24] } 38. Kd3 { [%clk 0:06:48] } 38... Nc6
{ [%clk 0:08:23] } 39. Rh1 { [%clk 0:06:44] } 39... a6 { [%clk 0:08:20] } 40.
Rh6+ { [%clk 0:06:41] } 40... Ke5 { [%clk 0:08:19] } 41. Rh7 { [%clk 0:06:40] }
41... Kd6 { [%clk 0:08:17] } 42. Rf7 { [%clk 0:06:29] } 42... Ne5+
{ [%clk 0:08:13] } 43. Kd4 { [%clk 0:06:19] } 43... Nxf7 { [%clk 0:08:13] } 44.
Ke3 { [%clk 0:06:18] } 44... Ke5 { [%clk 0:08:11] } 45. b4 { [%clk 0:06:16] }
45... Nd6 { [%clk 0:08:10] } 0-1"
Rated Rapid game,https://lichess.org/QiriJ8PC,2024.08.01,-,Aditya20113,JUZAVE,0-1,2024.08.01,08:47:03,1151,1127,,,B12,Caro-Kann Defense,600+0,Normal,"1. e4 { [%clk 0:10:00] } 1... c6 { [%clk 0:10:00] } 2. d4 { [%clk 0:09:57] }
2... e5 { [%clk 0:09:59] } 3. Nf3 { [%clk 0:09:48] } 3... d6 { [%clk 0:09:58] }
4. dxe5 { [%clk 0:09:45] } 4... dxe5 { [%clk 0:09:56] } 5. Nxe5
{ [%clk 0:09:44] } 5... Qxd1+ { [%clk 0:09:52] } 6. Kxd1 { [%clk 0:09:42] }
6... Nd7 { [%clk 0:09:44] } 7. Nxd7 { [%clk 0:09:37] } 7... Bxd7
{ [%clk 0:09:43] } 8. Nc3 { [%clk 0:09:24] } 8... Rd8 { [%clk 0:09:40] } 9. Bd2
{ [%clk 0:09:19] } 9... c5 { [%clk 0:09:38] } 10. Kc1 { [%clk 0:09:16] } 10...
Nf6 { [%clk 0:09:32] } 11. e5 { [%clk 0:09:14] } 11... Ng4 { [%clk 0:09:29] }
12. h3 { [%clk 0:09:05] } 12... Nxf2 { [%clk 0:09:26] } 13. Rh2
{ [%clk 0:09:01] } 13... Bf5 { [%clk 0:09:18] } 14. Bb5+ { [%clk 0:08:37] }
14... Bd7 { [%clk 0:09:14] } 15. b3 { [%clk 0:08:32] } 15... a6
{ [%clk 0:09:09] } 16. Bxd7+ { [%clk 0:08:31] } 16... Rxd7 { [%clk 0:09:07] }
17. Be3 { [%clk 0:08:28] } 17... Nxh3 { [%clk 0:08:54] } 18. Rxh3
{ [%clk 0:08:13] } 18... b5 { [%clk 0:08:50] } 19. Bxc5 { [%clk 0:08:07] }
19... Bxc5 { [%clk 0:08:48] } 20. e6 { [%clk 0:08:07] } 20... fxe6
{ [%clk 0:08:46] } 21. Rg3 { [%clk 0:07:57] } 21... g6 { [%clk 0:08:43] } 22.
Kb2 { [%clk 0:07:54] } 22... Rf8 { [%clk 0:08:41] } 23. Re1 { [%clk 0:07:51] }
23... Kd8 { [%clk 0:08:33] } 24. Rxe6 { [%clk 0:07:43] } 24... Rf2
{ [%clk 0:08:21] } 25. Rxa6 { [%clk 0:07:34] } 25... b4 { [%clk 0:08:12] } 26.
Ne4 { [%clk 0:07:31] } 26... Bd4+ { [%clk 0:08:09] } 27. Kc1 { [%clk 0:07:20] }
27... Be3+ { [%clk 0:07:48] } 28. Kb2 { [%clk 0:07:16] } 28... Bd4+
{ [%clk 0:07:27] } 29. Kc1 { [%clk 0:07:11] } 29... Rf1+ { [%clk 0:07:21] } 30.
Kd2 { [%clk 0:07:09] } 30... Be5+ { [%clk 0:07:17] } 31. Ke2 { [%clk 0:07:04] }
31... Rc1 { [%clk 0:07:14] } 32. Ra8+ { [%clk 0:06:56] } 32... Ke7
{ [%clk 0:07:10] } 33. Nc5 { [%clk 0:06:48] } 33... Rxc2+ { [%clk 0:07:07] }
34. Kf3 { [%clk 0:06:45] } 34... Rxc5 { [%clk 0:07:06] } 35. a4
{ [%clk 0:06:38] } 35... Bxg3 { [%clk 0:07:03] } 36. Kxg3 { [%clk 0:06:36] }
36... Rc3+ { [%clk 0:06:57] } 37. Kf4 { [%clk 0:06:34] } 37... Rxb3
{ [%clk 0:06:56] } 38. Ke5 { [%clk 0:06:34] } 38... Ra3 { [%clk 0:06:55] } 39.
Ke4 { [%clk 0:06:31] } 39... b3 { [%clk 0:06:54] } 40. Kf3 { [%clk 0:06:27] }
40... b2+ { [%clk 0:06:53] } 41. Ke2 { [%clk 0:06:24] } 41... b1=Q
{ [%clk 0:06:50] } 42. a5 { [%clk 0:06:21] } 42... Qe4+ { [%clk 0:06:48] } 43.
Kf2 { [%clk 0:06:18] } 43... Qxa8 { [%clk 0:06:47] } 0-1"
Rated Rapid game,https://lichess.org/Mo62erLE,2024.08.01,-,bigFoot-ish,kropsmaster,0-1,2024.08.01,08:47:00,1777,1768,,,B07,Czech Defense,600+0,Normal,"1. e4 { [%clk 0:10:00] } 1... d6 { [%clk 0:10:00] } 2. d4 { [%clk 0:09:59] }
2... Nf6 { [%clk 0:10:00] } 3. Nc3 { [%clk 0:09:56] } 3... c6
{ [%clk 0:10:00] } 4. Bg5 { [%clk 0:09:54] } 4... Qa5 { [%clk 0:10:00] } 5.
Bxf6 { [%clk 0:09:50] } 5... exf6 { [%clk 0:10:00] } 6. Nf3 { [%clk 0:09:47] }
6... Be7 { [%clk 0:10:00] } 7. Bd3 { [%clk 0:09:37] } 7... O-O
{ [%clk 0:10:00] } 8. O-O { [%clk 0:09:35] } 8... Qc7 { [%clk 0:09:58] } 9. Re1
{ [%clk 0:09:32] } 9... a5 { [%clk 0:09:56] } 10. e5 { [%clk 0:09:31] } 10...
fxe5 { [%clk 0:09:54] } 11. dxe5 { [%clk 0:09:29] } 11... dxe5
{ [%clk 0:09:53] } 12. Nxe5 { [%clk 0:09:28] } 12... Bd6 { [%clk 0:09:37] } 13.
Nf3 { [%clk 0:09:18] } 13... Bg4 { [%clk 0:09:35] } 14. Be2 { [%clk 0:09:09] }
14... Bxf3 { [%clk 0:09:33] } 15. Bxf3 { [%clk 0:09:07] } 15... Bxh2+
{ [%clk 0:09:33] } 16. Kf1 { [%clk 0:09:05] } 16... Nd7 { [%clk 0:09:30] } 17.
Ne4 { [%clk 0:09:02] } 17... Ne5 { [%clk 0:09:12] } 18. g3 { [%clk 0:09:00] }
18... f5 { [%clk 0:08:51] } 19. Ng5 { [%clk 0:08:45] } 19... f4
{ [%clk 0:08:41] } 20. Ne6 { [%clk 0:08:38] } 20... Qf7 { [%clk 0:08:27] } 21.
Nxf8 { [%clk 0:08:36] } 21... Rxf8 { [%clk 0:08:24] } 22. Rxe5
{ [%clk 0:08:34] } 22... fxg3 { [%clk 0:08:22] } 23. Bd5 { [%clk 0:08:09] }
23... cxd5 { [%clk 0:08:10] } 24. Qxd5 { [%clk 0:08:08] } 24... Qxd5
{ [%clk 0:08:07] } 25. Rxd5 { [%clk 0:08:08] } 25... Rxf2+ { [%clk 0:08:05] }
26. Ke1 { [%clk 0:08:05] } 26... Rf8 { [%clk 0:07:27] } 27. Rg5
{ [%clk 0:08:01] } 27... h6 { [%clk 0:07:15] } 28. Rg6 { [%clk 0:07:44] } 28...
Kh7 { [%clk 0:07:11] } 29. Rg4 { [%clk 0:07:41] } 29... h5 { [%clk 0:07:08] }
30. Rg5 { [%clk 0:07:39] } 30... Kh6 { [%clk 0:07:06] } 31. Rxa5
{ [%clk 0:07:33] } 31... g2 { [%clk 0:07:04] } 32. Kd2 { [%clk 0:07:27] } 32...
Rf1 { [%clk 0:07:02] } 33. Rxf1 { [%clk 0:07:13] } 33... gxf1=Q
{ [%clk 0:07:02] } 0-1"
Rated Rapid game,https://lichess.org/qYPkdq3F,2024.08.01,-,akbar20akbar,live_shashank,0-1,2024.08.01,08:47:04,1637,1657,,,C41,Philidor Defense,600+0,Normal,"1. e4 { [%clk 0:10:00] } 1... e5 { [%clk 0:10:00] } 2. Nf3 { [%clk 0:09:59] }
2... d6 { [%clk 0:09:59] } 3. d4 { [%clk 0:09:57] } 3... f6 { [%clk 0:09:58] }
4. dxe5 { [%clk 0:09:56] } 4... fxe5 { [%clk 0:09:57] } 5. Nxe5
{ [%clk 0:09:54] } 5... dxe5 { [%clk 0:09:54] } 6. Qh5+ { [%clk 0:09:52] } 6...
Kd7 { [%clk 0:09:19] } 7. Nc3 { [%clk 0:08:18] } 7... Bd6 { [%clk 0:09:11] } 8.
Bc4 { [%clk 0:07:53] } 8... c6 { [%clk 0:08:54] } 9. O-O { [%clk 0:07:40] }
9... Nf6 { [%clk 0:08:51] } 10. Qd1 { [%clk 0:07:37] } 10... b5
{ [%clk 0:08:47] } 11. Nxb5 { [%clk 0:07:32] } 11... cxb5 { [%clk 0:08:45] }
12. Bxb5+ { [%clk 0:07:31] } 12... Nc6 { [%clk 0:08:41] } 13. c4
{ [%clk 0:07:22] } 13... Kc7 { [%clk 0:08:15] } 14. Bxc6 { [%clk 0:07:19] }
14... Kxc6 { [%clk 0:08:12] } 15. Qa4+ { [%clk 0:07:16] } 15... Kc7
{ [%clk 0:07:59] } 16. f4 { [%clk 0:07:05] } 16... Nxe4 { [%clk 0:07:54] } 17.
fxe5 { [%clk 0:07:03] } 17... Bc5+ { [%clk 0:07:40] } 18. Kh1
{ [%clk 0:06:58] } 18... Bd7 { [%clk 0:07:23] } 19. Qc2 { [%clk 0:06:36] }
19... Bc6 { [%clk 0:07:13] } 20. Rf7+ { [%clk 0:06:26] } 20... Kc8
{ [%clk 0:07:02] } 21. Bf4 { [%clk 0:06:14] } 21... Be7 { [%clk 0:06:31] } 22.
e6 { [%clk 0:06:03] } 22... Rb8 { [%clk 0:05:32] } 23. Rd1 { [%clk 0:05:52] }
0-1"
Rated Rapid game,https://lichess.org/7wDzkBn5,2024.08.01,-,Ismail_voik,tmhn-0015,1-0,2024.08.01,08:47:10,1618,1514,,,C44,Ponziani Opening,600+0,Normal,"1. e4 { [%clk 0:10:00] } 1... e5 { [%clk 0:10:00] } 2. Nf3 { [%clk 0:09:58] }
2... Nc6 { [%clk 0:09:59] } 3. c3 { [%clk 0:09:57] } 3... Bc5
{ [%clk 0:09:59] } 4. d4 { [%clk 0:09:56] } 4... exd4 { [%clk 0:09:57] } 5.
cxd4 { [%clk 0:09:55] } 5... Bb4+ { [%clk 0:09:57] } 6. Nc3 { [%clk 0:09:54] }
6... d5 { [%clk 0:09:53] } 7. e5 { [%clk 0:09:52] } 7... Bg4 { [%clk 0:09:51] }
8. Be3 { [%clk 0:09:41] } 8... Bxc3+ { [%clk 0:09:46] } 9. bxc3
{ [%clk 0:09:40] } 9... Nge7 { [%clk 0:09:40] } 10. h3 { [%clk 0:09:38] } 10...
Bxf3 { [%clk 0:09:37] } 11. Qxf3 { [%clk 0:09:37] } 11... O-O
{ [%clk 0:09:37] } 12. Bd3 { [%clk 0:09:33] } 12... g6 { [%clk 0:09:35] } 13.
O-O { [%clk 0:09:31] } 13... Qd7 { [%clk 0:09:27] } 14. Bh6 { [%clk 0:09:30] }
14... Rfd8 { [%clk 0:09:25] } 15. Qf6 { [%clk 0:09:29] } 15... Nf5
{ [%clk 0:08:57] } 16. Bxf5 { [%clk 0:09:27] } 16... Qxf5 { [%clk 0:08:48] }
17. Qg7# { [%clk 0:09:26] } 1-0"
Rated Rapid game,https://lichess.org/L2TCSspO,2024.08.01,-,zadum0,chandan_kumar03,1-0,2024.08.01,08:47:10,1054,1033,,,B01,Scandinavian Defense,600+0,Normal,"1. e4 { [%clk 0:10:00] } 1... d5 { [%clk 0:10:00] } 2. Nc3 { [%clk 0:09:55] }
2... d4 { [%clk 0:09:57] } 3. Nce2 { [%clk 0:09:51] } 3... e5
{ [%clk 0:09:53] } 4. Nf3 { [%clk 0:09:48] } 4... Nc6 { [%clk 0:09:45] } 5. c3
{ [%clk 0:09:45] } 5... dxc3 { [%clk 0:09:33] } 6. Nxc3 { [%clk 0:09:42] } 6...
Nd4 { [%clk 0:09:26] } 7. Nxd4 { [%clk 0:09:39] } 7... Qxd4 { [%clk 0:09:20] }
8. f3 { [%clk 0:09:29] } 8... Bc5 { [%clk 0:09:16] } 9. Qe2 { [%clk 0:09:16] }
9... f5 { [%clk 0:08:57] } 10. Nb5 { [%clk 0:09:09] } 10... Qd7
{ [%clk 0:08:38] } 11. a4 { [%clk 0:08:55] } 11... f4 { [%clk 0:08:33] } 12.
Qc4 { [%clk 0:08:13] } 12... b6 { [%clk 0:08:14] } 13. b4 { [%clk 0:07:50] }
13... a6 { [%clk 0:07:55] } 14. Na3 { [%clk 0:07:25] } 14... b5
{ [%clk 0:07:47] } 15. Nxb5 { [%clk 0:07:21] } 15... axb5 { [%clk 0:07:44] }
16. Qxc5 { [%clk 0:07:11] } 16... bxa4 { [%clk 0:07:36] } 17. Bb5
{ [%clk 0:07:08] } 17... Qxb5 { [%clk 0:07:03] } 18. Qxb5+ { [%clk 0:07:04] }
18... Bd7 { [%clk 0:06:58] } 19. Qxe5+ { [%clk 0:06:58] } 19... Ne7
{ [%clk 0:06:55] } 20. Qxc7 { [%clk 0:06:56] } 20... O-O { [%clk 0:06:49] } 21.
Qc4+ { [%clk 0:06:47] } 21... Rf7 { [%clk 0:06:37] } 22. O-O { [%clk 0:06:38] }
22... Rc8 { [%clk 0:06:35] } 23. Qd4 { [%clk 0:06:27] } 23... Nc6
{ [%clk 0:06:28] } 24. Qb6 { [%clk 0:05:56] } 24... Rb8 { [%clk 0:06:18] } 25.
Qc7 { [%clk 0:05:32] } 25... Rxb4 { [%clk 0:06:02] } 26. Ba3 { [%clk 0:05:26] }
26... Rb8 { [%clk 0:05:30] } 27. Rfb1 { [%clk 0:05:14] } 27... Rxb1+
{ [%clk 0:05:27] } 28. Rxb1 { [%clk 0:05:13] } 28... Nd4 { [%clk 0:05:22] } 29.
Qd8+ { [%clk 0:05:01] } 29... Rf8 { [%clk 0:05:04] } 30. Qxf8#
{ [%clk 0:05:01] } 1-0"
Rated Rapid game,https://lichess.org/z5VWdYgY,2024.08.01,-,carlesfisio,Xakep62,1-0,2024.08.01,08:47:10,1769,1702,,,C00,French Defense: Knight Variation,600+0,Time forfeit,"1. e4 { [%clk 0:10:00] } 1... e6 { [%clk 0:10:00] } 2. Nf3 { [%clk 0:09:59] }
2... d5 { [%clk 0:09:59] } 3. exd5 { [%clk 0:09:56] } 3... exd5
{ [%clk 0:09:58] } 4. d4 { [%clk 0:09:55] } 4... Bd6 { [%clk 0:09:57] } 5. Nc3
{ [%clk 0:09:44] } 5... c6 { [%clk 0:09:56] } 6. Qe2+ { [%clk 0:09:21] } 6...
Qe7 { [%clk 0:09:38] } 7. Qxe7+ { [%clk 0:09:08] } 7... Nxe7 { [%clk 0:09:37] }
8. Bd3 { [%clk 0:09:04] } 8... h6 { [%clk 0:09:33] } 9. O-O { [%clk 0:09:02] }
9... Be6 { [%clk 0:09:20] } 10. h3 { [%clk 0:09:00] } 10... Nd7
{ [%clk 0:09:19] } 11. Re1 { [%clk 0:08:54] } 11... O-O-O { [%clk 0:09:12] }
12. Ne2 { [%clk 0:08:45] } 12... g5 { [%clk 0:08:54] } 13. Nh2
{ [%clk 0:08:26] } 13... Nf6 { [%clk 0:08:35] } 14. Ng3 { [%clk 0:08:17] }
14... Rde8 { [%clk 0:07:47] } 15. Bd2 { [%clk 0:07:22] } 15... h5
{ [%clk 0:07:40] } 16. Bxg5 { [%clk 0:07:17] } 16... Nh7 { [%clk 0:06:38] } 17.
Bxe7 { [%clk 0:06:52] } 17... Bxe7 { [%clk 0:05:41] } 18. Nxh5
{ [%clk 0:06:49] } 18... Ng5 { [%clk 0:04:17] } 19. Ng7 { [%clk 0:06:40] }
19... Reg8 { [%clk 0:03:45] } 20. Nxe6 { [%clk 0:06:26] } 20... Nxe6
{ [%clk 0:03:01] } 21. Bf5 { [%clk 0:06:12] } 21... Kc7 { [%clk 0:02:17] } 22.
Bxe6 { [%clk 0:06:03] } 22... fxe6 { [%clk 0:02:15] } 23. Rxe6
{ [%clk 0:05:58] } 23... Bd6 { [%clk 0:02:14] } 24. Ng4 { [%clk 0:05:33] }
24... Rxg4 { [%clk 0:01:19] } 25. hxg4 { [%clk 0:05:24] } 25... Bh2+
{ [%clk 0:01:05] } 26. Kf1 { [%clk 0:05:23] } 26... Bd6 { [%clk 0:00:56] } 27.
Ke2 { [%clk 0:05:14] } 27... c5 { [%clk 0:00:45] } 28. c3 { [%clk 0:05:04] }
28... Kd7 { [%clk 0:00:39] } 29. Rg6 { [%clk 0:04:57] } 29... c4
{ [%clk 0:00:15] } 30. b3 { [%clk 0:04:49] } 30... Re8+ { [%clk 0:00:06] } 31.
Kd1 { [%clk 0:04:44] } 1-0"
Rated Rapid game,https://lichess.org/q5GDReRm,2024.08.01,-,MikeE67,stozhar44,1-0,2024.08.01,08:47:10,1969,1954,,,A40,Horwitz Defense,600+0,Normal,"1. d4 { [%clk 0:10:00] } 1... e6 { [%clk 0:10:00] } 2. f4 { [%clk 0:09:59] }
2... d5 { [%clk 0:09:58] } 3. Nf3 { [%clk 0:09:57] } 3... c5 { [%clk 0:09:56] }
4. c3 { [%clk 0:09:55] } 4... Nc6 { [%clk 0:09:54] } 5. e3 { [%clk 0:09:54] }
5... Bd7 { [%clk 0:09:51] } 6. Bd3 { [%clk 0:09:53] } 6... b6
{ [%clk 0:09:50] } 7. Nbd2 { [%clk 0:09:53] } 7... g6 { [%clk 0:09:46] } 8. O-O
{ [%clk 0:09:52] } 8... Nf6 { [%clk 0:09:39] } 9. Qe2 { [%clk 0:09:51] } 9...
c4 { [%clk 0:09:34] } 10. Bc2 { [%clk 0:09:50] } 10... b5 { [%clk 0:09:31] }
11. h3 { [%clk 0:09:48] } 11... a5 { [%clk 0:09:28] } 12. Ne5
{ [%clk 0:09:47] } 12... Bg7 { [%clk 0:09:10] } 13. b3 { [%clk 0:09:39] } 13...
a4 { [%clk 0:09:04] } 14. Ba3 { [%clk 0:09:27] } 14... axb3 { [%clk 0:08:51] }
15. axb3 { [%clk 0:09:25] } 15... cxb3 { [%clk 0:08:44] } 16. Nxb3
{ [%clk 0:09:20] } 16... Nxe5 { [%clk 0:08:24] } 17. fxe5 { [%clk 0:09:18] }
17... Ng8 { [%clk 0:08:11] } 18. Bd6 { [%clk 0:09:05] } 18... Bf8
{ [%clk 0:08:08] } 19. Bxf8 { [%clk 0:09:01] } 19... Kxf8 { [%clk 0:08:06] }
20. Nc5 { [%clk 0:08:56] } 20... Rxa1 { [%clk 0:07:58] } 21. Rxa1
{ [%clk 0:08:54] } 21... Kg7 { [%clk 0:07:57] } 22. Qf1 { [%clk 0:08:47] }
22... f5 { [%clk 0:07:50] } 23. Ra7 { [%clk 0:08:43] } 23... Kh6
{ [%clk 0:07:19] } 24. Rxd7 { [%clk 0:08:39] } 24... Qa8 { [%clk 0:07:15] } 25.
Qf2 { [%clk 0:08:24] } 25... Qa1+ { [%clk 0:07:08] } 26. Kh2 { [%clk 0:08:22] }
26... g5 { [%clk 0:07:07] } 27. Nxe6 { [%clk 0:08:12] } 27... Qxc3
{ [%clk 0:06:59] } 28. h4 { [%clk 0:07:57] } 28... f4 { [%clk 0:06:48] } 29.
hxg5+ { [%clk 0:07:53] } 29... Kh5 { [%clk 0:06:39] } 30. Qxf4
{ [%clk 0:07:40] } 30... Qxc2 { [%clk 0:06:35] } 31. Ng7+ { [%clk 0:07:25] }
31... Kg6 { [%clk 0:06:26] } 32. Ne8 { [%clk 0:06:54] } 32... Qe4
{ [%clk 0:06:09] } 33. Rg7+ { [%clk 0:06:48] } 33... Kh5 { [%clk 0:06:07] } 34.
g4+ { [%clk 0:06:33] } 34... Kh4 { [%clk 0:06:00] } 35. Qg3# { [%clk 0:06:31] }
1-0"
Rated Rapid game,https://lichess.org/I755iL1o,2024.08.01,-,MuraD_Tal_Fan_1720,Aurora_serg,1-0,2024.08.01,08:47:10,1430,1382,,,C41,Philidor Defense,600+0,Normal,"1. e4 { [%clk 0:10:00] } 1... e5 { [%clk 0:10:00] } 2. Nf3 { [%clk 0:09:57] }
2... d6 { [%clk 0:09:57] } 3. Nc3 { [%clk 0:09:54] } 3... c6 { [%clk 0:09:55] }
4. d4 { [%clk 0:09:48] } 4... exd4 { [%clk 0:09:53] } 5. Nxd4
{ [%clk 0:09:46] } 5... c5 { [%clk 0:09:52] } 6. Nf3 { [%clk 0:09:44] } 6... a6
{ [%clk 0:09:49] } 7. Bf4 { [%clk 0:09:42] } 7... Nc6 { [%clk 0:09:47] } 8. Bc4
{ [%clk 0:09:40] } 8... Be6 { [%clk 0:09:39] } 9. Bxe6 { [%clk 0:09:37] } 9...
fxe6 { [%clk 0:09:38] } 10. Ng5 { [%clk 0:09:35] } 10... e5 { [%clk 0:09:31] }
11. Be3 { [%clk 0:09:25] } 11... Be7 { [%clk 0:09:22] } 12. Ne6
{ [%clk 0:09:22] } 12... Qd7 { [%clk 0:09:01] } 13. Nxg7+ { [%clk 0:09:19] }
13... Kd8 { [%clk 0:08:58] } 14. Nd5 { [%clk 0:08:58] } 14... Nf6
{ [%clk 0:08:47] } 15. Nb6 { [%clk 0:08:52] } 15... Qc7 { [%clk 0:08:35] } 16.
Ne6+ { [%clk 0:08:49] } 16... Ke8 { [%clk 0:08:21] } 17. Nxc7+
{ [%clk 0:08:47] } 1-0"
Rated Rapid game,https://lichess.org/SYlRIDaI,2024.08.01,-,mwuk,IsmagilovDG,1-0,2024.08.01,08:47:10,1870,1890,,,C25,Vienna Game: Anderssen Defense,600+0,Normal,"1. e4 { [%clk 0:10:00] } 1... e5 { [%clk 0:10:00] } 2. Nc3 { [%clk 0:09:58] }
2... Bc5 { [%clk 0:09:57] } 3. Bc4 { [%clk 0:09:55] } 3... d6
{ [%clk 0:09:56] } 4. Nf3 { [%clk 0:09:46] } 4... a6 { [%clk 0:09:53] } 5. d4
{ [%clk 0:09:44] } 5... exd4 { [%clk 0:09:52] } 6. Nxd4 { [%clk 0:09:43] } 6...
h6 { [%clk 0:09:46] } 7. Qf3 { [%clk 0:09:39] } 7... Qd7 { [%clk 0:09:17] } 8.
Nf5 { [%clk 0:09:35] } 8... c6 { [%clk 0:09:02] } 9. Nxg7+ { [%clk 0:09:30] }
9... Kf8 { [%clk 0:08:48] } 10. Ne6+ { [%clk 0:09:24] } 10... Ke8
{ [%clk 0:08:41] } 11. Nxc5 { [%clk 0:09:21] } 11... dxc5 { [%clk 0:08:38] }
12. Be3 { [%clk 0:09:07] } 12... b5 { [%clk 0:08:02] } 13. Bd3
{ [%clk 0:08:53] } 13... c4 { [%clk 0:07:57] } 14. Be2 { [%clk 0:08:47] } 14...
Nf6 { [%clk 0:07:28] } 15. Qxf6 { [%clk 0:08:40] } 1-0"
Rated Rapid game,https://lichess.org/oR93iINq,2024.08.01,-,ramde01,timurse,0-1,2024.08.01,08:47:10,1014,1033,,,C46,Three Knights Opening,600+0,Normal,"1. e4 { [%clk 0:10:00] } 1... e5 { [%clk 0:10:00] } 2. Nf3 { [%clk 0:09:53] }
2... Nc6 { [%clk 0:09:56] } 3. Nc3 { [%clk 0:09:46] } 3... Bb4
{ [%clk 0:09:48] } 4. Bb5 { [%clk 0:09:41] } 4... Bxc3 { [%clk 0:09:44] } 5.
Bxc6 { [%clk 0:09:29] } 5... Bxb2 { [%clk 0:09:36] } 6. Bxb7 { [%clk 0:09:20] }
6... Bxb7 { [%clk 0:09:34] } 7. Bxb2 { [%clk 0:09:14] } 7... f6
{ [%clk 0:09:31] } 8. Qe2 { [%clk 0:09:04] } 8... Qe7 { [%clk 0:09:21] } 9. a4
{ [%clk 0:08:05] } 9... Qb4 { [%clk 0:09:08] } 10. Ba3 { [%clk 0:07:53] } 10...
Qxa4 { [%clk 0:08:58] } 11. O-O { [%clk 0:07:51] } 11... Bxe4
{ [%clk 0:08:51] } 12. Bc5 { [%clk 0:07:35] } 12... Qxc2 { [%clk 0:08:38] } 13.
Bxa7 { [%clk 0:07:13] } 13... Bd3 { [%clk 0:08:19] } 14. Rfc1
{ [%clk 0:06:34] } 14... Qb3 { [%clk 0:08:00] } 15. Rab1 { [%clk 0:06:14] }
15... Qd5 { [%clk 0:07:50] } 16. Be3 { [%clk 0:05:59] } 16... Bxe2
{ [%clk 0:07:46] } 17. Rxc7 { [%clk 0:05:43] } 17... Bxf3 { [%clk 0:07:39] }
18. Bc5 { [%clk 0:05:34] } 18... Bxg2 { [%clk 0:07:05] } 19. Be7
{ [%clk 0:05:27] } 19... Nxe7 { [%clk 0:06:58] } 20. Rbc1 { [%clk 0:05:21] }
20... O-O { [%clk 0:06:55] } 21. R7c5 { [%clk 0:05:15] } 21... Qxd2
{ [%clk 0:06:42] } 22. Kxg2 { [%clk 0:05:09] } 22... Rac8 { [%clk 0:06:40] }
23. R1c2 { [%clk 0:05:05] } 23... Qg5+ { [%clk 0:06:16] } 24. Kf1
{ [%clk 0:05:02] } 24... Rxc5 { [%clk 0:06:11] } 25. Rxc5 { [%clk 0:05:01] }
25... Rc8 { [%clk 0:06:02] } 26. Rxc8+ { [%clk 0:04:58] } 26... Nxc8
{ [%clk 0:06:00] } 27. f3 { [%clk 0:04:57] } 27... Nd6 { [%clk 0:05:54] } 28.
Ke2 { [%clk 0:04:55] } 28... Nc4 { [%clk 0:05:49] } 0-1"
Rated Rapid game,https://lichess.org/e1Iqcgql,2024.08.01,-,Maestro_234,chriskaituu,1-0,2024.08.01,08:47:10,1916,1926,,,D00,Queen's Pawn Game: Accelerated London System,600+0,Normal,"1. d4 { [%eval 0.16] [%clk 0:10:00] } 1... d5 { [%eval 0.23] [%clk 0:10:00] }
2. Bf4 { [%eval 0.02] [%clk 0:09:59] } 2... e6 { [%eval 0.1] [%clk 0:09:59] }
3. e3 { [%eval 0.1] [%clk 0:09:57] } 3... Nc6 { [%eval 0.44] [%clk 0:09:58] }
4. Nf3 { [%eval 0.35] [%clk 0:09:55] } 4... Be7 { [%eval 0.66] [%clk 0:09:57] }
5. c4 { [%eval 0.74] [%clk 0:09:49] } 5... Nf6 { [%eval 0.64] [%clk 0:09:56] }
6. Nc3 { [%eval 0.54] [%clk 0:09:47] } 6... O-O { [%eval 0.72] [%clk 0:09:54] }
7. Bd3 $6 { [%eval 0.0] [%clk 0:09:44] } 7... Bb4 $6
{ [%eval 0.64] [%clk 0:09:52] } 8. O-O { [%eval 0.49] [%clk 0:09:43] } 8... Re8
$6 { [%eval 1.26] [%clk 0:09:11] } 9. a3 { [%eval 0.96] [%clk 0:09:33] } 9...
Bd6 { [%eval 1.18] [%clk 0:09:08] } 10. Bg3 { [%eval 0.78] [%clk 0:09:28] }
10... Nd7 $2 { [%eval 2.86] [%clk 0:09:03] } 11. cxd5
{ [%eval 2.92] [%clk 0:09:22] } 11... exd5 { [%eval 2.91] [%clk 0:09:01] } 12.
Nxd5 { [%eval 2.88] [%clk 0:09:19] } 12... Nf6 { [%eval 3.18] [%clk 0:08:57] }
13. Bxd6 { [%eval 2.61] [%clk 0:09:04] } 13... Qxd6
{ [%eval 3.03] [%clk 0:08:54] } 14. Nxf6+ { [%eval 2.98] [%clk 0:09:03] } 14...
Qxf6 { [%eval 3.0] [%clk 0:08:51] } 15. Qc2 { [%eval 3.08] [%clk 0:09:02] }
15... Bg4 $2 { [%eval 4.09] [%clk 0:08:31] } 16. Bxh7+
{ [%eval 4.11] [%clk 0:08:41] } 16... Kh8 { [%eval 3.95] [%clk 0:08:29] } 17.
Be4 { [%eval 4.02] [%clk 0:08:40] } 17... Bxf3 { [%eval 4.53] [%clk 0:08:27] }
18. Bxf3 { [%eval 4.6] [%clk 0:08:38] } 18... Qg5
{ [%eval 4.94] [%clk 0:08:25] } 19. Bxc6 { [%eval 4.95] [%clk 0:08:33] } 19...
bxc6 { [%eval 4.96] [%clk 0:08:23] } 20. Qxc6 { [%eval 4.95] [%clk 0:08:29] }
20... Rad8 { [%eval 5.17] [%clk 0:08:20] } 21. Rac1
{ [%eval 5.32] [%clk 0:07:57] } 21... Re6 { [%eval 5.23] [%clk 0:08:17] } 22.
Qxc7 { [%eval 5.32] [%clk 0:07:52] } 22... Rdd6 { [%eval 5.78] [%clk 0:08:15] }
23. Qxf7 { [%eval 5.55] [%clk 0:07:29] } 23... Rg6 $4
{ [%eval 9.13] [%clk 0:08:08] } 24. Rc8+ { [%eval 9.02] [%clk 0:07:16] } 24...
Kh7 $2 { [%eval #2] [%clk 0:08:06] } 25. Qg8+ { [%eval #1] [%clk 0:07:14] }
25... Kh6 { [%eval #1] [%clk 0:08:02] } 26. Qh8# { [%clk 0:07:14] } 1-0"
Rated Rapid game,https://lichess.org/DXvr1n9m,2024.08.01,-,Dieghe_1984,MalagasyAho,0-1,2024.08.01,08:47:10,1796,1773,,,C40,King's Pawn Game: McConnell Defense,600+0,Normal,"1. e4 { [%clk 0:10:00] } 1... e5 { [%clk 0:10:00] } 2. Nf3 { [%clk 0:09:59] }
2... Qf6 { [%clk 0:09:59] } 3. Bc4 { [%clk 0:09:58] } 3... d6
{ [%clk 0:09:57] } 4. O-O { [%clk 0:09:57] } 4... Be7 { [%clk 0:09:54] } 5. c3
{ [%clk 0:09:51] } 5... Qg6 { [%clk 0:09:52] } 6. d3 { [%clk 0:09:32] } 6...
Bh3 { [%clk 0:09:49] } 7. Ng5 { [%clk 0:09:30] } 7... Bxg5 { [%clk 0:09:44] }
0-1"
Rated Rapid game,https://lichess.org/mxHB5l98,2024.08.01,-,Emanuele77,fales_ivolga,0-1,2024.08.01,08:47:10,1092,1169,,,C02,French Defense: Advance Variation,600+0,Normal,"1. e4 { [%eval 0.15] [%clk 0:10:00] } 1... e6 { [%eval 0.25] [%clk 0:10:00] }
2. d4 { [%eval 0.3] [%clk 0:09:57] } 2... d5 { [%eval 0.31] [%clk 0:10:00] } 3.
e5 { [%eval 0.25] [%clk 0:09:53] } 3... c5 { [%eval 0.24] [%clk 0:09:55] } 4.
Be3 $6 { [%eval -0.45] [%clk 0:09:46] } 4... cxd4
{ [%eval -0.41] [%clk 0:09:51] } 5. Bxd4 { [%eval -0.52] [%clk 0:09:44] } 5...
Nc6 { [%eval -0.46] [%clk 0:09:49] } 6. Bb5 { [%eval -0.75] [%clk 0:09:33] }
6... Bd7 { [%eval -0.65] [%clk 0:09:45] } 7. Na3 $2
{ [%eval -2.28] [%clk 0:09:16] } 7... a6 $6 { [%eval -1.31] [%clk 0:09:38] } 8.
Bd3 $4 { [%eval -4.85] [%clk 0:08:35] } 8... Nxd4
{ [%eval -5.0] [%clk 0:09:34] } 9. Nf3 { [%eval -5.37] [%clk 0:08:23] } 9...
Nxf3+ { [%eval -5.38] [%clk 0:09:31] } 10. Qxf3
{ [%eval -5.36] [%clk 0:08:21] } 10... Qb6 { [%eval -4.52] [%clk 0:09:26] } 11.
b3 $2 { [%eval -5.83] [%clk 0:08:05] } 11... Bxa3
{ [%eval -5.68] [%clk 0:09:21] } 12. O-O { [%eval -5.73] [%clk 0:07:47] } 12...
Bb2 { [%eval -5.71] [%clk 0:09:19] } 13. Rad1 { [%eval -5.87] [%clk 0:07:25] }
13... Bxe5 { [%eval -5.85] [%clk 0:09:16] } 14. c4
{ [%eval -5.94] [%clk 0:06:56] } 14... dxc4 { [%eval -5.96] [%clk 0:09:07] }
15. Bxc4 { [%eval -6.07] [%clk 0:06:42] } 15... Bb5
{ [%eval -5.5] [%clk 0:09:02] } 16. Rfe1 { [%eval -5.53] [%clk 0:06:06] } 16...
Bxc4 { [%eval -4.92] [%clk 0:08:37] } 17. bxc4 { [%eval -5.58] [%clk 0:06:02] }
17... Bc7 { [%eval -5.58] [%clk 0:08:35] } 18. Re4
{ [%eval -5.92] [%clk 0:05:40] } 18... Nf6 { [%eval -5.81] [%clk 0:08:30] } 19.
Re3 { [%eval -5.88] [%clk 0:05:26] } 19... O-O { [%eval -5.91] [%clk 0:08:25] }
20. h3 { [%eval -6.09] [%clk 0:04:59] } 20... Rfd8
{ [%eval -6.04] [%clk 0:08:18] } 21. Rc1 { [%eval -6.21] [%clk 0:04:40] } 21...
Qd6 { [%eval -6.14] [%clk 0:08:06] } 22. Qxb7 $4 { [%eval #-9] [%clk 0:03:51] }
22... Qh2+ { [%eval #-8] [%clk 0:07:32] } 23. Kf1
{ [%eval #-8] [%clk 0:03:46] } 23... Qh1+ { [%eval #-7] [%clk 0:07:31] } 24.
Ke2 { [%eval #-7] [%clk 0:03:37] } 24... Qxc1 { [%eval #-7] [%clk 0:07:30] }
25. Qxc7 { [%eval #-1] [%clk 0:03:30] } 25... Qc2+ $2
{ [%eval -7.29] [%clk 0:07:23] } 26. Kf3 { [%eval -7.32] [%clk 0:03:27] } 26...
Qxa2 { [%eval -6.74] [%clk 0:07:03] } 27. Kf4 $4 { [%eval #-5] [%clk 0:02:53] }
27... Rac8 $2 { [%eval -9.19] [%clk 0:06:37] } 28. Qe7 $2
{ [%eval #-3] [%clk 0:02:26] } 28... Qxf2+ { [%eval #-2] [%clk 0:06:25] } 29.
Kg5 { [%eval #-1] [%clk 0:02:19] } 29... Qxe3+ { [%eval #-1] [%clk 0:06:23] }
30. Kh4 { [%eval #-1] [%clk 0:02:13] } 30... Rd4+
{ [%eval #-1] [%clk 0:05:57] } 31. g4 { [%eval #-1] [%clk 0:01:17] } 31... h6
{ [%eval #-3] [%clk 0:05:48] } 32. Qxf6 { [%eval #-3] [%clk 0:00:51] } 32...
gxf6 { [%eval #-2] [%clk 0:05:43] } 33. Kh5 { [%eval #-1] [%clk 0:00:48] }
33... Qg5# { [%clk 0:05:39] } 0-1"
Rated Rapid game,https://lichess.org/kC16Uo6A,2024.08.01,-,pinsu38,Fujur,0-1,2024.08.01,08:47:10,1179,1207,,,D00,Queen's Pawn Game: Chigorin Variation,600+0,Normal,"1. d4 { [%clk 0:10:00] } 1... d5 { [%clk 0:10:00] } 2. Nc3 { [%clk 0:09:53] }
2... e6 { [%clk 0:09:57] } 3. Nf3 { [%clk 0:09:48] } 3... Bb4
{ [%clk 0:09:56] } 4. Bd2 { [%clk 0:09:46] } 4... Bxc3 { [%clk 0:09:54] } 5.
Bxc3 { [%clk 0:09:44] } 5... Nf6 { [%clk 0:09:52] } 6. h3 { [%clk 0:09:23] }
6... O-O { [%clk 0:09:46] } 7. Qd2 { [%clk 0:09:17] } 7... Ne4
{ [%clk 0:09:44] } 8. Qe3 { [%clk 0:09:10] } 8... Nd7 { [%clk 0:09:39] } 9. Bb4
{ [%clk 0:09:00] } 9... Re8 { [%clk 0:09:37] } 10. O-O-O { [%clk 0:08:45] }
10... b6 { [%clk 0:09:35] } 11. g4 { [%clk 0:08:35] } 11... c5
{ [%clk 0:09:33] } 12. dxc5 { [%clk 0:08:28] } 12... bxc5 { [%clk 0:09:29] }
13. Bc3 { [%clk 0:08:06] } 13... d4 { [%clk 0:09:25] } 14. Nxd4
{ [%clk 0:07:55] } 14... Nxc3 { [%clk 0:09:21] } 15. Nc6 { [%clk 0:07:29] }
15... Nxa2+ { [%clk 0:09:12] } 16. Kb1 { [%clk 0:07:26] } 16... Nc3+
{ [%clk 0:09:05] } 17. bxc3 { [%clk 0:07:24] } 17... Qb6+ { [%clk 0:09:03] }
18. Nb4 { [%clk 0:07:20] } 18... Rb8 { [%clk 0:08:54] } 19. Qf4
{ [%clk 0:06:37] } 19... cxb4 { [%clk 0:08:49] } 20. cxb4 { [%clk 0:06:32] }
20... Qa5 { [%clk 0:08:33] } 21. Kc1 { [%clk 0:06:24] } 21... Qa1+
{ [%clk 0:08:29] } 22. Kd2 { [%clk 0:06:23] } 22... Qa4 { [%clk 0:08:15] } 23.
c3 { [%clk 0:06:17] } 23... e5 { [%clk 0:08:10] } 24. Qe4 { [%clk 0:06:00] }
24... Rb6 { [%clk 0:08:01] } 25. Ke1 { [%clk 0:05:56] } 25... Nf6
{ [%clk 0:07:55] } 26. Qc4 { [%clk 0:05:31] } 26... Bb7 { [%clk 0:07:49] } 27.
f3 { [%clk 0:05:23] } 27... e4 { [%clk 0:07:43] } 28. Qd4 { [%clk 0:04:55] }
28... Bd5 { [%clk 0:07:29] } 29. Bg2 { [%clk 0:04:35] } 29... Rc6
{ [%clk 0:07:11] } 30. Kf2 { [%clk 0:04:11] } 30... Rc4 { [%clk 0:07:07] } 31.
Qd2 { [%clk 0:03:55] } 31... e3+ { [%clk 0:07:05] } 32. Qxe3 { [%clk 0:03:49] }
32... Rxe3 { [%clk 0:07:03] } 33. Kxe3 { [%clk 0:03:47] } 33... Rxc3+
{ [%clk 0:07:00] } 34. Rd3 { [%clk 0:03:37] } 34... Rxd3+ { [%clk 0:06:58] }
35. exd3 { [%clk 0:03:37] } 35... Qxb4 { [%clk 0:06:52] } 36. g5
{ [%clk 0:03:30] } 36... Nh5 { [%clk 0:06:43] } 37. Rc1 { [%clk 0:03:26] }
37... Qf4+ { [%clk 0:06:40] } 38. Kf2 { [%clk 0:03:20] } 38... Qxc1
{ [%clk 0:06:39] } 39. f4 { [%clk 0:03:18] } 39... Qc2+ { [%clk 0:06:35] } 40.
Ke3 { [%clk 0:03:14] } 40... Qxg2 { [%clk 0:06:32] } 41. Kd4 { [%clk 0:03:13] }
41... Nxf4 { [%clk 0:06:29] } 42. g6 { [%clk 0:03:11] } 42... Nxg6
{ [%clk 0:06:26] } 43. h4 { [%clk 0:03:09] } 43... Nxh4 { [%clk 0:06:25] } 44.
Kc5 { [%clk 0:03:05] } 44... Be6 { [%clk 0:06:20] } 45. Kd6 { [%clk 0:03:04] }
45... Qd5+ { [%clk 0:06:18] } 46. Ke7 { [%clk 0:03:03] } 46... Qd7#
{ [%clk 0:06:15] } 0-1"
Rated Rapid game,https://lichess.org/NxaKPSDg,2024.08.01,-,darkodeu,Karomatulloh,1-0,2024.08.01,08:47:10,1863,1837,,,C23,Bishop's Opening,600+0,Normal,"1. e4 { [%clk 0:10:00] } 1... e5 { [%clk 0:10:00] } 2. Bc4 { [%clk 0:09:58] }
2... Nc6 { [%clk 0:09:59] } 3. a3 { [%clk 0:09:56] } 3... Nf6
{ [%clk 0:09:58] } 4. d3 { [%clk 0:09:55] } 4... Bc5 { [%clk 0:09:57] } 5. Nf3
{ [%clk 0:09:51] } 5... a6 { [%clk 0:09:56] } 6. O-O { [%clk 0:09:49] } 6...
O-O { [%clk 0:09:54] } 7. h3 { [%clk 0:09:47] } 7... d6 { [%clk 0:09:53] } 8.
Be3 { [%clk 0:09:44] } 8... Bxe3 { [%clk 0:09:50] } 9. fxe3 { [%clk 0:09:43] }
9... Na5 { [%clk 0:09:39] } 10. Ba2 { [%clk 0:09:41] } 10... Be6
{ [%clk 0:09:38] } 11. Nh2 { [%clk 0:09:35] } 11... Bxa2 { [%clk 0:09:27] } 12.
Rxa2 { [%clk 0:09:33] } 12... Qd7 { [%clk 0:09:26] } 13. b4 { [%clk 0:09:18] }
13... Nc6 { [%clk 0:09:23] } 14. c4 { [%clk 0:09:14] } 14... Qe6
{ [%clk 0:09:17] } 15. Raf2 { [%clk 0:09:10] } 15... Ne7 { [%clk 0:09:03] } 16.
Nc3 { [%clk 0:09:05] } 16... c6 { [%clk 0:09:01] } 17. Ng4 { [%clk 0:08:48] }
17... Nxg4 { [%clk 0:08:57] } 18. hxg4 { [%clk 0:08:46] } 18... Ng6
{ [%clk 0:08:55] } 19. g3 { [%clk 0:08:42] } 19... f6 { [%clk 0:08:44] } 20.
Qf3 { [%clk 0:08:32] } 20... Rf7 { [%clk 0:08:29] } 21. Rh2 { [%clk 0:08:25] }
21... Raf8 { [%clk 0:08:20] } 22. Kg2 { [%clk 0:08:22] } 22... h6
{ [%clk 0:06:56] } 23. Rfh1 { [%clk 0:08:19] } 23... Qe7 { [%clk 0:06:50] } 24.
Rh5 { [%clk 0:08:07] } 24... b5 { [%clk 0:06:31] } 25. cxb5 { [%clk 0:07:55] }
25... axb5 { [%clk 0:06:30] } 26. Qf5 { [%clk 0:07:21] } 26... Qe6
{ [%clk 0:06:23] } 27. Qxg6 { [%clk 0:07:16] } 27... Qb3 { [%clk 0:06:06] } 28.
Rxh6 { [%clk 0:07:01] } 28... Qc2+ { [%clk 0:06:04] } 29. Kf3
{ [%clk 0:06:52] } 29... Qxd3 { [%clk 0:05:47] } 30. Rh8# { [%clk 0:06:38] }
1-0"
Rated Rapid tournament https://lichess.org/tournament/r8ERvLF8,https://lichess.org/PFYN3yzj,2024.08.01,-,daniil-kaminskii,Alexey_Averin,1-0,2024.08.01,08:47:05,2316,1808,,,A01,Nimzo-Larsen Attack: Modern Variation,600+0,Normal,"1. b3 { [%clk 0:05:00] } 1... e5 { [%clk 0:10:00] } 2. Bb2 { [%clk 0:05:00] }
2... Nc6 { [%clk 0:09:58] } 3. Nf3 { [%clk 0:04:59] } 3... e4
{ [%clk 0:09:57] } 4. Nd4 { [%clk 0:04:59] } 4... d5 { [%clk 0:09:54] } 5. e3
{ [%clk 0:04:58] } 5... Nf6 { [%clk 0:09:50] } 6. Bb5 { [%clk 0:04:56] } 6...
Bd7 { [%clk 0:09:48] } 7. Nxc6 { [%clk 0:04:54] } 7... bxc6 { [%clk 0:09:46] }
8. Ba4 { [%clk 0:04:54] } 8... Bd6 { [%clk 0:09:36] } 9. g3 { [%clk 0:04:47] }
9... c5 { [%clk 0:09:35] } 10. Bxf6 { [%clk 0:04:43] } 10... gxf6
{ [%clk 0:09:27] } 11. Bxd7+ { [%clk 0:04:40] } 11... Qxd7 { [%clk 0:09:26] }
12. Nc3 { [%clk 0:04:40] } 12... f5 { [%clk 0:09:18] } 13. Nxd5
{ [%clk 0:04:38] } 13... Be5 { [%clk 0:09:15] } 14. c4 { [%clk 0:04:37] } 14...
c6 { [%clk 0:09:13] } 15. Nc3 { [%clk 0:04:35] } 15... O-O-O { [%clk 0:09:06] }
16. Qc2 { [%clk 0:04:33] } 16... Qd3 { [%clk 0:08:37] } 17. O-O-O
{ [%clk 0:04:21] } 17... Bxc3 { [%clk 0:08:25] } 18. dxc3 { [%clk 0:04:10] }
18... Qxc2+ { [%clk 0:08:23] } 19. Kxc2 { [%clk 0:04:10] } 19... Rxd1
{ [%clk 0:08:20] } 20. Rxd1 { [%clk 0:04:10] } 20... Rd8 { [%clk 0:08:19] } 21.
Rxd8+ { [%clk 0:04:04] } 21... Kxd8 { [%clk 0:08:19] } 22. b4
{ [%clk 0:04:03] } 22... cxb4 { [%clk 0:08:17] } 23. cxb4 { [%clk 0:04:03] }
23... Kc7 { [%clk 0:08:16] } 24. Kc3 { [%clk 0:04:01] } 1-0"
Rated Rapid tournament https://lichess.org/tournament/r8ERvLF8,https://lichess.org/LSNIJEzX,2024.08.01,-,AndresyukDima,Sofiya_cat360,0-1,2024.08.01,08:47:05,1822,1379,,,C68,"Ruy Lopez: Exchange Variation, Lutikov Variation",600+0,Normal,"1. e4 { [%clk 0:05:00] } 1... e5 { [%clk 0:10:00] } 2. Nf3 { [%clk 0:04:59] }
2... Nc6 { [%clk 0:09:58] } 3. Bb5 { [%clk 0:04:58] } 3... a6
{ [%clk 0:09:56] } 4. Bxc6 { [%clk 0:04:54] } 4... bxc6 { [%clk 0:09:55] } 5.
Nxe5 { [%clk 0:04:53] } 5... Bc5 { [%clk 0:09:52] } 6. d4 { [%clk 0:04:51] }
0-1"
Rated Rapid game,https://lichess.org/3VmI7Um8,2024.08.01,-,giaduc2011,Sergey_Dizil_852,1/2-1/2,2024.08.01,08:47:06,2092,2085,,,B02,Alekhine Defense: Scandinavian Variation,600+0,Normal,"1. e4 { [%clk 0:10:00] } 1... Nf6 { [%clk 0:10:00] } 2. Nc3 { [%clk 0:09:56] }
2... d5 { [%clk 0:09:54] } 3. exd5 { [%clk 0:09:45] } 3... Nxd5
{ [%clk 0:09:50] } 4. Nxd5 { [%clk 0:09:44] } 4... Qxd5 { [%clk 0:09:48] } 5.
Nf3 { [%clk 0:09:44] } 5... Bg4 { [%clk 0:09:44] } 6. Be2 { [%clk 0:09:43] }
6... Nc6 { [%clk 0:09:37] } 7. h3 { [%clk 0:09:41] } 7... Bh5
{ [%clk 0:09:36] } 8. O-O { [%clk 0:09:31] } 8... O-O-O { [%clk 0:09:31] } 9.
d3 { [%clk 0:09:28] } 9... e5 { [%clk 0:09:28] } 10. Be3 { [%clk 0:09:14] }
10... Bc5 { [%clk 0:09:24] } 11. Bxc5 { [%clk 0:09:12] } 11... Qxc5
{ [%clk 0:09:22] } 12. Nd2 { [%clk 0:09:04] } 12... Bxe2 { [%clk 0:09:14] } 13.
Qxe2 { [%clk 0:09:03] } 13... Qxc2 { [%clk 0:08:58] } 14. Qg4+
{ [%clk 0:08:56] } 14... Kb8 { [%clk 0:08:55] } 15. Nf3 { [%clk 0:08:49] }
15... Qxd3 { [%clk 0:08:33] } 16. Rfd1 { [%clk 0:08:22] } 16... Qg6
{ [%clk 0:04:04] } 17. Qc4 { [%clk 0:08:03] } 17... Rxd1+ { [%clk 0:03:19] }
18. Rxd1 { [%clk 0:08:00] } 18... Qf6 { [%clk 0:03:18] } 19. Rc1
{ [%clk 0:07:50] } 19... Re8 { [%clk 0:03:06] } 20. Nd2 { [%clk 0:07:42] }
20... Qe6 { [%clk 0:02:48] } 21. Qa4 { [%clk 0:07:31] } 21... e4
{ [%clk 0:02:39] } 22. Nb3 { [%clk 0:07:15] } 22... e3 { [%clk 0:02:35] } 23.
fxe3 { [%clk 0:07:00] } 23... Qxe3+ { [%clk 0:02:33] } 24. Kh1
{ [%clk 0:06:58] } 24... Qe4 { [%clk 0:02:19] } 25. Qb5 { [%clk 0:06:42] }
25... Qb4 { [%clk 0:02:09] } 26. Qf1 { [%clk 0:06:23] } 26... f6
{ [%clk 0:02:01] } 27. Kh2 { [%clk 0:06:10] } 27... Re4 { [%clk 0:01:47] } 28.
Nc5 { [%clk 0:05:35] } 28... Qd4 { [%clk 0:01:21] } 29. Nxe4 { [%clk 0:05:22] }
29... Qxe4 { [%clk 0:01:20] } 30. Re1 { [%clk 0:05:14] } 30... Qd5
{ [%clk 0:01:03] } 31. a3 { [%clk 0:05:00] } 31... a6 { [%clk 0:00:58] } 32.
Qe2 { [%clk 0:04:56] } 32... Qe5+ { [%clk 0:00:56] } 33. g3 { [%clk 0:04:49] }
33... Qxe2+ { [%clk 0:00:54] } 34. Rxe2 { [%clk 0:04:48] } 34... Ne5
{ [%clk 0:00:53] } 35. Kg2 { [%clk 0:04:43] } 35... Kc8 { [%clk 0:00:52] } 36.
Rd2 { [%clk 0:04:39] } 36... c5 { [%clk 0:00:50] } 37. g4 { [%clk 0:04:31] }
37... h6 { [%clk 0:00:48] } 38. Kg3 { [%clk 0:04:28] } 38... Kc7
{ [%clk 0:00:46] } 39. Kf4 { [%clk 0:04:27] } 39... Kc6 { [%clk 0:00:44] } 40.
h4 { [%clk 0:04:15] } 40... b5 { [%clk 0:00:43] } 41. g5 { [%clk 0:04:13] }
41... hxg5+ { [%clk 0:00:42] } 42. hxg5 { [%clk 0:04:12] } 42... c4
{ [%clk 0:00:41] } 43. gxf6 { [%clk 0:04:11] } 43... gxf6 { [%clk 0:00:40] }
44. Kf5 { [%clk 0:04:09] } 44... Nd7 { [%clk 0:00:31] } 45. Ke6
{ [%clk 0:03:41] } 45... Nc5+ { [%clk 0:00:29] } 46. Kf5 { [%clk 0:03:36] }
46... Nd7 { [%clk 0:00:27] } 47. Ke6 { [%clk 0:03:32] } 47... Nc5+
{ [%clk 0:00:26] } 48. Kf5 { [%clk 0:03:31] } 48... Nd7 { [%clk 0:00:25] }
1/2-1/2"
Rated Rapid game,https://lichess.org/2zU6P3HB,2024.08.01,-,SergeyTsykura,OhHellReallyAgain,1-0,2024.08.01,08:47:06,1527,1435,,,B10,Caro-Kann Defense,600+0,Normal,"1. e4 { [%clk 0:10:00] } 1... c6 { [%clk 0:10:00] } 2. Nf3 { [%clk 0:09:57] }
2... d5 { [%clk 0:10:00] } 3. exd5 { [%clk 0:09:55] } 3... cxd5
{ [%clk 0:10:00] } 4. d4 { [%clk 0:09:53] } 4... Bg4 { [%clk 0:09:56] } 5. Be2
{ [%clk 0:09:50] } 5... Nc6 { [%clk 0:09:51] } 6. h3 { [%clk 0:09:48] } 6...
Bxf3 { [%clk 0:09:43] } 7. Bxf3 { [%clk 0:09:46] } 7... e6 { [%clk 0:09:40] }
8. O-O { [%clk 0:09:41] } 8... Nge7 { [%clk 0:09:39] } 9. Bg5
{ [%clk 0:09:27] } 9... Qb6 { [%clk 0:09:35] } 10. Nd2 { [%clk 0:08:13] } 10...
Qxb2 { [%clk 0:09:25] } 11. Nb3 { [%clk 0:07:45] } 11... Nf5 { [%clk 0:09:17] }
12. Be3 { [%clk 0:07:29] } 12... Bb4 { [%clk 0:08:54] } 13. a3
{ [%clk 0:06:43] } 13... Bc3 { [%clk 0:08:48] } 14. Qd3 { [%clk 0:06:31] }
14... Rc8 { [%clk 0:07:43] } 15. Rfb1 { [%clk 0:06:28] } 15... Ncxd4
{ [%clk 0:07:22] } 16. Rxb2 { [%clk 0:06:23] } 16... Bxb2 { [%clk 0:07:14] }
17. Rb1 { [%clk 0:06:21] } 17... Rxc2 { [%clk 0:07:06] } 18. Nxd4
{ [%clk 0:06:04] } 18... Bxd4 { [%clk 0:06:55] } 19. Qxc2 { [%clk 0:06:00] }
19... Bxe3 { [%clk 0:06:53] } 20. fxe3 { [%clk 0:05:59] } 20... Nxe3
{ [%clk 0:06:51] } 21. Qc8+ { [%clk 0:05:54] } 21... Ke7 { [%clk 0:06:50] } 22.
Qxh8 { [%clk 0:05:53] } 22... Nxg2 { [%clk 0:06:49] } 23. Kxg2
{ [%clk 0:05:51] } 1-0"
Rated Rapid game,https://lichess.org/TObT1crw,2024.08.01,-,abed94,Pooya650,1-0,2024.08.01,08:47:06,1039,964,,,C20,King's Pawn Game: Napoleon Attack,600+0,Time forfeit,"1. e4 { [%clk 0:10:00] } 1... e5 { [%clk 0:10:00] } 2. Qf3 { [%clk 0:09:59] }
2... Nf6 { [%clk 0:09:55] } 3. Nh3 { [%clk 0:09:58] } 3... h6
{ [%clk 0:09:52] } 4. Be2 { [%clk 0:09:50] } 4... d6 { [%clk 0:09:50] } 5. O-O
{ [%clk 0:09:43] } 5... Bg4 { [%clk 0:09:48] } 6. Qb3 { [%clk 0:09:33] } 6...
b6 { [%clk 0:09:37] } 7. Bxg4 { [%clk 0:09:29] } 7... Nxg4 { [%clk 0:09:34] }
8. d4 { [%clk 0:09:07] } 8... exd4 { [%clk 0:09:28] } 9. e5 { [%clk 0:09:02] }
9... dxe5 { [%clk 0:09:21] } 10. Rd1 { [%clk 0:08:41] } 10... Nc6
{ [%clk 0:08:58] } 11. a4 { [%clk 0:08:17] } 11... Be7 { [%clk 0:08:39] } 12.
f3 { [%clk 0:08:02] } 12... Ne3 { [%clk 0:08:33] } 13. Bxe3 { [%clk 0:07:51] }
13... Bg5 { [%clk 0:08:10] } 14. Bxg5 { [%clk 0:07:39] } 14... hxg5
{ [%clk 0:08:09] } 15. c3 { [%clk 0:07:26] } 15... Qe7 { [%clk 0:07:57] } 16.
Qb5 { [%clk 0:06:48] } 16... Qe6 { [%clk 0:07:20] } 17. cxd4 { [%clk 0:06:31] }
17... exd4 { [%clk 0:07:12] } 18. Na3 { [%clk 0:05:49] } 18... a6
{ [%clk 0:07:07] } 19. Re1 { [%clk 0:05:44] } 19... Qxe1+ { [%clk 0:07:01] }
20. Rxe1+ { [%clk 0:05:37] } 1-0"
Rated Rapid game,https://lichess.org/KxIMjAZz,2024.08.01,-,nhy0618,KIRILLSYRV,1/2-1/2,2024.08.01,08:47:06,1452,1389,,,A50,Queen's Indian Accelerated,600+0,Normal,"1. d4 { [%clk 0:10:00] } 1... Nf6 { [%clk 0:10:00] } 2. c4 { [%clk 0:09:57] }
2... b6 { [%clk 0:09:55] } 3. Nc3 { [%clk 0:09:55] } 3... c5 { [%clk 0:09:54] }
4. e3 { [%clk 0:09:51] } 4... cxd4 { [%clk 0:09:51] } 5. exd4
{ [%clk 0:09:50] } 5... e6 { [%clk 0:09:43] } 6. Bg5 { [%clk 0:09:46] } 6...
Bb4 { [%clk 0:09:41] } 7. Bd3 { [%clk 0:09:41] } 7... h6 { [%clk 0:09:30] } 8.
Bh4 { [%clk 0:09:38] } 8... g5 { [%clk 0:09:20] } 9. Bg3 { [%clk 0:09:37] }
9... Nc6 { [%clk 0:09:17] } 10. Ne2 { [%clk 0:09:34] } 10... a6
{ [%clk 0:09:00] } 11. O-O { [%clk 0:09:30] } 11... Bxc3 { [%clk 0:08:55] } 12.
bxc3 { [%clk 0:09:21] } 12... Ne7 { [%clk 0:08:47] } 13. Be5 { [%clk 0:09:15] }
13... Ng6 { [%clk 0:08:31] } 14. Bxf6 { [%clk 0:09:12] } 14... Qxf6
{ [%clk 0:08:29] } 15. a4 { [%clk 0:09:06] } 15... Nf4 { [%clk 0:08:26] } 16.
Nxf4 { [%clk 0:09:03] } 16... Qxf4 { [%clk 0:08:24] } 17. a5 { [%clk 0:08:57] }
17... bxa5 { [%clk 0:08:15] } 18. Rxa5 { [%clk 0:08:56] } 18... O-O
{ [%clk 0:08:12] } 19. c5 { [%clk 0:08:43] } 19... Rb8 { [%clk 0:08:08] } 20.
Bxa6 { [%clk 0:08:39] } 20... Rb3 { [%clk 0:08:00] } 21. c4 { [%clk 0:08:31] }
21... Bxa6 { [%clk 0:07:52] } 22. Rxa6 { [%clk 0:08:29] } 22... Rb4
{ [%clk 0:07:49] } 23. Qd3 { [%clk 0:08:26] } 23... Qf5 { [%clk 0:07:34] } 24.
Qc3 { [%clk 0:08:19] } 24... Rfb8 { [%clk 0:07:26] } 25. Rb6 { [%clk 0:08:13] }
25... R8xb6 { [%clk 0:07:17] } 26. cxb6 { [%clk 0:08:13] } 26... Rxb6
{ [%clk 0:07:05] } 27. c5 { [%clk 0:08:12] } 27... Rb1 { [%clk 0:06:59] } 28.
h3 { [%clk 0:08:07] } 28... Rxf1+ { [%clk 0:06:37] } 29. Kxf1
{ [%clk 0:08:05] } 29... Qd5 { [%clk 0:06:35] } 30. Qb4 { [%clk 0:07:58] }
30... Kg7 { [%clk 0:06:32] } 31. Qc3 { [%clk 0:07:47] } 31... Kg6
{ [%clk 0:06:14] } 32. Ke2 { [%clk 0:07:33] } 32... Qxg2 { [%clk 0:06:08] } 33.
Qd3+ { [%clk 0:07:25] } 33... f5 { [%clk 0:06:03] } 34. Qg3 { [%clk 0:06:58] }
34... Qxg3 { [%clk 0:05:56] } 35. fxg3 { [%clk 0:06:56] } 35... Kf6
{ [%clk 0:05:51] } 36. Ke3 { [%clk 0:06:55] } 36... e5 { [%clk 0:05:47] } 37.
d5 { [%clk 0:06:34] } 37... f4+ { [%clk 0:05:43] } 38. gxf4 { [%clk 0:06:30] }
38... gxf4+ { [%clk 0:05:31] } 39. Ke4 { [%clk 0:06:28] } 39... f3
{ [%clk 0:05:19] } 40. Kxf3 { [%clk 0:06:27] } 40... Kf5 { [%clk 0:05:18] } 41.
Ke3 { [%clk 0:06:26] } 41... e4 { [%clk 0:05:14] } 42. c6 { [%clk 0:06:24] }
42... dxc6 { [%clk 0:05:12] } 43. dxc6 { [%clk 0:06:24] } 43... Ke6
{ [%clk 0:05:12] } 44. c7 { [%clk 0:06:24] } 44... Kd7 { [%clk 0:05:11] } 45.
c8=Q+ { [%clk 0:06:24] } 45... Kxc8 { [%clk 0:05:10] } 46. Kxe4
{ [%clk 0:06:24] } 46... Kd7 { [%clk 0:05:09] } 47. Kf5 { [%clk 0:06:24] }
47... Ke7 { [%clk 0:05:08] } 48. Kg6 { [%clk 0:06:23] } 48... Ke6
{ [%clk 0:05:07] } 49. h4 { [%clk 0:06:21] } 49... Ke7 { [%clk 0:05:04] } 50.
Kg7 { [%clk 0:06:18] } 50... Ke6 { [%clk 0:05:03] } 51. h5 { [%clk 0:06:18] }
51... Kf5 { [%clk 0:05:02] } 52. Kxh6 { [%clk 0:06:17] } 52... Kf6
{ [%clk 0:05:00] } 53. Kh7 { [%clk 0:06:16] } 53... Kf7 { [%clk 0:04:59] } 54.
h6 { [%clk 0:06:15] } 54... Kf8 { [%clk 0:04:56] } 55. Kh8 { [%clk 0:06:14] }
55... Kf7 { [%clk 0:04:55] } 56. h7 { [%clk 0:06:13] } 56... Kf8
{ [%clk 0:04:54] } 1/2-1/2"
Rated Rapid game,https://lichess.org/o2Rn9tTF,2024.08.01,-,Wamelen,First1to1,0-1,2024.08.01,08:47:06,1810,1717,,,B40,Sicilian Defense: French Variation,600+0,Normal,"1. e4 { [%clk 0:10:00] } 1... e6 { [%clk 0:10:00] } 2. Nf3 { [%clk 0:09:58] }
2... c5 { [%clk 0:09:59] } 3. e5 { [%clk 0:09:56] } 3... b6 { [%clk 0:09:58] }
4. Nc3 { [%clk 0:09:51] } 4... a6 { [%clk 0:09:56] } 5. d3 { [%clk 0:09:47] }
5... Bb7 { [%clk 0:09:55] } 6. Bf4 { [%clk 0:09:44] } 6... Bxf3
{ [%clk 0:09:52] } 7. Qxf3 { [%clk 0:09:42] } 7... Nc6 { [%clk 0:09:52] } 8.
Ne2 { [%clk 0:09:29] } 8... Nb4 { [%clk 0:09:48] } 9. Kd2 { [%clk 0:09:13] }
9... Ne7 { [%clk 0:09:40] } 10. a3 { [%clk 0:09:06] } 10... Nbc6
{ [%clk 0:09:38] } 11. c3 { [%clk 0:08:59] } 11... Nf5 { [%clk 0:09:35] } 12.
Ng3 { [%clk 0:08:44] } 12... Nxg3 { [%clk 0:09:31] } 13. Bxg3
{ [%clk 0:08:39] } 13... b5 { [%clk 0:09:21] } 14. h4 { [%clk 0:08:28] } 14...
b4 { [%clk 0:09:19] } 15. axb4 { [%clk 0:08:19] } 15... cxb4 { [%clk 0:09:18] }
16. d4 { [%clk 0:08:11] } 16... bxc3+ { [%clk 0:09:16] } 17. bxc3
{ [%clk 0:08:08] } 17... Qb6 { [%clk 0:09:13] } 18. Qd3 { [%clk 0:08:01] }
18... Qb2+ { [%clk 0:09:09] } 19. Ke3 { [%clk 0:07:41] } 19... Qxa1
{ [%clk 0:09:08] } 20. Bf4 { [%clk 0:07:37] } 20... Qb2 { [%clk 0:09:04] } 21.
Be2 { [%clk 0:07:32] } 21... a5 { [%clk 0:08:50] } 22. Rb1 { [%clk 0:07:29] }
22... Qa3 { [%clk 0:08:44] } 23. Rb7 { [%clk 0:07:17] } 23... Qc1+
{ [%clk 0:08:26] } 24. Kf3 { [%clk 0:07:13] } 24... Qa3 { [%clk 0:08:22] } 25.
d5 { [%clk 0:06:43] } 25... exd5 { [%clk 0:08:14] } 26. Qxd5 { [%clk 0:06:41] }
26... Rd8 { [%clk 0:07:58] } 27. Bg5 { [%clk 0:06:21] } 27... Ne7
{ [%clk 0:07:47] } 28. Bxe7 { [%clk 0:06:17] } 28... Bxe7 { [%clk 0:07:36] }
29. Rb3 { [%clk 0:06:11] } 29... Qc5 { [%clk 0:07:30] } 30. Qe4
{ [%clk 0:05:57] } 30... O-O { [%clk 0:07:23] } 31. Bd3 { [%clk 0:05:53] }
31... f5 { [%clk 0:07:20] } 32. Qf4 { [%clk 0:05:43] } 32... g6
{ [%clk 0:07:16] } 33. Bc4+ { [%clk 0:05:30] } 33... d5 { [%clk 0:07:10] } 34.
Bb5 { [%clk 0:05:13] } 34... Rb8 { [%clk 0:06:58] } 35. c4 { [%clk 0:05:07] }
35... dxc4 { [%clk 0:06:52] } 36. Bxc4+ { [%clk 0:05:04] } 36... Kg7
{ [%clk 0:06:46] } 37. Rd3 { [%clk 0:04:50] } 37... a4 { [%clk 0:06:37] } 38.
e6 { [%clk 0:04:26] } 38... Rbd8 { [%clk 0:06:21] } 39. Re3 { [%clk 0:04:15] }
39... Rd4 { [%clk 0:06:13] } 40. Qg3 { [%clk 0:03:46] } 40... Qxc4
{ [%clk 0:06:08] } 41. h5 { [%clk 0:03:43] } 41... Rf4+ { [%clk 0:06:06] } 42.
Qxf4 { [%clk 0:03:37] } 42... Qxf4+ { [%clk 0:06:05] } 43. Kxf4
{ [%clk 0:03:35] } 43... g5+ { [%clk 0:06:02] } 44. Kf3 { [%clk 0:03:31] }
44... Kh6 { [%clk 0:05:55] } 45. g4 { [%clk 0:03:27] } 45... f4
{ [%clk 0:05:51] } 46. Re4 { [%clk 0:03:20] } 46... Ra8 { [%clk 0:05:47] } 47.
Re2 { [%clk 0:03:13] } 47... a3 { [%clk 0:05:45] } 48. Ke4 { [%clk 0:03:11] }
48... Kg7 { [%clk 0:05:43] } 49. Ra2 { [%clk 0:03:05] } 49... Kf6
{ [%clk 0:05:39] } 50. Kd5 { [%clk 0:03:03] } 50... Ra5+ { [%clk 0:05:35] } 51.
Kc6 { [%clk 0:02:57] } 51... Kxe6 { [%clk 0:05:34] } 52. Kb6 { [%clk 0:02:54] }
52... Re5 { [%clk 0:05:28] } 53. f3 { [%clk 0:02:50] } 53... Re3
{ [%clk 0:05:25] } 54. Kc6 { [%clk 0:02:34] } 54... Rxf3 { [%clk 0:05:24] } 55.
Re2+ { [%clk 0:02:32] } 55... Re3 { [%clk 0:05:22] } 56. Rd2 { [%clk 0:02:26] }
56... Rc3+ { [%clk 0:05:16] } 57. Kb5 { [%clk 0:02:22] } 57... Rb3+
{ [%clk 0:05:12] } 58. Kc4 { [%clk 0:02:18] } 58... Rb2 { [%clk 0:05:11] } 59.
Rd4 { [%clk 0:02:15] } 59... a2 { [%clk 0:05:10] } 60. Re4+ { [%clk 0:02:13] }
60... Kf6 { [%clk 0:05:06] } 61. Kd5 { [%clk 0:02:00] } 61... a1=Q
{ [%clk 0:05:03] } 62. Re6+ { [%clk 0:01:58] } 62... Kf7 { [%clk 0:05:00] } 63.
Re5 { [%clk 0:01:53] } 63... Rd2+ { [%clk 0:04:59] } 64. Kc6 { [%clk 0:01:46] }
64... Qxe5 { [%clk 0:04:57] } 0-1"
Rated Rapid game,https://lichess.org/dl3ycjhD,2024.08.01,-,Vinithkumar66,Nido30,1-0,2024.08.01,08:47:06,1235,1226,,,A00,Van't Kruijs Opening,600+0,Normal,"1. e3 { [%clk 0:10:00] } 1... d5 { [%clk 0:10:00] } 2. Ne2 { [%clk 0:09:58] }
2... e5 { [%clk 0:09:58] } 3. Ng3 { [%clk 0:09:56] } 3... Nc6
{ [%clk 0:09:56] } 4. c4 { [%clk 0:09:47] } 4... Be6 { [%clk 0:09:47] } 5. cxd5
{ [%clk 0:09:29] } 5... Bxd5 { [%clk 0:09:46] } 6. e4 { [%clk 0:09:22] } 6...
Be6 { [%clk 0:09:40] } 7. Bb5 { [%clk 0:09:20] } 7... Ne7 { [%clk 0:09:37] } 8.
Bxc6+ { [%clk 0:09:19] } 8... Nxc6 { [%clk 0:09:36] } 9. O-O { [%clk 0:09:19] }
9... Bb4 { [%clk 0:09:25] } 10. a3 { [%clk 0:08:57] } 10... Bc5
{ [%clk 0:09:19] } 11. b4 { [%clk 0:08:39] } 11... Bd4 { [%clk 0:09:15] } 12.
Nc3 { [%clk 0:08:26] } 12... Bxc3 { [%clk 0:09:00] } 13. dxc3
{ [%clk 0:08:24] } 13... Qxd1 { [%clk 0:08:59] } 14. Rxd1 { [%clk 0:08:23] }
14... h6 { [%clk 0:08:52] } 15. Nh5 { [%clk 0:07:54] } 15... Bg4
{ [%clk 0:08:47] } 16. Nxg7+ { [%clk 0:07:39] } 16... Kf8 { [%clk 0:08:41] }
17. f3 { [%clk 0:07:12] } 17... Kxg7 { [%clk 0:08:22] } 18. fxg4
{ [%clk 0:07:09] } 18... Rad8 { [%clk 0:08:18] } 19. Rf1 { [%clk 0:07:01] }
19... Rd3 { [%clk 0:08:11] } 20. Bb2 { [%clk 0:06:31] } 20... Re3
{ [%clk 0:08:08] } 21. h4 { [%clk 0:05:57] } 21... Rxe4 { [%clk 0:08:04] } 22.
g5 { [%clk 0:04:51] } 22... h5 { [%clk 0:07:49] } 23. Rad1 { [%clk 0:04:04] }
23... Rd8 { [%clk 0:07:39] } 24. Rc1 { [%clk 0:03:03] } 24... Rxh4
{ [%clk 0:07:22] } 25. Rce1 { [%clk 0:02:53] } 25... e4 { [%clk 0:07:19] } 26.
c4+ { [%clk 0:02:33] } 26... Kg6 { [%clk 0:07:08] } 27. Rf6+ { [%clk 0:02:30] }
27... Kg7 { [%clk 0:06:55] } 28. Rf4+ { [%clk 0:02:06] } 28... Kg8
{ [%clk 0:06:48] } 29. Rxh4 { [%clk 0:02:03] } 29... Re8 { [%clk 0:06:40] } 30.
Rxh5 { [%clk 0:02:00] } 30... e3 { [%clk 0:06:36] } 31. Rh8# { [%clk 0:01:54] }
1-0"
Rated Rapid game,https://lichess.org/oikVNwgg,2024.08.01,-,Lazoupina,Chesslover23165,1-0,2024.08.01,08:47:06,2019,2032,,,E30,Nimzo-Indian Defense: Leningrad Variation,600+0,Time forfeit,"1. d4 { [%clk 0:10:00] } 1... Nf6 { [%clk 0:10:00] } 2. c4 { [%clk 0:09:58] }
2... e6 { [%clk 0:09:58] } 3. Nc3 { [%clk 0:09:57] } 3... Bb4
{ [%clk 0:09:54] } 4. Bg5 { [%clk 0:09:55] } 4... c5 { [%clk 0:09:52] } 5. e3
{ [%clk 0:09:53] } 5... b6 { [%clk 0:09:49] } 6. Nf3 { [%clk 0:09:52] } 6...
Bb7 { [%clk 0:09:34] } 7. Bd3 { [%clk 0:09:49] } 7... d5 { [%clk 0:09:31] } 8.
O-O { [%clk 0:09:48] } 8... Nbd7 { [%clk 0:09:28] } 9. cxd5 { [%clk 0:09:44] }
9... exd5 { [%clk 0:09:25] } 10. Ne5 { [%clk 0:09:18] } 10... O-O
{ [%clk 0:09:17] } 11. Nxd7 { [%clk 0:09:15] } 11... Qxd7 { [%clk 0:09:12] }
12. Bxf6 { [%clk 0:09:13] } 12... gxf6 { [%clk 0:09:10] } 13. Qh5
{ [%clk 0:09:10] } 1-0"
Rated Rapid game,https://lichess.org/wk1kK9GK,2024.08.01,-,Dmitry30ru,arvinkh1383,0-1,2024.08.01,08:47:06,1544,1632,,,D10,Slav Defense,600+0,Normal,"1. d4 { [%clk 0:10:00] } 1... d5 { [%clk 0:10:00] } 2. c4 { [%clk 0:09:58] }
2... c6 { [%clk 0:09:58] } 3. e3 { [%clk 0:09:55] } 3... Bf5 { [%clk 0:09:53] }
4. c5 { [%clk 0:09:42] } 4... Nf6 { [%clk 0:09:49] } 5. Nf3 { [%clk 0:09:39] }
5... b6 { [%clk 0:09:46] } 6. b4 { [%clk 0:09:25] } 6... e6 { [%clk 0:09:42] }
7. Nc3 { [%clk 0:09:16] } 7... bxc5 { [%clk 0:09:39] } 8. bxc5
{ [%clk 0:09:13] } 8... Qa5 { [%clk 0:09:36] } 9. Bd2 { [%clk 0:08:58] } 9...
Qc7 { [%clk 0:09:28] } 10. Ne5 { [%clk 0:08:27] } 10... Nbd7 { [%clk 0:09:23] }
11. f4 { [%clk 0:07:55] } 11... Be7 { [%clk 0:09:08] } 12. Qa4
{ [%clk 0:07:51] } 12... Nb8 { [%clk 0:08:59] } 13. Rb1 { [%clk 0:07:06] }
13... Ne4 { [%clk 0:08:54] } 14. Nxe4 { [%clk 0:06:55] } 14... Bxe4
{ [%clk 0:08:51] } 15. Rb3 { [%clk 0:06:44] } 15... O-O { [%clk 0:08:48] } 16.
Rg1 { [%clk 0:06:29] } 16... f6 { [%clk 0:08:39] } 17. Nf3 { [%clk 0:06:07] }
17... Bc2 { [%clk 0:08:35] } 0-1"
Rated Rapid game,https://lichess.org/43EJ8KuB,2024.08.01,-,HARDMACHINE62619,Steelshrimp,0-1,2024.08.01,08:47:06,1841,1883,,,C54,"Italian Game: Classical Variation, Giuoco Pianissimo",600+0,Normal,"1. e4 { [%clk 0:10:00] } 1... e5 { [%clk 0:10:00] } 2. Nf3 { [%clk 0:09:59] }
2... Nc6 { [%clk 0:09:57] } 3. Bc4 { [%clk 0:09:58] } 3... Bc5
{ [%clk 0:09:52] } 4. c3 { [%clk 0:09:57] } 4... Nf6 { [%clk 0:09:45] } 5. d3
{ [%clk 0:09:55] } 5... O-O { [%clk 0:09:33] } 6. O-O { [%clk 0:09:54] } 6...
d6 { [%clk 0:09:31] } 7. Bg5 { [%clk 0:09:53] } 7... Bg4 { [%clk 0:09:28] } 8.
Nbd2 { [%clk 0:09:52] } 8... h6 { [%clk 0:09:27] } 9. Bh4 { [%clk 0:09:51] }
9... Na5 { [%clk 0:09:12] } 10. Bb3 { [%clk 0:09:39] } 10... Nxb3
{ [%clk 0:09:10] } 11. Qxb3 { [%clk 0:09:39] } 11... Be6 { [%clk 0:09:00] } 12.
Qxb7 { [%clk 0:09:35] } 12... Rb8 { [%clk 0:08:56] } 13. Bxf6
{ [%clk 0:09:25] } 13... Qxf6 { [%clk 0:08:48] } 14. Qxc7 { [%clk 0:09:23] }
14... Bb6 { [%clk 0:08:29] } 15. Qc6 { [%clk 0:09:15] } 15... Rfd8
{ [%clk 0:08:22] } 16. d4 { [%clk 0:09:00] } 16... exd4 { [%clk 0:08:10] } 17.
Nxd4 { [%clk 0:08:43] } 17... Bxd4 { [%clk 0:08:06] } 18. cxd4
{ [%clk 0:08:41] } 18... Qxd4 { [%clk 0:08:05] } 19. Rfd1 { [%clk 0:08:35] }
19... Rxb2 { [%clk 0:07:57] } 20. Nf3 { [%clk 0:08:25] } 20... Qxf2+
{ [%clk 0:07:55] } 0-1"
Rated Rapid game,https://lichess.org/ONsMLy5k,2024.08.01,-,omarnour989,stupidacc,0-1,2024.08.01,08:47:06,1001,1880,,,B10,Caro-Kann Defense,600+0,Normal,"1. e4 { [%clk 0:10:00] } 1... c6 { [%clk 0:10:00] } 2. Nf3 { [%clk 0:09:55] }
2... d5 { [%clk 0:09:59] } 3. exd5 { [%clk 0:09:53] } 3... cxd5
{ [%clk 0:09:58] } 4. Nc3 { [%clk 0:09:52] } 4... Nf6 { [%clk 0:09:56] } 5. d4
{ [%clk 0:09:50] } 5... Bg4 { [%clk 0:09:54] } 6. Be2 { [%clk 0:09:49] } 6...
e6 { [%clk 0:09:54] } 7. h3 { [%clk 0:09:46] } 7... Bh5 { [%clk 0:09:52] } 8.
g4 { [%clk 0:09:45] } 8... Bg6 { [%clk 0:09:51] } 9. Ne5 { [%clk 0:09:36] }
9... Nbd7 { [%clk 0:09:45] } 10. Nxg6 { [%clk 0:09:35] } 10... hxg6
{ [%clk 0:09:43] } 11. g5 { [%clk 0:09:28] } 11... Ng8 { [%clk 0:09:31] } 12.
Bg4 { [%clk 0:09:21] } 12... Ne7 { [%clk 0:09:29] } 13. Bf4 { [%clk 0:09:11] }
13... Nf5 { [%clk 0:09:25] } 14. Bxf5 { [%clk 0:09:09] } 14... gxf5
{ [%clk 0:09:25] } 15. Qe2 { [%clk 0:08:54] } 15... Be7 { [%clk 0:09:22] } 16.
h4 { [%clk 0:08:46] } 16... Nf8 { [%clk 0:09:14] } 17. O-O-O { [%clk 0:08:45] }
17... Ng6 { [%clk 0:09:13] } 18. Qe3 { [%clk 0:08:35] } 18... Nxf4
{ [%clk 0:09:10] } 19. Qxf4 { [%clk 0:08:33] } 19... Qd6 { [%clk 0:09:05] } 20.
Qxd6 { [%clk 0:08:31] } 20... Bxd6 { [%clk 0:09:04] } 21. Nb5
{ [%clk 0:08:25] } 21... Bf4+ { [%clk 0:09:02] } 22. Kb1 { [%clk 0:08:23] }
22... a6 { [%clk 0:09:01] } 23. Nc3 { [%clk 0:08:22] } 23... g6
{ [%clk 0:08:51] } 24. Rde1 { [%clk 0:08:18] } 24... Kf8 { [%clk 0:08:50] } 25.
Ne2 { [%clk 0:08:17] } 25... Bd6 { [%clk 0:08:47] } 26. f4 { [%clk 0:08:03] }
26... Kg7 { [%clk 0:08:45] } 27. c3 { [%clk 0:07:58] } 27... Rh5
{ [%clk 0:08:39] } 28. Ng3 { [%clk 0:07:37] } 28... Rh7 { [%clk 0:08:37] } 29.
Ne2 { [%clk 0:07:35] } 29... Rah8 { [%clk 0:08:35] } 30. Rc1 { [%clk 0:06:23] }
30... b5 { [%clk 0:08:30] } 31. b4 { [%clk 0:06:17] } 31... Rxh4
{ [%clk 0:08:26] } 32. Rxh4 { [%clk 0:06:14] } 32... Rxh4 { [%clk 0:08:23] }
33. Kb2 { [%clk 0:06:06] } 33... Bxf4 { [%clk 0:08:19] } 34. Nxf4
{ [%clk 0:06:01] } 34... Rxf4 { [%clk 0:08:19] } 35. Kb3 { [%clk 0:05:56] }
35... Rg4 { [%clk 0:08:18] } 36. a4 { [%clk 0:05:52] } 36... Rxg5
{ [%clk 0:08:16] } 37. axb5 { [%clk 0:05:51] } 37... axb5 { [%clk 0:08:14] }
38. Ra1 { [%clk 0:05:51] } 38... f4 { [%clk 0:08:05] } 39. c4
{ [%clk 0:05:40] } 39... dxc4+ { [%clk 0:08:02] } 40. Kc3 { [%clk 0:05:36] }
40... Rg3+ { [%clk 0:08:00] } 41. Kc2 { [%clk 0:05:33] } 41... Rb3
{ [%clk 0:07:56] } 42. Rf1 { [%clk 0:05:29] } 42... g5 { [%clk 0:07:54] } 43.
Rg1 { [%clk 0:05:26] } 43... Kg6 { [%clk 0:07:51] } 44. Rd1 { [%clk 0:05:16] }
44... f3 { [%clk 0:07:37] } 45. d5 { [%clk 0:05:12] } 45... exd5
{ [%clk 0:07:31] } 46. Rxd5 { [%clk 0:05:11] } 46... f2 { [%clk 0:07:31] } 47.
Rxb5 { [%clk 0:05:10] } 47... f1=Q { [%clk 0:07:28] } 0-1"
Rated Rapid game,https://lichess.org/m3kQzZI5,2024.08.01,-,ojwhdfpiweh,ho-sa,1-0,2024.08.01,08:47:06,2087,2127,,,C42,Russian Game: Italian Variation,600+0,Time forfeit,"1. e4 { [%eval 0.15] [%clk 0:10:00] } 1... e5 { [%eval 0.21] [%clk 0:10:00] }
2. Nf3 { [%eval 0.11] [%clk 0:09:58] } 2... Nf6 { [%eval 0.3] [%clk 0:09:58] }
3. Bc4 $6 { [%eval -0.5] [%clk 0:09:46] } 3... d6 $6
{ [%eval 0.32] [%clk 0:09:55] } 4. Nc3 { [%eval 0.25] [%clk 0:09:43] } 4... Be7
{ [%eval 0.33] [%clk 0:09:52] } 5. O-O { [%eval 0.21] [%clk 0:09:19] } 5... O-O
{ [%eval 0.3] [%clk 0:09:41] } 6. h3 { [%eval 0.2] [%clk 0:09:16] } 6... h6
{ [%eval 0.42] [%clk 0:09:22] } 7. d3 { [%eval 0.19] [%clk 0:09:04] } 7... c6
{ [%eval 0.27] [%clk 0:09:21] } 8. a4 { [%eval 0.36] [%clk 0:08:52] } 8... a5
{ [%eval 0.41] [%clk 0:09:14] } 9. Be3 $2 { [%eval -1.25] [%clk 0:08:46] } 9...
Be6 $2 { [%eval 0.79] [%clk 0:09:03] } 10. Bxe6 { [%eval 0.74] [%clk 0:08:23] }
10... fxe6 { [%eval 0.64] [%clk 0:09:01] } 11. d4
{ [%eval 0.7] [%clk 0:08:23] } 11... exd4 { [%eval 0.74] [%clk 0:08:50] } 12.
Nxd4 { [%eval 0.69] [%clk 0:08:21] } 12... Qc8 { [%eval 0.88] [%clk 0:08:36] }
13. Qf3 { [%eval 0.66] [%clk 0:07:37] } 13... c5 $6
{ [%eval 1.33] [%clk 0:08:10] } 14. Ndb5 { [%eval 1.13] [%clk 0:07:24] } 14...
Nc6 { [%eval 1.04] [%clk 0:07:42] } 15. Qg3 { [%eval 1.17] [%clk 0:07:14] }
15... Nh5 { [%eval 1.0] [%clk 0:07:30] } 16. Qg6
{ [%eval 0.98] [%clk 0:06:55] } 16... Nf4 { [%eval 1.27] [%clk 0:06:55] } 17.
Qg4 $2 { [%eval 0.16] [%clk 0:06:10] } 17... e5 $2
{ [%eval 2.04] [%clk 0:06:50] } 18. Qxc8 { [%eval 1.94] [%clk 0:06:06] } 18...
Raxc8 { [%eval 1.83] [%clk 0:06:46] } 19. Bxf4 { [%eval 1.68] [%clk 0:06:04] }
19... Rxf4 $2 { [%eval 3.32] [%clk 0:06:06] } 20. f3 $2
{ [%eval 1.8] [%clk 0:06:01] } 20... Bf8 $6 { [%eval 2.75] [%clk 0:05:39] } 21.
Nd5 { [%eval 2.99] [%clk 0:05:52] } 21... Rf7 { [%eval 2.86] [%clk 0:05:35] }
22. c3 { [%eval 2.73] [%clk 0:05:49] } 22... Rd8
{ [%eval 3.08] [%clk 0:05:01] } 23. Rad1 { [%eval 3.12] [%clk 0:04:57] } 23...
g5 { [%eval 3.36] [%clk 0:04:40] } 24. Rd2 { [%eval 3.01] [%clk 0:04:49] }
24... Kg7 $6 { [%eval 3.93] [%clk 0:04:36] } 25. Rfd1
{ [%eval 3.9] [%clk 0:04:48] } 25... h5 { [%eval 3.6] [%clk 0:03:48] } 26. Ne3
{ [%eval 3.75] [%clk 0:04:45] } 26... Rf6 { [%eval 4.16] [%clk 0:03:16] } 27.
Nf5+ { [%eval 4.2] [%clk 0:04:41] } 27... Kh7 { [%eval 4.53] [%clk 0:02:43] }
28. Nbxd6 { [%eval 4.43] [%clk 0:04:38] } 28... Bxd6
{ [%eval 4.37] [%clk 0:02:34] } 29. Nxd6 { [%eval 4.18] [%clk 0:04:36] } 29...
Rd7 $2 { [%eval 6.08] [%clk 0:00:59] } 30. Nf5 $2
{ [%eval 4.49] [%clk 0:04:22] } 30... Rxd2 { [%eval 4.37] [%clk 0:00:56] } 31.
Rxd2 { [%eval 4.44] [%clk 0:04:20] } 31... Rf7 { [%eval 4.69] [%clk 0:00:44] }
32. Rd5 { [%eval 4.67] [%clk 0:04:19] } 32... Ne7 $2
{ [%eval 6.04] [%clk 0:00:41] } 33. Nxe7 { [%eval 4.84] [%clk 0:04:09] } 33...
Rxe7 { [%eval 4.9] [%clk 0:00:39] } 34. Rxc5 { [%eval 4.44] [%clk 0:04:09] }
34... g4 { [%eval 5.04] [%clk 0:00:29] } 35. Rxa5
{ [%eval 4.85] [%clk 0:03:56] } 35... gxf3 { [%eval 5.28] [%clk 0:00:25] } 36.
gxf3 { [%eval 5.34] [%clk 0:03:55] } 36... Kg6 { [%eval 5.59] [%clk 0:00:21] }
37. b4 { [%eval 4.66] [%clk 0:03:53] } 37... Kg5
{ [%eval 4.51] [%clk 0:00:19] } 38. c4 { [%eval 3.91] [%clk 0:03:46] } 38...
Kf4 { [%eval 4.66] [%clk 0:00:18] } 39. Kf2 { [%eval 4.86] [%clk 0:03:44] }
39... Rd7 { [%eval 5.35] [%clk 0:00:13] } 40. Rd5
{ [%eval 5.37] [%clk 0:03:43] } 40... Rg7 { [%eval 5.31] [%clk 0:00:07] } 41.
b5 { [%eval 4.49] [%clk 0:03:36] } 41... Rg3 { [%eval 4.36] [%clk 0:00:04] }
42. c5 { [%eval 4.38] [%clk 0:03:35] } 42... Rxf3+
{ [%eval 3.87] [%clk 0:00:02] } 43. Kg2 $2 { [%eval 1.83] [%clk 0:03:29] } 1-0"
Rated Rapid game,https://lichess.org/gMxU6Sdo,2024.08.01,-,Oleksandr0054,Ivanes5,1-0,2024.08.01,08:47:06,1668,1706,,,C23,Bishop's Opening,600+0,Time forfeit,"1. e4 { [%clk 0:10:00] } 1... e5 { [%clk 0:10:00] } 2. Bc4 { [%clk 0:09:59] }
2... Nc6 { [%clk 0:09:58] } 3. c3 { [%clk 0:09:58] } 3... Bc5
{ [%clk 0:09:57] } 4. h3 { [%clk 0:09:56] } 4... Nf6 { [%clk 0:09:53] } 5. Qf3
{ [%clk 0:09:54] } 5... O-O { [%clk 0:09:48] } 6. d3 { [%clk 0:09:53] } 6... a6
{ [%clk 0:09:35] } 7. Qg3 { [%clk 0:09:51] } 7... b5 { [%clk 0:09:21] } 8. Bd5
{ [%clk 0:09:44] } 8... Rb8 { [%clk 0:08:50] } 9. Bh6 { [%clk 0:09:41] } 9...
Nh5 { [%clk 0:08:45] } 10. Qg4 { [%clk 0:09:39] } 10... Qf6 { [%clk 0:08:29] }
11. Be3 { [%clk 0:09:16] } 11... Bxe3 { [%clk 0:08:23] } 12. fxe3
{ [%clk 0:09:15] } 12... Qh6 { [%clk 0:08:15] } 13. Ne2 { [%clk 0:08:50] }
13... Nf6 { [%clk 0:07:59] } 14. Qf3 { [%clk 0:08:47] } 14... Nxd5
{ [%clk 0:07:56] } 15. exd5 { [%clk 0:08:46] } 15... Ne7 { [%clk 0:07:53] } 16.
O-O { [%clk 0:08:43] } 16... d6 { [%clk 0:07:51] } 17. Ng3 { [%clk 0:08:36] }
17... f5 { [%clk 0:07:39] } 18. Nd2 { [%clk 0:08:33] } 18... f4
{ [%clk 0:07:29] } 19. exf4 { [%clk 0:08:23] } 19... Rxf4 { [%clk 0:07:19] }
20. Qe2 { [%clk 0:08:18] } 20... Bb7 { [%clk 0:05:53] } 21. Rxf4
{ [%clk 0:08:12] } 21... exf4 { [%clk 0:05:45] } 22. Nge4 { [%clk 0:07:42] }
22... Nxd5 { [%clk 0:05:40] } 23. Rf1 { [%clk 0:07:39] } 23... Rf8
{ [%clk 0:05:21] } 24. Qg4 { [%clk 0:07:04] } 24... Ne3 { [%clk 0:04:16] } 25.
Qd7 { [%clk 0:06:29] } 25... Nxf1 { [%clk 0:00:36] } 26. Nxf1
{ [%clk 0:06:29] } 26... f3 { [%clk 0:00:34] } 27. Qg4 { [%clk 0:06:20] } 27...
fxg2 { [%clk 0:00:28] } 28. Qxg2 { [%clk 0:06:19] } 28... Bxe4
{ [%clk 0:00:16] } 29. Qxe4 { [%clk 0:06:15] } 29... Qxh3 { [%clk 0:00:11] }
30. Nh2 { [%clk 0:06:09] } 30... Qg3+ { [%clk 0:00:04] } 31. Qg2
{ [%clk 0:06:06] } 1-0"
